0.0067011166  
1.47191687  
-1.029382775  
0.3663640449  
-0.7820516349  
0.06835850638  
-1.256726156  
0.7474336461  
-1.49162254  
0.3515626465  
-0.7645022389  
-0.4085723571  
0.2413158513  
0.6184488984  
-0.1150630288  
0.7441645091  
0.76380121  
-0.01129535021  
0.002119744272  
0.2262408264  
0.5593091976  
-0.1315824272  
-0.1502553318  
0.7058566307  
-0.03250854875  
0.3294854811  
0.178882484  
-0.06000839788  
0.6197150559  
-0.5932207713  
-0.8521490514  
-0.9776123528  
-1.022330585  
-0.382717591  
-0.5398187563  
1.471216815  
0.404450262  
1.308484927  
0.2326886758  
1.13513647  
0.2026758693  
0.8238658527  
-0.448377196  
0.8226589654  
-0.2546137589  
-0.24322235  
0.1718842237  
0.891988409  
-0.6716371899  
1.028006608  
0.2327729138  
-0.009367593227  
-1.207767988  
-0.09538027931  
2.047321512  
0.6188558768  
-0.8522340017  
0.8566119532  
-0.466233578  
0.155849506  
0.4535645071  
-1.896265187  
0.5750835522  
0.4072523309  
0.4274232518  
-1.767971953  
-1.089863775  
0.7952782499  
0.1131289171  
-0.006610651101  
-1.221246764  
-0.8055654959  
-0.0433832221  
-0.7074478438  
0.159680076  
-2.377664929  
0.8804935993  
-0.1526726928  
-1.055528482  
0.8182405422  
0.9994490806  
0.6941497549  
1.145652978  
-1.016439918  
-0.5599147541  
-0.1633377506  
0.2614524977  
0.4328795701  
-0.3574687541  
0.87758711  
-0.7639099041  
-0.6175948614  
-0.07981819791  
0.05220239466  
-0.273388536  
0.7745751586  
-0.9127669461  
-0.4501219404  
0.1401486013  
1.60992027  
2.229514922  
0.252499058  
-1.031913987  
-1.578215914  
-0.3731388209  
0.2645541779  
2.120260217  
-0.3391563191  
-2.08212295  
0.4388127453  
0.9671581027  
0.4947870001  
-0.7834685804  
-0.2294590667  
0.7322374519  
1.006818019  
0.6779955421  
-2.0130525  
1.744222193  
-1.584086809  
-0.3291792955  
-1.617686188  
0.6943511491  
-0.2526805077  
-1.192950815  
0.5971334519  
-0.8921636206  
-0.4460502195  
-0.627675926  
0.9892442978  
2.577915901  
-0.8073591497  
2.793314596  
0.04865807887  
0.6683867544  
-0.5029830901  
0.2640814278  
1.878946072  
0.3972729598  
2.459095623  
0.7374668416  
-0.5515531624  
0.8179297533  
-0.4914731515  
1.765993959  
-0.5567996171  
-0.2307470456  
1.889959985  
-0.8804160551  
-0.1467022275  
0.6496153852  
-1.650258485  
0.5177145938  
-1.518133589  
0.8366486505  
-0.4111893421  
-0.01962723322  
-0.1986597989  
-1.012205963  
-1.603729139  
-0.6837297879  
-0.3127162366  
0.26134254  
-0.8387974917  
-0.6005315032  
-0.3255752211  
-1.612261345  
1.15179477  
0.1131193768  
-0.2902010705  
0.1350769934  
0.7107265806  
0.7023363409  
0.4202307555  
-0.5072622778  
-0.652217216  
1.201058464  
-0.7901437342  
1.375529338  
-0.25340217  
-0.2054412616  
-1.180119769  
-1.454506325  
-0.9155967034  
-0.2931753948  
-1.208048055  
-0.6410662803  
-0.5322077002  
0.2688430767  
-1.306122336  
-0.6525896106  
-2.017086744  
0.2820869718  
0.4788287363  
-1.745855403  
1.835440496  
-1.019483701  
-0.08285297506  
-1.490212196  
0.3884846892  
1.66875338  
-1.290832279  
4.842563119  
1.817484009  
1.730541193  
1.005258271  
0.5643178557  
3.149333061  
1.96466386  
1.163072013  
1.82560109  
-0.563646977  
0.7570861113  
-1.855286675  
0.4691845805  
0.01973416511  
-1.468575028  
-2.031372251  
-1.187939479  
-0.05823550281  
-1.114295545  
-0.3920372744  
-0.1938270741  
-0.9526430749  
0.7607945436  
-0.4883234565  
-1.09070373  
3.691083974  
-1.169849017  
1.484019232  
0.4958839273  
0.1984065442  
0.2910632593  
-2.561740208  
0.1167038239  
-0.7730577272  
-0.7924085969  
-0.5846196302  
-1.297730957  
1.145073774  
0.4655463251  
-0.8988050988  
0.9517642366  
-1.104531491  
0.4619351772  
-1.325563702  
-0.3766320945  
-0.02685362782  
-0.4448500964  
-1.027748687  
0.5972644337  
-0.3018771249  
-1.537723827  
-0.4331031159  
0.1788711215  
-1.324578924  
0.3536393263  
-0.5466116228  
-0.1056900939  
0.8986285663  
0.4796217556  
-0.7640276111  
-0.04934978395  
0.3147352248  
0.311327803  
0.21202668  
-0.3069105379  
-0.2724054138  
0.5233613404  
-0.6635616747  
-0.2086531174  
-1.596774318  
-0.007938321761  
0.1339563781  
-1.406531693  
0.6569760597  
1.262838951  
1.336049303  
1.041520569  
1.195982074  
-0.7899353328  
0.2427555669  
2.382969643  
1.364609648  
-1.361123334  
-0.2144158171  
-0.0001636344297  
0.1738915798  
-0.1147357759  
-1.422234336  
1.01017152  
-0.6552349435  
1.941836574  
-0.07448206491  
-0.4616302829  
0.6941555052  
-0.08241534426  
-1.257920459  
-1.02668182  
0.2389807081  
-1.23967783  
-0.2226961967  
2.16633529  
0.114261224  
-0.2106960996  
1.863029341  
-0.8606580249  
0.3464239806  
0.1116672614  
-0.9096007541  
-0.3937818197  
-0.2442489075  
1.209835052  
0.8745394454  
-0.1671026469  
0.7342654577  
-0.1364234389  
-0.3753861445  
-0.1151960078  
0.319956976  
0.2137828214  
0.6852324713  
-0.2392346655  
0.6283671343  
0.2530426797  
0.03365736647  
-0.6007543306  
0.0157852837  
0.3394113888  
-0.7127014747  
0.002439592144  
0.3607364647  
-1.638940364  
-0.2941476073  
0.6665809587  
-0.1861080888  
0.1375467461  
-0.7840043118  
-1.193439092  
-0.2682971666  
-0.6308707061  
0.5829098463  
-1.684598407  
-0.841208675  
-2.161701523  
-1.059245622  
-0.5291653307  
-1.352019921  
1.396317762  
-1.643873218  
-1.779373963  
-0.4361978465  
-1.035602677  
-0.2250352425  
0.8089558777  
2.304666676  
0.00455077301  
0.5397183593  
0.307709168  
-0.4828311299  
-0.6018088919  
-0.2310497443  
-0.5469444147  
0.5864929374  
0.5645807913  
0.4596548852  
1.566591845  
0.2573687438  
-1.251052435  
1.085517636  
1.767951676  
1.145698185  
3.186183768  
0.5129716795  
0.7246211406  
0.8124119702  
0.4861107697  
0.4264047265  
-1.65077184  
2.212991713  
0.03121661931  
-0.1369975982  
0.08206547466  
-1.445988769  
-0.4349237383  
-0.09286686303  
0.8071340342  
0.2525755279  
-0.6836543662  
-0.2297590755  
-1.336910332  
0.09564852824  
-0.4637508228  
-1.451815506  
1.186001873  
-0.174885553  
0.7051222552  
0.8154003518  
1.361698486  
-0.3078686611  
-1.577318532  
0.02321359567  
-1.370541237  
0.324980651  
-0.2139604975  
0.4522949792  
-0.01116526761  
-0.4333239404  
-1.836707048  
-0.5560873238  
0.5025519866  
1.169443212  
-0.1427252456  
0.4068516772  
0.3536477021  
0.6790814371  
-1.329484376  
-0.2422268199  
-0.907348287  
0.3874668906  
0.6453026219  
-0.4587981013  
-0.1762936122  
-0.1474974824  
0.6639526768  
0.1111197531  
-0.151189883  
-0.9967988314  
-0.02209757386  
-0.05766802101  
-1.75842172  
1.327963675  
-0.4253835721  
0.003850958385  
1.978906654  
-0.64230491  
-0.766738937  
-1.545866705  
0.09834325214  
0.880016399  
-0.4184307439  
-0.1562832975  
-0.5723537934  
0.102511863  
2.877607889  
0.349212549  
0.05330351487  
0.2239735774  
0.2543424097  
1.640154912  
0.7434532452  
-0.2726392224  
0.2697099795  
-0.06216645713  
0.3431326464  
-1.427729825  
-1.564468843  
2.277358909  
-0.1404528383  
-0.5283097537  
-0.954734159  
0.09666118009  
0.2502194479  
0.04356902477  
-0.2712256684  
0.04790492278  
-0.4073409779  
-0.09308391425  
0.9614553479  
-0.9394360372  
0.1425903318  
-0.628933558  
-0.01910966094  
0.2974902638  
0.01545058303  
-0.7297379513  
-0.4239319901  
0.9245132421  
0.9974905092  
-0.6527878439  
