1.499102095  
0.0437467273  
1.578358232  
-0.07879629452  
-0.1099936685  
-0.4345114309  
0.1016858744  
-1.417638649  
-1.333119737  
-0.9855066109  
-0.1401242415  
-0.6301117438  
-0.8535929164  
-0.5246126547  
-0.4691599743  
-0.8863969826  
-0.9516542742  
0.9616817089  
0.6678507602  
-0.5336593395  
0.9396592628  
2.024396095  
0.6034221097  
0.7616507705  
-0.9133802841  
0.739319883  
0.1929538651  
0.8001012117  
-0.4951442679  
0.6451239032  
0.001541575362  
-0.04288103014  
1.460947356  
0.893041729  
-0.2698057998  
2.050086066  
0.4560536465  
0.7903317671  
1.987833313  
1.083186434  
-0.4360882097  
-1.766628451  
0.6152173169  
0.818037564  
-0.03408579434  
-0.9011626255  
-1.070139914  
1.259387005  
1.06176834  
-0.2994385392  
1.323845759  
0.4197687439  
-1.319580833  
-1.097779527  
0.06902438003  
-2.033497696  
-0.02715930654  
-0.7877299035  
-0.8277777348  
0.3869604598  
-0.108165576  
0.4672094594  
-0.1448760392  
-1.048905813  
-1.910430598  
-0.8597229633  
1.166127359  
-0.05753170566  
-1.012205984  
-0.2606119685  
-0.46124072  
-0.2172477452  
-0.004658759021  
-0.2383317466  
-1.650861765  
-3.579645735  
0.8102660147  
0.5019883033  
-2.201414188  
1.502277024  
1.597700902  
1.457099337  
0.4001695649  
-0.8574017576  
-0.11148221  
-0.185735332  
0.6943467643  
-0.2699541081  
-0.6134309739  
-0.08365713876  
0.513372166  
0.6418828568  
0.4492200573  
-0.928321006  
0.151619867  
1.852371811  
0.8020618739  
0.180010728  
2.328404499  
0.4294307356  
-0.3717499862  
0.4702538218  
0.4918705014  
0.6286375817  
-0.4734401567  
-0.05404455665  
-0.5602201391  
-0.5439319214  
-0.8045142827  
-0.9844412654  
0.9649475331  
0.09372188498  
0.4953296409  
0.1514821467  
0.07323728393  
-1.06211086  
-0.4456243995  
-0.06502106324  
0.4830247282  
0.783031834  
-1.246336185  
-1.071041995  
-0.4477985189  
-0.8487787962  
-0.3635184412  
0.4630592641  
-0.3402169286  
-2.009854799  
-1.713332391  
1.493566231  
1.131665213  
-1.13058236  
0.1067914879  
-0.3269135702  
1.281835916  
1.00358578  
0.1578553871  
0.4878888296  
-0.366922284  
-0.04085554851  
-0.9484474008  
-1.946013635  
2.112272168  
0.08789826214  
0.9604004036  
0.1727504757  
1.560555125  
0.4823104011  
0.2016708744  
-1.939434298  
0.7259335961  
-0.3385599665  
0.4975407436  
-0.3910324777  
0.04559055936  
0.4287542257  
0.04305395801  
1.008244242  
-0.2394843126  
0.6697177267  
-1.124200783  
0.09328450939  
-0.4563838206  
-0.938397817  
-0.4493443169  
-0.4969705534  
0.4267942955  
-0.4128197582  
-1.049264037  
0.4877808416  
-0.2729110723  
0.4215265403  
0.4253623897  
0.05563074839  
0.1068747508  
-0.423085191  
0.2630278689  
-0.4837361041  
1.311543515  
0.6303413123  
-0.8301658129  
-1.305088178  
0.6112355907  
-2.457111519  
-0.3840274457  
0.008334637363  
-1.225956398  
0.7571081825  
-1.694955506  
0.3669657475  
0.6040602216  
-0.5048382442  
1.202215648  
0.6166963876  
1.601972717  
1.650752201  
2.545113959  
1.632981759  
-1.387586703  
1.189802515  
2.218222795  
0.3034736664  
4.080605802  
-0.2702961858  
-0.5954829543  
1.47187062  
-0.7744346646  
-0.4956821433  
-1.353758574  
-1.618529851  
-1.420462049  
1.312743688  
-0.6606035369  
-1.096014165  
0.6448270196  
-0.06392169302  
-0.07403725766  
0.3147545575  
-1.406709437  
-0.1868131409  
-1.732172816  
-1.464018502  
-0.01738811319  
-0.08766723371  
-0.5267008573  
-1.188878594  
-0.1106422047  
2.485007659  
0.6457629286  
1.905927677  
0.02620490023  
0.4357645194  
-1.7434822  
-1.031434196  
-0.2948740392  
-0.9488111024  
-0.1609229058  
0.2059342258  
0.5854160378  
0.8532678609  
1.276950117  
0.2700017901  
0.5470325037  
0.5265762883  
-0.8726889009  
-2.060039172  
0.359492744  
-0.89239878  
-0.2496156396  
-2.236851556  
-0.8949641943  
-0.488042519  
0.2286678472  
0.4122109144  
-0.2070736432  
0.5903136742  
0.2016399467  
-0.9486712554  
1.420979677  
0.7127802734  
1.489804813  
-0.1293011561  
1.260285702  
-0.2283071275  
0.2921798878  
-0.8491133201  
0.03349444798  
0.4132607123  
0.06463173467  
1.916152476  
0.08852987791  
-0.1579880066  
0.7571330743  
-0.9169009136  
-0.1619967601  
0.1502902286  
-0.7721932589  
-0.4064300029  
0.7355539611  
-1.421707501  
-0.2389923916  
1.105072608  
0.32516263  
-1.019771595  
0.0495896873  
-0.9831024172  
-0.1322202172  
0.07296183193  
0.6121065919  
1.658762332  
0.7762906455  
0.8232583034  
2.428373667  
-0.4551944249  
-0.6214923071  
0.06469318876  
-0.3789178673  
0.2464635485  
0.8918655182  
0.459831548  
-0.4810106251  
0.9063778002  
0.2119343155  
0.5660464617  
-1.436954225  
0.5416027501  
-1.377695839  
-0.07644774014  
0.06159253132  
-0.7057593201  
-1.75350118  
0.492041919  
2.11948023  
-1.188145283  
-1.62506594  
-0.8731404323  
-1.072758534  
-1.071821414  
-0.5769959336  
-1.818707291  
-0.05265703791  
-1.653151433  
0.9871231314  
1.086513374  
0.7660530483  
0.648343365  
0.7228915143  
0.6924417909  
0.1104025451  
0.7865638862  
-0.2981005342  
-0.756501052  
1.06986649  
0.4882091635  
0.8984325957  
1.243422252  
-0.8933266984  
2.040920215  
-0.4547961389  
-0.8135909236  
-1.30787479  
-0.8855315451  
1.241887711  
-0.562992882  
0.2280994604  
-0.1182509643  
0.5283427368  
-0.230921588  
-0.9858375044  
-0.03709526745  
-0.4807252601  
0.05552381062  
0.4101180181  
-1.299626291  
1.106774423  
-0.3324790321  
-0.280113332  
-0.02497362855  
-0.9647868012  
-0.660694699  
1.304862255  
-1.288584396  
1.904013496  
0.1571167901  
0.6238983635  
-1.068541464  
1.030364281  
1.738675532  
-0.3375111994  
-0.2044272751  
-0.6329743196  
-2.015657799  
0.9758446834  
-0.7586217099  
0.1889266497  
0.3138625792  
1.104136089  
0.322578826  
-0.3524922007  
1.219348423  
0.9783278017  
-0.7973772848  
0.1928549154  
0.5770558503  
-0.2955402309  
1.676445711  
0.6049007661  
-0.7756974356  
-0.7953809844  
-1.772097127  
-0.5600183015  
-0.7739430972  
0.6026401709  
0.2515008324  
-0.198045213  
-1.393338727  
-0.4661490673  
-0.36615357  
0.166807125  
0.6047715533  
-1.042419435  
0.5932222373  
-0.1890830514  
0.2503725022  
2.007720891  
0.73960632  
-0.9583216546  
0.4302570936  
0.7516466001  
-0.59497989  
-0.9398711035  
0.6885789215  
0.7749267294  
-0.8719802543  
-0.8193722382  
1.128195804  
0.8792737494  
-0.1880537359  
-1.087023117  
-1.42538238  
-2.184768084  
-0.4993634406  
-0.6115860168  
-2.372946248  
0.08761584712  
0.7748471654  
-0.06257695154  
0.1722960242  
-0.9926798005  
0.6984720022  
0.2036294803  
-0.7848401892  
1.730792793  
1.073471135  
1.335614766  
-0.009382142077  
-1.185925072  
0.1944628  
-0.5277282171  
0.5523725387  
-0.08072501793  
2.743480417  
-1.210282821  
1.212831731  
2.025954686  
-1.132535433  
0.1466591027  
-0.7546655495  
-1.174441973  
0.3628735957  
0.6624236736  
-0.2457240091  
0.02233826195  
-1.631793748  
-0.7543904864  
0.007414992727  
-0.2293265306  
2.081378934  
-0.5539523991  
0.2842770173  
-0.2758623891  
-0.7000778799  
1.004540896  
-0.09878549318  
-0.7910809291  
-0.851129279  
0.8723688886  
-0.3553466094  
-1.492189749  
-2.099230723  
-0.960218621  
0.7277877361  
0.4071516311  
1.503739225  
-0.6286997823  
0.0235792418  
2.103418154  
-1.776054063  
0.6721093122  
1.461803159  
