-0.008398648769  
-0.612018248  
-0.148383742  
-0.7651439596  
1.362359142  
0.185599805  
-1.288785239  
-0.9174697835  
0.3578242582  
1.162324209  
-0.4532877472  
-0.2320893542  
1.236037483  
0.7472431604  
-0.1036837889  
-0.4159592728  
1.284566207  
0.8889669017  
-1.145344585  
-1.248407849  
-0.5654106984  
-0.1709431343  
-1.600232497  
0.6699717404  
0.6286228562  
0.1128644802  
0.05588200682  
0.9635746156  
-0.1293742678  
1.706122061  
0.1355286248  
0.3389571748  
0.1064398667  
1.279297876  
-0.2333506883  
0.6606751258  
0.1345073368  
-0.008987783514  
-0.8663320447  
-0.6335129037  
-0.4177971487  
1.4230803  
-0.6120146008  
0.5821799416  
-1.138009773  
0.2645593147  
-1.294740938  
-1.468519757  
-1.894503808  
-0.4741442083  
-0.645810376  
-1.153562203  
0.7650308002  
0.3414879986  
-0.5257794631  
-0.2648469188  
0.3562231679  
0.3466118176  
-0.07860305728  
-2.446854093  
-0.8828908259  
-0.7465228001  
0.4195241781  
-0.824214265  
0.5944781535  
0.8631119655  
-1.448734223  
-0.5935518905  
0.3576196695  
1.098060332  
0.9761424801  
-0.8124686915  
-0.8094112919  
0.9214229393  
0.4079734087  
-3.0570225  
-0.0511151385  
-0.8372270101  
-0.03176612985  
-1.362395027  
-0.4245027272  
1.140683537  
-1.943969843  
-0.7024790848  
-0.7445797691  
0.1349602591  
-0.546995093  
-0.5986698176  
-0.2862176671  
-0.1667849682  
1.26959333  
0.2306571046  
-0.5586637987  
0.4976325861  
0.831865007  
-0.03593054947  
2.087091117  
0.4818034788  
1.219587595  
0.1328733071  
-0.6277765287  
-0.4984152117  
-1.155760983  
0.3125851994  
0.3084626559  
-0.1227218499  
1.347965699  
-1.022506366  
1.576919516  
0.3367828763  
0.3421830642  
-0.2171396106  
-1.163382356  
-0.06178846539  
-0.1512058819  
0.6900764789  
-1.273180502  
-0.1874791058  
-0.02980234844  
0.3324236228  
-0.2220560877  
-1.648731857  
-0.2498719081  
0.1793912193  
0.7337925001  
0.01053324444  
0.6273176832  
-1.529289393  
-0.8940003329  
1.832608572  
0.8586795609  
1.048222255  
0.4463417483  
0.3095427145  
-0.6890846797  
-0.9281573621  
0.4653653506  
1.457155313  
1.518926538  
1.328856081  
0.2971574122  
0.4686629773  
1.001225785  
-2.331739292  
2.277449616  
-0.1571670566  
-0.03485292159  
1.694429237  
-2.126644973  
0.1862002902  
-0.5886225411  
-0.3065065883  
1.262284939  
-0.8108104435  
-0.06917972759  
-0.4886152769  
0.07784518126  
0.3978178725  
0.2553959889  
-0.8461556923  
-0.6965367002  
0.3119687855  
-0.5170089997  
1.175246194  
-1.496374179  
-0.1385552656  
-0.3015097636  
0.5944744314  
-1.348792869  
-0.1846145347  
-1.174432476  
0.7891720619  
-1.168833977  
1.290577713  
-0.9567856554  
0.7676454551  
0.631950971  
0.1404423354  
2.087914902  
0.4305783402  
-1.395044717  
0.5262688915  
0.3456536802  
0.489544228  
0.4745458132  
0.7844092861  
-0.1468445174  
1.067818625  
0.5942421364  
0.748998746  
-0.3597073106  
-1.320288936  
0.8228419645  
-1.483852023  
-0.06100922899  
2.776819206  
1.191667639  
-0.7331666237  
-1.085168745  
1.309888155  
-1.31076711  
-1.955624272  
1.498348397  
-1.72505553  
1.33178309  
-0.4939997377  
-1.454601027  
1.828590146  
-1.303551024  
-0.8738588753  
0.6107300466  
0.8256547558  
0.3232362823  
0.08015097045  
1.088363308  
-0.6479911036  
0.5076888079  
0.2565661984  
-0.02079819435  
0.2143974662  
-1.853527683  
-1.631727493  
0.02990344399  
0.09783302535  
0.5890567571  
0.5712813412  
1.16549852  
-1.203986753  
-0.7874073892  
-0.2218641375  
-2.093934224  
-0.03944492675  
0.6329720779  
-0.5435540373  
0.1347188146  
-0.7784365141  
-1.230742363  
0.0821619772  
1.648248951  
2.654986668  
0.6261181706  
0.5930336906  
-1.865597552  
-0.5113856439  
0.6982429159  
-0.1721184203  
0.4719912671  
-0.2189955232  
0.5033334634  
-0.4231923673  
-1.342971929  
-0.09547709835  
-1.388778701  
-0.3244071977  
1.080068232  
1.740250629  
0.5189270746  
0.7862028893  
0.990908429  
-0.6326085566  
0.7439074562  
0.38843153  
0.3455035981  
-0.5319041257  
-0.09804785922  
0.3189198315  
1.102632606  
1.193154777  
1.728999587  
-0.6989624379  
1.465132857  
1.195785095  
-0.232584942  
-0.2439581684  
-0.6314934659  
1.191941879  
-2.409787435  
-0.5237589027  
-1.428637364  
-0.3607399236  
-0.4477040089  
-1.274147118  
1.022272775  
1.114316395  
1.044525333  
0.1679626177  
0.5429879355  
0.255123925  
1.196045807  
-0.5582014946  
-0.1726939653  
-0.3496873476  
1.052354741  
-0.8842672688  
-1.863689855  
-0.574966416  
-0.924228753  
-0.4774280605  
0.7540646455  
0.208816922  
1.521402726  
-1.171959779  
1.061154016  
0.8177760413  
-0.8715742811  
1.120729534  
-1.299815305  
-0.6558252976  
-1.598844909  
1.309792795  
1.417448697  
0.6739795692  
-0.4260228473  
-1.558928101  
-1.712880372  
-0.5916770606  
-0.7447325341  
0.9440782175  
1.197837247  
2.141086281  
-0.2355482546  
0.03836222504  
0.8411437073  
-0.4315333338  
0.4372284723  
-1.705499221  
-0.138929171  
0.4006455719  
0.411471345  
0.8039033076  
-1.014098725  
0.4545378115  
0.2863972198  
-0.630115274  
0.1878676925  
0.3690487147  
-0.05574974331  
-1.974066322  
-0.1722900001  
-1.009013155  
-0.2172416938  
-0.5852049773  
-1.116672429  
0.4552406213  
0.789479158  
1.27078213  
-1.727767252  
-1.04414623  
0.5089477862  
-1.12223765  
0.08238247894  
1.517952089  
-0.3008813172  
0.04976893389  
0.4909095768  
0.9401055594  
-1.290170508  
0.04857458311  
0.2839793317  
-0.1383061114  
-0.3965143726  
-0.9205980749  
2.496624321  
-2.34662757  
2.222872676  
-0.5855561197  
0.003167766244  
1.172170042  
-0.5100936309  
0.5833001033  
0.969841428  
-0.2986697014  
-0.04818664603  
-0.7527879941  
0.9886698045  
-0.1434894108  
0.6751477362  
1.653204893  
0.3678049803  
-0.004862852992  
-1.309640124  
0.9675055053  
-0.5756159446  
0.2035767338  
1.680531523  
-0.5747079149  
0.02270230594  
-0.7440394536  
-0.6217926539  
-0.3227668383  
-1.128525565  
-0.5414040596  
-0.675820136  
-0.4486207019  
0.319350177  
0.2778486006  
2.896859488  
-0.007580890517  
1.387498866  
-0.4432020995  
-0.6187842805  
-0.1572568197  
0.4148807883  
-0.6361534684  
-0.4657138729  
2.047968899  
-1.395207427  
-2.762150354  
0.7315110051  
-0.3031729367  
-0.2229689  
0.617767344  
0.1771815541  
0.02901632682  
-1.288954046  
0.4131083976  
-1.558414673  
-0.04931285658  
-2.87159236  
-0.03122308268  
1.065890311  
-0.07956612964  
0.4849990302  
-0.6549332791  
-1.373693978  
0.2319544068  
0.64622263  
1.094108595  
0.1299939484  
1.278572894  
-1.756241148  
0.4946452517  
1.17660086  
0.7552796838  
1.507015869  
-0.6200636781  
-0.4032069692  
0.08804224359  
0.08347383245  
0.6490261496  
-1.235948821  
1.033411708  
-1.670150839  
-0.8374033545  
2.396950979  
-0.8673779069  
1.364867412  
0.05360907934  
-0.3404284367  
1.811466397  
0.5075193542  
0.5200844616  
-0.2138693221  
-0.8236199026  
1.322848627  
-0.6522852584  
-0.6882074186  
3.599148024  
-1.382336797  
0.9821408926  
-0.9848600963  
-0.3105678352  
-0.6293594888  
0.2951073965  
0.5892101278  
-0.2317230951  
-0.02340580569  
-0.198449141  
0.1681213937  
-1.608784492  
-1.23815602  
-0.5092554799  
1.240669492  
0.5023419487  
0.4485778069  
0.447415272  
-0.880987473  
-0.6162308938  
-0.3557923593  
1.279068587  
