-0.2067898626  
0.3849144255  
1.054496834  
0.1166275323  
-0.7082054565  
-0.2098669589  
-0.517927972  
0.4428583566  
-0.4644446783  
0.2171144221  
0.03622895875  
0.01599991372  
0.01690939551  
-0.1640177715  
-0.1928672626  
0.1320005947  
-0.190157221  
-0.1076660004  
-0.1459666875  
0.3598807266  
-0.2462071669  
-0.05105021873  
-0.1901130413  
0.1363316712  
-0.5790401214  
0.1752232803  
0.2803412975  
-0.3846686552  
0.8009022634  
0.1214319675  
0.2127976146  
0.7949277851  
0.7343689738  
0.08300638015  
-0.2101711337  
-0.4267318761  
-0.2312790736  
-0.1435711695  
0.0997852956  
0.1774065415  
0.4090720867  
-0.1275703426  
-0.01656946065  
0.438969708  
0.6838712609  
0.07646652422  
0.4892237435  
0.01827360396  
-0.3480894959  
0.617968778  
0.0107833158  
-0.4041143303  
-0.3254488968  
0.13128775  
0.4357334892  
-0.2386282698  
-0.6655578647  
-0.2937990428  
-1.168188392  
0.3239814452  
0.4335759365  
1.183386806  
0.2059303254  
0.4440870027  
-0.01439656838  
0.7381495168  
0.3877968031  
0.4864880929  
-0.008684921555  
0.4321880308  
-0.04398692008  
0.01010878779  
0.4285343467  
0.1795683911  
-1.247722835  
-2.618158117  
0.1097809276  
-0.493385716  
-1.932872558  
-0.789013112  
1.630467531  
1.106468411  
1.494294988  
0.2931020234  
0.9291472802  
0.5121610893  
0.348949614  
0.5130046598  
0.001543985699  
0.7210590942  
0.2605003308  
1.027502841  
0.5730590885  
0.9722221438  
-0.3076560624  
-0.296075117  
0.5379010339  
-0.2158707348  
0.9514113814  
0.2408247983  
-0.3159023988  
-0.1061998874  
-0.2993054219  
0.1220845179  
0.08714953288  
0.1676695682  
-1.536874822  
-0.05588104046  
0.2793748158  
0.247990842  
0.9072018891  
0.0005446530597  
-0.4049207525  
-0.6330584901  
0.3849664277  
-0.2098774737  
0.3859959277  
-0.2607215979  
-0.3784519316  
0.6055819444  
0.1323199343  
0.5194852382  
-0.6887186973  
0.4357634862  
0.4057041314  
0.2291811198  
0.7111432429  
0.3806296595  
0.6791531353  
-2.284236814  
-2.572690573  
0.7682646793  
-2.87471995  
1.072987248  
-1.282139902  
-0.06958052626  
1.367308998  
-3.605991878  
0.1073701756  
-2.350673591  
-0.9472475971  
0.6900375366  
-2.560015157  
0.9601700234  
-1.077467208  
0.7179873848  
1.96166644  
0.1992540819  
2.531342684  
2.396799199  
0.5204928387  
-0.07426303661  
-0.7199201596  
0.6618050754  
-0.8693651152  
0.2892871678  
1.4212696  
-0.1116992003  
0.0740299067  
0.9630823442  
0.752766488  
-0.4609112512  
-0.02515244046  
-0.3185672598  
-0.06455112691  
-0.1872456589  
0.559164772  
-1.1807746  
-0.7563170586  
0.1993729714  
0.3595763634  
-1.391635996  
-0.4182659857  
-0.4980671127  
-1.057890056  
0.09720199758  
-0.1393332756  
0.1876813406  
-2.878800285  
-0.02743024096  
0.8379530278  
0.5320288748  
0.8375731962  
0.05421637068  
0.6888861257  
-0.4138328718  
1.149654967  
0.6986846614  
-0.4326718593  
-0.06240003781  
-0.5237717076  
0.6247996904  
-2.065290061  
1.698732612  
1.675442639  
-2.468570493  
1.29591534  
-1.066625809  
0.5528779555  
-1.321898819  
1.054819229  
2.149131228  
-4.352951327  
1.553323066  
0.6039379054  
0.5000187655  
1.466748245  
-1.510763666  
-0.01716677096  
-2.330463059  
0.06172575954  
1.225594322  
0.8292813352  
0.5694875338  
-0.6278256448  
0.7165822044  
0.2537149527  
-0.6135614449  
0.284283772  
-0.3198269065  
1.886356075  
1.377501294  
-1.527264988  
1.04694019  
-0.4062427025  
0.5408619884  
0.7081417327  
-1.313147569  
0.2057482062  
-1.850319341  
0.5619821614  
0.556394664  
0.2293005033  
0.8677409298  
-0.05127636813  
0.4193125646  
-0.4004806247  
-0.4661368739  
0.6511666122  
-2.043582407  
-0.7584414223  
0.2556737641  
-2.148407138  
0.6178501134  
0.2998437656  
1.386525662  
0.4108944676  
0.1251809117  
0.4459101739  
0.6951962582  
0.3756561605  
-0.7273345357  
0.3959918728  
0.6045545735  
-1.033259775  
1.04360791  
0.06349274353  
0.7439757832  
-0.5086497308  
-1.000205965  
-1.183196132  
-0.2520440622  
0.4605388714  
-0.9638200026  
0.6949249016  
-0.482907306  
-0.2185871017  
-0.5534052964  
-0.2906432291  
-0.4232724185  
-0.6036231539  
-0.7421921557  
-0.7086042743  
-0.7729883214  
1.120399173  
0.879524135  
0.08748739391  
0.2619336633  
1.171073536  
1.440746063  
0.04932992997  
2.424081193  
1.265986986  
-3.246005693  
0.2105131917  
-0.1431870504  
0.7265495652  
-1.793377172  
-0.07153903171  
0.8378217882  
-2.659634113  
0.4156474069  
-1.650765724  
-0.1487791352  
0.5937157341  
-0.2002010443  
0.4182686093  
-0.6277769445  
0.5081216819  
0.7315274149  
-2.201617735  
0.3214276445  
-1.750229483  
-0.245078737  
1.358557492  
-1.716138375  
0.7745452446  
-0.5280802541  
0.5118636833  
0.8114765615  
-0.08954037069  
0.4430351076  
-0.2883373299  
0.4617641535  
1.246285935  
-0.8548284005  
1.144827669  
0.273452982  
0.4237981258  
-0.2065980691  
0.4106938135  
0.6115502954  
-0.6192805227  
0.2190325838  
-0.3693820603  
0.9775722038  
0.4362954739  
0.005293500045  
1.197826673  
-0.4070217112  
0.8268987504  
-0.1469716573  
0.06462921653  
0.7453747273  
0.2677545208  
0.3944054953  
-0.3202705396  
0.1153420868  
0.9944079882  
0.4739793698  
0.9805294869  
-0.2254078821  
0.3844137351  
-0.7115028002  
0.9500173267  
0.6046464558  
0.04592516845  
0.008312581678  
-0.09316053543  
0.5846570744  
-0.4093977135  
-0.4727928951  
0.6254051139  
-0.2362787487  
-0.1241024043  
-2.623246783  
0.06488043742  
-0.7019600894  
-1.034060414  
1.004252782  
-1.466695681  
0.3269854063  
-0.3695965771  
0.4237752718  
-1.30889167  
0.3016189616  
1.32120998  
-1.949926993  
1.068688598  
-1.014458787  
-0.293469791  
0.5125661389  
-1.545484655  
0.5967692373  
-1.056734767  
0.2376386785  
1.385543025  
-1.375703463  
1.018409326  
-1.088233633  
0.7305908687  
1.365814726  
-0.2321690555  
1.287560732  
-0.2056295851  
1.211248155  
-0.6577430032  
0.4613822356  
0.9886481899  
-0.2584361667  
0.4327862099  
1.244041256  
-0.1531719937  
1.748631582  
-1.760037356  
0.9110291361  
-0.3376596245  
-0.3639321211  
-2.357315535  
0.3066703434  
1.338004962  
-0.5674680519  
0.8835914188  
0.1563198739  
0.2499606396  
0.3755577735  
0.4400955193  
1.57810024  
-0.2943390945  
-0.0559690605  
-0.02121074365  
-1.551522427  
-0.6513696464  
-1.95643154  
-1.646955491  
-1.399110904  
1.338311422  
-0.4390107698  
1.205975203  
1.397118494  
0.3240839001  
0.8769735056  
-0.4424336791  
1.023382933  
-0.445999382  
-0.30452648  
0.1899598095  
-0.7917943584  
0.08076495683  
-0.7097768451  
0.8191891235  
-0.5150379449  
-0.4922932132  
-0.828457887  
-2.689381658  
0.5630616167  
2.013026317  
-1.080849322  
1.307109434  
-1.634104008  
1.428970599  
-0.7821799577  
0.4270499765  
1.876153565  
-3.132049572  
0.6043782346  
-1.385695413  
-0.8467057255  
-0.02870643168  
-1.530815234  
0.1278638846  
1.669815007  
-1.696876265  
0.8643971359  
-1.742661189  
0.3227802348  
0.4821519066  
-3.039815504  
0.820147618  
-1.119027969  
1.002313648  
1.048250642  
-1.839424912  
0.3167728755  
-0.560622808  
0.3645707129  
-0.4007216895  
-1.097499264  
-1.444731469  
-0.2590276367  
0.03190153291  
-2.554061361  
1.532450507  
0.7499293923  
0.8225517363  
1.475760582  
0.4654926744  
0.6408589113  
0.5894796847  
0.9455224105  
