1.328066583  
-0.1838632488  
-0.9427267157  
-0.2025759906  
-1.324459624  
-2.353222727  
1.698366637  
-0.8379722718  
-0.8849127564  
0.5749673956  
1.997737845  
-0.02817877401  
-1.105139025  
1.212887334  
0.5391777351  
0.8274764046  
0.2430910678  
-0.05118832942  
0.7967180685  
1.363843429  
1.300683018  
0.0134840601  
-0.2426754424  
0.1653972072  
-0.7607984358  
-0.1780115554  
-0.4032926404  
-1.522290039  
0.3815896066  
-0.6034920779  
0.2418371056  
-0.6432779772  
-0.8822192601  
-0.739398935  
-0.822608704  
0.01706800048  
-1.793139618  
-0.01940868181  
0.07872548246  
0.2225762091  
0.3851018969  
-0.5368249831  
0.7808861692  
-0.2601874658  
-1.56040004  
0.005190414919  
0.1088145468  
-0.02959575192  
1.203943802  
-0.3660328702  
1.143556583  
1.168775721  
1.746169233  
0.5689383219  
-0.3930469828  
-0.8138977623  
0.5966870916  
-0.9323468645  
1.380055807  
0.798993691  
-0.1527524788  
-1.290816059  
1.732519199  
-0.5436646059  
-0.4613669317  
1.233226064  
-1.006538735  
1.256787005  
-0.8450417469  
0.03913733487  
-1.159527112  
-0.5224043306  
-0.7677428986  
-0.1018781788  
0.5087049075  
-0.4803944664  
-0.3890588363  
0.5072453059  
0.3163706336  
1.356245623  
0.4850775049  
0.9258459656  
1.156122562  
-1.243150849  
0.732001185  
2.925085592  
0.912684378  
0.5620927729  
-2.312484327  
0.127736311  
0.3683583888  
1.286736717  
0.2315223148  
-0.3970760908  
0.7633764541  
-1.677510425  
0.5023713733  
-0.1737629319  
1.817381255  
-0.5063196255  
-0.5624345899  
-0.503978569  
1.393190292  
1.032590934  
-1.973722663  
0.03615729073  
-0.1670145619  
-0.6436957477  
-0.5222587842  
-1.625540087  
-1.643534298  
0.5747556215  
-0.9516157235  
-0.9054952692  
-2.343032963  
-0.9956284603  
-0.02737505605  
-0.2705465255  
1.536151533  
-1.235736171  
0.1551787179  
0.2839248065  
-1.100315883  
-0.5224766788  
0.7612449421  
0.3271086458  
1.211626691  
-0.3510133485  
0.6225656361  
-0.02389377749  
1.1062454  
2.024326294  
-0.1914985347  
0.5763121704  
-1.455668241  
0.6756842883  
0.9781053899  
-1.211185941  
0.113225741  
-0.5441406121  
-0.8444484885  
0.67265522  
0.400389909  
1.10091329  
1.218724339  
1.597522296  
0.4007339936  
0.6291141189  
0.1292346422  
-0.390368792  
-0.1489658369  
0.8560496082  
-0.1548046238  
-0.4349263235  
-0.3114465655  
0.5612569446  
-0.02511764434  
0.01911156648  
-1.211183948  
-1.472721802  
-0.4452088102  
0.5349619651  
-0.008242968782  
0.6402925034  
-1.495997136  
0.2977234068  
0.4085665382  
-0.243653095  
-0.5256801668  
0.2568755423  
-0.9138977143  
1.14054742  
-0.216478678  
2.589046854  
0.6737809435  
0.8859768954  
0.7318475737  
1.476806099  
1.416794889  
0.274967876  
-0.6156362492  
0.9129817392  
0.8854439075  
0.6193465581  
-2.015252323  
-1.163811103  
-0.729090083  
-0.8612921452  
-0.7991298962  
-1.24763637  
-1.171530363  
-0.8225983253  
-2.248762838  
-1.486772282  
-0.1771897352  
-1.54929873  
-0.2357830339  
-0.5679527099  
0.3152172056  
1.680031668  
-0.5413658071  
-0.6709442282  
-1.418446932  
-0.2311247979  
0.1245637088  
0.6259463515  
0.2451744982  
-0.2415287593  
0.4544752047  
0.03573606091  
0.2588734702  
-2.077570883  
0.1687011582  
-0.06131438088  
0.7541209668  
0.906910232  
-0.9981233175  
1.488639975  
2.38749979  
-1.536469282  
0.05458992143  
0.7297475217  
-0.267348103  
0.8598341735  
0.2716702824  
1.378968936  
-0.10919772  
-0.1724412039  
-0.4178014666  
0.2240615399  
-0.3598121791  
-0.3643996745  
-0.1720180158  
-1.143996839  
0.8938102573  
1.985723108  
-0.1291925207  
0.07434054192  
-0.738698722  
-1.430769917  
-0.8653678616  
-0.9670126606  
0.6079145342  
0.4975721441  
0.7757977034  
0.3947237537  
0.9390305217  
1.24090453  
-1.509612962  
-0.4596608223  
0.8675955928  
1.383717666  
1.071164958  
1.142713944  
0.1765485734  
0.6780881093  
0.5400724647  
-1.037067523  
-0.7975336401  
-1.141199032  
0.02455320495  
-0.046986763  
0.377811816  
1.414411328  
-1.629220794  
-0.8820409477  
0.5629191577  
0.5461281303  
1.183424682  
-2.235477721  
-1.408710581  
0.1928481511  
-2.231381481  
-2.018663433  
0.8477904637  
-2.226392062  
0.3748505215  
-2.755232118  
-1.7659898  
0.001336112405  
-0.6223858652  
-1.778148104  
-0.05971847988  
-0.0395021124  
0.6055807447  
-0.6469713421  
0.2084115719  
1.916242233  
1.258945992  
0.4710281165  
-0.4420424813  
1.558066265  
0.1846628272  
1.321349109  
0.1977746649  
0.9849565878  
0.6660696274  
-0.8543824625  
-0.01197651744  
1.228684654  
0.1259603095  
0.5906181043  
-0.2217510357  
-0.0562251683  
-0.2097345725  
0.2107012012  
-0.2863136873  
1.548929365  
0.6745841469  
1.123477468  
-0.04351850749  
0.915456348  
-0.2468920409  
0.1067540102  
0.8968214403  
0.549411604  
1.587412235  
0.04484225102  
-0.5184703604  
0.2534470101  
-0.5675778814  
0.6369470184  
0.5125446338  
-0.1705488516  
0.4372576108  
-0.09058863178  
-0.4248487818  
-0.4822975021  
-1.650819807  
0.4327183361  
-0.5736977397  
-0.5421287884  
1.354786337  
0.2157340653  
-0.9333985686  
1.237937125  
1.834429147  
-0.8408401952  
0.5885410419  
-0.9835830368  
0.01897915126  
0.01828262369  
-0.2672839763  
0.8883272324  
0.2090051033  
-1.864959176  
0.3688393998  
-0.7283398289  
-1.043197127  
-1.181925691  
0.798252199  
-0.8168264989  
-0.2216441423  
-0.844465842  
-1.328489051  
1.026267998  
0.08832090705  
-1.79011857  
0.9267856062  
-0.4957519758  
-0.4162599013  
-0.3663826169  
-1.679859414  
-1.46676169  
0.189056678  
-0.9558333382  
-2.191700175  
1.013270967  
-0.6943468609  
0.1347964301  
1.788103419  
1.807097313  
0.7409239139  
0.6560912242  
0.7695833576  
-0.6511327273  
-1.376850131  
1.066657967  
0.1370851848  
-0.9570609871  
-0.35183553  
1.246251938  
0.04258762879  
-0.03544643287  
-1.017821581  
-0.4788864997  
2.359301073  
0.6208563559  
0.1284101899  
-0.01955416586  
0.6494489586  
1.603284689  
-0.9117315406  
-0.6360895286  
-0.6013536466  
0.1326501284  
-0.7346577073  
0.622549838  
-0.5332645659  
-1.44672952  
-1.227161075  
-2.535566283  
1.679778746  
2.075508318  
0.4239468445  
0.8425830948  
1.741574075  
-0.1564634647  
1.422322169  
-0.7948541054  
-0.0257589748  
0.6928758442  
0.7293798926  
0.5562367371  
1.342286938  
0.9165836074  
0.6211651518  
-0.5336210522  
1.02172727  
0.4702834563  
0.1779755089  
-0.9576445115  
0.1874765718  
-0.6198997647  
-2.633656854  
-0.7289032352  
0.5420339223  
1.713779636  
0.5715874633  
-0.4809025282  
-0.3969902173  
0.9441675777  
-0.3282990228  
-0.3724570077  
-0.3150510862  
0.5148430609  
-0.6853775585  
-0.4464767257  
-0.7423095446  
-0.9269789631  
-1.505713297  
-0.09787104905  
1.335021269  
0.1246495154  
-1.044340257  
2.035376296  
1.071379131  
0.7788452506  
-1.258188603  
-1.392090154  
-0.5676286262  
-0.3700862512  
-0.3460922671  
-0.1622350882  
-1.453641884  
0.6369833471  
-1.487388208  
-0.7144576159  
-1.16057466  
-2.134926762  
-0.1524515656  
-0.5557201355  
0.2329124596  
-0.08674859164  
0.03881318819  
0.2285758091  
0.5201757742  
0.4717193267  
0.01807619947  
-0.1162202991  
1.171953805  
0.5354640801  
0.6997330635  
0.6141452601  
-0.256399387  
0.9713552198  
-0.3627910096  
-0.4849341061  
1.252778682  
0.1592874738  
-0.8411415569  
-0.08883725481  
0.2276636754  
1.856784531  
-1.267472153  
0.4963365358  
1.739265123  
0.2564793361  
-0.2550816635  
1.802571554  
0.7980186107  
0.7206208366  
-0.1899049299  
0.03629450906  
0.4755009174  
1.059999001  
0.4549350933  
-0.3703465689  
-0.2349536966  
1.594244307  
-1.266235702  
0.7988430573  
0.6000819451  
0.8297526604  
1.886462335  
1.933223783  
0.8352840457  
-0.3660666114  
-2.093041096  
-1.49830261  
-0.8140010747  
0.5259343685  
-0.7618137536  
-1.064012391  
0.4707373515  
0.0643896135  
-0.725781863  
1.9739604  
-0.722842517  
-1.619163223  
-0.7947038219  
-1.461644255  
-0.7916420227  
1.192617548  
0.1000780368  
0.7048240746  
-1.240101723  
-1.695683351  
-1.30944586  
0.02659462592  
-2.484738335  
-0.2616351759  
-0.8130976547  
-0.3597110217  
0.1935620715  
-2.029619898  
-0.840234738  
-1.275777192  
-1.178270358  
-0.4617835476  
-1.275265898  
0.8139159018  
0.09652570134  
0.9068830039  
0.9399524991  
1.436998229  
1.534742199  
1.331838446  
0.8890449335  
1.931097113  
