0.06675828852  
1.454152353  
-0.7320246025  
-0.686194233  
0.675601847  
-0.8800107416  
-0.1629026402  
-0.525102012  
-1.551503077  
-0.07061878281  
0.7423352595  
2.171323742  
-1.055004499  
1.042289948  
0.9862322465  
-0.7713296063  
0.3938695705  
0.799444006  
-1.301075159  
-0.8070892802  
2.504353613  
-0.2452221663  
-0.2421257093  
-0.6458096666  
-0.2056416662  
0.04487191249  
-0.5256451083  
-0.6959393803  
-0.6859801214  
-0.2553379482  
-0.680860673  
0.8215073211  
-0.2662458498  
-1.076797653  
0.6200580525  
0.4073514705  
0.006158636662  
-0.7815656692  
1.070631402  
-0.05736447458  
0.7530981547  
0.2884368681  
-0.03250529559  
1.987593431  
0.1569176829  
1.613276467  
0.7594867574  
-0.09019372594  
0.3211730836  
-1.47524631  
-1.776395739  
0.3215532509  
0.1762821114  
0.4444548036  
0.4011410804  
-0.006028882866  
1.235817284  
-0.3216691564  
-0.1261836194  
0.6644055592  
-0.3200368133  
-0.9126529643  
-3.297800097  
-0.1595543882  
-0.3285222925  
0.4745568661  
-1.199508011  
-2.860753915  
0.1601755083  
0.2674042321  
0.5705513383  
-0.7120412761  
1.438673746  
0.3297689366  
0.4174227111  
0.2473492718  
0.007646998015  
0.3558867028  
-0.540770761  
-1.236129178  
0.3315741074  
-0.6018889264  
0.5311590251  
-1.045877207  
-0.5179815475  
1.343463052  
0.2151405071  
0.06395824288  
0.4052690156  
0.2924527056  
0.1388997604  
-0.7395525809  
-0.2360640272  
-0.9475139885  
2.321823625  
-0.2554110607  
0.5509665239  
-0.2269061483  
0.7951811491  
-1.378294608  
-0.2810458944  
0.8214559988  
0.2771158443  
1.57418094  
-1.088307284  
0.5854994424  
0.1563563301  
0.09401053313  
-1.129933449  
-0.9353752196  
0.4740354868  
0.1639615681  
-0.418580277  
-0.7250499978  
0.3950458486  
-0.8126533294  
-1.710345068  
0.5440130113  
0.1882657597  
1.838070303  
0.2160910593  
1.899935827  
0.7539228181  
-0.2904998332  
1.35737077  
-1.602296099  
0.8277933003  
0.2448924671  
-0.3365981332  
1.427103982  
-0.6838950611  
0.1080376744  
1.305063283  
1.881176394  
2.005825189  
0.4315262011  
1.303360386  
0.2527304888  
0.4429741196  
-2.013100485  
-0.8175691435  
0.4070985496  
-2.420330461  
0.2263457262  
1.250038453  
-0.3995528846  
-0.005502744543  
1.328698894  
-1.963108714  
-0.440274958  
0.5397811545  
-1.447816277  
-1.427770076  
0.1875299917  
0.5744620495  
-0.4934251401  
-0.4564138732  
-0.9858062723  
-3.441369858  
0.3860862909  
-0.4041401617  
-0.08465117857  
0.6606904181  
-1.473984111  
-0.7448343149  
1.12735812  
0.05691715775  
-0.9488150521  
0.8593343409  
-1.095072264  
-1.408167246  
-0.8801824605  
-0.1072883758  
-0.160794367  
-0.0441138446  
0.5280541179  
-0.9808096336  
-1.055930211  
-1.11419572  
-0.4153210261  
0.3280001048  
2.67126131  
0.1690748674  
1.155893092  
0.5346161244  
0.7173351138  
-2.761833069  
0.7163993032  
1.601600882  
1.370497923  
0.313607525  
-0.5127655094  
0.3698972402  
1.448393388  
0.2123464892  
-0.09054239347  
1.570806869  
2.26717963  
0.02946952312  
-0.8435552057  
0.2992238111  
0.4921914894  
-0.5749029771  
1.88732423  
0.9024045613  
1.887054582  
-0.7714338411  
-1.777568797  
-0.1529767567  
0.222744366  
-0.3696212158  
0.1152560537  
2.056419319  
-1.06144876  
-1.285469872  
-0.7077152847  
1.52636976  
-0.05587731043  
-1.059794831  
-2.305973446  
-0.7479992339  
-0.2476488055  
-0.7175162682  
-2.369114166  
0.392748965  
-0.6104992384  
1.136926875  
0.7551776863  
-0.1199073234  
0.03303851148  
0.4151402168  
0.6230085092  
-0.3047859467  
-0.1728658822  
1.768692181  
0.442655216  
-0.3836908284  
-0.2897884055  
0.2704856497  
0.6533775407  
-3.647574994  
-0.3023416875  
-0.6988258106  
0.6974183436  
-1.363695583  
-0.1845661094  
0.8887246069  
0.5454462036  
0.9899984371  
-0.546086924  
1.743328464  
-0.09940647995  
2.144989778  
0.5043474799  
0.7850149387  
0.3954603495  
0.2197429595  
0.6490464284  
-0.7162664096  
0.1213954667  
-0.4567238653  
-0.1157792878  
-0.8705491424  
-0.09872511925  
1.149052726  
0.3448389864  
-0.4917221467  
-0.2934011513  
0.578182771  
1.752879568  
0.2267392267  
-1.862773897  
0.2326932526  
0.1734875558  
1.109429621  
-0.7574602276  
2.14204298  
0.8263935682  
0.3489273489  
-0.7337997411  
-0.3699929547  
-1.344101512  
1.288771899  
0.4505619272  
0.8328806726  
-0.8482891903  
-1.564074488  
0.5084664729  
-0.1195459077  
0.2189882531  
-0.9980880174  
-0.9709698161  
-0.7334756425  
0.3427523578  
0.2447390205  
0.6208444672  
-0.504718873  
1.710482032  
0.01235632486  
-0.921345925  
-0.2648642767  
-0.7655822011  
-1.540964623  
-1.294810418  
-0.2636204245  
0.06644809026  
-1.455813007  
-0.9242327069  
-0.5760543487  
-0.5991669158  
-1.524645773  
-1.535341955  
0.06401360949  
-0.6414990461  
-0.8963228869  
-0.2920842389  
-0.6769666954  
-0.4440978298  
0.4701661755  
2.264538928  
0.1954508033  
0.369490719  
-0.7349478762  
1.451949738  
-0.5007123693  
0.476965888  
-0.1034963561  
0.03836745677  
-0.008169350502  
-0.002441383214  
1.406475948  
1.328615909  
0.3525142987  
-1.617414439  
0.5787230548  
-1.116651255  
1.712077018  
-0.519819478  
0.2626740367  
0.9526161236  
1.380816963  
-0.364478258  
1.161352813  
0.3462157226  
0.9716847407  
-0.1840726152  
0.1769234783  
-0.2417317354  
0.513975313  
1.045051827  
-0.1372031998  
0.3685447991  
1.191011351  
0.228982486  
0.6524506228  
2.016040618  
-0.6020827311  
-0.5408118083  
-1.094584921  
0.7093461107  
0.9908731807  
1.485141188  
0.9852435372  
-0.3501433652  
0.1312277717  
0.630016635  
0.01911102942  
2.068412345  
-0.7782978862  
0.1432520953  
-1.22518118  
-0.5033870245  
-2.351290271  
-1.60176167  
-3.258410916  
1.124284856  
-0.5609753406  
-0.8739218573  
-0.532171133  
-1.212899743  
-0.8758994844  
-1.005895066  
-0.02365027034  
0.1400005033  
-1.217833126  
-0.2574186043  
1.02617646  
0.4132041469  
-1.381838037  
1.076526685  
0.4386599437  
0.05601745531  
-0.7828442173  
-1.011089774  
-1.270787691  
-1.144169999  
0.3810602684  
0.2824357205  
0.7367023335  
0.07118946354  
1.106174546  
1.467618434  
2.303066447  
-1.452262938  
0.4607977832  
1.565202475  
-1.030199331  
-0.8817334136  
-0.9986250305  
-0.3821779497  
0.8577681797  
-0.03682255319  
-0.2512991295  
-1.10084779  
0.5044778569  
1.2481007  
0.1978076478  
0.9808611157  
0.008160013764  
-0.3548269109  
0.4913232435  
-1.182227531  
1.90517235  
0.8475328512  
-0.0315995527  
0.1106299037  
0.3523549141  
0.3701272859  
-0.7707876233  
0.8875352154  
1.137708221  
-1.509984496  
-1.228594217  
0.9197755455  
-0.1405689207  
1.202427245  
1.054869166  
-0.2317608457  
-0.4697691575  
-1.125326384  
-0.5795143239  
1.517006224  
0.4228158293  
0.8482536405  
-0.5186928733  
0.1602222058  
-2.157210488  
-1.337258593  
-1.957024001  
-0.5314316065  
0.1449483765  
-0.3452161907  
0.4203808562  
1.643179259  
1.638117716  
1.633171704  
-0.2663298042  
1.666241785  
1.409953111  
0.01910546734  
0.2721020219  
-0.8539035701  
-0.2858214372  
0.05891721092  
0.1909206725  
-0.5165589159  
0.7615557668  
0.9626506442  
-0.8862605751  
-0.5151399458  
-0.5799097218  
0.09711270082  
-0.9673113607  
0.01313290313  
0.4391551537  
-1.320016503  
-0.4983039895  
-0.3922152859  
0.8568238886  
-1.211113578  
-0.07661007892  
-0.3790192885  
0.3476864029  
-0.8437391661  
1.437317929  
-1.345132544  
0.3269466834  
1.174236007  
-0.6671504901  
-0.400883548  
-0.1243558017  
-0.03576926768  
0.1413366751  
-0.7325269178  
-0.5893311824  
-1.134472646  
0.2568341264  
0.1800409849  
-0.4774259682  
-0.8775080593  
-0.04878852043  
0.1287051643  
-0.920210114  
-1.594303551  
-0.3806841042  
-0.7881297279  
-0.3755609216  
0.9436736955  
0.9338217652  
-1.76696955  
0.005693497452  
1.2878025  
0.2749868542  
-0.3169250297  
0.2826338535  
-0.6742614228  
1.710569005  
1.497826596  
-0.6775903628  
-0.6792474374  
-0.3918741743  
0.8841836212  
-0.4505485925  
-0.8728683443  
-0.08080911279  
0.7935995894  
-0.3017110409  
0.3082905446  
-0.01190146304  
1.697172189  
-0.0715190677  
0.1945836876  
-0.08132759156  
1.273149547  
1.159325976  
0.09836476756  
0.3403319382  
1.774435102  
2.67696312  
1.007051679  
-0.1699051553  
0.4358299674  
0.697971037  
-1.994503471  
-1.527203391  
-1.193373508  
-0.5596178278  
-1.231775807  
-1.628123483  
0.03544909561  
