-0.1670834434  
-0.152869167  
0.3004345024  
-2.120330085  
-0.3513299879  
-0.4923429511  
0.5359803195  
1.317751778  
0.1287401488  
-0.4553725628  
0.187130951  
0.3159555148  
0.803888482  
0.9219323659  
0.158743896  
0.5290736927  
1.04526479  
0.2149899355  
1.36521576  
-0.2966045115  
-1.413666008  
-0.04969080766  
-0.193598178  
0.08752464989  
0.4191673004  
0.2204986958  
-1.478763616  
-0.8869565506  
-0.2512413562  
0.1468408171  
0.4094688795  
0.445140273  
-0.6853089071  
-0.5068246172  
-0.4595130734  
-1.092425639  
-0.7479344358  
-5.264118473  
-1.846029326  
-0.09565098094  
-0.130791204  
0.4066096349  
0.847959337  
0.7450046525  
0.4171819681  
0.6170983828  
0.358750327  
0.8386070558  
1.455566647  
1.261809873  
-0.7247036782  
-0.04256024815  
0.3815132628  
0.9483668414  
1.088698691  
1.416566524  
1.147830208  
-0.3554015563  
0.4767802853  
0.4294444396  
1.730650116  
1.45109615  
0.7909660863  
-1.103889689  
-0.2982199053  
-0.4222108392  
-0.6114474335  
-0.2475174894  
-0.1919465521  
-0.577633165  
0.1562885587  
-0.9079183792  
0.478440774  
1.421462377  
-0.3774733255  
1.141900785  
1.370296154  
-0.2206916944  
0.2408604654  
0.6702589523  
-2.068944548  
-0.4834201197  
-0.4908635396  
-0.8127561464  
0.7450575772  
1.400480321  
-0.884709691  
0.07197529526  
-0.5258585499  
0.9047014878  
1.898520443  
2.037163722  
-0.09493019765  
0.3554289693  
0.7917288673  
0.7241405233  
-2.158262079  
-1.043784832  
-0.9505886764  
-1.443837989  
-0.3221866361  
0.2833080949  
0.2053302681  
0.6892459948  
1.080555729  
-1.046867873  
-0.1889552786  
-0.09721568102  
0.7901143029  
0.7431679365  
-0.09283331104  
-0.09435532365  
0.1713833566  
0.170018988  
1.163738553  
0.978398301  
1.56523864  
0.3623547512  
1.100171665  
0.7504051838  
-0.166931768  
0.1334437251  
-2.456982964  
-1.347178328  
-2.014100973  
-2.990907047  
-0.4967962666  
-0.2152491431  
0.4333540582  
-0.170834583  
-0.1909694028  
0.2148824943  
-0.4476810459  
0.3830265269  
-0.6928941655  
-2.301676791  
-0.8830218047  
-0.1497012806  
-1.103068143  
-0.4166580515  
-1.04269187  
-1.702895098  
0.681820294  
-0.4773831742  
0.7483835909  
1.921501668  
1.268332857  
-0.9244134383  
0.4180811796  
-0.05706727746  
1.502293353  
2.312779857  
2.191753815  
0.6662234468  
0.06631062197  
0.8186120251  
0.2157731125  
0.7326931245  
1.138072246  
-0.2506750421  
0.07408000132  
-0.2687937071  
0.7017454403  
0.8378493996  
1.882396433  
1.138953228  
-1.339564904  
0.1633451388  
0.2768359349  
1.668908119  
2.227668926  
2.360000732  
0.5066027197  
2.15089488  
0.3051679193  
0.5435022892  
0.2968700194  
0.7060348671  
-2.194546059  
0.1459931837  
0.1063536454  
-0.1796411366  
0.05827843736  
0.2933661742  
-2.569259109  
-2.741112508  
-2.319243877  
-1.734642999  
-1.828823578  
-0.3692152587  
0.3515262199  
0.08616217544  
0.3579271363  
1.457305897  
1.021842905  
0.5143899695  
-2.820904161  
-0.467204011  
-0.9460656046  
-0.9669561881  
-0.9149089064  
-0.2522989919  
-1.286435002  
-0.9885021358  
-0.2240715664  
-0.2769775064  
0.3491165979  
0.1109007951  
-0.5742951066  
-0.2697038774  
-0.335977187  
-0.651221569  
-0.1964773849  
-0.3667967512  
-1.425874155  
-0.3368256639  
0.1739454048  
0.7414137888  
1.315463872  
1.202797621  
-0.6686630708  
0.4048323552  
0.258678461  
0.9050440277  
1.207550617  
1.49227422  
-0.6079714185  
-0.01623210764  
-0.1338087117  
-0.8519613133  
-0.09359228493  
-0.1133809705  
-1.961861416  
-0.5340039648  
-0.7182910468  
-1.055096755  
-0.1827339227  
-0.5329045493  
-2.382446306  
0.3646701368  
-0.2881831256  
-0.2453145253  
0.175356562  
0.668565231  
-0.8051143082  
-0.5453965862  
0.05118601175  
0.4904223448  
1.415391652  
1.349855121  
-0.6235948552  
-0.2143698108  
0.01877186793  
-0.174800118  
1.223351226  
1.274123818  
-1.274392596  
0.2672231186  
0.7457987512  
-0.3011107276  
1.112308608  
1.186956972  
1.94192971  
-1.230103435  
0.642191117  
0.4731978444  
0.2191534393  
-0.04512287191  
0.4444564107  
-1.972667364  
0.2365148416  
-0.9433874314  
-0.5081815967  
0.443982621  
-0.4142681997  
-0.9342762726  
-1.604128607  
-0.4876395831  
-0.7012302656  
-0.2873156294  
-0.2555281953  
0.05613131689  
-0.3279839732  
-0.230117104  
-0.4817259698  
0.7426400553  
0.1440269031  
0.2982600183  
-1.040844969  
-0.5014479849  
-0.03386095603  
-0.1162538727  
-0.2939703241  
-2.177117748  
-0.9582772008  
-0.3576747776  
-0.00793218795  
1.127125212  
1.436294376  
0.9958970852  
-0.4814571503  
-0.9837007132  
-0.1790212571  
0.7656240261  
0.0138654123  
1.461502383  
0.8001707647  
0.5801964724  
0.4183106568  
1.121548521  
2.219774475  
1.15988288  
0.7434086201  
0.02732324093  
-0.7091781809  
-1.192339667  
-0.9875249832  
0.08455263744  
-0.8744061027  
-0.5607761346  
-0.2062467229  
0.8713664943  
1.466572717  
1.716256551  
0.2405484403  
0.5574549208  
0.4247437746  
-0.07830025769  
0.02963190421  
0.005114641838  
-1.337557261  
-0.1288644541  
0.1506589376  
0.7359035047  
0.6077616088  
0.5379273981  
0.1346287918  
0.04449243429  
0.696746932  
1.231212652  
1.176412981  
-1.546608024  
-0.767968292  
-0.6189543105  
-0.4859013506  
-0.8891309406  
-0.5322599761  
-1.836024947  
-1.788418401  
-0.9474172844  
-1.657886999  
0.5549771484  
1.218952527  
0.7730966289  
-1.101301625  
0.1153203586  
0.3452535533  
-0.4260072904  
-0.4381258607  
-1.974750412  
-0.2859230088  
0.2511802563  
0.2388520998  
-0.8699161641  
0.2010420115  
-0.9483622237  
-0.7390723225  
-0.4414487148  
-1.037958422  
0.7736499564  
0.7461969587  
-0.6968216374  
-0.003350821652  
0.4346710835  
0.2516129559  
-0.1119761176  
-0.6387666115  
0.02665724194  
-1.214807033  
-0.1640613824  
-0.2809269436  
1.740317476  
1.335591516  
1.452824586  
-0.3173227452  
0.8494390733  
0.09743708114  
0.9576870835  
1.358324939  
1.061709096  
0.6128552591  
-0.4843150271  
0.03063653746  
-0.1383707652  
0.6163002702  
1.423747614  
0.3417065859  
0.3511086018  
-0.3175937837  
0.4064172857  
1.340852758  
1.490189071  
2.159770142  
-0.1190983743  
0.646869877  
0.1189500867  
-0.8640327468  
0.2682855695  
0.6523344676  
-1.297010866  
-0.3357694059  
-2.544335697  
-0.3945989169  
-0.07109647825  
0.02095800103  
-1.584788133  
-0.3581701602  
-0.2838098028  
0.7966430334  
1.315549477  
1.487917447  
-0.770878441  
0.1018335526  
-0.5508719999  
0.01807079544  
0.2973654349  
0.7874400237  
1.510029883  
-0.04711983683  
0.2108393858  
-1.171927777  
-2.081923102  
-0.3882894114  
-0.3566366602  
-0.8163592111  
-0.1596638289  
0.3867918131  
1.097887  
-0.2450314323  
0.8209383293  
-2.230104332  
-0.1979175133  
-0.1177289966  
-0.193098553  
0.3172332515  
0.106975931  
-3.955825512  
-1.526828766  
-0.7690735728  
0.6612745894  
0.7432844905  
0.1182948755  
-1.220897867  
-0.9143513701  
0.03564295038  
0.9348270148  
1.007418591  
-0.6396109383  
-0.2823742472  
-0.3829293014  
-0.6128574703  
0.7994680723  
1.156850378  
1.782812499  
-0.4578486104  
-0.2591902981  
-0.4713347226  
1.0698882  
1.144095061  
1.394356899  
-0.1116540398  
-0.1954137641  
0.2593830575  
0.03750063822  
0.6177033381  
1.436042726  
0.3477133222  
0.5195192524  
0.3302849311  
0.796707079  
1.928625273  
-0.4192711202  
0.03940054004  
0.06945060943  
1.265435873  
1.377684485  
1.358845972  
-0.007131280035  
-2.318942798  
-1.157318886  
-0.5365756091  
0.6365763293  
1.746957465  
-2.01900524  
-0.6547310257  
-0.4887967924  
-0.7643871805  
0.5375273767  
0.568929925  
-0.4078658394  
-0.3911381907  
0.1806670561  
-0.2373936692  
-0.1959783383  
0.2943672142  
-2.809025206  
-1.553157136  
-1.28443119  
-1.515503672  
-0.8978298467  
-1.155718811  
-0.2775174736  
-0.9636698158  
-0.6216660641  
0.02584257319  
1.607438354  
1.534271033  
1.841724999  
0.4602806283  
1.239412892  
0.9278832808  
-0.07662821465  
1.063728377  
0.09959292799  
-1.35637845  
-3.549932836  
-1.084451879  
-0.1763318073  
0.4520196406  
0.4377093353  
-0.7255042323  
0.2795987743  
-0.2056377614  
-2.222365182  
-0.3729563657  
-0.04965677046  
0.1504652742  
-1.163071556  
-1.102194482  
-0.6597858601  
0.639989852  
1.601756104  
1.705233799  
-0.4977144044  
0.2361987366  
-0.4262789273  
1.742712169  
1.115033363  
0.8824239631  
-0.1914266171  
0.4030177139  
-0.6447364153  
0.8049989594  
1.752136883  
0.9991714869  
-0.1022202884  
0.7076441848  
0.7072339403  
0.559614183  
0.8427710057  
-0.1613297316  
-1.492249205  
-2.381413943  
-1.133246481  
0.1469544389  
0.2834003689  
1.336144792  
0.2240767583  
0.2673935611  
0.05926436891  
-0.09035371868  
0.1998426104  
0.003146737445  
-1.226663429  
0.3254844531  
-0.05352734521  
0.6149249405  
0.5293781786  
-0.8913753512  
-0.5704628603  
-0.02798422335  
-0.1794893406  
-0.353521673  
0.6064274123  
-0.9031479601  
-0.194432497  
0.6915599048  
1.415562144  
-3.056358854  
-0.1279077102  
-0.8952160577  
-0.8709336784  
-0.6799882701  
0.3832546569  
1.054236862  
1.206794068  
0.9585034072  
0.2918383665  
0.7310244299  
0.1741078086  
1.812365961  
1.719869162  
0.9623029573  
-0.8189870153  
-0.6257098982  
-2.63152508  
-0.971466844  
-0.4532609003  
-0.4852254554  
-1.214756801  
-0.4412009978  
-0.3039513293  
0.9086029354  
1.351201797  
0.253272449  
-0.05217044386  
-0.3130907557  
-0.1611689178  
0.558906936  
1.190697852  
1.282813928  
0.6994581983  
-2.466720456  
-0.4319146432  
-0.7652256742  
-0.2948332633  
-0.5451212102  
-0.7402245703  
-1.294432048  
-0.2377152266  
-0.03791859952  
0.6256396132  
1.106741017  
0.8167237794  
-1.672645345  
-0.6135180217  
-0.004357646593  
0.6095306192  
-0.6154798898  
-1.137752147  
-0.4646618569  
-0.09620527546  
0.2319468345  
1.42009194  
1.910188269  
-0.1765637077  
0.5433294864  
-0.3511435736  
-0.1224579016  
1.383359076  
0.7458777978  
-0.6660641944  
0.4629459448  
0.3878932788  
-0.03466980603  
0.3763257454  
0.3536510971  
-0.2004765469  
-1.25340819  
-0.1320538622  
0.2303174725  
0.2342897725  
1.002348326  
-2.357580404  
-2.167924581  
0.3532469389  
0.1770999517  
0.8198849309  
0.9312163887  
1.210151757  
-0.9140910673  
0.03558736532  
0.2515948194  
0.6370634562  
-0.1241471474  
0.9104361759  
-0.4899128356  
-0.2516877108  
-0.9403301088  
0.7319082671  
1.223747861  
0.5483878173  
-1.060659532  
-1.461140462  
-1.090209619  
0.4133693009  
1.302104776  
0.6929290711  
-0.06192687028  
-0.3628879378  
-0.9566996745  
0.8497175509  
-1.130332272  
0.1081937895  
0.565501948  
-1.367806063  
0.3214527664  
0.9434376352  
1.405945538  
1.628299042  
0.7759324877  
-1.131308806  
-0.8006438667  
-0.07962989112  
0.307181527  
0.7874807284  
0.04684836143  
-2.636613632  
-0.2624157019  
-0.2015584756  
0.472186261  
0.9052142867  
1.489212063  
0.3038440478  
-2.654217503  
-0.8957646074  
0.4036354203  
1.109223467  
1.403620232  
-0.6721025498  
-0.7394771407  
-0.1863393382  
-0.2583657969  
-0.01744324004  
-0.4506569504  
-0.2500001452  
-0.3816690823  
0.563581791  
-0.3569845719  
-0.9107857946  
0.4393917287  
0.9131329794  
-1.921438254  
-1.350980093  
-0.5206654375  
0.1605117063  
-1.063143503  
1.143677334  
0.6239234252  
0.6291679305  
0.03832841311  
1.066240002  
0.5079632984  
-1.272268685  
0.08787497764  
-0.08011301391  
0.1004848094  
1.428486979  
1.749623844  
1.17672047  
0.506526719  
-0.1087692623  
0.1467770361  
0.5714030949  
1.708686089  
1.189600155  
-0.9284379357  
-0.1407697783  
0.04505754589  
-5.677929825  
-2.568839009  
-2.401752652  
-3.016501911  
-1.894294223  
-1.298755499  
-0.6802527457  
1.326892842  
-0.379312937  
0.3501227251  
1.042178315  
0.9203557191  
-0.06965148374  
0.3382984281  
0.826583778  
-1.092698231  
-0.5273441319  
-0.147356856  
-0.5604286161  
0.02864928881  
0.08820283465  
-1.494661339  
0.6896842281  
-0.3460759813  
1.249093155  
1.479538826  
0.5697964093  
-0.5428486749  
0.9508715511  
0.3906284842  
1.156115546  
1.318109179  
1.967730922  
-0.5105031362  
0.6510148342  
-0.5036231877  
1.465124827  
1.269343727  
0.8266064188  
0.4112312698  
0.2875972953  
-0.6278710816  
1.213664496  
1.528060997  
1.757538941  
-2.351308763  
-0.101528772  
-0.4707564317  
0.963216922  
1.495193466  
1.586905748  
0.2993617525  
0.1288273888  
0.6697185272  
0.1446056788  
-0.1019896039  
0.8863524176  
-2.973224831  
0.08705078621  
-0.4102040384  
0.3522177605  
-1.237712693  
0.3504475814  
-1.364018359  
-0.5953618258  
-2.235307904  
-2.01880869  
-0.2215966776  
0.2144636679  
-0.2612198742  
-0.3040574523  
-0.3441564131  
-0.3088658397  
0.08397099644  
-0.1495071542  
-0.5651280826  
-0.8547983724  
-0.9371859946  
-0.3600028748  
0.2412262353  
-0.3480292664  
-0.8337290968  
-0.6439596193  
-0.9589948977  
1.163379762  
1.282616916  
1.851714358  
0.9982174537  
0.3674517815  
0.007816464368  
-0.507598109  
0.9956616552  
0.8768500652  
1.332450818  
-0.6742921641  
0.08806658111  
-0.3065610192  
-0.5486329622  
0.3363618223  
0.1706702884  
-1.183581205  
-1.03395171  
-0.3588532044  
0.4072355009  
-0.1020395877  
1.050958286  
0.5471634926  
-0.2275976721  
0.1098799908  
0.4670272609  
0.2233728154  
-0.2370716422  
1.360071115  
-0.1743244883  
0.004022028175  
-0.6221522644  
-0.2557894035  
0.2865462834  
-0.1097484913  
-0.8149817059  
-0.5056485783  
-0.1053916274  
0.4507312694  
1.927535456  
1.122561758  
-2.324894615  
0.3305412199  
0.4381980807  
0.08075015531  
0.06454099408  
-0.4345827802  
-3.365272108  
-1.210323837  
-0.7087137915  
-1.017385225  
1.095708369  
0.08739926742  
-0.2637373884  
0.1989450628  
-0.8812807324  
0.1938685709  
1.34914155  
0.8334588061  
-1.179995501  
0.418649265  
0.03782685668  
-0.6795210641  
-0.2405752699  
0.2683893647  
-1.642407275  
-0.5328696583  
-0.3685731966  
0.715651733  
1.567712671  
1.413724945  
-0.3700029811  
-1.963249713  
-0.6138618724  
0.003057916667  
0.3305834415  
0.7171571701  
0.1860901722  
-0.8693398799  
-0.6098292483  
0.5830381377  
1.435784901  
1.385918973  
0.08090255463  
0.4900407469  
-0.3532837478  
1.002100202  
1.254063967  
0.7923266187  
0.3948676156  
-0.4833622607  
-0.7703037856  
1.148034389  
1.428686014  
-0.2908636793  
-0.9280185706  
-0.2464432031  
-0.7336993814  
-0.8132413179  
0.9075616682  
1.030574817  
-0.277196033  
-0.417241887  
-0.5555029054  
-0.2721523741  
0.7584168887  
1.717876203  
-0.3533922933  
1.165087066  
0.5514846176  
0.1881033982  
0.4496208698  
0.2933055014  
0.3106630241  
-1.860078309  
-1.063752184  
-0.9621915503  
-0.9594274584  
-0.2132300234  
-0.08081141904  
-0.1240609734  
-0.5688770918  
-1.161155115  
0.5165995548  
0.09694643024  
0.5908268124  
1.301005659  
-0.05407137922  
0.4403555104  
-0.06682033726  
-0.3436606203  
-0.5060815168  
0.004755891641  
-1.660126933  
-0.3610866935  
-0.1879752412  
0.1518230259  
0.935224453  
0.6159835767  
-1.178190984  
0.1280737188  
-0.5716864346  
-0.1535104706  
0.3212802091  
0.6559042644  
0.3764212325  
-0.8006600218  
-0.7614565783  
0.06738924483  
-0.3751415338  
-0.474070047  
-0.07623617716  
-0.3554252421  
-0.3542070575  
0.4408719815  
0.2143963327  
1.557958577  
0.6268023829  
1.205545712  
0.03375510332  
1.821194085  
1.688755683  
1.923005942  
-1.707864031  
-0.4040429657  
-0.7264409124  
-0.01428265462  
1.27684063  
0.9624297914  
0.2225309357  
-0.145974292  
-1.165713272  
-3.836251814  
-2.892804823  
-1.292234395  
-1.345139182  
-0.6577662709  
-0.3238818144  
-0.5372465631  
-0.05635030942  
-0.1695957144  
0.4809220152  
-0.6280066421  
-0.5884626659  
0.7194247968  
0.7317264922  
0.9879633765  
0.1503304785  
-0.3187577997  
-0.7642703364  
0.5922458245  
0.8876475047  
0.7378783563  
-0.5280541209  
-1.026439202  
0.3379066805  
1.052482949  
1.508726221  
2.008781057  
0.9547236323  
-2.202586291  
-0.7333699109  
-0.05125779767  
0.975880387  
0.5342029066  
0.7850477808  
0.4815741583  
-0.3027752622  
-0.01986172405  
-0.02735217111  
0.5664738364  
-0.3733911178  
0.08297779378  
-0.4589134717  
-0.2507564539  
0.3983805885  
0.5968643091  
0.9985785221  
-0.5893833518  
-0.05192884366  
-0.4317283918  
0.819055801  
0.5073397559  
-0.3290996728  
-1.338276955  
-0.3541135569  
-0.2299994329  
1.002558498  
0.229694145  
0.8229177544  
-0.2340923022  
0.6276597491  
0.3743892323  
-0.3422686164  
0.1362793246  
0.310149545  
0.834008625  
0.05646967711  
0.8881050439  
1.891217348  
0.8769018377  
-2.225402149  
-2.691366245  
-1.829942928  
-0.9618030862  
-0.2042837071  
0.9086353398  
0.2279016823  
-0.9430011229  
-0.09974824826  
0.5879306779  
0.3244255973  
1.062852431  
0.211952916  
0.2069372229  
-0.3824256988  
0.198126735  
0.01804339131  
0.175041583  
0.01467320679  
-0.2169626913  
0.007290215888  
