0.6950515813  
0.8569594158  
0.7291759794  
-3.560486487  
-0.6422584158  
-1.447598685  
0.2426514288  
0.8252581134  
0.2917932505  
-0.7997333833  
0.1821998923  
0.6141284623  
0.8260299287  
2.247874545  
0.874679302  
0.6417247982  
0.7625410301  
0.1668323234  
0.3054581673  
-0.07081063359  
-0.944702552  
-0.2634086579  
-0.9517528488  
-0.3044778186  
0.3786532539  
-0.5896945398  
-1.333494292  
-0.7252732694  
-0.5425391024  
1.306479593  
0.92795026  
0.830948413  
-0.8065124221  
-1.238907563  
0.04120471517  
-0.2118206336  
-1.126955608  
-4.71780505  
-0.8206115309  
-0.009101244807  
-0.06644052966  
0.3939319062  
1.653810049  
1.91401357  
1.627367193  
0.01482092721  
0.1153558365  
0.4109229009  
1.352721527  
1.027326201  
-0.2019415438  
0.8587238894  
-0.5533073257  
1.064596132  
1.748862093  
1.584268557  
1.240077244  
-2.091708252  
0.7115084183  
-0.02595779787  
1.167567742  
1.723840268  
-0.2344781694  
-0.8731725035  
0.03991757368  
0.1390222109  
0.3405110098  
-0.9905879144  
-0.557556591  
-0.7304922304  
-0.4120370966  
-0.3298602377  
1.253554662  
1.002686743  
0.1411081934  
0.325620318  
0.9487666501  
0.1298948194  
-0.4997205415  
-0.6414123823  
-2.578724258  
-0.115138979  
-0.2720253126  
-0.4035915038  
0.01454691483  
1.453492456  
-2.212724898  
-0.4316396851  
-1.062464473  
1.328049237  
1.195293175  
1.874649346  
-0.4300240372  
-0.2898342088  
0.6445689176  
-0.1750488208  
-1.701563247  
-0.6023584299  
-0.8565226399  
-0.1883221075  
-0.4497645054  
0.2176783277  
0.5655345195  
1.396323891  
1.247339361  
-0.1199172743  
0.238229819  
0.6153450566  
1.786958363  
1.317691438  
0.3065770557  
0.621110166  
-0.6390804785  
0.572808835  
0.5522390357  
1.172352607  
0.9801732334  
0.1822136045  
1.342077831  
0.6205570849  
-0.5198274155  
0.6468549249  
-1.70134347  
-0.2343564706  
-1.018317716  
-2.747795165  
-0.955140544  
-0.2709508712  
1.830758559  
0.3476750384  
-0.772783847  
-1.197938504  
-0.1535066182  
-0.2378358331  
-1.520306567  
-2.641113683  
-0.360712039  
0.004287443295  
-0.871045599  
0.1000689469  
-0.02785421359  
-1.004325799  
0.4725424713  
0.2208005483  
0.1167474807  
1.886470496  
2.001984213  
-0.2622451647  
0.4719281908  
-0.8144898708  
0.6664432979  
1.366295567  
1.747389636  
0.8944733388  
-0.04015164608  
0.5737833249  
0.05893111705  
0.8577161252  
1.232083758  
-0.491314211  
-0.07835124562  
-0.6789632839  
-0.269674347  
1.621242459  
1.416520887  
1.223118463  
-1.08229436  
-0.03345881001  
-0.7797655224  
1.120663863  
1.166685659  
0.7512083088  
0.6902350132  
1.923564531  
0.7227644262  
1.14421678  
0.3163754076  
-0.07062201197  
-2.31399536  
0.4721893515  
0.1157546011  
-0.123128486  
0.9159773707  
0.9346558926  
-2.719314449  
-3.625077012  
-3.991206133  
-2.036023499  
-1.477738437  
-0.4165789101  
-0.5716113162  
-0.1286024827  
0.291985941  
0.570577861  
1.625891778  
1.83526573  
-2.116553529  
-0.05516022043  
-1.171495095  
-0.5411878242  
-0.7850645333  
0.7120189532  
-1.113396686  
-1.418927862  
0.525572893  
0.07025996899  
0.2380511318  
0.3685825483  
-1.262089608  
-1.095946756  
-0.5065354464  
-0.1249774897  
0.4174571676  
-0.1120941649  
-1.596551961  
-0.5038802807  
0.05023039042  
0.8292771726  
1.887410752  
1.777230828  
-0.5932258094  
0.3104919374  
0.1163990655  
1.502490164  
0.4480733395  
2.209598166  
-1.038511259  
0.4403858325  
-0.0182328712  
0.005937182309  
-0.2686417795  
0.1137728384  
-2.708830881  
-0.4232519552  
-0.7930657064  
-1.708198273  
0.4286121215  
0.01602123375  
-2.161790145  
-0.05400212192  
-1.420362697  
0.04216509288  
0.4903868208  
-0.2497279836  
-0.8007491485  
0.06021083555  
-0.4151443252  
0.5441215223  
1.432942488  
1.76202353  
-0.7159096572  
0.04476741346  
0.6167875398  
-0.4737716666  
0.2469768573  
1.388266141  
-1.833045937  
-0.8781926782  
0.2839816783  
-0.71754406  
1.272642717  
1.585376973  
1.972076202  
-0.4385569237  
1.076549871  
0.08357489636  
0.1660562137  
-0.5460831616  
0.1904880211  
-2.50841549  
-0.1938159378  
-1.168750036  
-1.102749916  
-0.1633182421  
0.5369640006  
-0.5763396633  
-1.115453416  
0.008526728142  
0.2472919525  
-0.2637243225  
0.4544380255  
-0.2821447871  
0.212546195  
-0.6227896177  
-0.04635893375  
-0.5384371374  
0.8497841404  
0.7083358075  
-1.804118878  
0.1256582634  
0.1170203466  
-0.1627001728  
-0.2971513466  
-0.9019517229  
-1.05280506  
-0.2989981526  
0.2643482856  
0.4350574053  
0.8211678617  
0.6834521523  
0.02845781545  
-0.9154556264  
-0.4050633026  
0.9953504761  
-1.70078864  
1.487404185  
0.7750130571  
0.03825967079  
0.7146571797  
0.8387170923  
1.997000033  
1.500394825  
0.2473436391  
0.3287708444  
-0.622632298  
-0.6608508243  
0.1797861314  
-0.3627872155  
-0.8841111848  
0.5392810618  
-0.6803723229  
0.3122975714  
1.29319794  
0.9761252348  
0.2350106207  
0.3267339819  
1.0375091  
0.4258108129  
-0.2774484941  
0.147739482  
-0.8018514329  
0.7118817584  
-0.04753494306  
0.6852319588  
1.559894754  
0.5120394174  
-0.07990563303  
0.7622150191  
0.5535602285  
0.5605851882  
0.6896602599  
-0.4876718613  
0.4573971847  
-0.2734948643  
0.03743339211  
-0.1266129558  
0.4482710251  
-2.13198793  
-2.175051646  
-1.607161785  
-0.7397691015  
0.8535740133  
1.396697132  
1.111486267  
-0.2803996208  
0.1541511894  
-0.3876857348  
-0.06241306103  
-0.774333889  
-1.084684295  
-1.302122198  
-0.7842832579  
-0.9674471729  
-0.6597672306  
-1.228809988  
-1.899910393  
-1.172520785  
0.0649214907  
-0.2609621857  
0.3864993926  
0.6843466406  
0.03155842842  
0.5548711677  
0.4433791634  
-0.7820933908  
-0.0670432358  
-0.3022263126  
0.4451403407  
-0.830653193  
-0.1206545761  
-0.6552341783  
1.453144075  
1.99854858  
1.427174665  
-0.4012060822  
0.5562863133  
-1.117805203  
1.155345233  
1.259493917  
0.8584905142  
-0.01139777212  
-0.156584244  
-0.9964357969  
-0.481633729  
0.8945196767  
1.239340946  
0.03513420876  
-0.1054352244  
-0.4677378015  
0.5753729413  
0.9277895322  
1.939254524  
1.416360409  
0.4140420985  
0.7193215837  
-0.06211890035  
-1.716932423  
-0.6250230123  
0.007394532385  
-1.731801172  
-0.6497155435  
-1.382001848  
-0.5875906152  
-0.2808617899  
-0.1980988156  
-1.014127416  
-1.221820086  
-0.608008797  
0.6107486331  
0.7160011076  
1.731883454  
1.24570961  
1.921670935  
-0.1561142109  
0.7411367664  
0.08829058106  
1.033914943  
1.190550218  
0.163551041  
0.8981497865  
-0.6643006476  
-1.178457237  
-0.8353749348  
-1.359481796  
0.229059669  
-0.04709533263  
-0.2092559932  
0.4842930115  
0.878209351  
0.537019901  
-0.7416174066  
0.6512396631  
-0.3112995604  
-0.5779363339  
0.3481386993  
0.0825505574  
-2.436356439  
-1.52416968  
-1.847053426  
0.4578889534  
0.7206657826  
0.2240343694  
-0.6565909562  
-0.1457467132  
-0.2520465016  
1.049194879  
0.4008138001  
-1.389371359  
-1.562334429  
-0.8776700399  
-1.297652093  
0.6410858321  
1.307249112  
1.696723053  
-0.1306592697  
0.4611986205  
0.0573051777  
-0.406751598  
0.5254023717  
1.218904942  
0.5351230244  
-0.3411911395  
-0.3293124083  
0.5195663142  
0.897174107  
0.8410610905  
0.7565930109  
0.3515794886  
-0.6345134686  
0.06403454158  
1.089393791  
-0.4255149053  
0.6101588137  
0.2973622976  
0.1834446369  
1.305919791  
0.8501830199  
-0.949841233  
-3.333930701  
-1.916869434  
-1.983355248  
0.6167467647  
1.183625485  
-0.8155503423  
0.5367582282  
-0.02018694515  
-0.05013618056  
-0.4326652514  
0.5345378407  
0.06363197436  
-0.4788642603  
-0.1915124799  
-0.5185917614  
-1.172033806  
0.4444428529  
-0.5717502633  
-0.04440720775  
-0.1991074153  
-0.7705146441  
0.1957894497  
-0.3828463714  
0.9564752564  
-0.5800817183  
-0.2297801328  
-0.7241219023  
0.4977281461  
1.507017662  
2.27862801  
0.3825194024  
1.350512802  
1.106570456  
0.8978995969  
0.3131204106  
-0.001518371541  
-0.7708312709  
-3.271819736  
-1.019235373  
-0.5056327878  
0.8802363673  
1.279612717  
-0.1805727153  
-0.5932299171  
0.1545680939  
-3.267973575  
-0.9011965933  
-0.6561371964  
0.5196138941  
-0.6698248578  
-0.8524420578  
0.1386433756  
0.9559602437  
1.610289011  
0.6355280721  
-0.3103213704  
0.6760345028  
-0.5955162092  
0.8770899756  
0.3632041393  
1.035792119  
-0.2541286791  
0.6228526581  
0.005774117794  
0.8660409617  
1.323979223  
0.8853960999  
0.6308542749  
1.10795238  
-0.5161058194  
1.231659588  
1.425041498  
0.4190393595  
-1.53021704  
-1.770749567  
-1.133677652  
0.1853986918  
1.711310409  
1.140383489  
-0.4882641764  
0.548968217  
-0.2596154881  
-0.6460462327  
-0.535609195  
-0.5072023492  
-1.404960595  
-0.425061824  
-0.2396322954  
-0.2727152965  
-0.3012094377  
-1.643041431  
-0.2271259833  
-0.8773495507  
-0.2005813588  
-0.1419419227  
-0.1336285719  
-1.992720088  
-0.9736903449  
-1.463405158  
0.4818301746  
-2.113132742  
0.782280398  
-1.039374443  
0.5408028491  
-0.6088198666  
0.1849070569  
1.482230741  
1.366711991  
0.09378542806  
0.5923899504  
1.188387058  
0.5331950204  
0.5889945236  
1.625766153  
0.8583138025  
1.024412018  
0.8767312979  
-0.6323197175  
-0.3004847611  
0.3219850048  
0.1927619703  
-0.0249426917  
0.6276367926  
-0.26914926  
-0.2307026463  
0.9618291229  
0.5854741986  
0.09401142657  
0.02555032038  
-0.0694917274  
0.1879426153  
1.912145358  
1.905450858  
0.8383870647  
-2.805188344  
-0.5544184931  
0.4609998746  
-0.1025265095  
-0.2220903041  
-1.029438637  
-2.291893318  
-1.109664105  
-0.8425625387  
1.191644509  
0.1822726018  
0.4297415703  
-1.460542785  
-0.3607713129  
-1.23686734  
0.06828983842  
-0.5604491699  
-0.9878389475  
-0.5393546746  
-0.3838593028  
0.5542724284  
0.3189146718  
1.154437856  
0.08990862954  
0.3139214806  
-0.1145127146  
-0.1598278247  
0.0202883597  
0.7817575297  
-1.425244306  
0.5771072179  
-1.099891234  
-0.02238253725  
-1.645102341  
-0.02711921277  
-0.4440193786  
-1.77699358  
-1.150012188  
-1.99610887  
-0.4720672565  
0.7901943417  
-0.9173168252  
-0.1995659103  
1.554927349  
0.6634464172  
1.374514623  
2.08549249  
1.270321804  
-0.3510791684  
0.7133817474  
-0.349643117  
-0.536159456  
0.4957997743  
0.5270715466  
0.3668451196  
0.531173527  
-0.07988161957  
0.1620860288  
1.154129779  
0.4646147105  
0.005632221109  
0.5998126829  
-0.7763166296  
0.4500556657  
0.8283998098  
0.9477860193  
-0.1447493787  
0.6311378999  
-0.3097127637  
0.01275625648  
-0.3910089603  
1.03790566  
0.9749075026  
-3.043250004  
-0.3765846246  
0.4805299564  
1.467831712  
1.381533727  
0.5412615802  
-0.08129924119  
0.119760941  
-0.4555192132  
0.9113213776  
0.5749783117  
-0.4793802142  
-1.337122099  
-0.6634701482  
-0.1499788773  
0.4390705725  
1.210218571  
1.900602637  
0.7096201371  
-1.078002796  
-0.7553842939  
0.5268784824  
1.475856775  
1.426246836  
-0.5472971588  
-0.1679431941  
-0.5217439119  
-0.9851173552  
-0.5987572075  
0.1879826637  
-0.7639819713  
-0.8856978889  
-0.139710761  
-1.634864394  
-1.521614754  
-0.4361088841  
0.4141482978  
-1.431049359  
-1.42980535  
-0.9978462802  
1.257752229  
-0.5565499858  
1.350938688  
0.9797386011  
0.7563092626  
0.6565254628  
0.2677607244  
0.3262318015  
-1.900027774  
0.8634001777  
-0.2959385806  
0.3059227426  
0.6571198035  
1.889132545  
1.340319135  
-0.7126687715  
-0.07188063827  
0.01935388449  
0.8270715297  
1.241049928  
0.07408739006  
-1.687942328  
-0.1537417431  
-0.5385190422  
-4.507846204  
-2.241843728  
-2.405008701  
-3.285907391  
-1.191760943  
-1.816983983  
-0.2964463708  
1.249895942  
0.498699888  
0.4773435468  
0.3929357679  
0.4587482516  
0.27398315  
1.87923329  
1.434461809  
-0.8611833911  
0.4141544467  
0.4089987493  
0.6095842996  
0.1613849595  
-0.4325126437  
-1.706340814  
-0.3138665995  
-0.9173084774  
0.7837775379  
0.3972774877  
1.078818822  
-0.3467899529  
0.4763475355  
-0.2563095846  
0.6399068486  
2.330781705  
1.860293892  
0.1980029269  
-0.09601915357  
-0.3634780897  
0.8550111202  
1.298067443  
-0.532913954  
-0.1015063847  
-0.545775598  
-0.9463079124  
0.3136434282  
0.8381626384  
1.358191238  
-0.575015764  
0.4734259865  
-1.313762741  
-0.7249920297  
0.728552434  
0.939970536  
0.543884166  
0.7987421327  
0.06498972632  
-0.07261981736  
0.2788653462  
1.139687495  
-1.994618934  
-0.7080898029  
0.04106545494  
-0.5000913021  
-0.8900740159  
0.9498084279  
-0.88698646  
0.1460812578  
-2.26829054  
-0.9988068375  
0.4262310334  
-0.1590077606  
0.7942180039  
0.04890443541  
-0.6286942653  
-0.5929135494  
0.002520827501  
-0.1473141819  
-0.1089709295  
-0.2144437508  
0.1023786459  
-0.0865521251  
0.1369694628  
-0.4030138212  
-1.625798022  
-0.1566563084  
-0.2694403231  
0.8313987688  
1.052158644  
1.424521703  
0.1682597918  
0.5039512278  
-0.08129901248  
-1.275776231  
0.7151264391  
1.236237909  
0.4029686012  
-0.4026695412  
0.2825172661  
0.2309002331  
-0.5377430006  
0.3556865971  
0.2826220065  
-1.04242102  
-0.6602960386  
0.2356443426  
-0.6637093372  
0.3941268381  
0.3118581859  
0.6223712008  
0.1590629715  
0.585218435  
-0.1473580933  
1.409424686  
-0.02015172796  
1.569866426  
-0.3513745308  
-0.1443889906  
-0.07871420011  
1.083269345  
-0.4894889103  
-1.26268139  
-0.8273267473  
-0.6807383519  
-1.067111327  
0.06706003073  
1.208164489  
1.403366866  
-2.061741475  
0.2412269961  
0.641064427  
-0.06422233066  
-0.0591251852  
0.2278470886  
-3.059299218  
-1.310304439  
-1.138046626  
-0.1282898679  
1.210650873  
0.6686332668  
0.5705155042  
-0.2771574894  
-1.409423818  
-0.2009061279  
1.450740811  
0.7546399118  
-1.018298144  
-0.4212393677  
-0.459390184  
0.04369281341  
-0.2506266066  
-0.3329445053  
-0.5886890131  
-1.165098376  
0.1076270249  
0.0483947506  
1.145408835  
1.029035411  
0.7499496322  
-1.619830681  
-0.1302729508  
-1.297950347  
1.256259169  
0.9622320054  
1.378157439  
0.0289429613  
-0.4105140515  
0.6320421972  
1.581678632  
1.748011473  
-0.3371077124  
0.805934887  
-0.6461747819  
0.2091158346  
1.281304344  
0.5958100175  
0.6304873654  
-0.6837899859  
-0.6266323814  
-0.02240477873  
1.511096462  
0.1011858246  
-1.25198783  
-0.3814311178  
-0.3457249585  
0.2683240869  
1.268362824  
0.7186791922  
-0.6057428866  
0.02116726892  
-0.7449899258  
-0.7208575763  
1.027907637  
-0.1141436317  
0.01913777026  
0.7955940573  
-0.3322235526  
-0.5012692158  
0.2368299159  
-0.6329803305  
-0.08423712858  
-1.336184322  
-0.5475873227  
-0.1214898544  
-0.9529972337  
0.4523015472  
0.4315976562  
-0.2326911567  
-0.2687018632  
-0.7761386539  
-0.6643423699  
1.332483034  
0.4648062459  
0.1094512711  
0.4664107084  
-0.1653331529  
-0.4631955124  
-0.7408545414  
-0.4621260959  
-0.702599396  
-1.343959465  
0.3616951778  
-1.208137125  
0.05331563934  
1.302069858  
0.3700384773  
-0.5809794641  
-0.0003365024354  
0.07070629279  
-0.220563114  
0.5932184843  
0.3762673338  
-0.4472193555  
0.04748646697  
0.189734308  
0.09716170491  
-0.5327897789  
0.5583284967  
-1.058428433  
-0.1379533248  
-0.7415935789  
-0.7815722037  
0.3938210199  
1.528009581  
0.2024952517  
1.135457917  
0.6621449148  
2.117486733  
1.392676443  
1.408520446  
-1.33127888  
-0.4096763275  
-0.8134734169  
0.8151436394  
0.8607582312  
1.698736906  
0.1854111142  
-0.4525581175  
-1.558864435  
-2.150374859  
-2.164531982  
-0.6599652889  
-0.959167258  
-1.249801634  
-1.313218341  
0.1713928409  
-0.9883233241  
-0.5008878928  
-0.8505882553  
-1.082185122  
-0.03568411417  
1.016988426  
0.4926531406  
1.202542348  
-0.8903348287  
-0.9306505982  
-0.9242750512  
0.2756950248  
0.3509036819  
1.217483328  
-1.377061525  
-1.107743111  
0.9980567321  
0.7820917632  
1.463974794  
3.012374388  
2.303342201  
-1.304085105  
-0.4287460357  
-0.7717270795  
0.5643846951  
-0.1428926312  
1.45988527  
0.5310295507  
0.4858407678  
-0.444098602  
-0.3055209657  
0.5920426077  
-0.1180283462  
-0.08126604311  
-0.5749381308  
0.1152219821  
0.5898805497  
0.8016319529  
1.719247179  
-0.9262185145  
-0.698609143  
-1.380330595  
1.216554173  
0.404823141  
0.02073355184  
-0.7998618685  
-0.2092022361  
-1.667514793  
0.3611958809  
0.5277309168  
0.7390062657  
0.04435904341  
-0.2833059176  
0.2454329328  
-0.7772839258  
-0.03274257439  
1.424407404  
-0.664451307  
-0.4651177176  
-0.05043274681  
1.270608789  
0.6945092283  
-2.454564664  
-2.291504915  
-1.098742101  
-1.4834066  
0.645836041  
1.558328837  
0.5763852757  
-0.5216205596  
0.06280719078  
-1.428346426  
0.266807554  
1.389783607  
0.7360765227  
0.01309397049  
0.2303899229  
-0.5503729086  
0.4068142697  
0.6109221507  
-0.7282659742  
0.07754055397  
0.6638171311  
