0.1371633014  
-0.4325253202  
0.5540939983  
0.9168119894  
0.003614184074  
-1.397231635  
-0.3271098783  
-0.8161148043  
0.9232789132  
0.09311253399  
-1.312483174  
0.4129574042  
0.06991076826  
-0.5095831348  
-0.4946452693  
-0.6569780989  
-0.2576339181  
0.9699838299  
0.3317216106  
-0.3520185729  
-0.2388814233  
0.379132027  
-0.002340931866  
0.6685544806  
-1.014547117  
0.9651748968  
1.063475477  
2.109394909  
1.51723265  
1.200653194  
1.166463819  
0.360027064  
-1.66786111  
0.6405629174  
-0.3322339323  
-1.486555919  
0.5955793626  
-0.6307289433  
-0.2403332254  
0.2351941493  
-1.53659139  
0.1492442645  
-1.162826298  
0.2126407482  
0.5997211504  
-0.2369383178  
0.7021015243  
-0.1349728937  
-0.3252352767  
0.1355236823  
-1.593485461  
0.1061254128  
-0.6226886983  
-0.5363750191  
-0.6658113253  
-1.176800134  
-0.7415067303  
-0.2209400255  
1.019142949  
0.4072840485  
-0.045967788  
0.07259083331  
-0.3786621277  
-0.1844630496  
-0.1058877496  
-0.644560618  
-0.873901426  
0.1157266321  
0.8078932178  
-0.7346496833  
0.8927629214  
-1.153983279  
-0.3227056784  
1.969502195  
0.9051389229  
-1.797201216  
-1.665406105  
1.794926373  
-1.035987547  
0.2192943792  
0.1924696269  
-0.2888329015  
-1.288827897  
-0.355927278  
0.280697355  
-1.422916275  
0.4423413321  
0.1741413999  
0.2078616523  
0.3197526725  
-0.3426422496  
-0.6281616961  
1.128839562  
-0.6741455773  
-0.6122553591  
0.2254259526  
-0.2969045488  
0.4081854972  
-0.8782437043  
-2.036317923  
0.7099118846  
0.2833508462  
-1.296583198  
-2.041602139  
-2.542808334  
0.5257734256  
-1.669958727  
1.524368537  
1.271177824  
-0.1864300251  
1.022885535  
-1.172561021  
0.04899794688  
0.4894456553  
-2.06227564  
0.02029802507  
0.8618673878  
1.0112893  
-1.182151261  
-1.010695769  
-0.8049555993  
-0.523317087  
-0.786336423  
-0.1679056496  
0.8174409005  
0.5728915099  
-0.7256333723  
0.1314840557  
1.331037784  
-0.4389422108  
0.6802766595  
0.5880292154  
2.045697318  
0.8770033146  
0.4158789341  
1.394922925  
0.127849126  
-0.3299944898  
0.8892750609  
-0.7423145413  
0.3944657133  
0.04350476309  
1.253125397  
0.6824366082  
0.7753731717  
0.973995923  
0.1257614255  
1.671692362  
0.8804328861  
1.594887175  
0.722856589  
0.9605830521  
0.2243076342  
-0.01211349806  
-2.262865243  
0.6329710738  
0.5005489221  
1.078096735  
1.096817639  
1.924584772  
1.147244573  
0.1484701814  
1.183810799  
-0.5466447201  
0.3122399947  
-0.674648638  
-1.076082536  
-1.098681084  
0.8788876946  
0.004566197746  
-0.5037703541  
0.4588365108  
-0.3321677878  
-0.1911932135  
0.2941573912  
-0.2321158234  
0.7533076738  
0.2032852365  
1.274597043  
-0.232160101  
-0.7067964778  
-0.1559391782  
0.6276236548  
-0.8900115434  
0.2325403902  
-0.09717065385  
-1.082887824  
0.4487832051  
-0.790630648  
-0.6402543147  
-0.4214019748  
0.006883504494  
-2.175535992  
-0.6757608047  
0.03080720795  
-0.5402158093  
0.4914318197  
-0.02233404046  
-0.8040172925  
-1.237013162  
0.2844936574  
0.9708989349  
-1.056295367  
0.4383011124  
-1.274294894  
-1.208780784  
0.3136244267  
-1.394973382  
-0.5222795003  
-0.6022160445  
-0.6172020884  
-0.6707119071  
-0.6117713805  
0.8726952629  
-0.8238401854  
0.06399468339  
-0.1056033735  
0.09578337809  
0.3728526051  
0.420457807  
1.729096722  
-0.4884143679  
-0.03511783751  
0.5107149799  
0.6777867873  
1.107024822  
-0.4497642764  
-1.733452183  
0.9935112593  
-0.3728299149  
-0.04098851931  
1.015987501  
0.4497628516  
-0.2648730382  
0.3899233365  
-0.01881072207  
0.5141898493  
-0.09857650999  
0.8060291373  
0.1829419088  
0.9271996239  
0.3518816036  
-0.4599813601  
0.3190845967  
1.341443729  
-0.6401351581  
0.7927588399  
1.659629185  
0.309037854  
-1.310139076  
-1.654311409  
1.748995544  
-0.02553678493  
-0.2166513994  
1.543962726  
-0.5366719836  
0.7031559086  
-0.1541076379  
0.1104647396  
-0.7996875891  
0.420217131  
-0.9693287041  
0.2257938834  
0.1239088812  
0.3120800555  
0.8937102773  
0.4598661408  
-0.9190975816  
0.4156658391  
-1.158547397  
-0.3231045111  
-0.2220295658  
0.4109156887  
0.6459863469  
-0.3278285431  
1.26485025  
-0.07764156178  
-0.2154968811  
0.7284205858  
-0.81712478  
-0.06256264948  
2.218514258  
0.425386685  
0.6428711629  
-1.280580034  
1.485602366  
0.3767454689  
-0.5204302951  
-0.2767709032  
-0.3058226323  
-1.615696738  
-0.9768492851  
-0.6152984793  
-0.009186269222  
0.9101384462  
-0.7925001285  
0.7557856953  
-0.8015816628  
0.1278748086  
-0.9046056258  
1.382806097  
0.9837849767  
0.4013797794  
-0.774895742  
0.4675443606  
-0.2784873173  
-1.184258053  
-0.2569078775  
-1.707163917  
0.6056051329  
0.2842297515  
-1.588397285  
-3.033056308  
-0.3709434618  
-1.07012903  
1.163114251  
-1.455058482  
-0.09019116785  
1.719989942  
-1.857260313  
0.8789179543  
1.286918334  
2.451019175  
-0.2001098916  
0.3768566058  
0.1699412596  
0.2752261729  
0.1795335774  
-0.1493695111  
-0.3865187221  
-2.202575813  
0.489930216  
0.3345623148  
-0.4173002698  
1.017107446  
-0.2816308174  
-0.7889653515  
-0.004561938535  
-1.112104696  
-1.770215765  
-1.000039377  
0.08815197455  
-0.5543485522  
1.716694833  
1.792770264  
-0.13921803  
0.3253295044  
-0.9750240811  
-1.659038591  
1.148755434  
-0.2313133055  
0.06481043677  
0.9003129998  
1.13879767  
0.4232305946  
-0.3981296795  
0.4581368903  
-0.1649040401  
-0.5086289189  
-0.2475272929  
-1.050791642  
1.924084792  
-1.636243476  
0.9076489161  
-0.8438864043  
1.163680863  
0.6562556056  
0.6193841859  
0.8620930374  
-0.4159083994  
0.7707817246  
1.562957912  
0.3840943069  
2.102014527  
2.25184486  
1.517404443  
1.70037741  
-1.472316527  
-1.837957578  
-1.052973006  
0.6954030373  
-0.8446631267  
0.3001689594  
-1.063668416  
0.5040871247  
-0.6171936243  
-2.092710737  
0.6892334237  
-0.2364962056  
1.493542423  
0.5868574134  
-1.112703834  
1.10577458  
1.731063878  
1.252387318  
-0.6218285902  
-3.09638313  
-1.859162761  
-1.436832352  
-2.317796673  
-1.486766603  
0.05577581651  
0.9958477042  
-0.3549981304  
-1.948532202  
0.1994164345  
-1.881384102  
0.04161485405  
-1.861739143  
1.904107795  
0.2648203715  
1.485531547  
-4.026453922  
-2.1553914  
-2.379312666  
1.401836085  
0.5136494589  
1.381612914  
1.159985039  
1.876659224  
1.449060428  
-0.3809962718  
-0.7912044388  
-2.011945263  
-2.074251142  
-0.182081771  
-2.126045432  
-0.2614993418  
-0.7007380258  
1.41226899  
1.880364205  
1.450834546  
0.9296868842  
-0.4351171479  
0.112229437  
0.2237458566  
1.242917936  
-0.3915932613  
2.118361327  
1.063730189  
0.9555769667  
0.9055256077  
1.409263196  
1.020695316  
1.302996115  
0.8512186405  
-0.1385311882  
0.9819181441  
0.2605866025  
1.302397984  
0.2298071517  
0.2961521981  
0.7230828608  
-1.021972876  
-1.736854396  
-1.637739638  
0.09502578017  
0.4538021393  
-1.046190303  
0.2223271323  
-0.6909032266  
1.618927669  
0.7122969153  
0.707188668  
-0.4003552757  
-1.115453126  
-0.243031742  
-0.2033315645  
0.9247275698  
0.6217975768  
0.8522480545  
0.4675566458  
-0.2272573233  
-0.4224663391  
-0.1874513953  
-0.5625271497  
-1.160250788  
-0.1020755791  
-0.6993099811  
-0.1414222722  
0.86752448  
-0.06523962066  
-0.2885620495  
-0.8115026291  
0.006185523966  
0.48137455  
-0.006305824493  
-0.2436505003  
-0.09594971564  
0.7801359221  
0.1029020937  
0.7597634751  
-2.014750619  
-0.6608538712  
0.4222516408  
1.186974967  
-1.252318156  
-1.108490845  
0.8491785488  
-0.1852598541  
0.2272890101  
0.4711946007  
1.921309601  
-0.3534043723  
-0.07553614779  
-0.7069579725  
-0.5168338739  
-0.2984389053  
0.7849858617  
1.198491214  
-1.087321155  
