-1.181801991  
0.1770974387  
-0.6092682098  
-1.443085852  
-0.2949328636  
-0.07915289067  
-0.5669612808  
-1.011327273  
-0.9966695329  
-0.1178539355  
0.2563729908  
0.8110137936  
-0.3762060632  
0.651874665  
-0.08378006209  
-0.03483283165  
-0.4352357141  
-0.3113464143  
0.5358689257  
0.7997572372  
0.7311484911  
0.9454904146  
0.0005311130372  
0.2327737234  
1.074303967  
3.450130812  
1.291217452  
0.4248241785  
1.550683529  
0.5355643596  
0.1160198945  
2.526920769  
0.8253478176  
0.3912371452  
1.086791905  
1.55534464  
-2.166482876  
0.03905731701  
-1.330417974  
-0.6944529363  
-0.4899758303  
0.04565314896  
2.059875878  
-1.696294791  
-0.3422808126  
0.2537181764  
0.4778719407  
-0.3660011829  
0.3243300052  
0.2339737284  
-1.440519476  
0.6130663599  
-1.142251784  
-0.5304565994  
1.399649043  
-1.419276161  
-0.5118948837  
-2.214552972  
-0.6640136789  
0.9812575605  
-0.8921361414  
0.7620300305  
-0.04477913909  
0.009820277535  
-0.766180255  
-1.201799403  
-0.4369310058  
-1.241233323  
0.2086873473  
-0.72550615  
-1.28713232  
0.1920104352  
-1.43366914  
-1.76737111  
-0.1205302387  
-0.1248481755  
1.03938496  
0.1308215612  
-1.300837023  
-0.1349183612  
0.857501515  
1.316830158  
-0.5046683197  
0.9978708588  
1.210854969  
-1.173611404  
2.620341252  
1.095039712  
2.97411485  
1.246774161  
1.53766595  
1.824367018  
1.617405631  
1.420388549  
2.160869109  
-1.101244968  
0.3963257186  
-0.8935542904  
-0.2942220104  
-1.415213539  
-0.2954209614  
-1.907808428  
-0.006117684778  
-0.0670002475  
-0.05411756003  
-0.2038227727  
0.01084037723  
0.8114959162  
-0.1058080634  
1.385060222  
-0.2925433509  
0.8163671555  
-0.9678422253  
-1.6476039  
-1.145849271  
-0.3236995935  
0.1877481  
-0.06270116933  
1.56956377  
-1.065950847  
-0.004894708628  
-1.812447039  
-0.770566462  
-3.182462901  
-0.196730188  
0.9653538735  
-1.430364314  
-0.9818966514  
-0.7476548887  
-0.4042722494  
-0.2836862706  
-1.245654911  
-0.199835666  
-0.5878246148  
-1.402910045  
-0.3708656195  
0.1609178918  
0.1658858274  
-0.4746370932  
0.4041279553  
0.7463280685  
-0.6354523601  
0.3593343231  
-0.4407648935  
-0.7907143534  
-0.7720534817  
-0.5397872121  
-1.991150881  
0.2518227093  
2.26718979  
1.483643758  
0.2679411999  
1.341641105  
1.91970256  
1.858750973  
0.595337063  
0.7557011037  
0.9158690896  
1.02257755  
1.618224319  
0.8832048826  
0.8239224261  
-0.8117989708  
1.571993252  
0.284655824  
0.1894721835  
1.081467409  
1.716295892  
0.5093802344  
-1.208403818  
-0.4953486891  
0.2633816327  
0.2895336721  
-2.064137124  
-0.6182158626  
0.5271374864  
-1.36531113  
0.2834856353  
-0.9904127228  
-0.3678550876  
-0.9029941887  
0.6435799983  
0.8288864677  
0.09107822071  
-0.393160774  
0.4519923542  
-0.005493325026  
-0.3263734039  
-0.8560944693  
-0.6566560796  
-0.9508456995  
-0.1731675461  
0.321553306  
-0.3973525698  
-2.076297411  
-1.060080622  
-1.593487824  
-0.8615135281  
-0.1199847715  
-1.034398465  
-1.055293837  
-0.5145306326  
-0.06928587951  
-1.066774981  
-1.223280244  
-1.207550559  
-1.441507273  
0.04364929096  
0.4937007108  
0.4425986923  
0.8888893842  
1.295347776  
0.9388792245  
-0.1247009872  
1.187463884  
1.860746215  
1.305472977  
0.05137490154  
0.06278300832  
-0.1309479849  
-0.9739857495  
0.134710223  
0.9017505559  
1.81504671  
1.5700224  
1.379331635  
0.811795093  
2.262827492  
-0.7390874033  
-0.5390479347  
-1.507826853  
-1.654827291  
-0.142738378  
-2.50051334  
0.5656403592  
0.6340848826  
-3.390970664  
0.9682715132  
0.248175602  
0.2058277793  
0.349704725  
-0.2125700411  
0.1798871872  
1.023868535  
0.579798459  
-0.04956619473  
0.411992358  
-1.731528416  
0.06517955984  
0.3013590894  
0.9114597374  
-0.05981289904  
-1.472702963  
-0.8505679814  
-0.6099895667  
-0.2279474851  
-0.01457659522  
-0.797807644  
-0.1436199026  
1.314384356  
0.2057173559  
-0.5416127367  
0.4648136707  
0.03378238948  
-0.962151549  
0.7217260306  
-1.329973991  
-0.626089875  
-0.2306691784  
-1.107971192  
-0.04416772544  
-0.1158768878  
-0.2382142587  
0.9211034538  
0.717694914  
-1.030425653  
-0.9227417323  
-0.4580967303  
-0.07225861115  
-1.709998997  
0.3008549572  
0.8699138503  
0.262243835  
-0.1243920236  
-0.8565189046  
0.2194508691  
-0.3258250168  
0.6081710871  
0.9838176704  
-0.170516705  
0.0781720713  
-0.1577028465  
-0.7541660756  
2.305165036  
1.003287044  
0.04455079506  
-0.09612312093  
0.08881014091  
0.5673476592  
1.765057727  
0.5783370079  
0.1753768828  
0.6311962156  
0.3860822635  
0.4291245586  
1.195790174  
0.4040072428  
0.4577026797  
0.7956730964  
1.324485968  
-1.630093682  
0.9648651292  
1.116401536  
0.5521148274  
0.6875212006  
0.7106366352  
0.712384671  
-2.317013881  
0.08257316848  
-0.4419755906  
-0.3510880253  
1.331438626  
0.3106855253  
0.1729703126  
-0.9551175231  
-1.571008174  
-0.842696241  
-0.4390499533  
0.3843069557  
0.4437201313  
0.3394583072  
-0.5419196877  
-1.518920102  
-1.214543786  
-0.5392244313  
-0.5204923346  
0.8374838311  
-0.08543173072  
-0.4389819064  
1.213658176  
0.9262080987  
0.1534297265  
0.5151683492  
1.324809956  
-1.126408666  
-0.2673844269  
-1.816730592  
0.2786209886  
0.1781447891  
0.6535083833  
0.3898722342  
0.381495602  
-0.2741236132  
-0.3996450438  
-1.179382125  
1.237955076  
-0.4575500469  
-0.1977155535  
0.9242468577  
-1.017028781  
0.1041737362  
-0.1940264694  
-0.5938862756  
-1.141316651  
0.2659475303  
-0.6898137575  
-0.3681747353  
0.2182697355  
-0.1912489066  
-0.6764900564  
0.6891376199  
0.04064791258  
0.002344196999  
1.219601178  
0.7119463725  
