-0.9936995068  
-0.1890919612  
-0.1692153438  
2.150873078  
1.26852635  
-0.3814131664  
2.222456345  
-1.770186033  
-0.457332245  
-0.9705572192  
-0.1310011537  
0.1972465131  
-1.584452746  
0.2216563794  
0.2591306481  
-0.7335357287  
3.099963301  
-0.6843102194  
0.06430245  
-0.9030841724  
-0.0778706354  
-0.1441261917  
-0.9388446267  
1.530258127  
-0.8966691183  
1.076794177  
-0.8110449893  
-0.5021162719  
1.081792784  
-1.649834399  
-0.5421208495  
-0.3871524478  
-1.164844776  
0.7130146591  
-0.9404979349  
1.157672417  
0.2301937602  
-0.1854986771  
-0.07292415927  
0.02834430356  
-1.233123304  
-0.5310449086  
1.262096292  
-0.3094400237  
1.617406627  
0.7940206163  
1.126420844  
0.06260601226  
-0.3694403093  
1.915551301  
-1.036428064  
0.6921664013  
-0.02469172264  
-0.6127653832  
1.439746808  
-0.1437253857  
-0.6790459495  
-0.8172539856  
-0.02923393221  
2.049255978  
0.6178617498  
0.6138131505  
-0.1309579311  
-0.3004935686  
-0.05492513322  
-0.04710381947  
0.4654721812  
-0.3890555429  
0.7907735302  
-0.1616606385  
0.06881057849  
0.5467904087  
-1.211875721  
1.893741763  
-0.9916692982  
0.9131827107  
1.748526938  
-0.8054319305  
1.350470637  
-1.440486872  
-0.6800595378  
-2.010242366  
-0.1168439308  
-1.113271495  
-0.44076147  
-0.3603309282  
-0.8266599508  
-1.255975345  
-0.6400157301  
-0.9459339716  
-2.070533656  
-1.40774364  
1.633939397  
-1.358270685  
1.595543894  
-0.7040887202  
1.930916496  
1.344085958  
0.5159317331  
4.161933525  
-1.158278305  
1.384333369  
-0.6035396979  
-1.317229097  
-0.2024891259  
-1.391034038  
-1.449865857  
-1.44164618  
-1.333186371  
0.1943424061  
-1.021919206  
2.034030818  
0.2980636552  
-0.04694536751  
0.8519273877  
-0.2290458699  
-1.053117054  
0.02654088785  
1.232373727  
-1.301834178  
0.5964787926  
0.4706211816  
0.6180582105  
0.710266908  
-1.531585161  
1.627055011  
-0.5449670065  
0.4131379022  
0.08663496507  
-0.004173975137  
0.6690938184  
2.174211114  
0.7356587537  
0.4371191013  
0.450916318  
-0.1924607116  
-0.1758185968  
0.5869132256  
-0.9891606214  
0.1896014932  
-0.08325216708  
0.4065116741  
1.941120254  
0.1353241986  
0.5730857446  
-0.7082568497  
-0.7451842332  
4.129834975  
0.2437851831  
-0.003193474184  
-0.8819398211  
-0.9987658566  
-2.027990257  
-0.9983120836  
0.6851123025  
-1.780276662  
-0.2700932074  
-0.264629978  
-0.5541653388  
-0.3502815648  
-1.562771026  
0.9581351881  
-0.4394321708  
-1.79753971  
0.6467230357  
-1.357509314  
1.253068379  
-2.025089405  
3.107702854  
0.7186757375  
-0.8985186686  
0.7780954225  
0.4960325785  
0.6682520748  
0.2831196237  
0.8245971471  
-0.959101911  
-0.5272416443  
0.2762136714  
0.9800533752  
-0.531923765  
0.9971435326  
-1.605540532  
-0.7407250155  
-0.5380309208  
-0.08449561235  
0.7162316877  
-0.2447936109  
0.1698317422  
-1.044471654  
-0.0556650388  
0.2735712006  
0.3519925507  
0.03535524829  
1.017557924  
-0.4014542306  
1.061491367  
-0.3403260298  
0.653447214  
-0.7425661539  
-0.6566154693  
-0.1861590095  
0.8547187539  
0.5055675223  
1.043055376  
0.6109202379  
2.090457272  
0.5722319432  
0.254317615  
-1.836863003  
0.6944859294  
-1.03975823  
-0.4650641098  
-0.6230244221  
-0.5512817969  
-1.187561011  
2.76006881  
0.1533837599  
-0.8344368681  
0.09805820618  
0.1682883858  
-1.4231779  
-1.471055235  
0.7343692996  
-0.3240678376  
-0.9624020665  
0.3979866379  
0.2780174085  
0.540922414  
0.3504362689  
-0.5764170326  
2.05982668  
-0.06126854316  
0.9975936781  
0.9326487564  
-0.3597493613  
0.3427604246  
-0.06907553184  
-1.343415277  
0.5675838707  
0.1116894523  
-0.141001924  
1.666662865  
1.4116516  
0.8231407828  
-0.7737581246  
0.2779778276  
1.480233695  
-0.2768533822  
-0.6573636029  
0.8494658015  
-1.346412737  
0.1244060234  
-0.2392943498  
-1.286035448  
-0.3404348462  
-0.1005164643  
0.07382368034  
-0.486195422  
0.1058609644  
0.05244476109  
0.2177809167  
-0.6662626774  
-0.07580673176  
-0.1970227534  
-0.1309386362  
-1.459853882  
0.212407105  
0.1925258723  
-0.2141784764  
0.3084618135  
-1.444202071  
-0.6629784969  
-0.3104006804  
0.4341814394  
-0.2901321956  
-0.767637758  
-0.448455512  
0.9687028529  
-0.680202911  
0.6988090497  
-0.2228738348  
0.06099335413  
1.623357375  
-0.3147807742  
-0.5265610974  
-1.307422645  
0.669014489  
1.919662342  
0.9286549735  
0.3207795646  
-0.6270912834  
0.07536364752  
2.423568639  
-0.02725646169  
0.406687243  
-0.289311691  
-0.5339840235  
-0.9524750867  
-0.03723064167  
-1.002917421  
-0.1787205165  
0.3861399718  
-0.2601272836  
-0.4729950441  
-0.3554303337  
-0.08310713579  
-0.935810336  
0.3714300079  
-0.7436703556  
-1.103377211  
0.1716320304  
-0.2004338132  
-0.404214332  
-2.040503091  
-0.2996108823  
-1.150096284  
-0.2985157023  
-0.3026826126  
0.6203489813  
1.383914734  
1.199801385  
-0.3631727087  
0.6843325815  
1.632472157  
-0.08822894677  
1.431978985  
-0.08535719863  
0.03668235373  
-0.03477535691  
-0.001828022562  
0.7658996986  
-0.3309797354  
0.248070906  
-0.9679684551  
0.9311370399  
0.06340707617  
-0.9822210484  
0.6397075412  
0.9633759895  
-1.143267163  
0.8327044588  
-1.380373643  
0.4229784811  
0.1588602071  
0.2668748164  
-1.793810728  
0.1773393421  
0.1463499896  
-0.9967595233  
-0.3875534748  
-0.003144495368  
-0.8873367255  
-0.6904402726  
-0.9256502825  
-0.685800374  
0.7047101739  
-1.852633382  
-0.5280641662  
-1.343022161  
-0.4218285686  
-1.202943196  
1.964854214  
1.614924004  
0.5260733406  
1.191408389  
0.7730768053  
-0.4161688847  
-0.7502354274  
0.1100587203  
1.553001387  
0.06275094757  
0.2624615907  
-0.4006856212  
0.01912354687  
