-2.131649009  
-0.8851187126  
-0.9364409475  
-1.746551874  
0.07652179817  
-0.2338992068  
-0.8739679513  
0.02138591446  
0.9478656573  
0.1146468086  
1.479649531  
0.08582979077  
0.470268152  
0.6154957428  
-0.4123560578  
-0.6663276724  
0.5249548145  
-0.03194288107  
0.365970348  
1.537907122  
0.4772022944  
1.067573061  
0.5462162022  
-1.281862675  
1.146742066  
-1.75412471  
0.3321530046  
1.553605544  
0.928674679  
1.281483307  
1.085448391  
0.6049831636  
2.187986111  
2.403760935  
2.183236494  
0.8578365054  
-0.2121623244  
-1.153856864  
-0.9572739252  
-0.3655203327  
-1.332081973  
-0.8051165891  
-0.6397285194  
-0.8046536649  
1.346681637  
0.5038915293  
0.09020809206  
0.08868084471  
-0.2842096169  
0.6985731394  
-0.3960465687  
-0.7308623783  
-1.666392835  
-0.6576651337  
-0.5967268025  
-0.9889973546  
-0.0503689138  
-1.450198159  
-0.6951081924  
-0.2139602386  
-0.620759032  
-0.7137712209  
-1.628406694  
-0.8854280113  
-1.867856552  
-0.2279688071  
-0.514096387  
-1.79335654  
1.116077951  
-0.8177968298  
-0.08083154652  
-0.3648011878  
-0.0551153103  
1.138265252  
0.2710555521  
0.714980524  
0.4078109818  
-0.2418006457  
1.415792939  
1.1298349  
2.169425019  
1.163242294  
2.273431132  
0.2986210192  
1.201350331  
1.859501954  
1.084507248  
2.840461505  
2.369464845  
1.917055258  
0.9856470307  
1.013442701  
-1.090307786  
1.990575728  
-1.018513582  
-2.140529694  
-0.8744125996  
-1.954965748  
-2.822431729  
-1.701187559  
-0.7617224239  
-0.400292169  
-0.2632706052  
-0.2282725039  
0.2553879679  
-0.8729149651  
0.6823260091  
-0.3408074726  
-0.02773688687  
-0.09120424551  
-0.07525024013  
-0.2648350707  
1.275256977  
0.1988544094  
0.4544072801  
0.5066624705  
0.2923612733  
-0.8028351194  
-1.48744199  
-0.6740320586  
-0.8891136194  
-2.454615066  
-1.510912827  
-0.3245346387  
0.1302737321  
0.2772860484  
-1.370694168  
-0.6080328208  
0.1611015818  
-0.1588866219  
-0.3677333498  
0.2147005012  
-1.142415982  
-1.056920001  
0.1795106395  
0.5720485882  
0.4887819596  
1.072600182  
-0.7023319354  
-0.335563021  
0.05719775009  
-0.3891120899  
0.6177367345  
0.1026303224  
-0.6806132915  
-0.1402127462  
0.1849643759  
0.3995808125  
1.084703457  
2.083533703  
1.40853318  
1.412143797  
1.914797599  
0.861269791  
0.1620474477  
1.375160547  
0.08889712765  
1.326656757  
-0.4327159433  
-2.765921617  
-0.0002993452552  
-1.379789233  
0.5279984663  
0.842534799  
-0.8446745487  
0.2804578372  
0.2368078294  
0.6917583247  
-2.320354536  
0.1651343657  
0.03420372702  
0.1882242761  
-1.611166047  
-2.099324792  
0.6398541262  
0.5391923745  
-0.6216029073  
-0.3505987456  
0.05869367067  
0.4350481373  
0.3394349017  
-0.4760099149  
0.2004596486  
-0.07509789978  
-0.2950975936  
-1.486943576  
0.3346024464  
0.1202705435  
0.3819281791  
-0.1842696077  
-0.5912166764  
0.1697640741  
0.2084341537  
-0.03896257355  
-0.912085389  
0.1482977157  
-0.6714651543  
-1.15925741  
0.4289340117  
-0.4072631749  
-0.4649202001  
-0.3201226465  
-2.680130992  
0.1122776622  
0.2903368707  
0.902843946  
0.6710926576  
-0.01307095725  
0.4564139828  
0.4203683228  
-0.03586548252  
-0.02662489091  
0.891489928  
1.094042104  
1.282739399  
0.7205145219  
-2.502807836  
-0.8225339182  
-0.4764714893  
-1.039806362  
-0.05126180485  
-0.6815283779  
0.4628942543  
0.3431248166  
0.623055088  
0.7938533706  
-0.2296196535  
0.1778988908  
-0.7115802106  
-0.8899320376  
-1.610314107  
-1.558359971  
-0.310523251  
0.8695765777  
1.19208175  
0.5531951652  
-0.2064429052  
0.8059282243  
-0.644766469  
0.2667057496  
-2.279617717  
0.4277722094  
0.312613583  
0.117247729  
0.4611839156  
0.1843424976  
0.3586258959  
-0.1383465868  
-0.4454029139  
1.881941595  
-1.149879389  
0.2863804886  
-0.3651348728  
-0.8715719353  
0.7699022739  
-1.448369989  
-0.0322429897  
0.6077904794  
0.01277212943  
0.5077182019  
0.4792603906  
0.8731538995  
-0.8394285581  
0.3579295273  
1.209279365  
0.5109201378  
-0.06034119054  
0.4403058873  
0.883923222  
0.6920854289  
0.11882385  
0.4888357404  
-0.2902598793  
0.09391348417  
0.4249396757  
0.2272595085  
0.156814872  
0.3048122044  
0.3057700039  
-0.2417959547  
0.2221060589  
0.6623005415  
0.01100489219  
-0.406555318  
0.6341920631  
0.5512504436  
-0.4904793657  
0.8699586455  
-0.9354340064  
0.3886429955  
-0.148668705  
-0.159160114  
0.7465327839  
-5.735703127  
-0.398093985  
-0.9422434139  
1.299168825  
1.465904935  
0.2636514534  
0.2393576554  
0.7345310138  
0.6671553163  
1.299544706  
0.0762275073  
0.1487930116  
-0.2015952474  
0.3493479863  
0.9621610622  
-0.0317033264  
0.3640960676  
0.5614572353  
0.2274279651  
-0.3577685484  
0.3408379828  
0.6622115575  
0.2614364976  
-0.01116192889  
0.07381578704  
0.2408174914  
-0.8006378349  
-1.776459953  
-2.13426382  
-1.424993752  
-0.6274334307  
-0.9449552125  
-1.004007734  
-2.219370758  
-0.5386693268  
-0.6535772846  
-0.7897595378  
1.003487912  
1.010015626  
0.6913160166  
0.1142622326  
0.4547719749  
0.3924523773  
0.0972408316  
0.0677587623  
-0.472758369  
-0.2059474783  
1.235479881  
-0.197021743  
0.2438908344  
0.3450619813  
0.5771625567  
0.2957780083  
1.35080453  
1.358489258  
0.9241182227  
0.6807105144  
1.078640782  
0.6587965137  
1.612320601  
1.067501912  
0.4173044674  
0.1053763631  
-0.7117318433  
0.8713308596  
-2.053617707  
0.3135318986  
0.7599388077  
-0.357483462  
-0.1228951261  
-1.876316771  
-0.461405738  
-0.2043174094  
-0.4682317548  
-1.189172636  
-1.229694073  
-0.6721422338  
-0.04785351866  
-0.684076118  
-0.1039606325  
1.183757702  
1.284923188  
