0.07052020077  
0.5824470023  
-0.1610798242  
0.8040748927  
0.6533947051  
1.016324681  
-0.5412569714  
0.5705128316  
-2.844671381  
-0.4581385781  
0.7268551723  
-1.060030773  
-1.214277192  
0.333354465  
-0.1634411293  
-0.1942328869  
-2.119669441  
-0.6868184926  
0.2823955021  
-0.5942140451  
1.674847611  
-0.2763347504  
0.08253937044  
1.444116805  
0.7512272645  
2.620570399  
-0.1985837987  
-0.1483036577  
1.512841011  
0.6611518066  
-0.2282611229  
-0.3171547293  
1.036068151  
-0.9557544934  
-1.065317613  
0.9476906369  
-0.7503540961  
2.481159519  
-0.368799505  
0.6143159789  
-1.457253383  
0.3758046017  
0.3593670419  
-0.6792982693  
0.5150459994  
0.07443119772  
1.239769593  
-0.8459001054  
0.8518762204  
0.8668730709  
-0.2877321178  
0.8707179512  
-1.173381395  
0.2899189879  
0.636774298  
0.7989741992  
-0.5607083532  
-1.579832507  
0.3707963198  
0.470579863  
-0.430250353  
1.21437084  
-1.094049009  
-0.08935087398  
-0.7328212315  
0.04926698809  
-0.184922616  
-0.4748423037  
2.039285428  
0.01040952759  
-0.05359766454  
0.6304733766  
-0.1661951048  
-1.688310531  
0.5736778579  
1.303246325  
-0.1072341358  
-0.1923886094  
-1.01621829  
-0.1761252218  
-1.025316102  
-0.2833653065  
1.284608041  
0.03473640892  
1.405177881  
0.3955248427  
-0.5800611451  
-1.119704516  
0.5030749028  
0.3244143793  
-0.3074093702  
0.241094416  
1.524293633  
-1.157874446  
-0.1064035811  
-1.708735707  
-2.976882793  
-0.05516915818  
0.5039665761  
1.58965294  
-0.3042033315  
-0.1044073316  
-0.2271937531  
0.341383882  
-0.6243612741  
0.2588189569  
0.01768291834  
-0.9570846169  
0.6419208139  
-1.494769935  
-0.3657331594  
1.36593825  
-0.1036936308  
0.000659984104  
0.2844293293  
-0.2270294187  
0.02044042999  
-0.7204614525  
1.667535139  
-0.1227163384  
2.168111589  
-1.273060605  
-0.9186841327  
-4.07947684  
0.6341264817  
-0.4228744064  
0.4303619067  
1.445764938  
-0.8833617109  
-0.4678094692  
0.5704229816  
0.8620326795  
0.06366142923  
-0.197044341  
0.3914430707  
0.2073165633  
-0.3136706236  
-0.2888453048  
0.3245559135  
1.166512961  
-0.09726714042  
0.6226397986  
-4.282745487  
0.7644981964  
3.217470226  
-0.4898569317  
0.6735824139  
0.676318097  
-0.536849664  
0.9552034881  
0.5168625  
-0.08466696071  
-1.14137436  
-0.06333135097  
0.2213883943  
0.6190981197  
-0.02938003637  
-1.051644063  
-0.1042412532  
0.04544174717  
0.02862565158  
1.582605733  
-0.477437186  
-0.3253237317  
-0.1332685889  
-0.2088297931  
1.546683471  
-0.8354459292  
1.522825532  
-2.508589059  
0.4911911317  
1.249989702  
1.293660972  
-0.08559292065  
0.3940309633  
-1.050662389  
-0.1481359416  
-0.4154607101  
0.6537377632  
-0.02569756691  
-0.8911457058  
1.176870637  
-1.157778241  
-0.7469173047  
-0.9048467864  
0.5653335475  
0.2499609349  
-1.020261974  
1.160421692  
-0.3713149039  
0.4267968318  
1.151225416  
-0.6424141118  
-0.4601375038  
-0.8347366759  
0.6027688081  
-0.4943920879  
-0.6941152086  
2.020162839  
-1.019781988  
-0.05686898418  
0.1017634752  
0.2025411368  
0.2394993927  
0.4849474059  
0.8181050905  
-1.439557878  
0.5904241678  
-0.08567601071  
-0.334097998  
0.1709835121  
-0.1117406988  
0.5275765184  
-1.216716269  
-0.3270787185  
0.8253697554  
2.694750721  
-0.4480165211  
-1.202010534  
-0.09538196071  
-2.031482306  
0.5879147284  
0.1816424807  
1.140319069  
1.520685203  
0.404775302  
-0.1382869657  
-0.7119993879  
0.1760121281  
0.2701422379  
0.7959224017  
-4.03754366  
-0.99901223  
-0.2621065352  
1.288079968  
0.8300415941  
-5.506043825  
0.0213930009  
0.5184187604  
0.2919332184  
2.584926814  
-0.1269867268  
0.7839540026  
0.2650125848  
1.439677496  
-0.2889459503  
0.4475764556  
-1.244095529  
-0.2064171849  
0.8669073815  
-0.2531054123  
0.4894704969  
-1.629867524  
-0.4726888021  
-0.3525442266  
-0.7619861434  
-0.1908398781  
0.8976493138  
-0.7169492061  
-0.1146371383  
0.5560223239  
0.5218210237  
0.7299470628  
0.2056747332  
0.2914887321  
0.1451542608  
0.3416307478  
-1.030387407  
0.3727004453  
-0.3490497087  
1.198933132  
-1.136805469  
-0.3293811164  
0.8380009182  
-0.5990950358  
-0.6069450359  
-0.09469932414  
0.8947915975  
0.1014362694  
1.28855036  
-0.0858628377  
-1.201371471  
-0.1861826667  
-0.1217839349  
1.572959639  
0.7056158893  
-0.8106100867  
0.2228035754  
1.27358826  
0.3787953703  
0.5269104546  
0.02775199518  
-0.140595962  
-0.123796866  
0.5438949286  
0.493648958  
-0.5782879641  
-0.2466214456  
-1.647797685  
-0.6280234194  
0.04441129025  
-0.03670644905  
0.7320863111  
-1.375543906  
0.5408557448  
0.2476840661  
0.002157949106  
0.1242151323  
0.3234527712  
0.5673788831  
0.3561982189  
-0.5961292724  
0.5857168169  
-0.4331620565  
-0.7154582105  
0.6201787836  
-0.3449108434  
-1.349661427  
-0.1480938182  
-3.226505531  
0.4187688449  
1.550015698  
-0.8411540899  
-0.1550440726  
0.3824128535  
0.6987625879  
1.278287855  
-0.8250882989  
-0.07469833145  
-0.2041410991  
-0.04922106051  
0.1432993429  
0.9140549542  
0.00137603985  
0.0582922419  
0.8410216937  
-0.02672418199  
-0.8800854462  
-1.214756546  
0.4414192038  
0.6026690867  
-0.09367176307  
0.5198376234  
0.5370869307  
-0.7459682897  
-1.046567688  
-2.025170405  
0.6298939445  
0.09493525761  
-1.033027896  
0.3959363816  
0.8405349639  
-0.005165755561  
-1.639997995  
0.3488263079  
0.1309774698  
-0.3918322005  
-0.8325755783  
0.3584694734  
0.3069278603  
0.4066779709  
-1.922927202  
-0.2751188306  
0.04416015057  
1.218669294  
-0.2922273368  
-0.5102481686  
-0.1795620294  
0.1566450432  
1.463472747  
0.4745023579  
0.6280170945  
-0.633925617  
0.4765076953  
-0.2112510179  
