1.480769843  
0.1353168431  
1.413386453  
-2.443353175  
0.03951064492  
0.3669013128  
-1.977504034  
0.8928135592  
0.2399705716  
0.5523743238  
0.3145638835  
-0.6537759129  
-0.5164785354  
0.3582727654  
0.881332556  
0.8356986768  
-1.496360247  
0.1435082556  
0.005677635892  
-0.03831036831  
0.8915673455  
-0.593647173  
1.1771277  
-1.769270963  
0.2230566048  
-2.317801186  
0.1945684138  
0.8107833886  
-1.665219568  
0.6103729538  
0.2324010497  
0.3806598525  
0.9202832696  
-1.028824482  
-0.6715157342  
-3.819826807  
0.7226954873  
0.4453541959  
0.9363948581  
1.067581401  
0.9917568712  
-0.1480534573  
-0.618766087  
0.4914401491  
-0.4501984967  
0.3249995253  
-1.287739363  
0.4459927686  
0.4710791895  
0.07272241199  
0.5277162791  
-0.8870760203  
0.6030610379  
0.7967124465  
0.4121123701  
0.4971025713  
0.48361521  
-0.4073042769  
0.1059349705  
-1.758975501  
-0.0002453750582  
0.003736814021  
0.6992309295  
1.538710666  
1.079185218  
1.532887468  
0.7329932071  
1.229123476  
-0.06615472974  
0.6907758148  
1.140999051  
0.4411051486  
0.6654158573  
-1.153299742  
0.3742564395  
1.028551269  
-4.217209143  
-1.430499667  
-1.182018294  
-0.7445944418  
-0.4640326344  
-0.1057192928  
0.219621382  
0.3004063219  
0.5986512551  
0.4755940792  
0.3765933957  
0.1292893012  
0.5861604247  
0.3622490653  
0.6551044388  
1.035257323  
-1.469150399  
0.8110659562  
-2.12002037  
-0.6962055748  
-0.5492146083  
-0.5237302989  
0.754227059  
-2.53338993  
0.1961795329  
-1.837885641  
-0.5164170304  
-0.02188338887  
-1.133010352  
-0.6794389489  
-0.7324819375  
-0.889282661  
-0.08398333938  
-0.4902213239  
0.2086367995  
-1.720306562  
1.430147356  
1.069758982  
1.614711064  
1.115798182  
1.337958372  
1.171605327  
-2.308272143  
1.188400785  
0.03956068875  
0.06227337241  
0.7214718858  
-0.5185285382  
-0.06737210313  
-1.575020901  
1.167578347  
0.2636288403  
0.09354679287  
-0.1813438221  
-1.241385985  
0.4858972498  
-1.554766451  
1.499090755  
1.940326129  
-1.034681926  
-0.5914746517  
-0.4297818995  
0.7664599073  
-0.07417153658  
0.6748720403  
0.9348796942  
0.4919583702  
1.42069436  
-1.017977224  
0.7337732305  
0.06231050106  
-3.030409646  
1.001362625  
0.6598365978  
-0.01572273098  
0.6390686055  
0.3171496689  
0.2537586749  
-1.555557027  
-0.01037839558  
-0.6239495449  
0.3249865105  
0.2662732189  
-1.177623414  
0.5044124688  
0.5284570955  
-0.04932232325  
0.05871415033  
-0.6659986883  
0.2531042372  
-0.4923132367  
-0.1338217611  
-4.213748671  
-2.058756482  
0.1947721013  
-1.526321223  
1.127533362  
0.4960891682  
0.5717592752  
-1.118728781  
-0.5360038419  
1.05942853  
1.170008318  
0.6125661497  
0.781264491  
1.223028917  
-0.6969407227  
0.5179598568  
-0.369694593  
0.9490812578  
0.1507495806  
0.4689861881  
0.9436662755  
1.125016121  
-0.04829285018  
-0.06754089048  
0.3344596535  
1.004503921  
0.2665416731  
0.5227902281  
-0.2556838958  
0.4637380214  
-1.40844369  
0.6168654821  
0.8587738678  
-0.2287413346  
0.3362135499  
0.2421617912  
1.029935188  
0.03727691621  
-0.5780488127  
0.6074672326  
0.9862010221  
-0.1144169033  
0.163820356  
-0.3748878685  
0.2047801694  
-0.391150051  
0.4807569704  
-1.335476565  
-3.057990368  
-0.6488957683  
-0.8707693203  
-0.7600282283  
-0.79969358  
0.4637051733  
-0.1637330827  
-0.2209898687  
0.3138509936  
-0.4574040687  
-0.02681482852  
-2.594883957  
0.2327275992  
0.4526697556  
0.4368502015  
-2.367921152  
-0.2534894337  
-0.4388579281  
-0.008823625197  
0.5857118013  
-0.7043576457  
-0.214131111  
-0.7107087581  
-0.4171862184  
-2.280517299  
-0.4079965497  
-0.6595037189  
-0.4199465019  
-0.2714122581  
-0.4110437584  
-0.6871558606  
-1.109431134  
-0.4703468663  
0.04798552729  
-0.2855384632  
1.02867458  
-0.154305095  
0.2377341461  
0.8505079706  
0.4927582493  
0.6516005632  
0.547270503  
1.125952425  
-0.2271902071  
1.677726045  
1.153034867  
-0.4503662962  
1.488114675  
0.9479363423  
1.237797934  
1.144404073  
0.7813575617  
1.474342426  
0.6349630546  
0.8975909594  
0.9079037884  
0.6049854144  
-0.2218701111  
0.5870347354  
0.6387877627  
0.8903552238  
1.503775479  
0.768149598  
0.8123071972  
1.71567157  
-0.8187004191  
0.03605791928  
-1.47250986  
-0.3880335624  
0.5909154442  
-1.162600759  
0.1256183287  
-1.783540438  
0.4238395696  
-0.3438296116  
0.9156329588  
0.09658635538  
-3.179555947  
-0.05990962543  
0.3063293348  
-0.1993370008  
-0.3666455466  
-0.7714122685  
-0.2415015804  
-0.704694667  
-0.08703663346  
-0.6353688405  
0.1997350879  
0.08334860279  
-0.5405180881  
0.02617257394  
-0.964263687  
-0.2775334434  
0.1607863632  
-1.291409493  
0.1449570716  
0.09628840462  
0.4224568245  
-0.09592485817  
-0.5517014505  
-0.6921261432  
0.08574942852  
-0.6147285199  
-2.080677368  
-0.5298478714  
-0.9531174587  
-0.3970473836  
0.3143808508  
-0.7375592626  
0.1815506756  
0.4745566562  
-0.2300848106  
0.3063637385  
-0.1929558075  
0.3749024159  
0.702066839  
0.8540851042  
0.3744728551  
0.9775565583  
0.8965524503  
1.419947266  
1.519807325  
1.28489184  
-0.29611325  
0.8646819271  
-1.347200437  
1.174190391  
1.216542549  
1.149584845  
0.9326145597  
-0.04187094271  
-0.4393270127  
0.3092241054  
0.8092130306  
0.3653242193  
0.3484196882  
0.3605160516  
0.4568822605  
0.8025668723  
-1.742551975  
1.095692455  
1.410707861  
-1.075756789  
1.265916972  
0.3233103138  
1.346659209  
-1.970640474  
-3.463769607  
-0.2365050241  
-0.6821959463  
-0.7266793943  
-0.4227742785  
0.6871081445  
0.3698828393  
0.1208907132  
0.28314894  
-0.3778509221  
0.413917407  
-0.2982017284  
