-0.313501745  
2.005366427  
-0.6885977777  
1.117581859  
-0.9559925206  
-0.4357829737  
0.2470620833  
-0.06575825063  
-0.2141452232  
-0.2033682382  
0.8147104869  
-0.8803336741  
-0.1564232504  
2.395892269  
-0.5209172177  
-0.3328139518  
-0.3201625336  
0.1781182527  
-0.8811210103  
-0.5737519835  
-1.208194414  
0.4129280633  
0.2609639395  
-0.07825653545  
0.02057306759  
1.719028515  
0.06745463488  
-0.06506246333  
-0.5573172651  
0.7164109633  
-0.4714868287  
-1.28363381  
0.2318816359  
-0.4297983604  
-2.420826868  
-2.121481892  
0.06392297804  
-0.557420556  
-0.9032744723  
0.9479561103  
-0.2038929324  
-0.6213445775  
-0.8630073724  
-0.544490006  
1.848873904  
-1.097441095  
-0.08861726499  
-0.2652067928  
1.288466748  
0.06366138142  
-1.033280921  
2.756275904  
-0.1671676145  
1.657656901  
0.2618697732  
-0.7385545094  
2.228119029  
1.293151213  
-1.303960144  
-1.180796277  
1.114159059  
0.07872027463  
1.820087628  
-1.29627204  
-0.3560551523  
0.7100203208  
-1.282941529  
3.492858645  
-1.28740596  
0.4917050772  
-1.241206231  
-0.4776177979  
1.393449517  
-0.8628574759  
3.764243448  
-1.312666814  
2.825914583  
-0.6184949222  
0.003900616238  
-0.8482464141  
-1.949275728  
0.6561585479  
1.814160323  
1.70023015  
-0.4062493932  
-0.5305183473  
-0.2741342029  
-1.371265573  
-0.1011305936  
-0.8501846441  
0.7279932318  
-0.1734338387  
0.001394809688  
-1.048741177  
-1.017165566  
-1.255109552  
1.022229019  
-0.6830199489  
-0.477991532  
2.56195329  
-0.6147253409  
0.383743884  
-0.6282243406  
0.2288399124  
-0.2780872502  
0.1602442322  
-2.108325657  
0.8895100627  
1.354138842  
-1.798783805  
-0.07294118958  
-0.9382005757  
0.177423603  
-0.1766049696  
-0.4045437521  
1.467807676  
-1.255188687  
2.338629937  
2.336199969  
-1.402832862  
0.4175937204  
0.1588108732  
-1.114160403  
-0.3754331045  
-0.8102649661  
0.1127663825  
-0.4810865872  
0.5317701783  
0.03486730184  
-0.8707010826  
0.4727768757  
0.6199575936  
0.07860193605  
0.2675188774  
-0.2422005417  
-1.399078871  
2.047067274  
0.8326817783  
0.05244933135  
1.526368693  
-0.7814081362  
-0.9875194962  
-0.04141625633  
0.8820791001  
-0.5199186891  
-0.8827491297  
-0.3766903991  
0.5876698327  
2.098465034  
0.4796183428  
-0.21793758  
-0.05004334258  
0.2442243362  
-0.1350081194  
-0.3340602191  
0.0878427773  
-0.3305445313  
-0.265014082  
-0.600401073  
0.3220197234  
-0.1860565303  
-0.2282655248  
-0.7080866458  
-0.8671271474  
1.302573744  
-0.1507831666  
-0.5088152282  
1.361764911  
0.5642725509  
-1.32112965  
-0.9688180901  
-0.2439645254  
1.653421924  
-1.190330202  
-0.9033262594  
-0.6557782251  
-1.942544851  
-1.192306385  
-0.05719793932  
0.00479107886  
-1.122243513  
0.06756244648  
-0.3553748323  
-1.01720807  
-0.965840388  
1.237644913  
0.8260655913  
0.6187195836  
-0.1949287631  
-0.2964812163  
-0.2086100667  
-0.7061546451  
1.588991759  
0.4296092363  
0.6738281771  
-1.116974731  
-0.1020623397  
-0.2077071004  
0.2425462716  
0.3432724304  
2.326241234  
0.8552030808  
-0.2773368788  
-0.2393232682  
0.01272255431  
1.697653398  
-0.1337144303  
-1.576968596  
0.7723940737  
1.080132254  
-0.184811829  
-0.3218069658  
0.4153415781  
-0.04744476429  
-1.137690466  
0.4352234659  
-0.1054877745  
2.382310033  
-0.9305791081  
0.9986385244  
-0.6290260991  
2.117321754  
0.168003632  
-0.04418339524  
-0.7175707556  
0.3502692027  
0.6251833863  
0.2193428791  
0.9223639144  
-0.7556883648  
-0.3006531196  
-1.541565414  
-0.9387574714  
-0.5543516171  
1.872916807  
-0.3100260382  
1.101230761  
-1.345923249  
0.4128590583  
-0.9914365745  
-0.9345638164  
-0.8814728877  
-1.232056969  
0.7247004293  
-0.013236894  
-0.2047674867  
-0.6253340514  
-0.6371106508  
-0.4426368815  
-0.3896742917  
2.806359573  
0.2519282274  
0.5775787192  
1.044938168  
0.1753221396  
-0.3538077506  
-0.05545189046  
0.2049959753  
-0.8514693607  
-0.4054750386  
-0.2129347086  
-1.111839918  
-0.6799391153  
-2.029040035  
-1.096638826  
-0.7497225378  
-0.2029915359  
1.447864126  
1.565924647  
0.9203373377  
0.8495813468  
0.856107636  
1.441905667  
-0.3031405133  
-0.07443023689  
0.3531248295  
-0.3680765158  
-0.9670688856  
0.2551001168  
-0.1071419882  
-0.5169652632  
0.5101127334  
-1.008785045  
0.4522600022  
2.541501373  
0.1059772127  
-0.05631901391  
1.025086631  
-0.4645965886  
-0.8746422637  
-0.8935616431  
-0.1131248654  
1.315526932  
-0.4396316482  
-2.223446354  
-0.2595215784  
-0.4612562991  
-0.8139858337  
-0.6210326933  
-0.8927600155  
1.414256225  
-0.5071401429  
0.8743570847  
0.2556547107  
-0.002226790497  
-0.4819821891  
0.9420525769  
-1.424196203  
-0.5525271568  
0.975284576  
0.5758765359  
-0.5259623308  
-0.9496752552  
-0.1026253966  
0.8908456127  
-0.4845916416  
-0.3362485993  
-0.04090372923  
-0.4864479347  
0.218660213  
0.2267326507  
-0.6849955595  
-0.08755723569  
-1.078954794  
1.667749253  
-0.9881656155  
1.636105382  
-0.2892885006  
-0.3833952243  
0.2263059645  
-0.2863826739  
0.2993652783  
-1.162337381  
0.9324483206  
0.7828277288  
-0.3301963919  
2.265728068  
0.225558544  
0.410796624  
0.2101985977  
-0.9349463099  
-0.446265034  
-1.118067287  
-1.324544717  
-0.152078826  
-0.09042146344  
1.814724956  
-1.287740508  
0.9740646475  
1.64443015  
1.355812825  
0.5881763515  
-0.9017397537  
0.1292056699  
0.1761064385  
0.09491529496  
-0.06380604668  
0.1604183621  
0.5000439073  
-0.5999458915  
-0.6297046578  
0.8083199897  
1.45875755  
-0.7138382665  
-0.856984755  
-1.10758109  
0.3274876575  
0.5668986318  
0.2236273703  
0.1376906942  
-0.8780404905  
-0.7400444896  
