-2.37551889  
0.2694332075  
-0.7344073416  
0.2471409762  
-0.1356950037  
-0.8227188698  
-0.7735288518  
-0.9837008168  
0.7370027181  
-0.5752710179  
0.6064515505  
0.3295592123  
0.3934310833  
0.2112349711  
1.55792718  
0.7109743633  
1.201610464  
0.3882304389  
0.4099548105  
-0.1749348831  
-0.0787300774  
0.3541285628  
0.3988928876  
0.3676105386  
-0.4599311788  
2.344618771  
-0.245773132  
0.9636734449  
0.02305131056  
0.760510464  
0.6427636836  
0.8718398451  
0.3074386251  
0.8485725936  
-2.753741415  
-3.583706074  
-0.8714618475  
-1.125038593  
-0.7451478231  
-1.346557879  
0.4157925641  
0.2581159056  
0.337024082  
-0.8673722843  
-0.9008629401  
-0.1264133244  
1.521786602  
0.09918827501  
0.7275307793  
1.076661579  
0.4209341187  
-0.9398837206  
0.9002274614  
2.200606908  
-0.5372259405  
0.2756210044  
1.760819952  
0.2716998522  
-0.2678613588  
-0.5242999932  
0.1100130023  
0.8906652264  
-1.439567303  
0.5132371386  
0.9103525021  
0.1093314989  
0.07539565184  
-2.210788143  
0.2806463911  
0.7189860853  
-0.08815377455  
0.6607360602  
1.622733457  
-0.2299399891  
-0.8671367028  
-0.4116711918  
-2.825736847  
0.3143762813  
-0.1776300834  
0.7776042271  
0.01991252603  
0.7495482183  
-0.4923591044  
-0.8268513  
-0.3076896559  
-0.9216288797  
2.040456295  
-0.28703393  
0.9640613049  
-0.5270763162  
0.3375484713  
-0.0291035729  
0.7008678382  
-1.044003138  
-2.314390338  
-1.107150456  
0.2674096091  
-1.497403754  
1.384466703  
2.025278924  
0.830722908  
0.6691251345  
-0.7604903887  
1.141374799  
0.1574624369  
0.634405527  
0.7909442014  
1.553546092  
-2.235739544  
0.635854353  
1.684947144  
-0.1395266577  
-0.5381139628  
-0.5850792177  
1.427745489  
0.6497358238  
0.3370221127  
0.215697086  
-0.1209034434  
-0.1362792717  
-2.887654409  
-0.3663097353  
-0.5428756383  
1.891632864  
-1.262732233  
0.4781955285  
0.5495138085  
0.7128210256  
0.1100867192  
0.6950457942  
-1.720468812  
1.23342838  
-0.3186018531  
-0.7852099436  
0.9228935064  
-1.195360968  
-0.8832450884  
0.07033735745  
3.313557596  
0.02784279018  
-0.4204538793  
-0.1214933619  
0.7016732515  
2.744116555  
-0.5594571956  
-0.677403399  
-0.2737113017  
-0.6567784605  
-1.171792833  
-0.1176097354  
-1.718610075  
0.2988553927  
0.3547020378  
0.171006379  
-0.4040507952  
-0.9608940093  
-1.264238062  
-1.650939936  
-0.3706849994  
-0.8476882563  
-0.3898765671  
0.4940810252  
0.3469905775  
-1.401642378  
1.335636112  
0.7707626116  
-0.1788664962  
-0.4904708908  
0.09354486193  
0.1286945703  
0.2344096641  
-0.2926392059  
-1.064829983  
-0.195043452  
1.104405507  
0.6689006099  
0.4454496006  
-0.7460779174  
-0.403716214  
0.3694762708  
-0.623820614  
0.02560813565  
0.005761131489  
-0.08679303122  
-0.8079787213  
0.03594266946  
0.6557602109  
1.343606725  
-1.860564714  
0.3229764009  
0.9057372212  
-0.06646787681  
-1.136532877  
0.6002842893  
1.280727945  
1.5978791  
-1.397450678  
1.522922254  
-1.086688516  
0.3379375037  
-1.73891009  
-1.242831661  
-0.6901482272  
-1.485378723  
-0.3829779974  
-0.968492367  
-0.8141058838  
0.2665368945  
-0.9278686631  
0.4300376782  
-0.7887047915  
0.7059047589  
1.54242486  
0.001021573524  
1.12577512  
0.7252632343  
0.8504694316  
1.025454046  
-0.3868694126  
2.041078458  
-0.09075108259  
-0.2604481187  
-0.3417438369  
-0.6349445402  
1.936435571  
-0.1766250731  
0.9849019045  
0.3075628308  
0.497649149  
-0.5180604096  
-0.894512352  
-1.335526358  
-1.067402672  
0.2636981986  
0.3847931581  
-0.6842869928  
1.179454431  
-0.2501473108  
-1.730293372  
1.212390168  
0.4284021774  
0.09919153806  
0.7221901714  
1.313251387  
0.5611695415  
-0.4992700713  
-1.220697483  
-0.8417664971  
0.3309510047  
0.6209925775  
-3.489813017  
-0.9110071241  
-0.09045396169  
-0.1464184969  
-0.3068371041  
0.2662013217  
-1.013525339  
0.1310495477  
0.5568030949  
0.05969278341  
0.2709065004  
0.5723620794  
0.5867767226  
-0.333787696  
0.1779657438  
-0.2746121033  
-0.2840923612  
0.7714203452  
-0.06152508252  
1.69499957  
-1.302012682  
0.5902305888  
0.7683930416  
-1.110157845  
-0.3092958535  
-1.878562373  
0.4873111958  
0.6501815459  
0.2764168876  
-0.4618364463  
-0.6730756803  
0.8162973686  
0.0516085322  
-1.38063089  
0.05860097031  
0.864613994  
-0.5779560715  
-0.06558675883  
0.9115892513  
-2.363290738  
-0.5482514497  
-0.8036730319  
-0.1408469188  
-2.250456677  
-1.537622111  
-0.2190223268  
1.164885562  
0.3649297742  
-0.237163715  
0.5861495784  
-0.6950902334  
-0.7590119229  
0.6146304808  
-0.770437528  
1.088465914  
-0.03380563743  
-0.5017757383  
0.790532286  
-1.429205231  
1.142292275  
0.4345629077  
0.5817580174  
1.849625258  
2.009586969  
1.456860017  
1.373520912  
0.161806406  
0.5454994343  
0.5221525278  
1.366348298  
-1.162943706  
0.3056293169  
-1.349517495  
0.3517760819  
0.432107739  
0.4254647088  
-0.7391359401  
-0.6643770478  
-0.0572599978  
-0.4383383716  
0.1276133683  
-0.1843333841  
0.2479518417  
0.925960023  
0.6239310486  
1.487879177  
-0.5602776722  
0.09656759733  
0.1209930349  
-0.9323492748  
-1.780740708  
-0.06829421542  
0.7951637918  
-0.06019385613  
-0.8260373408  
0.049527628  
-0.6862713143  
0.4740596799  
-1.536115207  
1.156671739  
1.418804628  
0.4211410518  
-1.887569362  
-1.052083486  
0.3449686106  
1.018688787  
0.154853686  
-0.08669043451  
1.369477191  
0.9194763172  
1.675952352  
0.3138244751  
-1.894501655  
0.2623992649  
0.14331616  
1.647058778  
0.4124706024  
-0.1107488377  
-0.4057023302  
-2.094208102  
-0.7663150246  
-0.4586673062  
