-1.315502238  
0.7010720916  
1.050463295  
0.973062073  
-0.8941411596  
-1.148506969  
-1.736271127  
0.5903644815  
-1.15564877  
-0.443735284  
1.624738639  
1.12786073  
-0.6498349138  
1.131923851  
1.175858315  
-0.4990648516  
0.778905741  
1.062244457  
-0.7973694062  
-0.02940732941  
0.6189931678  
-0.2429953083  
0.4504095185  
0.2902695613  
0.06930887787  
-1.855245628  
0.2433056041  
0.5722161401  
-1.11304684  
-0.1157130595  
-1.41049456  
-0.6948506999  
0.06194246866  
0.03028951141  
0.1607116521  
-0.4605381379  
0.09725060416  
-1.219054671  
0.03028708221  
0.3816001038  
-0.5320508258  
1.280418132  
-0.5351662687  
0.5128485771  
1.049482459  
-0.7121493079  
-0.8241802275  
-0.5330881141  
3.341707063  
0.9176876019  
-0.5729646458  
0.9387493552  
-0.9103994322  
-0.7616080235  
-1.689294616  
0.1960510702  
-2.08808823  
0.1766550865  
-0.7149691431  
0.2677420869  
0.31632841  
0.085995879  
0.670393838  
0.669022859  
1.326981449  
-0.741067006  
-1.509974651  
2.053611716  
0.16601768  
0.06929155141  
0.04603461301  
1.040518161  
-1.447013704  
0.3651214097  
2.194485117  
-0.6263296454  
2.287518665  
-0.3464436009  
0.4674396817  
-0.7650184569  
-0.6584307205  
-0.5745213699  
0.9165231892  
0.3373037573  
-0.7538322742  
-0.2169583258  
1.416100416  
-1.026643994  
-0.9812175989  
-0.3479142327  
1.618562794  
-0.6820124996  
0.06111593349  
-0.3954613838  
-1.853978092  
-0.7914735556  
1.992831033  
-1.101996943  
0.1252076554  
3.206130066  
0.944508216  
0.181133376  
0.9830564024  
0.2597286207  
-0.03781205566  
-0.125847144  
-1.419172155  
-0.5708968016  
-0.129240798  
-1.602354599  
0.2154875437  
-0.4557942694  
0.1669179927  
0.4105051497  
-0.5687898154  
1.487800454  
-0.6698090233  
-1.314411805  
2.193114725  
-0.05520793723  
1.988562881  
-0.4903650378  
-0.8534300437  
0.5660360799  
-0.9321991438  
-1.010581749  
1.556229553  
0.1953888157  
-0.5614918499  
-1.402252887  
0.9551075258  
-1.330886099  
-0.9661903849  
-0.6642138747  
-0.440478281  
0.06892397239  
-1.48976275  
0.2661983303  
-2.571708049  
0.6792044952  
-0.253572108  
0.09407354566  
-0.8630164426  
-1.321443861  
-0.2145175722  
-0.01399422828  
-0.4511679972  
0.2626318807  
1.673228053  
0.8519340159  
0.9706243168  
0.08310385786  
-0.1675267213  
0.5494342151  
-0.2618414144  
2.15714336  
-0.02157164228  
2.191324733  
-0.411008758  
-0.6183051476  
0.5173869239  
1.155789688  
0.5339271741  
-1.409889404  
0.9901111745  
-0.3865437978  
-0.5597316094  
-0.6005146415  
0.3083303542  
-0.3757628027  
-0.322650082  
0.8530241682  
1.34096091  
0.1430949803  
-1.260600921  
-1.704794094  
-1.581602786  
-0.5179528615  
1.30550587  
0.435515209  
-0.5462116896  
0.963285041  
1.16298875  
-0.004128205952  
0.1553211812  
1.699687232  
-0.03041674641  
0.2137293621  
-0.3154158284  
0.4204717842  
-0.2755434378  
-0.3094717553  
1.47800738  
-0.9482269395  
-0.429182738  
0.7749501343  
-0.1358132225  
-1.831199446  
-0.6994846172  
0.7862724088  
1.615106814  
-0.4512665327  
0.998667423  
-0.742534048  
0.02119161299  
0.377889054  
-0.4821214703  
-1.716050159  
0.8711212689  
0.7913886109  
0.0940350031  
-0.4589910981  
0.01819290423  
0.05007159701  
-1.350482284  
0.7516310128  
-0.560189549  
-5.910039301  
0.8594360627  
0.5471660343  
0.1746637774  
0.8300053558  
0.6144129637  
0.2164972962  
-1.338208224  
1.125114778  
0.8686376887  
0.06032687291  
0.6113236731  
-0.6491730057  
0.6946496096  
-0.6012457699  
-0.6161423639  
0.2337312497  
1.064999479  
-1.14589917  
1.110137669  
0.9414813558  
1.454236406  
-0.4135705799  
-0.306502688  
0.3745607098  
-1.337818883  
3.386944839  
-0.8804935517  
-0.5734066455  
-0.480830051  
-0.2015857896  
-0.009383989689  
-0.3471069894  
1.128662987  
-0.7460631718  
-0.3468828945  
0.2908616148  
0.3563964276  
-0.9143440948  
0.8025231919  
1.074860083  
0.3216203426  
0.4027743724  
-0.5886914951  
0.135043426  
-0.03935167999  
-1.4129666  
-0.8542055914  
-1.076532414  
-0.1346047695  
-1.613553747  
1.656158442  
0.06398148093  
0.2892460913  
-0.03424984109  
0.1065069946  
-1.105612109  
-1.060636411  
1.300341837  
0.4045135266  
-0.9676728021  
0.8138416458  
-0.2576055307  
-0.9973703426  
-0.8079498103  
0.3103516109  
1.465474221  
2.201174275  
-0.02797658217  
1.461817924  
-0.02374496183  
0.0456574251  
-0.8499794579  
0.02410208064  
-0.2146639818  
1.039325103  
0.7139630874  
-0.1160979383  
-1.267777827  
-0.3153963899  
-0.67824299  
-0.2908788054  
0.6000421159  
-2.190796199  
-0.6327321359  
0.5456677929  
-1.015207678  
0.7340260985  
-0.7823269957  
0.6836520196  
-0.3954060616  
0.6430699581  
0.3922215417  
0.1157219708  
-1.468347778  
-1.098970592  
-0.3941159176  
0.5589498854  
0.3143320796  
0.4267874223  
-0.8362606963  
0.54564509  
-0.6445596967  
0.540721321  
0.3144520999  
0.7115022468  
1.123042733  
-0.9455305641  
0.2969290807  
0.8033002565  
-1.045277864  
0.4600965031  
-0.9449806707  
1.258403015  
0.4954981709  
-0.4923914618  
-0.1714695471  
1.161053194  
-0.6367952433  
1.912509801  
0.4797553743  
-0.9715120293  
1.245034619  
-1.136367408  
-2.563798569  
-0.01878977946  
0.148593477  
-0.7993364481  
0.9190639532  
0.07124551881  
-0.1743154938  
-0.06174373208  
0.71955439  
0.1281735922  
0.2625825201  
-0.7855833976  
-2.024579358  
0.001832713525  
0.5667131779  
0.9328928225  
1.020816671  
0.4582201029  
-0.2370544803  
-0.7639733268  
0.5587949349  
-0.2397625835  
-0.9523838899  
1.476549722  
0.1694533366  
-0.6990931696  
1.088908922  
-0.1628327681  
-0.08196322236  
-0.3916404765  
-0.5216851376  
