-0.2995916113  
0.3644866649  
-1.010589011  
1.126294269  
-1.339673091  
1.172969588  
-0.1485800677  
1.358955482  
-0.6968443144  
-0.5373522908  
1.186702649  
-0.5503153202  
-0.07006487292  
-1.843592096  
-0.1702188661  
2.170435183  
0.6704346094  
-0.1252847298  
-0.5168551953  
0.1930226423  
-0.7653763834  
0.4801603627  
-0.833641122  
0.504633608  
-0.4523489088  
1.349727772  
-1.209178286  
-0.3768761195  
0.5673003289  
-1.801180967  
-0.4058597342  
-1.742149207  
-1.12786258  
-1.028631473  
-0.6589825848  
1.469827107  
-0.8407692687  
-0.6828830704  
5.790648785  
-0.5619118206  
0.3337625029  
1.341487479  
0.6353622419  
0.01423364431  
-0.01794193354  
0.5239384788  
2.410325146  
1.770367616  
2.035592218  
0.7601518543  
0.6995619226  
-0.342174112  
0.2382522495  
-0.7126710836  
-1.283840978  
-0.3998839004  
-0.5816501992  
-0.6529470162  
-0.5113928651  
0.1828481597  
-0.5283465109  
0.102949762  
-1.572727079  
-0.8660490529  
-0.4816464008  
1.170536804  
-0.2082501872  
1.057936724  
1.017348609  
1.043653616  
1.54122936  
0.4919410129  
-0.4523040491  
-0.6322254494  
0.1207375837  
-0.2191121054  
0.3584318473  
0.7448835018  
-1.006132866  
0.1297899147  
-0.7110358961  
0.4456110594  
-1.012955594  
0.1899821185  
-1.290024269  
-0.1825725109  
-0.5579501799  
-1.075239586  
1.172649965  
-1.557945873  
-0.1986302293  
-1.538811159  
-0.08144177865  
-0.2295028221  
0.03784883714  
-0.2569726523  
0.6579742906  
-0.6991764937  
-0.1307396095  
-0.7047864601  
-0.591008454  
0.5749356422  
2.133536129  
1.359514784  
1.529718466  
0.5019096242  
0.2814364618  
0.697767474  
-0.9447028565  
0.4232000215  
1.100032816  
-1.385781921  
-2.690556968  
-0.6358101497  
-0.5606541419  
0.9576248831  
-0.02582248292  
0.7848110672  
-0.683115793  
0.4987699198  
-0.6568021522  
0.8229890636  
1.529123907  
-1.6674905  
0.3077790782  
0.08535605921  
-0.3783834342  
1.08319281  
1.616769397  
-0.191822093  
-0.06033882394  
-0.7608650612  
-1.63275307  
0.1220265795  
-0.4447278624  
1.973031351  
1.024596485  
-0.196982535  
-1.2974307  
-0.05562090139  
-1.272356378  
-0.7495983824  
-0.2609010176  
-0.8693927516  
1.592896288  
0.5940709503  
-0.1625137212  
-0.01624935871  
0.5286150845  
-0.5118523333  
-0.7180396809  
2.667408981  
0.3168610002  
-0.03234123541  
-1.107861637  
-0.772939162  
0.06336781777  
-0.1457441252  
-0.8093426842  
0.6169793197  
-0.10504512  
0.7798847686  
2.439300681  
0.6224923006  
0.550217353  
-1.9702403  
-1.286920138  
-0.3672137662  
0.8894141295  
0.4078179755  
-0.2174910319  
0.4255266238  
-0.1478758398  
0.7404940059  
-0.620889202  
1.069818413  
-0.4795482517  
0.3426133814  
0.1600935424  
-0.9977103053  
-0.8145939677  
-0.005779171177  
0.3710691265  
-0.723981329  
-0.2372823332  
-0.4372796084  
-0.4330809181  
0.241504051  
-1.500803862  
-0.7036568403  
0.5265088561  
-0.7807563418  
0.7964479122  
-0.5721931801  
1.835786279  
0.1957510397  
0.1747320938  
-0.6885252742  
0.1412078995  
-0.4291203509  
-1.968326858  
-0.02618233322  
-0.1655261864  
0.06372023108  
-0.2744028242  
-0.2494767591  
1.074259236  
0.9365909271  
0.3774105768  
-0.6267168282  
-0.8866380102  
-0.009270075124  
-1.248598655  
0.5002431705  
2.050666795  
-0.01862075069  
0.3745494721  
1.228335743  
-0.3579755114  
-0.2436402932  
0.6402820815  
1.619240284  
-1.181939191  
0.2342855666  
-1.126827975  
0.1712081047  
0.2901448365  
1.050027156  
-0.3689608408  
0.03982674768  
-1.187831413  
-0.6055613716  
0.3608743327  
-1.701967718  
1.633419629  
-1.311430826  
-1.90876734  
-0.2932987663  
2.335505746  
1.588633374  
0.2857199101  
-0.8760848255  
-0.7680453268  
-0.1769833975  
1.7539397  
0.268225326  
-0.7105847023  
0.2147273871  
0.01116450844  
-0.4707862096  
-0.9095096807  
0.9179960336  
-0.5643188526  
-1.663743983  
0.191916861  
-0.2777169893  
-1.440645269  
-0.04182031312  
0.4474239059  
1.474819687  
-0.2917947893  
0.3340758989  
0.1380476307  
1.100217614  
-0.1535961403  
-1.257413125  
1.214523275  
0.06466865207  
0.7431579469  
-0.8700229945  
-1.166889424  
-1.493733108  
-1.130967948  
-1.267779956  
-0.3687525722  
0.6099107965  
-0.09622520867  
-1.711659091  
0.2166081549  
1.689580224  
1.187477073  
-1.554538278  
-0.83508977  
-0.9495313157  
-0.5690861536  
-0.304292656  
0.3738430898  
1.953618317  
1.152245043  
-0.08700916322  
0.9253619251  
-0.8981773312  
0.100149279  
0.8062876908  
-1.638086126  
-0.4728900152  
0.9097173765  
0.1899536888  
0.1609474951  
0.9351449352  
-0.6602434475  
0.1477819577  
-0.03281814186  
1.800039182  
-0.5086734466  
0.6594698731  
1.316568746  
-0.9572597218  
1.973519712  
1.939167996  
-1.51522463  
-1.904462307  
-0.5182677097  
1.447606219  
1.599744471  
-0.02578076369  
0.4260979456  
0.09800025032  
0.7847318094  
-0.3828260297  
-0.7193696136  
0.009606315368  
-1.773794912  
0.9774384293  
0.3593770734  
-0.1747836372  
-0.04268221369  
0.4631619903  
0.2973625965  
-1.327464836  
-0.2430458819  
2.143115719  
-0.3353251175  
1.12524269  
-0.09685706435  
0.3383940915  
-0.2057225662  
-0.8321893798  
-1.101322488  
0.6472989714  
-1.238509226  
-0.5911109529  
1.485836815  
-1.054625765  
0.5599477794  
-0.4798762891  
-1.652073364  
-0.04035665902  
-0.5543263735  
-0.5404545294  
-0.5158399458  
0.4737485194  
0.5272275443  
-2.803460489  
-0.3506587187  
-0.9628279687  
-0.6581820587  
0.07671437805  
1.567308814  
0.3454352932  
-0.9084032207  
-0.5354734586  
-0.4577836109  
0.1346948437  
1.193467673  
-0.6201853806  
1.573248659  
-0.1407794201  
0.3424622517  
0.1453015715  
0.6656833148  
0.7394397835  
-0.2685110672  
0.4693824429  
0.5282645427  
-1.346297794  
1.813074373  
2.647293172  
-0.8673348605  
0.1763220997  
-0.7554013125  
-0.9630442293  
1.202727922  
-0.6348583783  
-0.651437859  
0.9553774946  
0.05579348731  
0.4176127971  
0.7997617747  
-0.9501540841  
0.6582682591  
-0.7067324006  
0.811108581  
-1.00815642  
-0.986512095  
1.513349594  
-1.469365231  
0.5804778751  
0.9821902366  
-0.2513354911  
0.5463480317  
-1.377447904  
0.02438898912  
-0.8128012262  
-0.04501752663  
