-0.798071034  
-0.7416334421  
0.6157535908  
0.2415891119  
1.437776249  
-1.039171665  
-0.3854436167  
-0.01629349553  
-0.5767729469  
0.1275804738  
-0.008569625481  
1.678348034  
-0.1497741791  
1.121196136  
0.8353343719  
0.2311410759  
-0.3353381564  
-0.9858890895  
0.7583469316  
0.8693795291  
0.4269795604  
-1.044673946  
-0.9259478872  
-2.358063193  
0.00771634967  
-0.8939604926  
-0.01994897091  
-1.475730036  
-0.2134341728  
0.6661489185  
0.1372250352  
0.9659425476  
0.1218362277  
-0.5172668708  
1.595243672  
0.2139255566  
0.9509134864  
-0.6663690442  
-0.2878584765  
-0.05997868117  
-0.6303287323  
0.6241523006  
-1.117410084  
0.7237401122  
0.08326377332  
-0.9529821335  
0.9983861359  
-0.1405009529  
-0.05410863265  
0.2731525052  
-0.8831991965  
0.4751412129  
-0.370597293  
-0.6528754341  
1.437446332  
-1.287104173  
0.6005291401  
1.235693855  
2.181127787  
-1.333062605  
-0.5414168702  
-0.6506751016  
-0.3766025058  
0.4186678312  
0.5648479546  
-1.183266897  
-0.08481950205  
-0.9035812629  
0.3941117567  
1.506695931  
0.253497757  
1.062579319  
-0.7285673192  
-1.201850546  
1.700045051  
-0.651549154  
1.175301688  
-0.1484194932  
-0.3331303013  
-0.04758793394  
0.2858961616  
1.500596145  
0.1421187113  
-0.4475564019  
0.2491651044  
-0.2871371502  
0.1761813217  
-0.03481565088  
0.4570185068  
1.558795011  
-0.1097324176  
0.1138922992  
-1.126222882  
-0.9816689404  
0.06875896733  
-0.4024922452  
-0.8627519261  
1.899145482  
-0.980593697  
-0.7421356964  
-0.8705730162  
-1.111693887  
0.2308420257  
-0.1713338774  
-0.1600460216  
0.8883593346  
0.1665968652  
-0.4771043929  
-0.5287002162  
-0.6159718098  
-0.6159685542  
0.2197025949  
0.08268945497  
-0.3986186116  
-0.6253048479  
-0.8454573243  
-0.5742647806  
2.348396461  
-1.160546181  
-1.675524723  
-2.266837066  
-1.894488608  
-0.1584975514  
1.198627839  
0.06260182931  
-0.3459363187  
-0.5182755989  
2.319967515  
1.207332049  
-0.1968697436  
0.1337725695  
-1.15156451  
1.240130735  
0.4994739183  
0.1057279665  
3.249701514  
-1.093685783  
-0.02891379008  
0.5697932302  
0.9361300962  
-0.4736268248  
0.3786892284  
-1.243705119  
-0.8295298135  
0.8956393204  
0.4290427772  
-0.6846768931  
0.2936755539  
0.3351221337  
0.3053313101  
-0.05599111807  
0.02187962658  
1.272568956  
0.008144804937  
-0.4842292588  
-0.7050722316  
0.3253945147  
1.760659458  
-0.2876509028  
0.5780224751  
0.9583872948  
-0.8550687555  
0.8172145026  
0.710027165  
-0.5087214115  
0.8249425441  
0.5845576601  
-1.291903348  
0.328444534  
-1.49016602  
-1.375690154  
-1.039037908  
-1.495878465  
1.265862762  
-1.245491654  
1.524964429  
-1.302096747  
-0.4045091126  
-0.144930778  
-0.523986751  
1.780195801  
-0.2395987872  
0.89731805  
-0.01233861323  
0.395028988  
0.5957443687  
-1.13015475  
0.1696546999  
-0.08800876585  
-1.911310302  
-2.363074046  
-0.3794546005  
0.4883389324  
1.078654304  
-1.313073377  
-0.3624462759  
0.003077113729  
0.6996685543  
0.7806788017  
1.700634176  
0.7733028638  
-0.04487410196  
-1.168710723  
-1.467918094  
-0.812112972  
-0.2219045486  
-0.2568984704  
0.05447355583  
-1.405672285  
-0.1452063126  
2.78987906  
-0.3361043379  
1.044029035  
0.1245995415  
-0.4242073429  
-0.8306772367  
0.4486236761  
0.8695477153  
0.06139498177  
1.086908968  
-0.1625978111  
2.072217784  
2.204968018  
0.5204162184  
0.2858609323  
0.524861938  
0.07317481695  
0.948125904  
0.3633981771  
0.8278092198  
-0.1959577341  
1.312312946  
-0.04306114968  
1.220876952  
0.6161238765  
0.3188979821  
-0.940291874  
-0.8150969618  
-1.112226787  
-1.135104136  
-0.300734281  
0.2236232303  
-0.8149829828  
0.1981634058  
-0.8372878101  
0.7079904528  
-0.4485823525  
-0.9406009414  
0.2733835241  
-0.0685644602  
-0.02376473929  
-1.396682556  
-1.070517819  
-0.9178279793  
-0.5842418378  
-1.11862969  
-0.05301282198  
0.5667372043  
-0.2871372692  
-1.091848842  
-0.2258403463  
0.93398224  
1.791124923  
-1.152954025  
0.5682491165  
0.2545704106  
0.2294734376  
-1.326941659  
-0.5029826189  
0.9640955389  
0.4956469294  
0.3862519627  
-1.270106323  
-1.059761336  
0.9919416745  
-1.152419152  
0.8269818141  
0.8248921711  
-0.5259200961  
-0.5637214594  
-0.567341564  
-0.6577422103  
0.4635320046  
-1.123486426  
-0.8031832841  
-1.030808471  
-0.5686882207  
-0.6302180025  
0.2914220843  
-0.4231774937  
1.044867334  
0.1878259634  
0.1753191544  
0.2041868578  
3.192807179  
-0.8420836932  
-0.5874064968  
2.22793999  
-0.1456792604  
0.7645079321  
0.54681651  
0.2403209438  
-0.9272637735  
0.1021943529  
1.632723489  
0.4044257568  
0.8383194073  
-0.701797317  
0.7781104386  
-0.8758289892  
-0.9303441229  
-0.1659378221  
0.368184653  
0.6435519565  
0.3938268036  
0.2247471795  
1.033739437  
1.905976063  
-0.7931838709  
-0.8181396767  
-1.803116264  
-2.142593137  
1.556758384  
0.3706252543  
0.7364359472  
-0.538111231  
-1.42302951  
-1.594798384  
-0.9749696164  
0.0261517289  
1.472805044  
-0.1220821284  
0.4734657037  
-1.535306669  
-1.929630576  
1.560628496  
-1.153943745  
0.2541132222  
1.231577736  
-0.4900492267  
1.945569768  
0.509752411  
0.589994628  
-0.3173247918  
1.837698242  
-0.2754274539  
-2.090164739  
2.646370352  
-1.000410665  
-1.616668033  
-0.4469363655  
0.3827488194  
0.3574955457  
-1.378164512  
0.0948183019  
0.510407377  
0.6846587253  
-1.894334624  
0.5004777615  
-1.58012772  
1.452437401  
0.4780748722  
-0.1737752172  
0.3680618228  
1.492608963  
0.4386888517  
0.4034949214  
-1.042537412  
-2.362964054  
-1.711162475  
-1.353175977  
-0.272954554  
1.138079037  
0.5750807077  
0.1648562457  
1.926616359  
0.8173268806  
-0.8099224481  
0.2145238417  
0.3090469296  
-0.1172868407  
-1.621483897  
1.26786456  
0.0335900345  
0.3569021728  
-0.3149666032  
-1.172273954  
-2.211981984  
1.857679413  
-1.270719488  
-0.7177063407  
-1.013885323  
0.3623824164  
0.4646727896  
0.3088160407  
-0.06259769185  
-0.8245080253  
-0.2627965857  
-1.021605608  
2.211922464  
-0.3743995312  
1.198958404  
0.6905606646  
1.146039291  
0.4814012765  
-1.607645844  
-0.2125924341  
0.3813496023  
-1.171700707  
-0.2282066874  
2.980000128  
0.08547877791  
1.123537515  
1.630954811  
-0.4535393305  
-0.02303126546  
0.2953375673  
-0.6186752697  
1.991292657  
0.1861373623  
-0.5490914217  
1.827871116  
0.1698741959  
1.027610443  
1.397881039  
-0.6019294823  
0.2705024085  
-0.3492297622  
1.488021618  
0.2750956574  
-1.410575421  
-1.247956364  
-1.351045213  
-0.9886657491  
-2.51672964  
-1.476565479  
-0.6459544653  
-1.557528741  
1.464186379  
0.3738798424  
0.1538676767  
0.2274192036  
0.001094885415  
0.8099280101  
1.484796912  
-0.4376318617  
-0.115548111  
-0.357034116  
0.6888487942  
0.752099943  
