3.838634762  
1.143248327  
-0.1994620325  
1.593956288  
-1.400744432  
-0.8356811371  
-0.6863788832  
0.1325638762  
0.5436291202  
-2.806266882  
-1.116302202  
-0.1060255913  
-1.160233919  
0.4420369946  
0.09983241138  
0.9945201422  
-1.100532169  
0.09517390711  
-0.1828406447  
-0.8723200944  
0.2252428976  
0.2794597086  
0.9756889732  
-0.2276711486  
-1.831910992  
-0.7513191079  
1.259442138  
-0.7792960325  
-0.17913464  
-0.07901251267  
1.320733498  
0.6243104431  
1.157372182  
0.6352955944  
-1.517938279  
0.6284872765  
-0.9338180563  
-0.9778654475  
0.5520933942  
0.4403513004  
0.3173492947  
1.275970535  
0.5176138661  
1.834308214  
0.8223894795  
-0.006283798618  
-1.713976705  
0.0948380962  
0.9430119411  
-1.766114571  
0.1888924528  
-0.9015746159  
-0.6981514147  
-1.225292781  
-0.6405316343  
-1.261806583  
-1.080203201  
0.2473105861  
0.7049166836  
1.664875376  
-0.2771550898  
0.6783495358  
0.4579678307  
1.408388935  
-0.2239479715  
-0.07250926772  
-0.5148785758  
0.6572124742  
1.495988566  
0.6743138277  
0.476897324  
2.166396353  
0.6815307759  
0.5266977949  
2.032310334  
0.7987997007  
0.5409215835  
-0.3573139423  
0.5651646247  
-0.2393952999  
-1.156024012  
-2.736528211  
0.33326827  
-0.5810097355  
-1.662810506  
0.1891077038  
-1.343981154  
-0.06764780671  
-0.7375269776  
-0.874455475  
-0.5569878625  
-1.327774955  
-1.255860001  
-0.5680130655  
0.1800457832  
-0.8408164714  
0.3498670259  
-0.5067996251  
0.4425191789  
-0.307606963  
0.2817439589  
-0.01103045192  
-2.128722888  
1.148517058  
1.160590128  
-0.9533648039  
0.2905175208  
0.6605029762  
-0.04296986788  
0.03242915348  
-0.6990733975  
-0.6647901485  
-0.2321370126  
-0.5971300293  
0.5133517189  
0.8738094509  
-0.6173993396  
0.5004670189  
1.409944505  
-0.2018723175  
-0.4766014662  
-0.6223056893  
0.415937731  
-3.334045035  
0.9057912652  
-0.5225370179  
0.8210390927  
-0.4937837258  
0.6193307438  
1.294903804  
-0.8268758944  
0.7050906805  
1.314979983  
-0.1803033583  
1.444754953  
1.065334098  
0.5119414298  
0.821469354  
1.907279523  
-0.69584417  
1.129746552  
1.435754351  
-2.229461506  
-0.5802078898  
0.4256533852  
0.5288186154  
1.876764806  
-0.5445593103  
0.5606326744  
-1.609006053  
1.730470748  
0.6584888103  
1.385109954  
-0.08919495627  
1.689573149  
-0.956553982  
-1.581316313  
1.101871557  
0.5718025643  
0.6571262581  
-1.567871293  
-0.8565392704  
0.1800582415  
-0.1411749527  
-0.9086174833  
-0.3966743281  
-0.06712487252  
-0.8045452745  
-0.6670412511  
1.085404495  
-1.777679494  
0.0240680225  
-0.3249682515  
0.3073591741  
0.8505063925  
-1.658521057  
0.7560068242  
0.3525669233  
0.04607772031  
-0.4462567396  
1.715328137  
-1.2259514  
1.037301783  
-1.902399371  
0.2469834919  
0.8152605375  
-2.325029469  
-0.257534213  
1.165968066  
-1.700179568  
0.4152623332  
-0.6456827595  
-0.3952491044  
0.5174777846  
-1.416536484  
-0.2793252835  
0.05831112067  
-1.249642742  
0.576573194  
-1.338123589  
-0.05251550108  
0.5216607253  
1.122633608  
1.579771753  
0.7828187451  
-1.540419165  
-0.8948912198  
-2.880275779  
0.5593874102  
-1.235539706  
1.863800772  
0.7839652049  
1.282354112  
0.5079235294  
-0.5647639635  
-1.012597376  
-0.7764340856  
-0.9128655608  
0.80527395  
0.2689692519  
-0.03378246377  
0.8709743115  
0.3197687418  
0.4187292319  
-0.7814821821  
0.1849036106  
1.285970711  
-0.1519363049  
0.5470471958  
0.4424284508  
1.489360963  
0.4544648892  
0.8784063142  
-1.25629212  
1.873297874  
1.394892282  
2.908734832  
1.924666312  
1.541425492  
2.123538934  
-0.8382574953  
-0.6271631182  
-1.154651373  
-1.898363238  
0.3941472361  
-0.5438639417  
-0.1955038998  
0.716001278  
-0.3405118621  
1.473701765  
-2.430562145  
-0.1723518916  
-0.819934501  
-0.3377939194  
-1.265755352  
0.07427763472  
1.318047524  
-0.1905900197  
-0.5934863262  
-0.990565987  
-0.7092014685  
0.7863414408  
-0.2676648196  
-0.3859630332  
-0.8965417758  
-0.4040408021  
-0.08466627321  
0.7521360072  
0.04090222408  
-1.675763911  
0.7334019735  
-0.3164355934  
-0.5317689478  
-0.5473722705  
-0.2256065276  
0.2258382733  
0.7317066297  
1.090356852  
1.515418487  
-1.094417007  
1.416248788  
0.3339706832  
0.1870640944  
-0.6374079782  
-0.2594994729  
-1.541521241  
0.4806352531  
-1.355359243  
-0.6405995943  
-0.1314107142  
0.5459475281  
-1.395436202  
0.7078520143  
0.4387081801  
-1.888813106  
-0.5081725411  
-0.7668915151  
0.4034496041  
0.01375714338  
1.72398593  
0.2458663352  
-0.03010179363  
0.7283485896  
0.5349821347  
1.902240474  
0.1827078427  
-0.5654126265  
0.3169966277  
0.8238856711  
0.5351539959  
1.281350808  
1.527641057  
-1.895828874  
-1.409774358  
0.06186216137  
0.6693707467  
1.056904086  
-1.098572546  
0.1360422359  
0.2883439529  
0.03312563051  
-0.5660916925  
-2.599350718  
-0.4716728761  
0.3003897335  
-0.05112642148  
0.5754803967  
0.2942336451  
-1.114386746  
0.3479136602  
-1.189899427  
-0.6960327375  
-0.233285717  
1.121182459  
-0.219493691  
-1.252410387  
-0.07127105732  
0.7714641749  
-0.2318027034  
0.6478125585  
-0.4477629153  
-0.5351783311  
1.075461184  
-0.2454307958  
1.028361334  
1.205452999  
0.353818371  
0.4066586709  
-0.7622178606  
-0.3884651529  
1.002687248  
0.4196998646  
-0.08653028627  
-0.4060104703  
1.335015989  
0.455614029  
-0.03401842768  
0.7082259483  
-0.0622759493  
-0.05199650237  
0.2749125534  
-0.3839603095  
0.5811630859  
-0.2479334143  
0.6250400654  
-0.4172650645  
0.2361429005  
-0.6236066737  
-0.4228254418  
0.5045613555  
-0.9675745612  
0.8939696842  
-2.36965109  
-0.03022131054  
0.7973443596  
0.9523901443  
0.09718217194  
0.08108319253  
-1.137902895  
0.1429042691  
0.9429705409  
-0.2973872635  
-0.7512783946  
0.5679946083  
-0.764669151  
0.2025049865  
0.3434671772  
0.3758975685  
-1.159287887  
0.9514307633  
1.512585771  
-0.8100023028  
0.3221654661  
0.0375280049  
0.9014159039  
-0.2665252008  
-1.664042115  
0.3664111744  
0.9661344432  
-2.313572747  
0.6344173703  
-0.6799984891  
0.4256401537  
0.2516648061  
0.2036058802  
0.1434328608  
-1.891771621  
0.5331736309  
0.1900112644  
0.6532480056  
0.3254517606  
0.1665947108  
0.4825750285  
-1.825472856  
-0.0736553877  
-0.1342532464  
-3.195537245  
0.7028194371  
-0.9626911129  
0.4770256435  
-0.01759938317  
0.8940898657  
0.1819160324  
0.4317109754  
0.3291923122  
0.4504760182  
-1.041918836  
-0.197288391  
-0.4682394296  
0.2829756012  
-0.9665514071  
-0.8364783209  
-0.2672287059  
-0.5579891439  
-1.56975285  
-0.777825082  
-0.7180014399  
-1.589444787  
-0.3374597244  
-0.0662164833  
1.130932878  
0.1830315163  
0.9707404442  
0.9327245284  
2.172577556  
-0.5676976692  
0.957065297  
-0.0982979137  
-0.3969936125  
0.9806565793  
