-1.331534428  
0.4969887583  
0.1726153745  
-1.075576693  
0.7489824102  
0.2367772892  
0.1832685024  
0.8187633035  
0.4970742861  
-0.3895050051  
-0.7931033446  
-0.02852052195  
0.4127139832  
-0.8273488364  
-1.19632317  
-0.08152426662  
2.348186612  
-0.06757182682  
-0.440138387  
-0.003506954933  
-0.804932673  
2.174657616  
-1.68002371  
-0.8944464179  
0.8969933503  
-1.575235917  
2.066138643  
-0.5534779561  
2.780983014  
0.3626774069  
-0.6393473181  
1.412361767  
-0.5119167719  
1.035685985  
-0.6811544603  
-1.271202212  
1.216014301  
0.327959074  
-0.8866952503  
-0.7524760413  
-0.6853443163  
0.2503229824  
-0.3252378694  
-0.4763365019  
0.00793672595  
-0.7354119454  
-0.2165763279  
-0.07540851765  
0.7472001016  
-0.3697599389  
3.328411923  
0.2494813901  
-0.817526819  
0.1435137643  
-0.3329876286  
-0.1180011603  
-0.09920373367  
-0.8006289471  
-0.1806211208  
0.2951490229  
-0.1214936529  
0.2105071341  
-0.2083687651  
-0.7156640063  
0.02546375956  
-0.3000624872  
-0.7529470949  
0.01684788483  
-0.5646183096  
-1.093517931  
-0.01789831992  
0.006301548985  
-0.9293483227  
0.02102034685  
-0.3707505567  
0.3258367171  
2.643852536  
0.2267509576  
0.1408426372  
1.768995852  
0.2802012803  
3.979633605  
-0.3601855707  
-1.13349402  
-0.8768034361  
-2.010368646  
-1.40665367  
-1.889619902  
-1.221628087  
-1.073665536  
-1.790586567  
-0.6215772626  
-1.049695361  
-0.2210994559  
0.1153639051  
-0.2834123764  
-0.6666724211  
-0.1322988934  
0.1631634296  
-0.9299192599  
0.9673997046  
0.3628211497  
-0.1418626645  
1.819044134  
-0.4684543957  
1.962800694  
0.06353050084  
-0.6567338982  
2.384141429  
0.9070597779  
1.814730757  
-0.3045883776  
-0.1993182728  
-0.1835668543  
0.6676693145  
0.1475766074  
-0.8076037845  
-0.4573196221  
0.9164001013  
0.3107231063  
-0.1346776886  
0.04435258574  
-0.4152922812  
0.5230821546  
0.2395525704  
0.1568936315  
-0.01933168815  
1.44389061  
0.2548593242  
-0.979196561  
0.1175566628  
-0.7902481509  
-0.5322346807  
-1.53795148  
-0.4782254258  
0.778192311  
-0.3224300521  
-0.5653337675  
-0.3552164792  
-0.7806726791  
0.682604833  
-0.9655772554  
-0.2093624322  
-0.3223787799  
-0.4233957893  
-0.8437349083  
0.2793794078  
0.4251220723  
0.3963076575  
-0.4165514776  
1.981908797  
-0.4098910757  
0.1914771973  
0.381692507  
0.3283711816  
2.846222031  
0.3303178647  
3.257896685  
-0.4471952499  
-1.915772553  
-1.618130531  
-0.8282240452  
-0.9906273285  
-1.262639391  
-1.315862941  
-1.972268217  
-1.38471208  
-0.5557767231  
-1.885502501  
-2.167157397  
-2.266593124  
0.4354151664  
1.907057573  
0.3483257324  
2.054248189  
-0.7050276399  
-0.337457824  
1.547643251  
-1.16518387  
2.320167884  
0.00868937347  
3.470449188  
1.695480911  
1.00749585  
3.4201276  
-0.08370888666  
2.413562012  
0.3080507062  
-0.923630667  
-0.8041992859  
0.6219234225  
-0.3933845089  
-0.407310447  
-0.2934163667  
-0.1589374408  
0.4041604353  
-0.8952150831  
-1.548947438  
0.3058630979  
0.290108975  
-0.4717753936  
-0.2719283931  
-0.2235483082  
0.2168640726  
-0.1964570505  
2.050245537  
0.1714746377  
0.7404679205  
0.3825223344  
-0.8347433778  
-1.372168125  
-0.1781213643  
-1.611022652  
-0.8321766837  
0.13113435  
-1.018937392  
-0.6546478952  
-0.4931824228  
0.6520019114  
0.3892770757  
0.2981663937  
-0.3693013985  
1.594872717  
-0.6547109392  
-0.6763935283  
-0.3490935835  
0.06742354639  
1.339848325  
-0.3470391385  
0.3488707061  
0.08812007591  
-0.1401917616  
1.07533631  
-0.009458752601  
0.124011861  
2.171590657  
-0.2816417105  
0.9332252321  
-0.2173533915  
0.4031627588  
-0.7510096845  
-0.4844367214  
-0.295762959  
-1.224825842  
1.40121843  
-0.01383629262  
-0.7761603663  
2.500329921  
-0.5664832402  
1.300342741  
1.527737523  
-0.5464555096  
-0.2329356785  
-0.9840053805  
-0.6248266779  
-0.5525877328  
-0.6319296278  
-0.6305791939  
-0.6576508914  
0.4632539106  
0.3568236982  
0.1662938706  
0.1764488819  
-0.2497515127  
0.6663420977  
-0.7361298657  
2.511903432  
0.1282374897  
-0.9802304174  
0.3665172592  
0.325125038  
-0.6952790965  
-0.3246825804  
2.781032402  
0.8784263376  
-1.101853158  
-0.2391940892  
-0.7219202113  
-0.6034034529  
-0.3109501632  
-1.05373776  
-0.6278907143  
0.2403451246  
-0.199051578  
0.7408147342  
-0.9590466549  
0.009543101618  
-1.280691989  
-0.03704823477  
-0.3507263209  
0.5629285991  
0.05218486276  
-0.4506840026  
1.0594667  
-1.010429327  
-1.623706075  
-0.4272629317  
1.398015259  
1.191496235  
0.462141657  
-0.7213878669  
0.4779180338  
0.5947989042  
0.9066247828  
0.005347692901  
-0.3803603706  
1.841533586  
-0.5512432367  
0.897235719  
-0.1859788762  
-1.851573431  
2.469585884  
0.6001296009  
0.6846446714  
0.5578501728  
-1.773196141  
-0.2000210964  
0.1611322829  
-0.2369345407  
0.3329114633  
1.18876252  
0.1419329543  
-0.896709158  
0.5357982191  
-0.5839324662  
-1.107584583  
-0.584906189  
-0.1631733595  
0.6124595305  
0.472861059  
-0.5445228829  
-0.588901764  
-0.2914199523  
-0.1745628907  
-0.8426610125  
-0.5095050997  
-0.08158749919  
0.8356518784  
0.6366869656  
-0.9444845061  
-0.08453296688  
-0.627220835  
0.1278033204  
-0.1800739227  
-0.1352665445  
0.3221952737  
0.1080635632  
-0.6325173789  
-0.1190472622  
-0.3124599208  
-0.2184773858  
-0.0403365157  
-0.1496249253  
-1.062363665  
0.3251475392  
-0.6773327767  
-0.491784729  
0.3560937892  
0.3029321538  
-1.025115571  
1.186102182  
1.075686733  
0.6500227004  
0.02720864752  
0.5042000391  
0.1176930185  
1.097142355  
-0.3461872493  
0.1910408049  
-0.4427027449  
-0.2047534464  
-0.2506783524  
-0.09230930342  
-0.4491324869  
0.9310322329  
-0.2935555915  
-0.6796432583  
