-2.02132919  
-0.3316379316  
1.407865986  
-0.4166820544  
0.3478051298  
-0.3049785146  
0.2562990544  
0.7987450757  
1.073945019  
-0.3941171332  
-0.295306126  
0.6557022864  
-0.5051006349  
-0.1312977373  
-0.9703172664  
0.3215152788  
-1.332709954  
0.3804186644  
0.7337489786  
0.2966870855  
-0.8874228043  
0.6150954038  
-1.599396942  
-0.607749952  
2.00430906  
0.1074886473  
1.847606167  
-0.8045502114  
-0.4508291898  
0.04992643415  
-0.6387204968  
2.178477004  
-1.396185922  
0.8513456376  
-1.878966324  
-0.7602008387  
3.431506519  
0.131773509  
-0.01103097851  
-0.2290272545  
-0.2389493928  
1.195516046  
-0.5837113477  
0.02347708948  
-0.2019512973  
0.5650612661  
0.4230773496  
-0.8166936596  
-0.2390003845  
-0.07782301162  
2.198162385  
0.9262440455  
0.8824999208  
-0.1063786876  
-0.578185162  
0.1130853562  
0.2367975279  
0.3173711185  
0.2461414257  
-0.201990814  
-0.4175125643  
-0.04385793508  
-1.084863915  
-0.5530944969  
0.2037144447  
-0.491185574  
0.5972290742  
-0.8547758656  
-0.3120600272  
0.4277564987  
0.5061677953  
0.8689963504  
-0.1441269272  
0.1258747112  
-0.2975490585  
0.1059703677  
3.002500628  
0.3506719394  
0.8287261168  
2.309545118  
-0.7609565378  
4.64833796  
-1.65209654  
-0.2099723042  
-0.4263640487  
-2.124403768  
-1.723828604  
-2.312110233  
-1.734721031  
-1.533419578  
-1.285447537  
0.02682745403  
-1.185049636  
0.1192979092  
0.5945961835  
-0.6060086043  
-0.9417997099  
-0.5853110179  
-1.045752676  
-1.09142893  
0.1714546242  
0.9634294354  
0.06795019981  
1.699286533  
-0.7969491912  
-1.134389742  
-0.4894090248  
-0.5170295616  
1.569488806  
-0.4079755606  
2.224213315  
-1.306328449  
-0.5816384444  
-0.3741281813  
-0.528319886  
-0.02316264411  
-0.05829045914  
0.5103224959  
0.6811029412  
0.3334002584  
0.1533264231  
0.4315205887  
-0.6196147664  
-0.5310904735  
-0.6481645166  
0.8008785424  
-0.5884144918  
1.189230528  
0.04966218716  
-0.9133672806  
0.3309113023  
0.269798594  
-0.02386654987  
0.30991771  
0.9472918471  
-0.03612162902  
-0.4291570619  
-0.5925194391  
0.6497778497  
-0.3365553221  
1.291304643  
1.127973614  
0.3748254357  
0.320868955  
0.4894039559  
0.6825908169  
-0.1055104289  
0.4701459787  
0.1923717587  
0.4104517673  
2.46539815  
-0.1239404561  
0.2539797806  
-0.599263369  
0.3157874732  
1.895882414  
0.8124527999  
1.927203975  
-0.3576814182  
-0.7117117467  
-2.19067947  
-1.307398439  
-0.4969306751  
-1.109940468  
-1.664002376  
-1.201491206  
-1.810863318  
-1.617370369  
-1.999764417  
-2.08125043  
-2.531174197  
0.9888275998  
0.4573535497  
0.03906854437  
2.363758709  
-0.3189202587  
-0.654401527  
1.813835913  
-0.8738517435  
2.270177217  
-0.06559304253  
0.5185486174  
1.476662597  
0.9279432245  
3.61335055  
0.4576573866  
0.8813961482  
-0.7961850203  
-0.8289610369  
1.054263279  
0.4299273645  
0.2227481405  
-0.30373792  
0.05204292989  
0.910779104  
-0.07999469818  
-0.4888683695  
-0.3931290398  
0.3609806161  
-0.4172910159  
-0.7285294017  
0.4304152937  
-0.3575940748  
0.4041190233  
-0.1225414195  
-0.590726889  
0.02467187409  
-0.1794957131  
1.208204899  
-0.5144730655  
-1.75294457  
0.7275245316  
-0.392405723  
-0.1873596944  
-0.2188621752  
-1.057040746  
-0.7233003968  
0.3372257451  
-0.2483482106  
0.1740361565  
0.08188648041  
-0.03295132523  
1.368377106  
0.1643373778  
-1.279276478  
-0.9424220015  
-1.273968055  
-0.4454538876  
-0.5710588632  
1.194686334  
-0.1747697328  
-0.3206528337  
-0.4447249108  
-0.1340256524  
0.1910348545  
0.9577737948  
-0.3650428112  
2.025131198  
0.7304060146  
1.528261518  
-0.412995942  
0.3519561901  
0.633228184  
-0.6105675735  
0.9218439953  
0.52079657  
-0.1501578236  
1.149398398  
-1.218191469  
0.9037061046  
0.08926471166  
-1.300313659  
-0.3468691627  
-1.689662211  
-0.8603298241  
-1.498876283  
-1.464307997  
-1.379269963  
-1.453834344  
-0.8336934224  
-1.460160839  
-1.500663389  
-1.211004247  
-1.311026127  
-1.423783682  
-0.8357979771  
1.096249454  
0.2687590398  
0.4562672896  
0.4932874003  
0.9082500838  
-0.3991732668  
0.1434037975  
3.2440757  
1.803135625  
-0.5830025997  
-0.3137088626  
1.242099116  
-0.01864591293  
0.3169476249  
-0.6208773153  
0.1256363615  
1.191483293  
0.6669087847  
1.15567358  
1.008920167  
-0.2548473811  
-0.8917951812  
-0.02487863907  
-0.2641148392  
1.658685439  
0.6065820684  
0.1780404778  
0.55341163  
-0.3638211684  
-0.9288190311  
-0.5117502967  
1.728419338  
0.701804684  
0.9290452374  
-0.2417019063  
0.3082794505  
-0.765271183  
-0.009111862926  
0.6454355339  
-1.425754781  
1.031578743  
-1.891210932  
1.93868013  
-0.5502647516  
-1.555256702  
2.111449772  
-0.5936876139  
0.636842554  
-0.2915691521  
-1.025293018  
0.3373147999  
-0.7660886269  
-0.006311743499  
0.1077973426  
2.095449893  
-0.9791903975  
-1.927382534  
0.7819047792  
-0.6115391837  
-0.0885828771  
0.2061421549  
0.1595351821  
0.104522095  
1.057378008  
-0.5248746058  
0.1812057603  
0.2407279464  
0.2191115006  
-0.1646002193  
-0.1779618529  
0.3181771752  
-0.07136926045  
-1.100974515  
-0.6893799627  
-0.7096366994  
0.08605488621  
-0.3208973062  
-0.6941601325  
-0.117354338  
0.4182930093  
0.07963250221  
0.2607482097  
0.2289370112  
-0.09926997752  
0.7218987586  
0.4001487535  
-0.4438916198  
-0.6198089113  
0.708748367  
-0.3721060973  
-0.03244088965  
0.06231266543  
0.2307352829  
-0.0586235645  
-0.002571474582  
0.8935984309  
0.2500958661  
-0.1707973141  
0.8198097683  
0.01124001242  
0.2593509935  
-1.034151814  
-0.7515638752  
-0.6427018448  
-0.6349797501  
-0.1143722804  
-0.5961541352  
0.1569141658  
1.023270535  
0.2753807142  
0.04319671813  
