-0.6105677482  
0.0001862259982  
1.225093312  
-1.755858322  
-0.5738862682  
-0.6483186404  
0.3888912719  
0.638491554  
2.818970039  
0.2727936742  
-1.869259712  
0.01402161108  
-0.1440699614  
0.6747184966  
-0.7868553019  
0.4051742806  
1.465430673  
-1.277427366  
1.297487322  
-1.313525037  
-1.713255399  
1.706966436  
-1.239129102  
0.08115440312  
0.8584754837  
-0.7646984753  
1.286557519  
-0.4099142489  
2.033467415  
-1.815452722  
-0.3035794598  
1.216555957  
-1.913324429  
-0.1464742527  
-1.168460511  
-1.884190958  
2.234759487  
0.2050659865  
0.3306700644  
-0.9215784057  
-0.1691727912  
0.1552749995  
0.5760269585  
0.7309320363  
-0.1077783542  
-0.3786865472  
-0.8166376882  
0.8055251787  
-0.2762509761  
-0.7439838703  
2.784429823  
0.1650639067  
0.5583462692  
-0.9095908786  
0.1194119606  
-0.8828524895  
0.01134431209  
0.6892184553  
-0.4403945907  
-0.01175167241  
-1.087044623  
-0.01094369955  
-1.010779885  
-0.323822467  
0.5300463018  
0.129505403  
0.7012262271  
0.09691681844  
-0.03958644249  
0.1508312145  
-0.3835594213  
-0.4832557077  
-1.106145772  
-0.9971619051  
0.2495087933  
-1.1587954  
3.656300643  
-0.2426077791  
1.437168714  
1.500293888  
0.0985744084  
3.371258681  
0.5494127888  
-0.49801203  
-0.3391387314  
-0.8648664309  
-1.373450816  
-0.244000639  
0.4849580574  
0.01289157178  
-0.8405426549  
-1.375838468  
-0.4237765721  
1.7084933  
-0.7460631894  
-0.7670442498  
-0.6239721807  
-1.236566303  
-0.06013713327  
-0.3524773433  
-0.1458132559  
-0.1973633591  
-0.6965336012  
0.09419776877  
-1.063780256  
1.1937746  
-0.331961105  
-0.4051301641  
0.5617620826  
-0.2377898569  
-0.02555028689  
-1.543474687  
0.3175201041  
0.3142599335  
-1.565975311  
-0.1625094336  
-0.3526785333  
0.2369289364  
0.2279016513  
-0.3134712344  
-0.3444058832  
-0.4933400688  
0.01963191653  
-0.08247172955  
0.1734357308  
0.7982071241  
-0.3115168619  
1.966907265  
0.8304959108  
-1.335013219  
0.1230570952  
0.07164529597  
-0.1643454246  
-0.6608079201  
0.03120669655  
0.1890312826  
0.386291008  
0.8844055008  
0.520085567  
0.4877586102  
-0.1350161382  
0.7295445866  
0.5593306778  
-1.172082421  
0.5898752325  
1.140012289  
-0.9650874696  
0.06398611861  
0.03700604792  
0.3755109584  
2.17231713  
-1.195372822  
-0.1792701374  
-0.371146414  
-1.145103747  
2.560710739  
0.307183444  
4.121994303  
1.016755883  
0.5040390992  
-0.4754946906  
-1.566566128  
-0.4197218373  
-0.9493441698  
-0.3665579942  
-1.064462283  
-0.1915140596  
-0.6829531595  
-0.7150101611  
0.5611759967  
-1.489910131  
-0.2280621874  
0.1456799903  
-0.07137369593  
0.5016002258  
-0.04879526461  
-0.4760023825  
0.961393047  
-0.9962946817  
0.710484429  
0.1843707697  
1.537157759  
-0.08015117757  
1.006671192  
1.728140366  
-0.4022413047  
3.750272022  
0.5579952601  
-0.1728483077  
0.2737921316  
-0.657085338  
-0.2395384822  
-0.3313704685  
0.9050083781  
-0.107291926  
-0.7287284492  
-1.021806605  
0.05815712823  
-0.2775471986  
-0.8983413367  
-1.428607985  
-0.3470033062  
-0.4529682227  
0.9065219395  
-0.7444666008  
1.495512419  
-1.12023032  
-1.752032732  
-0.01019182332  
-0.3029037377  
-0.01975837205  
-0.3840560423  
0.5468051653  
-1.654042694  
0.2298221294  
0.6682190038  
-0.7920497219  
0.4885107783  
-1.526629499  
-0.7844202827  
-0.8742865489  
-0.8929792027  
0.7968508502  
-0.0005674997072  
-0.6898446259  
-1.268972468  
-0.1050165549  
2.065974394  
-1.107644349  
0.1715800089  
-0.4071450161  
-0.03266742589  
1.433264777  
-1.290955581  
1.477746528  
0.2895175498  
-0.4858148923  
0.2727080455  
-0.6288661998  
1.10413795  
-0.4254614383  
-1.166868391  
-0.5769175697  
-1.393270026  
1.393300089  
0.4533733129  
-1.237207409  
0.8318937562  
0.2135069888  
0.9476926657  
1.938156335  
-1.533670444  
1.400556105  
-0.7758941537  
-0.1703389143  
-0.6077392713  
0.8873879113  
-0.8187578548  
-0.1678824401  
0.3572829209  
0.7948048978  
0.8545798105  
-0.1310070948  
-0.03495550015  
0.005523233502  
-1.404126322  
0.001148684872  
0.6766517056  
0.6113067879  
-0.1672583964  
0.3192563618  
-0.03921308697  
-0.07694998154  
2.836251889  
0.1042047835  
-0.552426024  
1.245945456  
-0.2644886271  
-0.8058563678  
-0.3876006511  
1.672957023  
1.360231725  
0.5112317769  
0.011357087  
-0.07276928987  
0.4694299077  
-0.009768415496  
-0.01454458312  
-1.435235348  
1.088380041  
0.4310112669  
0.9247733526  
-0.6554349136  
-0.6959956574  
0.3490784238  
0.2185463782  
0.3091574383  
-0.09973778357  
-1.640250623  
1.004313444  
-0.6090939047  
-0.3011822306  
-2.156122908  
-1.775317105  
0.9817899041  
-1.137749643  
0.2701007157  
-0.8388909218  
1.02941554  
-0.5592679854  
-0.07676042971  
1.062891361  
0.1972815726  
1.679418227  
-0.6187293641  
0.1759149997  
-1.566819225  
-0.3056530553  
0.9485688793  
-0.05914218605  
3.033240969  
-0.959457753  
-2.402314857  
0.04101748476  
-2.21989419  
0.3097959404  
-0.1913731271  
-0.1013965693  
0.2446691616  
1.440389181  
0.5133829768  
0.2015645938  
0.2055690595  
-0.7847204825  
0.5543654119  
0.9382261461  
1.702619114  
-0.6164592778  
0.9834546784  
-0.8331635039  
0.003165501103  
-0.9183810261  
-0.4996844524  
-0.3708104234  
-1.385584187  
0.023084092  
-0.5646207723  
-0.2700297988  
0.9048401712  
0.1772401344  
-0.8167959798  
0.5557528038  
-0.134891646  
0.3057722517  
-0.06704103433  
-0.8374441825  
0.1380041697  
-0.8653006253  
0.9471487454  
-0.9219095645  
2.838419709  
0.6681781913  
0.9335746295  
0.1385784496  
-0.9471718913  
0.3404448603  
0.9623353931  
0.8671438126  
0.1563826773  
-0.1113371745  
-0.3111315673  
-1.320772265  
-0.8675022206  
-0.05371394199  
-1.524082001  
0.6521070005  
-0.002870273418  
