0.1658483645  
1.389019384  
0.07111403039  
0.2340885745  
0.5646222717  
-1.379408907  
-0.1683704461  
0.2721683528  
-0.516503028  
-1.42060642  
-1.668342553  
1.095593912  
-0.483673683  
1.289639293  
-0.9377438832  
-0.7978272178  
0.8867569586  
-0.5528092495  
1.355162972  
0.5039789243  
-0.8371323598  
1.412400355  
-1.256978997  
0.9099562659  
1.640763529  
-1.429067094  
2.136342075  
-1.420956763  
0.3023222786  
-0.1929866758  
-0.8326291319  
-0.1437765255  
-0.539604416  
0.3443966482  
-1.699273062  
0.6765494812  
2.307556068  
-0.6557124398  
-0.3933526155  
0.3826068597  
-0.8165322964  
-0.323508018  
-1.940198245  
0.0205232106  
0.9190861403  
-0.3373639047  
-0.7739438857  
0.6300978064  
-1.327443153  
1.387884651  
0.4288781308  
0.6193786041  
0.7869427962  
0.4335675138  
-1.340648675  
-1.261378708  
-1.632711648  
1.263244988  
1.333230477  
-0.05933772052  
-2.109079606  
-1.155409959  
-0.8847770401  
1.948027243  
-0.8667485729  
-0.4970145596  
1.009537003  
0.3917963129  
-1.015804774  
0.06769653444  
0.7217141405  
1.21108905  
-1.157011628  
-0.02014588901  
-0.7562432057  
1.065095091  
2.723856629  
-1.115807584  
0.7597915581  
0.4726732425  
-1.816882383  
0.7739123577  
0.3778999257  
-1.963541698  
-0.02125363784  
0.7530771116  
0.143297916  
-0.268109256  
0.6874907489  
-0.6921427844  
0.01967858843  
0.4984846432  
0.449006754  
2.368475658  
1.069490382  
1.676911128  
-0.4062692442  
0.584092251  
-0.939071768  
-1.058629566  
0.7156691405  
-2.327805792  
-0.5795142957  
0.9933424313  
-0.7495320619  
0.1751985485  
0.5866955636  
-0.5099341055  
0.5982459261  
-0.4282576823  
1.661725466  
-0.7259874789  
-1.129209818  
-0.2097787702  
-0.1799026652  
1.115370055  
-1.600316379  
0.09303518645  
-0.8903126841  
-0.9962410482  
-0.1400833943  
-1.472702728  
-0.3765020162  
-1.902989987  
0.9247999663  
-0.2884630426  
-0.3717792712  
0.3103199892  
2.40581549  
0.01327075249  
1.412017046  
0.3912178563  
0.1542477244  
-0.8179837482  
0.071524526  
2.136157268  
-0.2986040248  
0.881041329  
0.3484621895  
0.6009103184  
0.6610871078  
0.9651497154  
-0.2918364196  
-1.136845105  
1.293359719  
-0.4333874747  
-0.3521728881  
0.4031570344  
0.2011522503  
0.0420009729  
0.6038139802  
1.172286907  
0.3252804821  
-0.3629102961  
-3.684999168  
0.5435672069  
0.2287438675  
-0.1214252006  
1.335370253  
0.4501493058  
-0.874482066  
0.02035045161  
-0.6053909041  
-2.056789288  
-2.155817647  
0.2964125416  
-0.9298299621  
-0.5726342348  
-0.117376249  
0.7490081732  
-0.6080125353  
1.575164601  
-0.3261632663  
-0.1490386608  
1.672024742  
-0.3861778151  
-1.130298822  
0.9785855862  
0.3657744054  
2.493308782  
0.8044508756  
-0.7753049203  
-0.07224826025  
0.3026577536  
2.682115567  
-0.3572403228  
-0.5891368622  
0.5853841838  
0.3963779622  
1.707206469  
-1.651907057  
0.08108719681  
-0.7352238133  
-1.578006276  
0.1023706128  
-0.3173529194  
-0.9478412686  
-0.6717704785  
0.3985486194  
-0.1760420913  
-1.325683283  
-0.003213254367  
0.6242758889  
2.48713228  
-0.1460071789  
-0.2610192952  
0.1744951727  
-0.399631687  
-0.04902826097  
-0.07338043628  
0.2911871129  
-0.8601049764  
-1.150563059  
0.6440545394  
-0.2750871858  
0.144763648  
-1.573188543  
-0.7206033239  
-0.4876836122  
-0.4917252116  
-1.240047157  
-1.037896573  
1.108624919  
-0.9311358865  
0.04422053219  
0.2719580075  
-0.2004223478  
-0.4583379517  
0.1612928245  
0.643153677  
0.559873517  
0.5265863715  
-0.1920383796  
1.48696602  
0.1553878818  
0.8549847831  
-1.321547179  
0.1355154102  
0.5170915851  
-0.1416162818  
-0.2233331831  
0.2306543073  
1.52176086  
0.7415087949  
1.793772975  
1.905313178  
0.2620552623  
1.120003263  
-2.317006553  
-0.4678274451  
-1.4552206  
-0.232632349  
-0.510413558  
-0.3632202598  
0.3083138671  
-0.3762827695  
1.342474332  
-0.8202900395  
-1.179307128  
-1.325330013  
0.1092442592  
-0.01545633465  
0.2542088721  
-1.436503292  
-1.129513002  
-0.7262046892  
-0.3874987876  
0.8419860164  
-2.598314305  
-0.9005427162  
0.4362085584  
2.352784089  
0.2407700914  
1.15953376  
2.204950599  
-0.3267570412  
0.253398679  
0.4015740975  
-0.9581579089  
-0.4077360561  
-0.2798414577  
0.8762654962  
-0.5440928243  
0.5692281894  
0.3687247873  
-0.29067307  
0.5814927348  
-0.83219326  
-0.02134382034  
0.375146161  
1.99127818  
1.037451914  
-0.5008181397  
0.3310094848  
0.2370793685  
-0.2651010679  
-1.072274276  
0.6996216077  
-1.032646148  
1.236041422  
0.4039321  
0.7146476179  
1.014637973  
-0.6811620028  
0.7274321927  
-1.613747114  
1.391150627  
-1.934744826  
-0.04008604301  
-0.7583541981  
-1.539419942  
3.222888094  
-0.694036885  
0.2873355071  
0.212513423  
-0.8354513153  
0.8010189417  
0.0738514744  
-1.256755806  
0.2913898514  
-0.04874238385  
-0.6211779744  
-0.6649717827  
-1.128534946  
1.174282062  
0.3358746059  
0.6858184274  
-0.5440773775  
0.9174863434  
0.07211152954  
0.7175912568  
1.036132394  
-0.3593281594  
0.07151453532  
-0.4436618531  
0.2492654631  
-0.02041162052  
0.4928388381  
-0.964126411  
-0.9185141802  
-1.527225563  
-2.265672059  
0.7174637867  
-0.4797892812  
-0.1968355033  
0.8461109923  
-0.09622360082  
0.7481342458  
-0.384513353  
-0.2780050468  
0.06410065825  
0.6170917709  
0.896079054  
-0.6432537892  
0.4144780085  
0.7348961356  
0.2586560343  
-0.1977017136  
1.193155473  
0.3746053078  
0.802880014  
0.1998322786  
-0.3941389723  
0.04327346795  
-0.04883259564  
-0.6814830832  
1.529349538  
-1.56541988  
-0.3603153505  
-0.2967112655  
-0.09317503485  
0.001394881407  
-0.9666054055  
-0.5443177837  
1.849811053  
-0.4093508558  
-0.481578361  
