1.337897016  
-0.2484024224  
-1.125018005  
1.088158611  
0.3971905231  
-0.2252653623  
-0.5611395544  
0.6670470871  
1.254228846  
-0.3815958986  
-0.09031653257  
0.2770819779  
0.7088607115  
-2.003721542  
0.9202131146  
0.1908278027  
-0.8896840911  
0.6076792621  
1.027979464  
-1.40289619  
-0.9044832967  
1.339461518  
0.3054835263  
-0.5829335243  
0.05841926194  
-0.7607675627  
-2.069349716  
-0.994872025  
0.05081323963  
-0.354211705  
-1.441373925  
-1.777236756  
0.6370687325  
1.588816329  
0.9122183963  
0.2745766875  
2.166182601  
-0.5783855205  
0.06119380409  
-1.926764162  
-0.4009674791  
-0.05374017896  
-1.001767805  
-2.032301404  
0.3470501374  
-1.629973349  
-1.016952285  
1.564174511  
-0.8313785747  
0.4299799709  
-0.8781954466  
0.1386826358  
1.284210126  
0.4153794387  
-0.04673479599  
1.231797013  
-0.1715506771  
-1.177665037  
-0.6177229152  
-0.2734828567  
0.999955186  
0.4140195635  
-0.1949815542  
-0.427707326  
0.7809235169  
-0.8382330303  
-0.6942067418  
1.442742286  
-0.1928849862  
-1.284707463  
-1.024099172  
0.6056359868  
-1.147284988  
-0.03977546578  
-0.8466286747  
0.6963597585  
0.6911260995  
-1.810126574  
0.8474094693  
-0.987641673  
-0.5264159888  
-0.6802959367  
-0.3365309704  
2.616693874  
-0.6266749432  
1.339624388  
0.7738221107  
1.68261193  
0.8229756426  
2.389047417  
1.888529313  
1.006433562  
1.0319733  
-0.2256185814  
-0.1746656835  
-0.6538664494  
1.017576284  
-1.158576344  
-1.168389042  
0.397687678  
1.535846434  
-1.051564174  
0.5317614817  
1.605927248  
0.03727814896  
-0.6546576561  
-0.1740252391  
-0.9290444354  
-0.9711007866  
0.9516288063  
1.828259373  
0.6810081366  
0.6752259999  
-0.7542089006  
0.9252343433  
-1.302346091  
-1.366134134  
-0.5340778308  
-1.513576081  
1.161864429  
0.1295074635  
1.172899786  
-0.2764695099  
-1.059443699  
-0.4396448263  
-1.215686576  
0.04419126033  
1.266571517  
0.1408513232  
1.373509189  
0.3138679044  
-0.6988094048  
0.407088861  
-1.150611161  
-1.384345802  
0.8320963709  
-0.03120354978  
-0.1008145538  
1.266571645  
-2.655032042  
-1.242831364  
-0.8676331665  
-2.309359565  
-0.3545567964  
-0.5771024384  
-0.05756096671  
-0.8216532163  
-1.179286273  
-0.4589965307  
1.025972007  
-0.6042909559  
-0.2681355231  
1.820447645  
1.254040309  
-1.373673935  
-2.178416183  
-0.1547481288  
-0.5211033707  
1.178992401  
1.374668439  
0.218944054  
1.516966394  
0.03566312809  
-0.3437928585  
0.4704186562  
0.6477768707  
2.237351937  
0.372597514  
1.15657796  
0.7286068969  
0.2661296941  
0.7627139635  
-1.445152255  
-0.338957336  
1.439144508  
-0.2364190537  
-0.5632222751  
0.26281335  
-0.8983003748  
0.8594120382  
-1.37670007  
-0.2459426951  
-1.210171322  
-1.095520047  
1.078326645  
-1.917750208  
-0.6444296266  
1.18539817  
-0.1410895447  
0.3808778764  
0.5272742993  
-0.4191876729  
-1.032806734  
-0.06086458466  
-0.00840037328  
0.78306068  
-0.8735137501  
0.9529808665  
-0.2520450065  
1.195121668  
1.243531303  
-0.3713465577  
1.459598718  
0.6161439239  
-1.482282711  
-1.193016932  
0.8311327778  
1.235239141  
1.372993729  
-0.8766989012  
0.3929474082  
0.6147696319  
-2.196593687  
0.2845470777  
0.354754301  
-1.550033729  
-0.516163106  
0.3813741828  
1.311883962  
0.01839144145  
-0.6345976357  
1.076315656  
-0.03585359497  
-0.6531882689  
-0.5899998048  
-1.520547771  
0.7223954801  
-1.678394745  
0.1874169692  
0.4563557376  
-0.914176463  
0.453493794  
-1.868490605  
-0.2425907547  
1.976360578  
0.424785953  
-0.1026548867  
1.819993346  
0.6429455086  
0.9921981984  
0.01741363231  
0.7931169553  
1.988410819  
0.7744968122  
-0.3667931556  
-0.1229018604  
-0.5564178078  
1.779288462  
-0.4623932304  
2.02527819  
0.298193691  
0.3238623284  
0.6820185009  
0.411866513  
0.09277257401  
1.764770396  
-0.5978358173  
0.3242982723  
1.142326637  
2.191029815  
1.22713583  
0.4355786211  
0.5541011541  
-0.1825176877  
-0.8935161097  
0.9880369998  
0.2141844421  
0.05569260842  
-0.8898617294  
0.335979643  
-1.256172075  
-1.754981861  
0.627138891  
-1.201073372  
-1.713077118  
-0.4352273707  
-2.003086676  
-0.4149717148  
-0.167322787  
-1.055718008  
-0.8663453064  
-0.4720898002  
0.1163347791  
1.461441161  
-1.071400163  
-1.458100037  
-0.1667426633  
-1.811645236  
-2.230979265  
-1.185931238  
0.5985353572  
-1.395657419  
-0.963037572  
-0.501204387  
0.4498301132  
-0.0324365711  
-1.710525282  
-0.8305040211  
0.3903404719  
-0.5397060107  
0.3765804997  
-1.024182122  
1.03792969  
0.5379077156  
0.2561380051  
0.2826993362  
1.821265983  
-0.1589626113  
0.276055892  
1.127396443  
0.5175073521  
1.132903044  
-0.6582859906  
-0.5410560421  
-0.5177420684  
0.4366248805  
1.186901461  
0.5582298032  
-0.08304629863  
-0.2028909543  
0.3219617408  
0.01438754986  
0.4834698826  
-0.4233405371  
1.484117592  
-1.741170501  
-0.2163517659  
0.2553673446  
0.14119553  
-0.06311441658  
0.5114702778  
0.3075551213  
-1.016268073  
1.031405137  
0.573406074  
-0.3686760788  
-1.354873847  
-0.5942831024  
-0.3088426332  
-0.504878212  
0.9893119207  
-0.6425431115  
1.008737658  
-0.5925252059  
-0.2746344939  
0.2332884215  
-0.3744721703  
0.5461057759  
0.06884486766  
-0.719799975  
1.982579734  
0.0910314454  
0.430627925  
-0.1461766672  
0.5387611987  
-1.182076667  
-0.1497090489  
2.612170524  
0.1926922073  
2.366181563  
1.156459345  
0.2218654204  
0.04639462011  
-0.6292440543  
0.2756108019  
0.1292380386  
0.2814493743  
-1.131447813  
-0.569926926  
-0.7473736457  
-0.2373766233  
-1.203021014  
-0.7252543549  
-0.7727451687  
0.6105311366  
0.2089787787  
0.5020015321  
