1.867057568  
0.894716321  
-0.175934298  
0.2047573724  
-0.4764217438  
-0.1243501367  
-0.3741126437  
-0.2591662121  
-0.7132109528  
0.2473534511  
0.3298711298  
-0.09465694412  
0.556778087  
0.4154613578  
0.0173146932  
-0.2099168964  
-2.121061736  
0.5637428324  
-0.7056801796  
-0.1419726987  
0.2766888112  
-2.005174838  
1.396785913  
1.368904275  
-1.4258522  
0.01259563649  
-1.196173947  
0.9052577579  
-1.940582995  
-0.3921233794  
0.3656897408  
-0.8357101368  
0.466328074  
0.102079307  
1.665790187  
1.761145441  
-1.289335842  
0.008318137956  
-0.1702070239  
0.1764525764  
0.1709718005  
-0.004160291758  
0.0462496411  
-0.1071969804  
-0.1787005843  
-0.1247772503  
0.05224210807  
-0.05397136023  
0.1464438311  
0.06760297015  
-3.030911562  
-0.1225017799  
-0.1000538445  
-0.08065237912  
0.3270739994  
-0.02490012368  
-0.1124404322  
-0.2788334877  
-0.02654884569  
0.01578600976  
0.1292318711  
-0.1593745993  
-0.01473328036  
0.04077836493  
-0.0688876536  
-0.2008383055  
0.01420152236  
-0.3199384211  
-0.6631941102  
-0.0636031298  
-0.2611678903  
-0.1905492914  
0.2603433509  
0.1127659038  
0.344191493  
0.1933076331  
-2.532972645  
-0.4582592737  
-0.5407867614  
-2.037700928  
-0.3736954348  
-3.643724132  
0.699600973  
2.072246665  
1.890290254  
2.328207817  
1.661575528  
2.481498039  
1.734761463  
2.309269821  
2.53001459  
1.54080723  
1.93812926  
0.8645468127  
-0.3893986835  
0.7947025113  
-0.05101429889  
0.1798397243  
0.1042596042  
0.2857644391  
-0.5777596852  
-0.6466912559  
0.02208021626  
-0.6379824088  
0.2293015807  
-1.893028933  
-0.01359267757  
0.7858649966  
-1.030313119  
-0.08299131573  
-0.7497529923  
0.6075882164  
0.4061946057  
0.3156453846  
0.2622115548  
-0.4624079682  
-0.1018593061  
-0.3277784283  
-0.6577030276  
-0.4313922616  
-0.4483122798  
0.179539018  
-0.4975906172  
-0.1466467631  
-0.5164945119  
-0.6929956085  
0.07589237611  
-0.9433438462  
-0.08458989955  
2.481231746  
0.9928725149  
-0.7733162562  
-0.3144946261  
-0.9866465925  
-1.007435394  
-1.235985535  
-0.6737370277  
-0.6225988597  
-0.6145529808  
-0.5940189141  
-0.5370139383  
-0.4025421197  
-0.964363992  
-0.7828674962  
-0.8439976347  
-0.719455159  
-0.3180544311  
-0.1721519281  
-0.3187777456  
-0.6694830312  
-1.523831375  
1.047752216  
0.8480339728  
0.5892669164  
0.4843284888  
-3.113624583  
-0.1207679576  
-3.016456474  
1.120167505  
1.705745416  
1.905508865  
3.021814976  
1.691492967  
2.215171645  
1.882524867  
2.356380912  
2.303049844  
1.467975906  
2.241882968  
1.735027463  
2.342863349  
1.064229837  
-1.570975563  
-0.5930248121  
-0.9887893054  
-0.2817784431  
0.2741939099  
-1.162708807  
0.3439951105  
-0.7496223241  
-0.4453584294  
-2.963931436  
-2.044926964  
-1.680705602  
-2.795511435  
-0.2885484587  
-3.391994207  
-0.1008505634  
0.7788653272  
-0.346577877  
-0.1825778022  
-0.1863422081  
-0.2045058573  
-0.34812825  
-0.2567002469  
0.1535715729  
0.2361240007  
0.3428577182  
0.4877139164  
0.7358600022  
-0.1073272503  
0.1238208785  
0.08014777303  
0.258094371  
0.03444646853  
-1.680763802  
-0.07505332242  
1.000500378  
0.2314029937  
0.5413885331  
0.4155479322  
0.1982945097  
0.3484450103  
0.9282839018  
0.4164737384  
0.3911531281  
0.2992432931  
0.2302312918  
0.5411274232  
0.2481051515  
0.4450891895  
0.6605021669  
-1.01419839  
-0.3357838345  
-0.1758069497  
0.336553256  
0.1491178098  
-0.9350372263  
1.191519881  
-0.0300861466  
-0.03072282054  
0.8283444996  
-1.013961859  
0.8099353371  
-0.7064432655  
-1.862556256  
-0.7439547179  
-1.058262127  
-0.1237156812  
-1.220436557  
0.4944792784  
0.6027276271  
-0.4773486001  
0.9170383842  
-1.482143539  
-0.8092103012  
0.5834658988  
-2.413499872  
0.7647735525  
-0.7039705338  
-1.024597572  
1.208774784  
0.9037028832  
1.76431575  
1.111824015  
1.584840653  
0.8085977175  
1.331922724  
1.63153201  
1.370057206  
1.077912658  
1.023085341  
1.049384669  
1.456995787  
1.377217865  
1.449829995  
-0.3813102131  
-1.556157766  
-0.1299839087  
-0.6293394322  
-0.568635432  
-0.9235678342  
-0.7300854026  
-2.49245293  
-0.9457758401  
0.1426870016  
-0.06459818259  
0.06382675217  
-0.6542047455  
-0.1149848911  
-0.4682713903  
-0.3772150679  
-0.7612705418  
-0.7585235716  
-0.7752531614  
-0.5523284873  
0.3308126594  
0.06083018314  
-0.2041514896  
-0.404181728  
-1.097521097  
0.08961084087  
-0.1031688793  
0.09283141273  
-0.5358493298  
0.4426198137  
-0.09577246509  
-1.327920559  
-0.525532029  
-0.7122213782  
0.6435314807  
-1.262586481  
1.06313828  
1.179452896  
0.5037696789  
1.069491427  
-0.9272513786  
0.7990825128  
-1.021757564  
0.7547746813  
1.358759319  
-2.422045564  
-0.07295967443  
-0.2754186105  
0.1329418741  
0.2448363769  
0.367958266  
0.6453936799  
-0.3216387032  
1.132893739  
-2.186083067  
0.2598750393  
1.258071909  
-0.01728063997  
0.5961471102  
0.01704304929  
0.683612231  
0.570711423  
-0.1317172552  
0.2065665159  
0.3191033113  
0.3329334405  
-0.06221006589  
0.3111820416  
-0.2716938332  
0.1485034057  
-0.4873333146  
-0.2298090468  
-0.07925755568  
-0.371440561  
-0.01133024245  
-0.02768948087  
0.3409630073  
0.228549923  
-0.1758933847  
0.2737744141  
-0.1375876043  
0.3732705253  
-0.2912819383  
0.1883941963  
0.370061653  
0.1456711606  
0.07587486981  
0.08035135702  
0.1153031181  
0.1488837653  
0.3327901203  
0.6589230535  
-0.1966616681  
0.1152190801  
-1.251571242  
-1.167953896  
-0.1931826763  
0.1537864129  
0.467440401  
0.3344783965  
-0.4251043273  
0.318128001  
-0.1022203987  
-0.1618032937  
-0.02348555386  
-0.01128576402  
-0.08902532351  
0.1446656567  
0.1982831859  
0.1117775352  
0.1473649131  
