1.684638045  
-0.9958222949  
-1.367551235  
0.4193724602  
-0.6946488552  
-0.03273616445  
-1.193950614  
0.514738111  
1.140075423  
-1.871911968  
-0.7290808541  
0.4784041525  
0.6154121013  
0.2181185684  
0.1984512593  
-0.2497689855  
-0.4487354527  
0.03696245384  
0.5374372739  
-0.230564189  
0.9869028113  
2.51232471  
0.4381670914  
1.559757023  
-1.894693441  
-0.4285780469  
0.6281316818  
1.123491238  
-0.4400204983  
1.622924314  
-0.5950799443  
-0.9854814533  
-1.088281051  
-0.1763357126  
-2.446009321  
-0.2406798317  
-0.1061132571  
-0.4320295451  
0.04635639566  
0.898115802  
2.571140918  
-0.5139889935  
0.002088968416  
0.4293856287  
-0.5795933814  
1.006703978  
0.2523603051  
-0.9890102489  
1.188290714  
-2.219132156  
0.7653741923  
0.7634421147  
-1.145341883  
-0.7272989619  
-0.4983425634  
0.4482554501  
1.115094911  
-0.6163411427  
1.607063819  
0.8786592648  
-0.2796182683  
0.4053690419  
-2.851407595  
-1.885258271  
0.9542077211  
-1.4270101  
0.3506674954  
-0.5225723985  
1.102760765  
-0.07279585507  
0.8732077742  
2.084595053  
-0.389457922  
0.2574376957  
1.2723369  
0.9158206204  
-0.8809905955  
-0.3751717952  
-2.141297045  
-2.167873868  
1.163004663  
-0.1728128963  
-1.897573013  
0.7908220674  
2.29858011  
-0.5513316201  
1.277437735  
-1.014060319  
0.2870141473  
0.5097002782  
0.1295772357  
0.2291427154  
-0.2096180062  
0.338572583  
0.253501083  
1.224327081  
-1.794209655  
2.333740631  
-0.2982170476  
-1.327255489  
0.3462581252  
0.3720961393  
-0.2946084755  
1.754044091  
0.8637752971  
-0.1321088539  
-0.3586276288  
1.16864986  
0.06536786068  
0.3748664251  
-0.7321887491  
3.362167972  
-0.1998802461  
-2.322906911  
0.5317533267  
0.1480300689  
-0.6139088999  
-1.791257955  
0.6020990776  
-0.6730902322  
-0.8480545687  
1.142805004  
1.931432033  
-1.699534137  
-0.6078733316  
0.4450462927  
0.5582973908  
0.5324081941  
-2.046048084  
1.370007489  
-1.187269682  
-1.686794486  
0.9326526125  
-0.9037519448  
-0.2483105473  
0.7673026767  
1.321145757  
0.3871832365  
-0.1440890992  
1.366150517  
-1.832021766  
2.887813061  
-0.1014742359  
2.041886803  
-1.973455106  
-0.2305168679  
-0.1927539656  
1.337324133  
-1.62232773  
-0.8666536678  
0.5874524791  
0.7100817144  
-0.5651418222  
0.9150518063  
-1.08149946  
0.3213696751  
-0.2923081592  
-1.224600412  
-0.2750838759  
0.009978668459  
-1.070114527  
0.1239341745  
1.388613015  
-1.89037044  
-3.207302191  
-0.7421573042  
1.422699179  
0.3008388538  
0.2458043537  
-1.732474344  
0.001721667809  
0.7317273882  
-1.488159771  
0.4194036149  
-0.07140281574  
1.073414412  
0.5749845598  
-0.4956449702  
-0.4800078681  
-1.171985807  
1.089347727  
0.583543575  
-1.517177161  
-0.1824781009  
-0.7797953864  
1.149072186  
0.8858436663  
1.390680036  
1.74467122  
0.1507287176  
-0.1422877166  
0.5914568653  
0.9506850051  
-0.459590552  
-0.4591469571  
-0.08249303329  
-1.793023514  
0.8992778762  
1.023051394  
-0.9703875505  
-0.6139123436  
0.3784104101  
-2.895643982  
-0.9166964326  
-0.2794767721  
-0.8388642567  
-0.04600870049  
2.178578141  
1.720678331  
0.3881120775  
0.8638189709  
-0.6485046024  
-0.9990039337  
0.1991318364  
0.9563388407  
1.066822973  
0.6196332348  
-1.141656173  
0.9822773767  
1.394614921  
-0.5438509683  
0.8958756875  
-0.2510350573  
-0.6487388632  
0.92364692  
-0.9417377536  
0.1227709293  
0.5600249608  
-1.522153886  
-0.8333506529  
2.617689023  
0.5743483936  
-0.668448058  
-0.9175471133  
-0.08081910476  
1.231819094  
-0.06734379389  
0.9761164898  
1.179666972  
0.8785295165  
-1.671359561  
-0.5710161656  
-1.688806898  
-1.183192578  
0.3628379914  
0.5138313152  
0.5480627868  
-1.393264141  
1.675009221  
-1.922258427  
-0.04420290362  
-1.592094562  
0.7921039423  
-2.212278465  
-0.3974078553  
-0.8774220802  
0.002029007251  
1.101035454  
0.2986490808  
0.5382550665  
-0.9253052279  
-0.2491265921  
1.482504359  
0.1720714869  
0.1196734215  
-1.031708544  
-0.1227352432  
-0.362245157  
0.8120805897  
1.633224634  
-0.4252726934  
0.2819050471  
0.6133250363  
1.308491645  
0.6066178158  
-0.8041296075  
0.5466481681  
0.05564625106  
-0.3991143441  
1.533438362  
-0.8686432608  
1.599031373  
-2.188562694  
1.537056286  
0.549611041  
1.800955029  
-1.222198887  
-0.7158689744  
-1.106338862  
0.3312260909  
-0.2050639475  
-0.3249248542  
-0.1655176468  
0.3984057719  
1.560145057  
-0.8279600305  
-0.1465354119  
-0.2008156758  
0.362548564  
-1.128494192  
0.3198679286  
-1.532463315  
0.1005203483  
-0.2041917759  
-0.07714980424  
0.1834784291  
-0.7506251718  
-2.121129507  
0.5881147584  
1.015635876  
0.7093404372  
0.2199060872  
-0.4140244121  
-0.8506249639  
0.7102263895  
0.6380875683  
1.309575675  
0.2859670162  
-0.1494618203  
-1.511948654  
0.5208338668  
-0.7891717102  
-0.07780500935  
0.1833652389  
-2.5375736  
1.780603216  
-0.3352404417  
-1.152862681  
-0.1591337008  
0.8520913937  
0.04669007392  
0.7230074529  
1.23856611  
0.5677262694  
0.2071806517  
-0.3267983142  
0.6125617816  
-0.2211245048  
-0.3750118299  
1.25531724  
-0.4979752419  
-0.1356503115  
-0.5337822733  
-0.1578188573  
-0.9130353379  
0.003309576537  
1.215078441  
0.7508560778  
1.368188688  
0.6390450851  
-1.415095076  
-0.2017491349  
-0.3747479807  
0.1013794067  
-0.3122574971  
-1.07090524  
-0.8742439038  
-1.447585335  
-1.067613532  
-0.5989433074  
0.3554915018  
1.477636308  
1.151919316  
0.9820686901  
-0.3070750079  
-0.9324347491  
-0.1758410532  
0.8630685089  
0.1181351414  
1.156065712  
-0.1323692934  
0.2625570096  
-1.657962243  
-0.5922630001  
-0.02788808486  
0.7280405338  
1.471670024  
0.7075817086  
-0.2019632485  
-0.6627412141  
0.6405519517  
-0.1411491596  
-0.5928629218  
-0.8709863852  
1.353500565  
-0.9773278236  
-0.05601058747  
1.286770208  
-0.1187436544  
-0.5537357741  
-1.389172676  
0.772314778  
0.07868831594  
0.2753109639  
0.4923517894  
-0.6651002295  
-0.09021219287  
-0.7925197101  
-1.497957076  
-0.7543618009  
0.782665609  
-1.651730638  
-1.115326086  
0.03244672091  
-0.197310403  
0.7220037682  
0.7090548963  
-0.4415906599  
-0.03919835922  
1.378956597  
1.89742428  
1.144824957  
-1.73497456  
-0.08619612311  
0.2099551736  
0.07903337701  
-0.5625333084  
0.6927753487  
0.004625541877  
0.6940472933  
0.1823909666  
-0.5172133749  
-1.081009488  
-0.1927176523  
-1.470908882  
1.209647725  
1.230704011  
0.3026259944  
0.3457215639  
-0.02364796072  
1.015000674  
-0.2794939144  
-0.5528411084  
0.1935628872  
-0.04866232039  
-1.177634177  
-0.7253472096  
-1.087619496  
0.3230691633  
0.2063182772  
-0.3893150692  
-0.5253942964  
0.5484969174  
0.05162053145  
-0.8070578794  
1.077621459  
-0.02496115956  
-0.09473654942  
0.354782285  
1.620084901  
-0.5112090114  
-0.2252220738  
0.6061648025  
-0.9914307479  
0.6011470845  
0.5085247433  
0.7368712445  
-0.06195743122  
-1.864131133  
-0.5230067636  
0.4923742643  
0.6279472944  
-1.36016611  
-0.5152849453  
-0.5072365262  
-1.111461863  
0.02825238077  
-0.1460534229  
0.6644372642  
-1.514819647  
-0.8017492735  
0.7319842228  
-0.6562782391  
0.6235963206  
1.084192811  
-0.1231994636  
-0.04726900719  
1.009712047  
-0.0978140606  
-0.4835060303  
-0.6775032392  
-0.5399593797  
-0.8685005958  
-0.1262215056  
-0.4484219806  
-0.6453165786  
-0.3982305387  
-0.2137336423  
0.7402488334  
0.6267131499  
2.063954756  
-0.3913864787  
-0.5413939649  
0.8473222763  
0.6595822064  
0.2842833509  
0.8339053609  
0.1422103486  
0.5507768157  
-0.3955623104  
-0.4107674413  
-0.4574854511  
0.05223487226  
-0.8393549869  
1.110403621  
-0.9482345963  
2.053300612  
-0.2827685026  
-0.227649381  
1.43735087  
0.6689007298  
0.6827950575  
-0.04455021317  
-0.1505136101  
-0.3694158692  
-0.2398740107  
-0.618610714  
-0.8067616179  
-0.7841900039  
0.5049653749  
-0.8147524562  
1.252705191  
1.676599368  
0.2604441524  
0.324362748  
-1.421545908  
-1.374922105  
1.494527849  
-0.6573478369  
-0.6672631848  
0.07176828971  
-0.5990755463  
1.458088571  
0.4032771519  
-0.9709163196  
0.7128158146  
-0.6333104168  
0.7465863775  
-0.784573176  
-1.008145812  
-1.413029969  
0.5694309767  
2.137687932  
-0.0690883643  
1.172732735  
0.6932668986  
1.177799312  
2.039679164  
-0.4790039104  
0.03169678592  
-0.1971315129  
1.248655493  
-2.20928046  
0.07860287672  
0.8885066916  
0.2515880119  
0.3216875151  
-0.4927056142  
-2.173217761  
-0.6473897851  
-1.161024848  
-1.405407027  
-3.383634163  
1.302494232  
0.3777354672  
-1.094350291  
1.130012776  
0.8570194893  
0.9728061719  
-0.9421476598  
-1.30036838  
-0.4173964026  
-0.2268972174  
-0.367218261  
0.2038586349  
0.7579267211  
0.4261992647  
-0.8296527791  
1.469513895  
0.407565489  
1.159160809  
0.005611080766  
-1.587273974  
-1.074706149  
0.4530447455  
0.6487417413  
-0.7533124981  
0.795709828  
0.06894054227  
-0.3285820414  
-0.0228239716  
0.01752759581  
-0.3426682413  
-0.4960645759  
-0.736806387  
0.3581830276  
0.04230444161  
1.057972295  
-0.7271844087  
1.790662415  
0.4657132016  
-0.006341927506  
1.278771135  
1.588835744  
-0.06415777434  
-1.06538334  
0.8683518605  
0.4127143768  
-1.162289508  
-0.04714836635  
0.7183217247  
0.4665458388  
-0.4139392416  
0.716247458  
0.1052025406  
-0.7945624543  
0.08366647517  
0.09869204561  
-1.811999626  
-1.044668088  
