0.6652434902  
-3.728716923  
-0.1454895264  
0.6399257337  
-0.4168054324  
0.4276120389  
1.084651819  
0.3447155082  
-0.073989338  
-0.2040510591  
0.7191705326  
-1.522880309  
-0.7476113926  
0.4875918463  
-4.804151512  
-0.3733037994  
0.3002196238  
0.9953857519  
1.937111644  
1.202300617  
1.451433915  
2.366957479  
1.986414705  
0.8567518278  
-0.0423010568  
-0.1650453487  
2.152846171  
-1.968760078  
1.304135264  
-1.949551162  
-0.8931022805  
0.7638262906  
-1.876247632  
0.8781369154  
-0.01599364022  
0.3048334398  
0.8081339643  
-0.5074189228  
0.4509542872  
0.9684764237  
0.4876961904  
1.95543327  
0.9272590664  
1.000142756  
0.9373971399  
-0.2119632305  
2.075961401  
-0.591509488  
0.8119375621  
-0.6489864111  
-0.1436347937  
0.8393881637  
-0.1187869907  
0.688546454  
-0.2999465212  
-0.891425949  
1.242775728  
-1.058847636  
-0.06299575075  
0.2058508571  
-0.02554346727  
0.2293161958  
-3.497315989  
0.6317455728  
0.3620061849  
-2.151102273  
0.4321354788  
0.2341442281  
0.4252300672  
1.736350386  
-0.235581233  
0.9780376403  
-0.5501343098  
0.2486603245  
-0.2360648425  
-0.7329134702  
0.8739364275  
0.2737948278  
0.7121349134  
1.00116506  
0.1611193349  
1.68879669  
-0.7378552267  
0.1318734219  
-4.611181799  
0.6333009898  
0.06673106144  
-2.268868751  
2.235526707  
0.6503015407  
0.5004037799  
-0.3140021304  
-0.1435225101  
0.9347027927  
0.4768202655  
0.6038915041  
0.4086537007  
-0.1471030649  
1.200051188  
0.1863013723  
1.433179173  
-2.056945281  
-0.2004243723  
-0.05468574396  
-4.317746766  
0.4109700194  
-2.272828462  
-0.2789367057  
1.441390202  
-0.4194086502  
1.167279351  
-1.927734132  
1.090928623  
0.254365933  
-0.6187607422  
1.392763667  
-0.01234055255  
0.9465702504  
-0.07560265813  
1.346777589  
-0.9345933093  
-0.6961766966  
0.04794433867  
-0.257134807  
0.1434935507  
-0.01412827831  
0.3635901706  
0.3173741685  
0.6210942491  
0.376159195  
0.7420979497  
-2.535209017  
1.114911408  
-0.1188032928  
0.3617534349  
0.6106432728  
-1.408566634  
1.051383251  
0.09028095129  
0.3197561007  
0.790873328  
-2.796022283  
1.691960424  
-1.432817442  
-0.9575056586  
0.54342799  
-1.171113348  
0.7262079927  
-1.079059408  
0.1330466522  
0.5869463587  
-1.053070661  
0.6823401036  
0.6024916151  
-1.09842975  
-0.04968410207  
0.9677342258  
-0.4294790046  
0.4820631691  
-0.02073243295  
-0.6492282322  
0.3502121494  
-1.18901148  
0.7680523147  
-0.2733590774  
-0.7417931569  
0.8039332519  
-2.183100771  
0.734647174  
0.02236068435  
-0.4655530628  
1.514151035  
-0.1376412824  
1.206349916  
0.2131426957  
-0.3527152859  
1.311315422  
-1.348668319  
1.278845562  
0.3342477119  
0.05284777878  
0.3301559774  
-2.72750237  
0.6654179865  
-0.5765732759  
-0.1173763672  
0.9451428888  
0.1432979275  
0.01208821179  
0.6660723189  
0.3645512163  
0.4419614004  
-1.650964972  
1.616559563  
1.280551911  
0.1515563137  
0.4410869882  
-1.503615834  
0.513643666  
1.09113733  
0.9122103695  
0.3458887648  
0.1946448885  
-0.5197568849  
0.7173122707  
-0.4434837836  
0.7347433459  
-1.163024505  
-1.063478344  
0.3566861992  
-1.445606892  
0.2161545158  
-0.3131113543  
0.186698517  
0.02687789615  
-0.2453689164  
-1.946827005  
0.4676161685  
-1.962317343  
-1.222474853  
0.5204926304  
-4.175793058  
1.235285966  
-1.741159808  
-0.8308750556  
0.3322176313  
-0.6341790315  
1.340295265  
0.797719848  
1.165740466  
-1.593610797  
1.444646717  
1.824242213  
-0.0543393769  
0.9826754549  
-0.3564840956  
1.16825683  
1.198550732  
-0.4058451165  
0.740868397  
-0.1783075086  
-0.9078563307  
0.6427974692  
0.7531477039  
0.4747109152  
0.3218494081  
0.3452314495  
-1.615681275  
0.5226805251  
-0.6715466948  
-1.423379214  
1.622675589  
-2.219543613  
0.6879186164  
0.4284225659  
-0.3799828653  
-0.2365527574  
0.4071019127  
0.9328317557  
-1.714531282  
-0.4445696201  
0.4603052299  
1.065388058  
-1.550931472  
1.164708907  
0.6556003511  
-0.02593044672  
-0.03948516898  
-0.05358442783  
0.01755753013  
-1.206864344  
-0.01704077952  
-0.3493540347  
-0.5869320041  
0.1810177883  
-0.623259714  
0.1309969086  
0.5909895453  
0.1919208088  
0.5043169834  
-1.316196455  
0.2899559183  
-0.4270251271  
-1.022696113  
0.3223974905  
-0.4721903825  
0.555830501  
0.2870996712  
0.3347290524  
0.2387289382  
-0.5211086188  
-0.6191524498  
-0.1406049765  
0.1291738172  
-0.3537405006  
0.4598418947  
0.2004998052  
0.1730520312  
0.6829405891  
0.9292250672  
-0.2969573926  
0.8705903571  
-0.3772962135  
0.06239997579  
-0.06368520431  
-0.5294239431  
-3.703995845  
0.7114638344  
0.2083237549  
-0.4457892383  
0.2192003675  
-1.395439092  
0.6333239704  
0.8401467755  
-2.165862831  
1.087293377  
-0.6055009239  
0.4954383971  
0.9149117822  
0.3916642396  
1.131077141  
0.5881461801  
-1.669212002  
0.7757793905  
0.6948412616  
-1.061627764  
0.4040636338  
-0.1841891103  
-0.2857142687  
0.4223202303  
0.5285476134  
1.372023408  
1.139645507  
0.2093646508  
0.2220531091  
-0.4955822551  
-0.6330681677  
-0.4840599954  
-0.4283299894  
-0.1018548433  
-1.528204591  
-1.121195182  
-0.8200157908  
-0.683131561  
-0.875353641  
-0.4574113715  
0.6902432172  
0.006159839632  
0.2927391954  
-0.1077244323  
-0.1383649548  
1.227708553  
0.2642537796  
0.09647130855  
-0.05703184631  
-0.1988541862  
-1.032123048  
-0.3522661586  
-0.3531396329  
0.320861229  
0.07685405714  
-0.4096516258  
0.1968423873  
0.6868393988  
-0.4659313147  
-0.05278296722  
0.006970017137  
0.1661851865  
0.5550929276  
0.3551777359  
0.7268113805  
0.1317331341  
-0.6414995912  
-0.3477163063  
-0.452005769  
-0.3764928561  
0.247747735  
1.041304836  
1.016143299  
-0.1703616742  
1.0875601  
0.3815283741  
0.2657057713  
-0.3083475407  
-0.6104407897  
-0.5712068171  
0.4075863593  
0.07943746693  
0.4222339082  
-0.1054239435  
-0.03566180143  
0.2047319403  
0.1587767271  
0.4909962519  
1.011074931  
0.2593522148  
0.493127404  
0.6661719811  
0.2515843986  
0.217273397  
-0.221813915  
-1.37629989  
-0.4177249457  
0.3134537072  
0.03438782376  
-1.229061155  
-1.04198187  
-0.8853323654  
0.01772672753  
-0.3818600789  
0.02070006851  
-0.6310227283  
-0.5134824598  
-0.5849750552  
-0.178455806  
-0.8272076076  
-0.6555283531  
-0.002723902373  
0.0280238439  
-0.005977933563  
0.2551304604  
0.6550309474  
0.7859432673  
0.9283928877  
0.1146073444  
-0.5581718614  
0.2127454044  
0.8996605302  
0.8550139209  
0.2753771127  
0.6411257183  
-0.08239898878  
-0.8767106776  
-0.8159569523  
-1.146845586  
-0.4202684467  
-0.07631559582  
-1.122208797  
0.3410378934  
0.1965264175  
0.351897263  
0.457742388  
0.6474888724  
0.3522390634  
-0.1269928815  
0.01096104635  
-0.1657015779  
-0.3663007726  
-0.179383975  
0.2658567574  
0.4221373133  
0.2193031188  
0.6715200884  
0.5601724864  
1.28799302  
0.2481015423  
-0.0327749374  
-0.0450620425  
0.2507538206  
-0.1206880084  
0.6133207582  
0.6720640798  
0.7034867972  
0.4511625123  
0.629277412  
0.6797093448  
0.2597285333  
0.05503623257  
-0.778531587  
-0.4568773043  
-0.3093083774  
-0.8139201074  
-0.70172863  
-0.5624984372  
-1.079086071  
-1.679050478  
-1.520487883  
-0.2888998888  
-0.1414828982  
0.09737567806  
-0.4589626662  
0.0573956657  
0.3412970791  
0.177352225  
0.9363532829  
1.350412909  
0.3750917928  
0.0213762612  
-0.3279655828  
-0.967210949  
-0.3454975877  
-1.126406724  
-0.722944717  
-0.6718263054  
-0.7152170973  
-0.2809723733  
0.3572019764  
1.195299969  
0.2062710534  
0.9115489498  
0.5709689495  
0.4068481984  
-0.5295978558  
0.5451492316  
1.019117417  
0.7334640984  
0.08142817527  
-0.7368318128  
0.03902977068  
-0.08692512398  
-0.7901079511  
-0.3083464183  
-0.05731784143  
0.309607435  
0.5483429638  
0.344975113  
0.4425323663  
0.6421343804  
1.110935585  
1.518621222  
1.151077385  
1.880567136  
0.9489084992  
0.288353703  
1.426432979  
0.8372687459  
0.9053631806  
1.051520064  
1.063332928  
-1.58977933  
-0.633878373  
-0.5445828451  
-0.1295560466  
0.152983225  
-1.352131823  
-0.02214779622  
-1.396454608  
-0.5228695192  
0.3273470964  
0.5186174048  
0.3449135084  
0.8834149188  
-4.75586299  
0.5781158146  
-2.847651782  
-1.335022322  
0.507835838  
-1.256982489  
0.4103816581  
1.002639389  
-1.299488562  
1.896711775  
0.5900194042  
-0.3766964257  
0.01908765965  
-0.505024638  
0.3882328064  
0.978300346  
1.402841765  
0.156583316  
0.622166703  
0.3208812185  
-0.8571909632  
0.3720038357  
1.024621082  
0.4879516316  
0.8077904857  
0.4101398272  
-1.345727921  
0.5494344359  
-0.1442413277  
-0.4322839206  
0.1221091542  
-0.9207479042  
1.36549668  
-2.992696534  
0.01003131563  
0.581823741  
-0.4615257289  
0.01937022471  
-0.9344494092  
0.1327975284  
0.7507852686  
0.676171039  
-4.767534237  
0.794521833  
-2.783094388  
-0.1354547345  
0.754197488  
-1.876933428  
0.5025319555  
-0.3041689483  
-0.5610530708  
0.1735881517  
-0.4207385101  
-0.5185864524  
0.8092432015  
-1.228958728  
0.5457463839  
-0.2235340704  
0.4127380376  
0.7154416817  
-1.238359888  
0.3455936066  
0.3723488897  
0.9174634731  
0.6473736235  
0.1463137154  
0.1014543055  
-1.760768898  
0.000588262874  
1.047893843  
1.040644957  
0.5030296551  
-0.1067028509  
0.7930785241  
-0.6421449138  
-0.772780146  
-0.5540447185  
0.1085133693  
