0.4096389595  
1.462776572  
-1.445187628  
-0.2903697231  
0.07369136802  
-0.5164482162  
-0.1731384705  
0.5778070332  
0.8500538244  
1.366979562  
-0.0964718128  
0.6550657171  
0.6949670849  
0.2168989425  
-0.6387242988  
-1.456098669  
0.08023928273  
0.7357279518  
-0.8611388253  
-1.065016574  
0.2369346836  
-0.443975599  
-0.5552549117  
-0.2215194386  
-0.4279997333  
-0.1710714821  
-0.6506737666  
0.1616734579  
-0.8329847215  
-0.09416722934  
-0.6357535089  
-0.3722004283  
-0.3814852489  
0.3826941631  
-0.4348282867  
0.3170001273  
0.06488971823  
-0.248003789  
1.046388582  
0.03278875087  
0.9287832549  
-0.2080428951  
-0.07635254181  
-0.6895505042  
0.231194478  
-0.2965607267  
-0.8515150953  
0.8649045827  
0.366425853  
0.3770127349  
0.817422243  
-0.00245789699  
0.5915909161  
-0.7820595797  
-0.1529471081  
-1.065000976  
-0.1102702311  
0.2550697725  
-0.2832467875  
-0.7152558067  
-1.6589035  
0.2309334412  
-0.122193786  
1.016675452  
0.2518362313  
-0.02699790083  
0.5779297014  
1.323705046  
1.344299058  
-0.37611785  
1.128751866  
-0.2188706031  
0.5490004145  
-0.1992253356  
0.1962134831  
0.5943165772  
-0.3064814532  
0.3825453572  
-1.116267592  
0.1685322028  
0.2836595895  
-0.31858498  
0.4582708754  
-0.894849585  
0.1615166412  
-0.1062444376  
-0.1511809572  
0.7285886927  
-1.358589959  
-1.441983086  
-0.8104926999  
-0.264176074  
-0.3498856361  
0.2398191616  
0.06698935136  
-0.2046615036  
-1.201814193  
-0.790547267  
-0.7365350911  
-0.8271015657  
-0.7096670451  
0.04966643263  
-0.4137908631  
-0.1797932039  
-0.5023443177  
0.5857851946  
-0.1877315522  
-0.9938083831  
-0.8276133429  
-2.032717018  
-0.4525258358  
-0.5820692158  
0.1447888545  
1.313509628  
-0.006901044705  
0.0320645596  
0.1220241276  
-0.1552210756  
-1.943079993  
1.481183966  
0.3344692629  
1.627602933  
1.620346613  
1.567161286  
2.148032668  
1.862990889  
0.9959461296  
0.667704282  
0.4411920313  
1.010464989  
1.486777112  
1.163075963  
0.9449461407  
0.2972020562  
1.035899086  
1.565642463  
-0.4218299646  
0.4306721359  
0.7902632757  
0.9079096901  
-0.44438525  
0.5708384303  
0.08517223531  
1.015591998  
0.2787847891  
-0.01520890608  
0.1605632977  
0.1330127526  
-0.256609809  
-0.8144926909  
-1.230479656  
-0.696824039  
-1.483235577  
-1.026077086  
-0.9426176738  
-0.4873114176  
-0.4007459623  
-0.9380960247  
0.08380053279  
0.02731853844  
0.2711751148  
-0.579484689  
-0.6920409867  
-0.3102354617  
-0.9076487847  
0.3864646274  
-0.6819859326  
0.432881702  
0.3159375444  
0.4637982032  
-0.08456059126  
-9.505656482e-05  
-0.1313471917  
-0.6780856246  
-0.6112865012  
-0.2151804329  
-0.01448868163  
0.1058385585  
-0.3352731154  
-0.1180718259  
-0.6234174573  
-0.7032048075  
0.07605462064  
-0.7218833626  
-0.988654049  
0.2781396804  
-1.002001782  
-0.829618885  
-0.2869340918  
-1.31490113  
-0.6363077952  
-0.2990936175  
0.6561700023  
0.9217304513  
0.6273057134  
1.990492403  
1.254180869  
-0.2778863976  
0.8656506676  
0.8753109766  
0.7127301765  
0.9704754526  
0.006824002351  
-0.4885188108  
0.3406536907  
-1.43110933  
-2.187510753  
-0.9761690444  
0.5466041342  
1.145944725  
1.483091371  
-0.4781125038  
-0.07345978882  
-1.105022026  
0.5558334887  
-0.05396712792  
-1.207574048  
-0.7832644707  
-1.008061249  
0.5275173154  
0.05401974219  
-0.2645072653  
0.2928585336  
-2.331137228  
1.178723202  
1.300444852  
0.201086428  
1.314597948  
1.45243166  
-0.5068291986  
0.1669784694  
-0.5728075254  
-1.0834289  
-0.4473489947  
2.155334019  
0.3744611539  
2.353130859  
2.113044516  
-0.7523909608  
-0.1771878696  
-0.7238131652  
-0.7317103235  
0.03248144286  
0.5376232394  
0.1416067625  
0.0832656807  
-0.5909773885  
-0.8932680511  
-0.7704239281  
-1.13551278  
-0.4133692246  
0.1679808806  
-0.146048631  
-0.5582871906  
0.01357796237  
-0.8920263905  
-0.3348266782  
-0.1127086773  
-0.1734942379  
-0.7891741997  
-0.7792687711  
-0.4717450413  
-0.724672552  
-0.428324255  
-0.6945436198  
-1.27835586  
-1.913890313  
-0.378338501  
1.770212823  
0.9765816235  
2.571245645  
2.051768109  
0.3146310532  
1.542319919  
0.5770093558  
2.878435017  
1.436680301  
0.03246518432  
0.3017679099  
0.7300853127  
-1.482538271  
0.3830812862  
0.8822300297  
-0.6787869383  
2.625922679  
1.76468733  
1.909246408  
1.003370834  
0.1780929875  
-1.23636374  
-1.699307068  
-0.8642657717  
-1.678522536  
0.6012085159  
-0.02807608164  
-0.2478009439  
-0.7086523431  
-0.2567706637  
-1.686848251  
-0.1939346625  
0.8595563599  
2.159163074  
-0.5529129639  
-1.560522449  
-3.152369508  
-1.428276513  
-0.7969110964  
-1.126368016  
-1.076519007  
-1.651513743  
-0.8516717639  
-1.99231632  
-0.580255539  
0.5446538536  
-0.6173448976  
-0.8061819967  
-0.05784417519  
-0.7330732362  
0.3835269751  
4.473631467  
0.9745111652  
0.6592666201  
1.934337662  
1.833333889  
0.3857305491  
1.869062745  
0.5350722108  
0.03570590937  
-0.1910092243  
0.2333395045  
0.09747448053  
-0.08269422206  
-0.7355841735  
-0.965011276  
-1.165984501  
-0.2023568503  
-0.7328277602  
-0.794145261  
1.832039187  
1.869584032  
3.024836635  
1.56388889  
1.085309974  
0.766153928  
0.433544232  
-0.4142234777  
-1.228526606  
-2.399750736  
0.6868277785  
1.960493525  
-0.2358176288  
-0.2570395592  
-1.031141988  
-1.308923582  
-1.196266496  
-1.244227753  
-1.433687939  
-0.8788410254  
-0.2589058773  
-1.048540592  
-0.3725883193  
0.02978644208  
-0.2769369683  
-0.8800451772  
-1.498761032  
-0.2050271859  
0.2264632911  
-0.2960792231  
0.2764888013  
0.8623844489  
1.237787735  
0.1388061769  
-0.06065331321  
-0.01839037677  
0.8912048338  
-0.1912884407  
-0.3454089835  
-0.6382465336  
-0.1441174201  
-1.075749826  
-0.046261869  
-0.6179112345  
1.145017047  
-0.4108571028  
1.290112748  
0.6770057927  
1.060205843  
0.5326440538  
1.308069415  
-1.000055957  
-0.6007432066  
-1.331706224  
-0.06423685951  
0.06544469259  
0.7286925117  
0.9594927964  
-1.226771404  
-0.720073201  
0.1200001198  
0.8007713113  
-0.7216267729  
0.2892477288  
-0.1667162022  
0.6026973646  
-0.1491483437  
-0.1580862912  
-0.2392756753  
0.1310385923  
-0.2550002312  
-0.4499766788  
-0.3006877688  
0.07559947624  
0.2767887841  
-0.1027390177  
-0.407539386  
-1.020211647  
0.2703625088  
-0.7627660767  
-1.002891607  
0.7013307461  
0.08535116682  
0.3336008288  
0.6428728608  
-0.4860094958  
-0.6159167019  
0.1554074852  
-1.033934764  
-0.559382376  
-1.172646858  
0.08341756689  
0.8620797734  
0.3066736887  
0.4702478405  
-0.005148384313  
-0.2550764116  
-0.2707225955  
-1.487033988  
-0.8455393241  
2.009652505  
1.413505797  
0.3684712203  
0.3433961693  
0.3940820685  
0.9336476049  
0.9057507159  
0.9043118402  
0.8891870361  
0.207014372  
0.3896311486  
0.3612840826  
0.3627112194  
-0.3763652947  
-0.4636949498  
0.4674061885  
-0.5502659666  
-0.203924985  
-0.8585343824  
-0.4266499901  
-0.8033513547  
-0.1918504367  
0.594779055  
1.342639504  
1.358329236  
0.3182836503  
0.1122604241  
-0.1258452584  
-0.8218668882  
-1.501194841  
-0.04875106671  
-0.4925854583  
-0.9481680296  
1.458849326  
0.5210275317  
-1.089136293  
0.6945138669  
-0.7819417776  
0.06689546278  
-1.20565384  
-0.2827478646  
0.5457685751  
0.2015227126  
-0.07900910202  
0.7613345437  
1.247074928  
0.986370514  
0.0367899949  
-0.6002580162  
-0.2112642248  
-0.2490743268  
0.4523375018  
0.3690297679  
1.07371063  
0.1508000703  
0.7403219468  
0.4866016875  
-0.7987692195  
1.232315712  
-0.2611998142  
-0.2166175967  
-0.2257019705  
-0.8102667328  
0.1646024975  
-1.618261395  
-1.763202623  
-0.6380840693  
-1.69117373  
-0.9829883109  
-1.899313025  
0.9080306649  
1.538800191  
0.3388840901  
-0.2731046751  
0.4573116403  
0.6813447596  
0.05263552495  
0.6383716938  
1.266986776  
1.493265332  
0.6615195561  
0.3689872932  
-0.6133959315  
0.2319706023  
0.04798480497  
-0.4632329693  
-0.7189923871  
1.408828629  
1.716515408  
3.494061882  
1.750382079  
0.1297916526  
0.9083110889  
0.6064963337  
0.5462513037  
-1.581109576  
-1.511281668  
-1.921983721  
-1.471685156  
-0.6775154465  
-1.286117203  
-0.2940631448  
-0.3563147752  
-0.5786024611  
-0.4355286972  
-0.3862662287  
1.176966059  
1.574109564  
0.6562603338  
-0.9895211021  
0.4114376333  
-0.2458462534  
-0.5843433516  
-0.6871519272  
0.08121806481  
-1.017521965  
-0.1467732124  
0.4461958044  
0.3780739734  
0.2402730102  
-0.7091428559  
0.01585185759  
0.04408970438  
0.02151812825  
-0.6651553616  
-1.870165603  
-0.9716991014  
-1.615547136  
-1.369229289  
-0.4083409303  
-0.9545638389  
0.2978567872  
-0.2942314148  
-0.1821565649  
-0.5921374184  
-0.118845747  
-1.179393653  
-0.4113312844  
-0.08902511991  
-0.1087623619  
-0.139890773  
1.036031102  
0.2006289678  
1.693654839  
1.270289183  
1.007122182  
0.8538037316  
-0.1577587382  
0.5246409313  
0.93737654  
2.001378113  
0.1938341133  
0.880499734  
0.1627769767  
0.8498592086  
2.152474287  
0.317882457  
-0.6433449679  
-1.031414021  
0.950297801  
0.6054580838  
0.9107173394  
0.1204462182  
-0.3553021137  
-0.1173279208  
-1.135860975  
-0.6651005823  
-0.5575523477  
-0.3351630045  
-0.4251610286  
-0.1265839336  
-0.7006184737  
-1.686175172  
-1.223025927  
-1.019702941  
-1.366048452  
1.347597472  
1.460964072  
-0.2288376798  
-0.2534732708  
-0.4561413139  
1.064782007  
-1.087428084  
-0.9110998569  
0.594829473  
-1.032258578  
-0.04863480588  
-0.5730571655  
-1.056898386  
-0.4485111692  
-0.6312914278  
0.2351272954  
0.6980139835  
0.919181563  
1.152077078  
0.5471911438  
0.162685916  
0.5841720343  
0.5681709403  
0.1473645924  
0.09572531391  
0.7178647224  
0.8345923242  
0.4399853367  
-0.6039848866  
0.05300240488  
1.434599868  
1.271124835  
0.6851412042  
0.8341020722  
0.389595253  
0.7605203672  
0.3770343469  
0.2182346996  
0.4155054033  
-0.3085241523  
1.291233521  
0.8113365372  
-0.7860708398  
-1.349162281  
-2.501657742  
-0.4486906941  
-1.688674155  
-1.316382075  
-1.791880584  
-1.092798476  
-0.8538880437  
-0.3702234113  
-1.726428234  
-1.008312436  
-0.4312423174  
0.3806662449  
0.05001721963  
-0.09219282497  
0.4609715995  
0.6594160735  
1.130541015  
0.6195219938  
1.025310859  
-0.5035169168  
0.4896595712  
-0.3232588052  
-0.302976571  
-0.4275298387  
-0.3091777835  
-0.4131171874  
-0.5250528183  
-0.4436027218  
0.576324377  
1.026900545  
1.163774553  
1.534302604  
1.674975141  
1.500795451  
-0.2259330193  
0.2840755135  
1.55559263  
1.333563135  
-1.071829601  
-0.7466084121  
-0.06653223087  
-0.552310687  
0.6359060909  
0.06093532425  
0.583321262  
0.4966811028  
1.398257266  
0.2095112879  
0.9687990564  
0.3186042612  
0.08557523877  
1.651199554  
-0.4004817801  
-1.73962138  
-0.8164702508  
-1.20482921  
-1.287417066  
-1.424004552  
-0.1323415925  
0.07620750596  
-0.375411732  
-0.3267699995  
0.1202642765  
-0.5905791176  
0.359229867  
1.468336725  
2.435833446  
2.197666077  
2.103718955  
0.675661676  
-0.6710320875  
-1.935010757  
-1.241211734  
-0.1383014538  
-0.1475278466  
-0.3247227726  
-1.434799328  
-1.758137422  
-1.437115442  
-1.596745973  
-0.8962626712  
-0.2048224143  
-0.6010372029  
0.9751403286  
-0.5123656266  
-0.7993578055  
0.2741710677  
-0.05666490818  
0.5301379423  
-0.1164254324  
0.5163648759  
-0.5365549469  
0.4207810709  
-0.1797912832  
0.4113557778  
-0.0913415209  
1.691414916  
0.7620101697  
0.5624847639  
0.4902758709  
-2.092023172  
-1.073492226  
-1.72974808  
-1.115967788  
-1.231335449  
-0.6941474558  
-1.171182663  
-0.09416901484  
0.8587181274  
1.647425316  
1.224775148  
1.940392171  
0.9152734527  
-0.1870565374  
0.5886564009  
0.7915486167  
-0.3898261469  
-0.09448840552  
-0.4602201878  
-0.5016083597  
-0.6068670139  
0.3585608218  
-0.195561684  
-0.08264545476  
-0.513643903  
0.1257739637  
1.773560585  
1.523428039  
1.797578163  
1.724104006  
2.099814989  
1.356788101  
1.76695865  
0.8308159405  
0.9507895035  
-0.5904791534  
-2.146172056  
-2.161032388  
-1.889704299  
-2.535799821  
-0.8643948548  
-0.7444980832  
-0.3918143473  
0.1156082692  
-0.8189280823  
-0.2082292973  
0.2358827089  
2.186319357  
-0.2793462543  
0.04707055008  
0.4084746036  
-0.6819554666  
-0.0109733511  
0.1151311451  
-0.3699834346  
0.5856165343  
-0.4694625282  
0.0526641687  
-0.1172837198  
-0.008913573838  
1.33764855  
0.7057819642  
0.638741322  
0.3127000592  
0.1354009072  
0.8593366115  
-0.4938384973  
-2.183990409  
-1.107674826  
-0.270763796  
-0.6831418695  
2.194421263  
0.7367738233  
1.073235686  
1.401246363  
-0.2305901285  
0.3217809306  
1.289589548  
0.0778277567  
-1.591779285  
-1.400231997  
-0.6975492118  
-0.4897459865  
-1.080152846  
-0.8228801038  
-0.5288893092  
-0.6483305891  
0.05964265251  
1.107881536  
-0.01967839417  
-1.15571102  
0.9422760875  
1.642547704  
1.363219225  
0.385029556  
-0.7525298586  
-0.6486972486  
0.8929742631  
1.065465881  
0.5444868108  
-1.439909621  
-0.6706375781  
-1.033564026  
-1.097097926  
-0.1387443382  
-1.212441645  
-1.752587179  
-1.407612092  
-1.294809763  
-0.4409831395  
0.6186930466  
-0.4276602034  
0.5174624883  
-0.002668923099  
0.4413269489  
0.5281514685  
1.049110055  
1.346233293  
1.031498157  
1.059224178  
1.108593276  
1.583069277  
0.9488696414  
0.458427488  
-0.3203030398  
0.8118394746  
0.6599783706  
-1.259088496  
0.2266639887  
0.5690737505  
0.0496136043  
-0.2162623093  
-1.380891107  
-2.539050719  
-1.033752005  
-1.078493503  
0.6133348242  
0.9504283162  
-1.685229592  
0.4396409175  
0.493481985  
2.222165625  
0.1146485331  
-0.7705906857  
-0.103332951  
-0.3624675605  
-0.9111585688  
0.2381590896  
-0.1069361726  
0.5136145632  
-0.7071447734  
1.371089591  
-0.5337920084  
-1.122252104  
1.002983539  
0.6414134292  
0.1933321338  
0.3390814543  
-0.2936835154  
-0.4461804102  
-0.6403211172  
-1.270394362  
-1.056604413  
0.9904206319  
0.8467466434  
0.842769384  
0.7692160912  
-0.7721981627  
-0.7295370998  
-0.4813013784  
-0.5360274006  
-1.193931164  
0.2220189782  
-1.227536178  
-1.755076316  
-0.4047855524  
-1.240074833  
-0.475687908  
1.293589981  
-0.1453757945  
-0.2451645434  
-0.1217679572  
1.002950148  
-0.5412722431  
1.000825952  
-1.001608147  
-0.3284996916  
-0.2325012616  
0.3512093419  
0.7876755878  
0.6541097986  
-0.4549569477  
1.239600997  
1.825996717  
1.119533455  
-1.040758748  
-0.4391542256  
-1.592355884  
-1.2242303  
-0.7017081319  
-0.6411426629  
1.280728932  
1.025198725  
-0.4504886343  
0.8343489535  
0.8561935479  
-0.6077204905  
0.3272928025  
0.6675108214  
1.831499142  
-0.8927611215  
1.246049549  
0.3789765897  
0.8237871228  
-0.1186123759  
-0.8466262857  
-0.02319910173  
-0.4272169292  
-0.3445417758  
-0.5376822366  
-2.276001242  
-0.9350887999  
-1.137554001  
-0.3566396656  
0.06669132765  
0.04216217707  
-1.882721859  
-1.635530314  
-0.4210168451  
0.02401722559  
1.374080476  
1.553536362  
0.6055104498  
1.227580382  
-0.7596407597  
0.117160038  
0.157261786  
-0.208331235  
-0.4701510079  
0.6181089414  
0.658414587  
0.8125214637  
0.7585382005  
1.489716452  
0.9910869428  
-0.594202433  
0.08261726219  
1.032908579  
-0.2713725119  
-0.08211120871  
-0.3685101118  
0.07424024744  
-0.1945867908  
0.7930635642  
-0.1304589493  
0.5977774864  
0.6516123102  
0.8960912796  
-0.5986030468  
0.624063329  
1.924058247  
1.097798003  
0.07505105919  
0.5537493363  
0.003970131706  
-0.5769426146  
0.4936481767  
1.21950739  
1.250554674  
0.3100370311  
-0.9122685928  
-0.6351726217  
-1.523712551  
-1.02361944  
-0.9784801026  
-1.132265162  
-1.949541894  
-0.5657111476  
0.7516370817  
-0.2355628452  
-1.643579775  
-0.1837941962  
-0.6643031523  
-0.2167123808  
-0.1125209159  
-0.3218455087  
1.391416767  
0.1773051004  
1.167073605  
0.006676664885  
-0.134048036  
0.1071212284  
1.200394433  
0.766073947  
0.5628154833  
0.3944771383  
0.3817754893  
1.772717666  
0.03912865148  
0.06587706528  
-0.2431483622  
-0.03505553879  
0.1309948698  
0.3258449066  
0.916835762  
1.714378693  
-0.2866279443  
1.692038897  
-0.1401121257  
-0.5629950733  
-2.009572952  
-3.205631209  
-2.09077924  
-1.64356487  
-1.620553987  
-0.6510608799  
-1.563336381  
-1.965403502  
-1.520283401  
-1.318356932  
-0.4855756196  
-0.5442398969  
0.933466456  
0.5135863243  
0.5402601382  
0.1813179295  
0.9646832525  
1.483383881  
0.2459695677  
0.8360727127  
1.633005488  
1.243475169  
1.544804185  
2.334907691  
0.1878425159  
0.3983845  
-0.4599257393  
-1.581405527  
-1.393931302  
0.4286191344  
1.219503724  
0.06316253935  
1.657105244  
0.7559259186  
0.5747776546  
-0.1605689695  
-0.853358  
1.39003238  
-0.4079195607  
0.6454285181  
0.4249646215  
0.372786631  
0.5041340322  
-0.2832885939  
-0.5870221974  
0.627290488  
0.140224639  
0.2232104483  
0.1121703211  
0.2596700533  
-0.3881235709  
-0.7642652853  
1.1126809  
-0.05459574852  
-2.664433576  
-2.705864645  
-1.575279772  
-1.123189285  
-0.2070414001  
-0.6394319082  
-0.1717068194  
-0.4335436282  
1.453876707  
0.7311194016  
-0.09565840304  
1.523306451  
1.070068449  
1.826028591  
1.433543391  
0.3703772163  
-0.3820220455  
-0.5582633844  
-0.2595491395  
-0.4546368043  
-0.1931022378  
-0.4661597728  
-0.1133851392  
-0.2020914993  
-0.353714011  
0.3440318121  
-1.36889982  
-0.2578201579  
-0.05523307714  
-0.2408969756  
-1.440781793  
0.02001939711  
-0.0617570434  
-0.2969064915  
1.433140021  
-0.553392466  
-0.03649024937  
0.1889312156  
0.2332166505  
-1.432784987  
-0.4562648675  
-0.1841876916  
-0.5983704134  
0.1608080791  
-0.5795962526  
-0.2951568779  
1.155286308  
1.820968912  
0.820831867  
0.7808634729  
1.675809655  
1.75837898  
1.719369102  
1.668259246  
2.625669329  
-0.4104747215  
-2.72133686  
-2.486900556  
-1.939517745  
-1.072995727  
-1.328279689  
-0.7149388612  
-1.165924946  
-0.9873393825  
0.3646431384  
-0.9648885128  
1.279091437  
-0.4506894343  
0.9332420799  
1.420922  
0.139097127  
-0.3955634177  
0.8553225544  
-0.4314811309  
0.05747789906  
1.089069687  
0.551763692  
0.3843915104  
0.672125758  
1.963894229  
0.2977386236  
1.368943819  
1.140492648  
1.068207771  
0.6955055686  
-0.132746299  
-0.3241488567  
0.02565727828  
-1.773781198  
-0.7342158007  
-2.45914335  
-0.2525782435  
-0.02000547917  
-1.30146516  
0.3114558736  
1.530645869  
-0.4533093109  
-0.1530554427  
-1.1536872  
-0.8300843543  
-1.351247669  
-1.258303472  
-1.036658639  
1.096798199  
0.8008148554  
-0.3527593405  
-0.3826895705  
1.279120066  
1.01420743  
1.874770803  
1.760403043  
0.54047222  
0.09204952923  
1.324773887  
1.1268393  
-1.567338671  
-0.3472362626  
-0.3006169032  
0.02980663137  
-0.07581556703  
-1.306050807  
-0.7942415536  
-1.480211868  
-1.619475464  
-1.363380047  
-0.727344418  
-0.6946754811  
1.005172896  
0.03074093537  
0.5866599898  
0.3787635467  
-0.4212358972  
0.8560876333  
0.1508733363  
-0.1193089087  
0.1351499825  
-1.473516119  
0.1205924513  
0.3782289431  
-1.056403843  
-0.4772453707  
-1.073400381  
-1.181628763  
-0.2669827443  
2.126422823  
4.126269803  
-0.7995148678  
-3.221276169  
1.640721895  
0.528243232  
-0.742226877  
-0.9272381653  
-0.7888733433  
0.7363559825  
1.750886105  
0.08194091287  
0.5164098831  
-0.5137400571  
-1.58967107  
-1.532249735  
-1.803585563  
-1.490734857  
1.245001004  
0.3000255763  
0.02974360265  
0.7106284444  
-0.07175177639  
-0.01169926349  
0.9566200786  
0.54769738  
0.3856377772  
-0.2777166297  
1.30058883  
2.589952852  
2.850322333  
-1.676028321  
-2.0379213  
-0.5660565128  
0.3223435532  
1.434633739  
-1.030797  
-1.930820722  
1.324009749  
-0.2018410192  
1.898162032  
-0.264033867  
-1.578401023  
-0.1202873589  
-0.1850546583  
-0.482613513  
-0.878649228  
-0.5788087793  
-0.2879445813  
-1.479250183  
-0.2829082546  
-1.377120911  
-0.2370327367  
0.3412835705  
0.04879817136  
0.3914890326  
-0.7029702695  
0.2888786248  
0.4145820147  
-0.2267471893  
-0.4603794412  
0.3526565969  
-0.05524495226  
0.1866142162  
1.376972101  
0.5487836883  
0.6418350033  
-1.061607804  
0.06108582142  
0.1246292228  
0.977178263  
0.7594562649  
-0.5734893407  
0.08654489628  
1.82818682  
1.615941407  
-0.3120514083  
0.5460325847  
1.074055652  
0.5070513312  
1.072776504  
0.2239915818  
-0.1858928139  
0.3396717385  
-1.618886326  
-0.51679117  
0.8995848619  
-0.1725402577  
-0.6775260986  
-0.9627207017  
-1.009630227  
-1.334686887  
0.2978168633  
-1.037377731  
-0.1215257824  
0.6363466239  
-0.1777211177  
0.001779316278  
0.3693923915  
0.1463772141  
-0.49047905  
0.4082916593  
-0.2111737551  
-0.6517718837  
1.253062419  
0.215599734  
-0.03647553731  
0.5918373953  
0.6688924568  
0.6716893049  
-0.5655964676  
-0.5007111211  
-0.1669390941  
-0.2319025973  
0.9282869634  
0.1019182682  
1.087624442  
0.02969620532  
-0.434059983  
0.2699037405  
0.9319348928  
-0.151529338  
-0.5859763192  
-0.2625071576  
-0.01907147764  
1.074064038  
1.570489943  
0.929892112  
0.3491748936  
0.6939771378  
2.069234276  
-0.8368257215  
-2.303575739  
0.4473624059  
0.5521439838  
-0.616930295  
-0.5179694956  
-0.1961993208  
-1.032087389  
2.013404885  
1.655764444  
-1.723455589  
-1.882809509  
-0.4242700456  
0.868786795  
0.8840957356  
-2.260181562  
1.102530201  
-1.189807748  
0.5794655912  
1.484321616  
-0.2899942618  
-0.7087101147  
-0.9428979017  
0.5607813266  
0.5797595067  
0.2086916699  
-0.1371804099  
-0.2110314043  
-0.7117654116  
-0.5709588361  
-1.115495924  
-1.261729953  
-1.787563077  
-0.1950998086  
1.009436232  
2.071746868  
0.6410828579  
-0.3561196937  
-0.6017539657  
-0.7539456954  
-0.9222800695  
-0.03938850031  
-2.68810466  
-0.3785458692  
-0.5700940792  
-0.4553543867  
-0.196983361  
0.1351007533  
-0.4085056618  
-0.06228037123  
1.000618939  
1.117826337  
3.005944322  
-0.1190830788  
-0.7847472196  
-0.6990838809  
1.302272288  
0.9208756535  
0.8136873982  
-0.1394822616  
-2.697423841  
-0.2117337256  
1.049340929  
0.6477767238  
-0.5466454741  
-0.09392001881  
1.27778997  
1.952161739  
1.231694391  
-0.8858145351  
-1.045174058  
0.1786451746  
1.122739535  
1.509301464  
0.1685638052  
-0.587634205  
-1.743871413  
-0.7621069115  
0.8968880744  
1.389228199  
0.3584172773  
-1.106316161  
-0.3271251898  
0.9191878757  
0.9455274338  
-1.573511725  
-1.05304641  
-0.755075984  
0.2929145183  
0.6093063587  
-0.9062933271  
-1.447572361  
0.3148526834  
0.3171353083  
1.47925396  
0.6676757957  
-1.972652148  
-1.589042097  
0.4626157891  
-0.2054934936  
-0.7157168908  
-1.543382803  
0.5066966632  
-1.555195658  
0.5034643929  
1.15976927  
2.173695257  
-1.061388653  
0.5639429275  
0.8622376699  
-0.7714739428  
-1.815340164  
-0.4723856889  
0.1037554794  
-0.4756409965  
0.9583286893  
-0.0245620102  
1.575050869  
-0.9903569973  
-0.08192389223  
-0.54074033  
-0.4403139269  
1.233487003  
-1.12752237  
0.5232252086  
0.03436007297  
1.771445885  
0.4497476298  
-0.5799261114  
-1.169915744  
-0.4168418894  
1.7357382  
1.893610879  
-0.07317016271  
0.1931915785  
0.3100244357  
-0.4233289537  
0.7058832071  
-0.07900816974  
-0.6150354783  
0.4304915616  
-0.04315029758  
0.5858439324  
0.2073200785  
1.102220293  
0.1668418841  
-1.459613724  
0.4967470367  
1.649935117  
1.999889372  
-1.06119062  
-0.7835158623  
-0.6634072467  
-1.014696474  
-0.1914051866  
-3.037389106  
0.4913817889  
0.4039576157  
1.732868322  
1.017175375  
0.07467940218  
0.2695941566  
-0.5481574059  
-1.797540186  
-0.5486327293  
-0.2712373518  
-0.892575303  
-0.867221234  
-1.016400634  
0.9967490145  
-0.4414054974  
-0.4704591546  
0.8167222641  
-0.9555108696  
0.02676990574  
-0.6491379825  
0.181374775  
-0.5206700483  
-0.6390297515  
-0.008695767275  
-0.1921070021  
0.872137227  
-0.8851149342  
-0.1321178473  
-0.2543150967  
0.3809286344  
1.000239701  
0.8293467054  
-0.0612830596  
-0.213026501  
1.387937541  
1.656579389  
1.65241158  
2.24056939  
-0.3795998161  
-0.983644214  
-2.401677798  
-0.724483694  
0.03101934052  
-0.1133990379  
0.1012907833  
0.3080931054  
-0.4451930585  
2.492766727  
1.131260835  
0.1915046976  
-1.48330941  
1.467281648  
1.858079723  
0.7153825875  
0.5147419376  
-1.60132369  
1.139087287  
1.7003846  
-0.006204161754  
-0.6228028265  
-0.7075661032  
0.532555181  
0.2367429202  
-1.561800698  
-0.3521994  
-1.137168006  
-0.8488617863  
-0.3856609044  
-0.8027561166  
-0.3475751201  
-1.072263435  
-0.8749560427  
0.673667875  
-0.6950973528  
-0.009636332829  
-0.5904273364  
-0.6167015837  
-0.8301480392  
-1.663648756  
-1.710884575  
1.65853282  
1.174973437  
-0.5595822548  
0.5949836362  
1.16147176  
-0.2404850711  
0.05903975386  
-0.1408234299  
0.4011780308  
1.60140076  
0.7491533842  
-0.2401380214  
0.06920015552  
1.00354208  
0.5607418492  
-0.09057878376  
-0.4661133861  
0.6933129943  
0.5088400861  
1.466772918  
0.5281893635  
0.5353374356  
-0.2000271409  
-0.2607276292  
0.06879534208  
2.350088883  
0.8115481385  
-0.1020128505  
-1.08676091  
-0.0329738608  
-0.9407905907  
-0.1096715873  
-0.7279872712  
-0.3066216325  
-0.5418072349  
-0.8720583028  
-0.6950442684  
-0.5682680935  
-0.7046086086  
0.4052276843  
0.2482129349  
0.6577469192  
0.3684541972  
1.724949399  
0.1829922189  
-0.2162128926  
0.1703547278  
-0.8142797347  
0.1865033962  
0.6836085427  
0.6973215488  
-0.4417218296  
-0.4136813933  
0.00951387704  
0.4792316872  
-0.01176878085  
0.6351003271  
-0.1606184311  
0.1710025784  
-0.6372882663  
-0.1763738294  
-0.1414833768  
-0.3545043435  
0.1620826287  
1.038799779  
-0.1867028282  
-0.3065985061  
-1.35237877  
-0.6120384428  
-0.9666288665  
-2.267211739  
-0.9125012815  
-1.606919689  
-1.263992864  
-1.888718175  
0.03047821622  
0.2316302492  
0.8504717585  
-0.1271074203  
0.8776313941  
-0.5895629912  
0.07599639829  
0.4668151628  
0.9038643701  
-0.4520889177  
0.6811869237  
1.245072702  
-0.4096435808  
0.1536340459  
0.3638899412  
-0.3529339495  
-0.3809578928  
0.3985478355  
0.2341860552  
0.2288035199  
0.4379848568  
0.4785159631  
0.1185353095  
0.5344351999  
0.5214420642  
-0.570262148  
-0.5949463392  
-0.4753884981  
0.4565620158  
1.182773457  
0.390202727  
-0.4413528382  
-1.452118988  
-0.7448859274  
-1.458516528  
-1.679640993  
0.02678002125  
-0.9104965115  
-0.08329664926  
-0.6427875081  
-1.210585661  
-1.436065144  
-0.1380655813  
-0.003872024866  
-0.6454750324  
0.847835551  
1.5918315  
0.5457985414  
1.404166699  
0.8466867006  
1.298239119  
0.7750604421  
-0.2420467115  
-1.20919224  
0.1447092753  
1.271937655  
2.505843478  
1.967388194  
0.2277812159  
-0.3994459335  
0.1837700846  
0.9345748089  
-0.210366708  
0.02442914983  
0.3831674379  
1.093627736  
-0.6342626003  
0.01209389291  
-0.09190479329  
-1.998437034  
-0.2758537369  
-0.1399282175  
0.5364928288  
-0.447320237  
-1.30751764  
0.1933461869  
1.391021951  
2.346249919  
0.8133427581  
-1.134322786  
-1.27851172  
-0.4562123898  
0.1779712535  
-0.005459170532  
-0.06035582969  
-0.5434307059  
-0.6242329886  
-0.3879170274  
0.8409285668  
-1.124485952  
-0.32014025  
-0.4953219775  
-0.9662819184  
-1.642515932  
-0.8438150832  
0.1941196685  
0.1665655542  
1.576968206  
0.7449838414  
3.142125773  
-0.914043883  
0.04411654538  
-0.08378403474  
0.5470834685  
-0.3404329047  
0.246513906  
-0.2475050387  
-0.04677669652  
-0.8253155544  
-0.2256399286  
0.3839972903  
-0.2039574467  
0.8163590795  
-0.133873988  
-0.5283013326  
-0.7306337221  
-0.4519420556  
-0.6446348989  
0.2968103375  
0.8765892678  
-0.2721569135  
0.07251876752  
0.2764377947  
0.1825646484  
-0.1609500542  
-0.01918825946  
0.8216662964  
-0.4387336655  
0.1378482333  
0.3762878787  
0.035878304  
0.6558485924  
0.7281268877  
0.5084699782  
0.9806990238  
0.2339533452  
-0.106551252  
0.8032647634  
-0.4403232134  
0.62966938  
0.09614021301  
-0.9560443683  
-1.569625054  
0.2584701057  
0.1890383843  
0.2023732427  
0.008261241707  
0.8491103448  
0.3596647303  
-1.271216157  
0.2113816937  
-1.060204488  
-0.9834569788  
-1.140191796  
-0.4358933127  
-0.6358541415  
-0.6716652216  
-0.1745100059  
0.3672934569  
-0.1398797162  
1.115797656  
-0.468706864  
-0.7199844575  
-0.4284401347  
0.2567940399  
0.3751116274  
-0.4726404848  
-0.5704961069  
0.5511502989  
0.8343367643  
0.7370302885  
0.4789792885  
0.9259722889  
-0.3328482842  
-0.9216438012  
-1.560871776  
0.2389325918  
-1.009225247  
-0.07924235901  
-0.2314039656  
-1.142066954  
0.7426277444  
-0.02521079971  
0.07083862118  
1.617016018  
-0.5451723408  
3.248959913  
2.257820748  
-1.047741859  
0.502122333  
1.10247786  
1.082411802  
-0.3042185529  
0.5767874637  
-1.518558738  
-0.2098272188  
0.5401753897  
-0.356473884  
0.1987770339  
0.2376773136  
-0.8915929665  
-0.3045836952  
-0.9611954111  
-0.01729108209  
-1.211051706  
-0.8340775349  
-0.8448880214  
0.3040907419  
-0.1237525297  
3.083540444  
-0.2430234232  
-0.2903363515  
-0.6178670274  
-0.9033561815  
-0.1583945179  
-0.7397825295  
1.034525349  
-0.6608445631  
-1.454646611  
-0.7353487032  
-1.277858501  
-0.2371092972  
-0.3189282415  
0.1664508678  
1.331095915  
-0.95570926  
0.5956219128  
1.501236644  
0.06892145582  
-0.07709353925  
0.4343638333  
-0.06247769718  
0.3013005755  
-0.4364112401  
0.7649444477  
-0.5751998869  
-0.3808801794  
-0.9785383946  
0.8502694306  
-1.07217519  
0.6919934575  
2.758837822  
2.346373587  
2.473818031  
2.328417414  
1.052085464  
0.6916887283  
-0.0006737037099  
-0.3174130101  
-0.6954962008  
0.6866443618  
0.5042714502  
-0.2189808425  
-0.9632236256  
0.006417450633  
-0.4440202197  
-1.759592614  
-1.850232062  
-1.43716027  
-0.9350696365  
0.3588736441  
-0.5835968704  
0.4075490965  
-0.1497309083  
-1.014980734  
-1.514839603  
-1.379609844  
0.477564019  
0.118871127  
0.7989414127  
-0.6925411021  
1.21779805  
1.254740496  
0.5860823133  
-0.3469159794  
-0.4743428272  
0.6265810445  
0.5199814947  
0.7979284453  
-0.6605198284  
-0.9599566847  
-1.05718846  
-0.4169813329  
-1.586983488  
-2.246807368  
2.632589621  
2.543148878  
-0.4103349264  
-1.7639766  
-0.6963996769  
-0.2642307041  
0.9773791118  
-0.7659267217  
-0.6742951376  
0.9301146145  
0.3318480527  
3.53482156  
-0.2436183243  
-0.2390097082  
-0.8944621718  
0.1822591525  
1.292788258  
2.227468068  
-0.2759121302  
-0.4005453092  
1.685109586  
0.5243871965  
0.2848453914  
0.02901075038  
-0.1149357765  
-0.8793438876  
-0.2966254856  
-0.6116854527  
-0.5109071305  
-0.5205811197  
-0.6498317672  
-0.6360776628  
-0.7330945451  
-0.5512558881  
-0.2532017787  
-1.798075874  
-0.3934772102  
-0.2418547257  
-0.9147950424  
1.165013285  
1.139736629  
1.07237601  
0.5942012562  
0.1116629819  
0.2428628017  
-0.6065555241  
-1.239087048  
-0.2442344525  
-0.04982823012  
-1.089850365  
-1.533222813  
-0.4251614602  
-0.2545783496  
-1.33398887  
-1.843759307  
4.480459681  
-0.6667697936  
-2.581138792  
-0.152611403  
1.520436351  
3.137511443  
-0.4094903269  
-0.5280352383  
-1.583094102  
1.041186899  
0.6919826759  
0.8363334911  
-0.3167149974  
0.1389522554  
0.7826629662  
1.346391365  
2.395266589  
-0.8691383553  
-1.458686866  
-0.4359237146  
0.2110177752  
0.5735691496  
3.073916653  
-0.5284681132  
-0.6627633538  
0.3816093629  
-0.4023916205  
-0.6069063001  
-0.2782465787  
-1.792132811  
0.6689051286  
1.181949992  
2.054406078  
0.2695691839  
-0.4498551993  
0.3410082415  
-0.1389797279  
0.0152687204  
0.2707527684  
-0.05811629723  
-0.2681650683  
-0.802995538  
-0.3763710888  
-1.128094401  
-1.042463707  
0.1433845382  
1.1387615  
-0.760295972  
-1.096138949  
-0.6131798956  
-0.563127781  
0.4219693015  
1.08083184  
-0.2758959465  
-0.43909799  
1.147928681  
1.306986619  
1.649662998  
-1.665724763  
-0.7947736628  
-1.644252657  
-1.715744469  
-1.217495831  
-0.0549215059  
0.005237860276  
1.071933849  
-0.002886203157  
1.890075585  
0.9276900439  
-1.907703747  
0.02724719348  
0.6480072502  
1.748854924  
1.785972272  
-0.08362212264  
-0.006041469643  
0.002934342705  
-0.1846169521  
0.1587170174  
-1.180840614  
-0.9658560328  
-0.7130938868  
-1.05968898  
-0.8767011407  
0.8381773188  
-0.833528718  
0.3182386534  
0.5470797597  
-0.6274847608  
1.334103966  
-0.7499687644  
-1.828779367  
0.2031943944  
0.511659629  
0.7331295168  
-0.03736423369  
0.536172238  
-0.7435419897  
-1.730886465  
1.306878556  
-0.6174905654  
-0.3827333305  
0.2390974408  
0.557081901  
2.84403141  
-0.2131162352  
-0.9369797065  
0.01716013353  
1.240512422  
1.99170258  
0.6440404238  
-0.1169314635  
-0.05543109242  
-0.6116782044  
1.783290494  
-0.3011219335  
-0.2618100463  
-0.1446104866  
-0.2283245667  
0.9679951351  
0.1927572502  
-0.8705712361  
-0.1635748416  
-0.6229654363  
-0.01729738888  
3.139639584  
-0.3817346916  
-2.222767837  
1.149315513  
0.2567092171  
0.8468884724  
-0.5461311118  
-0.6685511782  
-2.039641687  
0.2270731728  
0.6120401168  
-1.003850376  
-1.460292137  
-1.641225677  
-1.62137834  
-0.4811895754  
0.2124246901  
-0.4356368547  
0.3449236587  
-1.018121736  
-0.5553452679  
-0.3012591678  
-0.7929239269  
0.447644551  
1.477613314  
0.1673240176  
0.5666074126  
-1.827257226  
-0.1737013998  
0.3260405614  
-0.3344947637  
-0.2047359225  
-0.5086795267  
0.1978159106  
-0.3541901954  
0.1575187938  
0.8135577758  
2.510300466  
1.693077648  
0.6988193568  
0.4853108923  
1.444232387  
2.610712075  
1.580040739  
-1.51301271  
-0.8706810931  
0.9490640053  
0.1587979541  
-0.08234129523  
-0.2593210177  
-0.0265453179  
0.06549943201  
1.931708442  
-0.2538379715  
0.1841087317  
0.6556884645  
0.3553383769  
0.7190193652  
-1.340363144  
-0.2888251088  
0.02848216969  
-0.576286162  
-0.3342513897  
-2.322588334  
-0.4032051576  
-0.5944547439  
-1.551902298  
-1.052313631  
0.1994100833  
-0.9825725773  
-0.002996455202  
-0.4465282213  
2.755577809  
-0.9027090089  
-1.689881933  
-2.547251305  
-1.325876073  
-0.6294707517  
1.521630827  
-1.183098579  
-0.1969566538  
0.05307926829  
0.2678817075  
-1.386339184  
1.42684741  
-0.002538073524  
0.6556855388  
1.322474722  
1.315848105  
3.261519188  
-0.6843906513  
0.004248259215  
0.893723781  
2.398951405  
1.12233651  
0.7627160562  
-0.6348844208  
-0.201672955  
-1.243623761  
-0.7646222367  
-0.05915307921  
0.333381209  
0.6004332756  
-0.1596167019  
-0.1683171721  
-0.08460531895  
0.9303799098  
1.019503121  
0.5531113647  
-0.2805281458  
-0.6241732778  
0.5179961296  
-1.628365934  
-1.80285331  
1.057401244  
1.034150122  
1.407460653  
0.4890126216  
-1.3160623  
-0.4486307254  
0.02366620822  
-0.9357464564  
-0.2379503206  
-0.4409110902  
0.4296328497  
0.2590392873  
-0.1781519399  
-0.5010009809  
-0.06340498036  
-0.01839722006  
-0.1621114287  
-0.5243434409  
-0.2472930585  
0.3947454254  
0.0365224525  
0.5209638823  
-0.1793328883  
-0.6084650154  
0.1594246439  
0.8973659581  
-0.1262096804  
-0.4890370995  
-0.837830337  
-0.8336720099  
-0.08363632786  
-0.6450402451  
-1.438753483  
-0.3519389501  
-0.2109090771  
0.2164699867  
-0.5064948033  
-0.169369844  
0.01057957172  
-0.1773200888  
-0.4629040757  
-0.1267323333  
-0.1512196475  
-0.1294339608  
0.1076223903  
0.3805529312  
0.1240430139  
0.8481302389  
-0.1914291831  
-0.3958463772  
-0.4041880059  
-0.9706434802  
-0.8429268237  
-1.508367049  
0.973055514  
-0.1653834797  
-0.3617236683  
1.398730251  
1.594490537  
-0.0452549753  
0.2793409623  
1.874636833  
0.4700384403  
0.463271794  
-0.4669874788  
1.710641129  
1.136341925  
1.038374128  
1.019779483  
0.1408170845  
-0.5261967606  
-0.3613020081  
-0.3960547624  
-0.724870053  
0.4729081325  
-0.3617000675  
0.4367316539  
-1.123487639  
-0.3955919596  
2.516088408  
-1.282712263  
-1.2499767  
1.481299576  
-0.4522010911  
-1.635116926  
-1.156064085  
-0.7566347131  
1.035560313  
-1.495333184  
-0.9739539099  
-0.9758939158  
-0.2084450717  
0.2787607793  
-0.1330648512  
-0.3125343696  
0.9067576349  
1.290691222  
3.13275131  
-0.001733671502  
0.4162949342  
-0.531343882  
-0.006673721924  
-1.33658101  
-1.135604567  
-1.700819159  
-0.3105356456  
-0.7715396358  
1.453949082  
0.9228944666  
-1.116938753  
0.2302288681  
0.1727353813  
0.4360116762  
0.3882483851  
-0.1986181954  
0.4794616732  
1.907420774  
-1.104758648  
-0.1934401037  
-1.09189604  
0.03109134582  
0.3274822161  
-0.3869434492  
-0.2086871796  
0.03526273373  
0.5865771788  
0.6662440487  
-0.5552644517  
-0.8956422331  
-0.9892077657  
-1.641719649  
-1.153367331  
-0.2392780375  
-0.8477018527  
0.5324572543  
0.7595218188  
1.822928618  
2.667819079  
2.402534996  
0.3399323614  
-0.8583810416  
0.3713234482  
-0.1698993591  
-0.5661797123  
-1.389119695  
-1.579109132  
0.8563638105  
0.4435944878  
0.9488979426  
0.01423832948  
-0.02988735783  
1.15259746  
1.778018317  
2.660066729  
-0.3665050277  
-0.5254488387  
-0.3049342042  
0.9476621693  
1.901797152  
-0.0782187505  
-0.5740154688  
-0.6849963456  
2.011997509  
0.290135406  
-0.04467477107  
0.3222261273  
-0.3615016946  
0.8820216594  
0.3670462747  
1.23186788  
-0.8438725795  
-1.286291025  
-0.2594023854  
-0.8449566719  
-0.6308585998  
-0.01741497992  
-0.5918451238  
-1.435312206  
-1.478591999  
0.008797600599  
2.77985513  
-1.675487512  
-0.4513606877  
-1.351270287  
-0.9801404861  
-0.390203215  
0.3413170468  
-0.2646952731  
-0.5194690947  
-0.2382528479  
-0.2518197984  
0.8533063093  
0.5742447675  
-0.119155551  
-0.1623397921  
0.3445564426  
1.118265235  
0.04926972905  
0.5069942805  
0.4002981167  
0.1370524189  
-0.619515911  
-0.4797264339  
0.06219336564  
-1.117140102  
-0.01514756243  
-0.008024195761  
-0.586176178  
-0.08562392441  
0.7748456521  
0.1989104468  
0.05481998238  
-0.3114595471  
-0.1851783554  
-0.1566831055  
-0.05908631733  
-0.5108137161  
0.3187017597  
0.2008864276  
-1.074897063  
-0.1715793919  
-0.855673277  
-0.1585611388  
-0.5449130457  
0.3912325545  
-0.7612202294  
-0.3279371492  
-0.1668010028  
0.5735893918  
0.1270712079  
-0.02898469257  
0.9795615674  
0.5616643668  
1.063856137  
0.5284997176  
0.8149144423  
0.4600880934  
-0.04891220245  
1.136032554  
1.078880431  
0.8617217666  
1.334243118  
-0.5467441705  
0.6751742179  
0.2209494595  
0.2298558312  
-1.319303457  
-0.8230798471  
-1.50122552  
-0.5877292156  
-1.860347734  
-0.7895299772  
-1.300701723  
-1.880597291  
-1.408049294  
-0.8760845556  
4.326629462  
1.250929979  
-2.032507242  
-1.882754816  
-2.107683823  
-1.735912878  
-0.2691433699  
-0.5821233407  
-0.4343466822  
-0.0475517996  
-1.270376173  
2.094091474  
-0.5487828665  
0.137219615  
0.7116897051  
-0.8265180895  
0.4382940515  
-0.225643623  
0.03340661718  
-0.3399459915  
1.124323819  
1.755844012  
3.370014855  
-0.0368116064  
-0.5640693044  
1.962240395  
1.228757778  
0.8913940452  
0.1456829903  
0.8698882891  
-0.1232465845  
0.1310867467  
-1.107822671  
-0.1456663713  
-0.8116588546  
-0.5022451468  
-0.8974364099  
-1.578439633  
-1.465923503  
-1.139058462  
2.380819397  
2.965249349  
1.212888335  
-0.6211548541  
-1.108532532  
-0.06667774955  
1.501262002  
0.5031938056  
0.4272405654  
-1.405669086  
0.3915023017  
0.8879189826  
2.96472631  
1.178206251  
-0.2418573052  
-0.09193425394  
-1.507268138  
-0.547023867  
0.6372523654  
0.2697239215  
-0.5764656244  
-0.9132069584  
-1.083819712  
-1.311103248  
-0.2543191757  
-1.063742864  
-0.7960245633  
0.2189966106  
0.7007371207  
0.9680822173  
1.312569703  
-1.11997328  
-0.2989054053  
1.307122259  
0.5226077107  
-0.05778977978  
2.092703643  
1.68685489  
-0.6504312484  
-1.493081499  
-0.7843023436  
-0.6365333455  
2.037491126  
-0.8149587958  
-0.6267912964  
0.6367821331  
1.078373546  
0.7369776603  
-0.2060528752  
0.1975044066  
-1.414474715  
-1.425315645  
-0.7798661565  
0.02401588898  
0.1541859108  
0.2664595911  
-1.371197351  
-0.4729352124  
-0.1052368759  
3.443583772  
-1.766656494  
-0.4886634596  
0.5231874867  
0.5747465952  
0.1308258184  
-0.5522364621  
0.2919767992  
-0.2263364717  
-1.318023752  
-1.234564692  
-1.072158935  
-0.9095136947  
-1.586969884  
0.461242889  
-1.472910106  
3.655269735  
-0.6809195434  
-0.6197619119  
0.8022831567  
0.2120694871  
0.1774936539  
0.3237814876  
-0.09414729097  
0.5154571762  
0.3915220715  
-0.1889109034  
1.318948919  
-0.4003871673  
1.480942756  
0.1989294561  
-0.3559918972  
-0.9213301179  
0.3503994561  
0.8295006685  
-1.176337109  
4.549524845  
-1.149529931  
-0.7130191238  
-1.334594763  
-0.3325298262  
0.4591253509  
-0.3143110874  
0.64353883  
-0.6339891358  
0.3134478858  
-0.3339564541  
1.076224536  
-0.4950877734  
-0.03387655618  
-0.03625162429  
0.3747387683  
0.3777534236  
-1.014125963  
0.1938382117  
0.7590287431  
1.097437429  
-0.1553632054  
-1.123515371  
-0.9803838027  
-0.6551778006  
0.5196946349  
-0.2373238746  
-1.393160128  
0.6664503997  
-0.4326584283  
-0.2438823145  
-0.2363310315  
-0.1669494414  
-0.6671299753  
-0.01988401079  
-0.09814783735  
0.7974244245  
-0.2997545391  
-0.653092492  
-0.4842542844  
-1.367539079  
-1.162325126  
-0.6897903817  
4.849187456  
-0.7882386859  
-0.2853638391  
0.7286727381  
-0.05320247737  
1.254901574  
1.909670081  
-0.1860952483  
-0.4994226728  
-1.056628908  
-0.9283207153  
-0.1374919224  
0.5521101524  
-0.4611561971  
0.1352803009  
