0.104661942  
1.029166377  
-0.936410581  
0.597328016  
-1.460615374  
-0.2150875769  
0.8394524158  
0.1889208089  
-2.828760987  
1.388407439  
-0.8886425963  
0.9462210928  
1.15382375  
-1.898350466  
0.7979729887  
-0.009755375423  
-0.5222610137  
-0.8214127789  
-0.04377139512  
0.2401595265  
0.4760828239  
1.459462242  
0.02418109774  
1.394897833  
-0.2485090801  
1.220207613  
0.6654324865  
-0.24172204  
0.6346348236  
0.7339592316  
-1.601360976  
0.9649288087  
-1.537166501  
0.001992175343  
-0.4062283253  
0.9034928635  
-0.8510705951  
0.8316805528  
-1.059457901  
-0.2541859189  
-0.2299339156  
0.7471655821  
-1.219872484  
-0.5918682039  
-2.81476512  
1.025219926  
-1.126004981  
0.8248796085  
-0.4971702892  
-0.9974031461  
-1.00606949  
-0.109035461  
1.163625096  
0.5829124031  
1.604619676  
1.921043094  
0.9811989275  
-0.3488781048  
0.07681677734  
0.9261978784  
3.014698928  
1.660862395  
0.6455795569  
2.591917621  
-4.061046389  
0.5550579802  
0.371244995  
0.2201040018  
-2.254320811  
1.301229545  
1.48800491  
0.2640294813  
0.714361187  
0.1136564266  
0.2654274446  
-0.1065505069  
-1.180899837  
-0.2499949173  
0.4194165313  
2.939556392  
-0.03977658342  
-0.8730579315  
-1.766522056  
-0.2063312756  
-0.6034347332  
0.8664251996  
-0.3185005964  
-0.08566128549  
0.1514863068  
0.6839562513  
0.1823198908  
-0.1030825608  
-0.1775529645  
-1.658626485  
-1.319950622  
-0.6567839201  
0.1421054192  
-1.366502728  
0.6601843853  
-0.5793544486  
1.307943008  
0.2684389962  
0.8877672562  
1.576969618  
-0.1652738635  
1.366874812  
-0.09486087535  
0.4178292101  
0.8749380436  
-1.86306194  
-0.5227308858  
0.1510698718  
0.2574878632  
0.7022306728  
0.2334665985  
-0.1621526327  
0.9293411179  
1.055125848  
0.8007434548  
0.7271677849  
1.134150561  
-1.509456085  
-1.941813121  
-0.01470906337  
-0.397872437  
-0.7849306139  
-0.4823377549  
0.4031875487  
-2.107468572  
-0.8216167402  
0.2352648354  
-1.233945815  
1.860356704  
-0.7340384308  
-1.239600998  
-0.3267548939  
-2.575891109  
1.692419534  
-0.6731135682  
0.7493730385  
1.624155839  
-1.051621052  
-2.026803836  
-1.769506575  
-3.342052938  
-1.243855353  
-0.09441914006  
0.009097093059  
0.3860290795  
-0.1573091928  
-0.6583003938  
1.750876767  
-0.6100888078  
-0.7651702959  
-0.383235762  
1.141435889  
1.199608827  
0.3290619597  
0.8246136886  
0.891156428  
-0.4982772229  
-1.005673954  
0.3181517959  
0.6484490857  
2.343348666  
1.946608284  
-0.4139855974  
1.690998677  
-0.9772988203  
-0.9656131109  
-0.6336708497  
-0.7337807257  
-0.1789918105  
0.6388947737  
1.106660209  
2.619477803  
-0.146606075  
0.2765205296  
-0.5151991117  
0.4152987759  
-1.03001274  
-0.2774042208  
0.529828208  
0.3592455915  
1.0831159  
0.6189417707  
0.9361947906  
1.563396836  
-0.7566268211  
1.776940438  
0.4295273081  
-0.9025472637  
-1.779220286  
-1.580831964  
0.2884118187  
-0.7163523491  
0.06164506275  
0.6439890977  
0.7427304941  
0.6562404774  
-0.1068793386  
0.8087347139  
0.8410767283  
-1.738915707  
-0.6810862735  
-1.275766241  
-1.312485471  
0.3864227077  
-0.4726978069  
-0.327826873  
-0.3195801441  
-1.047202441  
-0.6024881274  
-3.680430027  
-1.64418285  
-0.05676420943  
0.9537761393  
0.5879363818  
-1.255164846  
0.6614539688  
0.7159535152  
-0.3560391667  
-1.177316856  
1.497980589  
1.416309609  
-0.6698823572  
-0.05809681291  
0.5541041658  
1.697370752  
1.441827117  
0.7229906851  
-0.7667675818  
0.896174647  
0.007359827602  
0.5967672046  
1.051927414  
0.9210668459  
0.7976238293  
-0.6725805897  
1.318713376  
-0.5825950721  
1.288573091  
-0.7050907245  
0.8093914955  
0.4530621177  
-0.8322926491  
0.1370616196  
0.625749989  
0.8260624564  
-0.7789621614  
-0.3763796509  
-1.119965001  
1.274633355  
-1.863060536  
0.06567143812  
-0.2363653742  
-0.1080853372  
-1.035128631  
-0.5628831989  
-1.000114751  
0.4507761652  
-1.861362753  
0.4932047583  
-1.345676678  
-1.321152298  
0.4138859914  
0.8305373003  
-1.02146435  
1.182915485  
-0.7831996253  
0.3138870414  
-0.4815805632  
0.08128680638  
-0.8418343339  
-1.366507232  
-0.6845605715  
-2.724804205  
-0.003953953391  
-0.4162707904  
0.4579142617  
0.9452582459  
-0.2703578653  
1.140526375  
0.00637875589  
1.935690917  
-0.9339630576  
-0.3187888083  
-0.3706852798  
2.236906806  
0.6658234441  
-0.6290568068  
-1.208969836  
0.4686625559  
0.6646502368  
0.05279391246  
1.348485478  
1.94392912  
0.7403620685  
0.02727430892  
1.258046053  
0.3264542901  
-0.2036404204  
1.070614945  
0.7737097782  
-1.156260998  
-1.477748551  
-0.529962457  
-0.4038062963  
0.4410729658  
-0.9370399408  
0.5463444995  
0.06258355094  
0.2057766954  
1.301690697  
0.06115068228  
-0.1100779247  
1.170659202  
-0.04454457255  
0.6187541223  
-3.170875218  
-1.968959962  
-0.4940509487  
-0.0002223781951  
-0.7099239564  
-0.3085915346  
1.444200852  
0.4859944502  
0.1980977233  
1.157750766  
2.024887219  
-0.3431372518  
-2.699637827  
0.4452651206  
-0.2086850662  
0.9916067008  
0.5774785499  
0.4707296075  
-0.9509708724  
0.2988844703  
0.906744227  
-1.509463392  
-0.1262570531  
0.5874262094  
-0.2211584525  
-1.242166666  
0.5347167705  
0.6106287178  
1.434874056  
-0.8651385617  
0.7750665566  
-0.3385315495  
-0.229532699  
-0.131971206  
1.161505014  
-0.4953141695  
0.2899926543  
1.117774253  
0.0520737593  
1.577727019  
0.2263469897  
-0.9581420773  
-0.3072201898  
0.1488369903  
-1.167621444  
-0.8668909087  
0.5717762531  
0.7578504646  
-0.2525442882  
-0.698295537  
-1.123639571  
0.5406682978  
-0.4432193255  
-0.1844313657  
-1.185707726  
-0.5791781012  
-1.281417536  
-0.0742099023  
1.602575755  
0.2009417523  
0.2196176353  
-0.1345869245  
1.032191994  
0.2994189043  
0.9374008142  
-0.1004177687  
-0.6920895193  
-1.05154129  
-1.222475712  
-0.6387564574  
-1.161069973  
0.5303275198  
-0.03728219053  
-2.083274662  
0.9464716547  
-0.05002483072  
0.1431003571  
2.736780607  
-0.581677737  
-0.5598471472  
-0.25840035  
0.7482149248  
-0.8712844934  
-1.096971247  
0.06173249516  
0.05978844935  
-0.6966282222  
0.6626191405  
0.08058028039  
0.6950313379  
-0.5311534627  
-0.005601921786  
0.5961084545  
0.6542788639  
-1.157462077  
-0.7445681677  
0.6792263377  
-0.6501266718  
1.572303329  
-0.0269600828  
0.7630978665  
-0.5951913593  
-1.305668745  
0.2436153143  
0.3513023023  
-0.4370153331  
-0.2037675125  
-0.2422999778  
0.810166378  
0.7295234579  
-1.326357848  
-1.736150409  
-0.1142695596  
0.1846222352  
-0.8917517911  
-1.536196046  
-0.1904434427  
1.766237697  
0.6941207254  
0.8899755439  
0.6260983029  
-0.938010937  
0.9048298539  
0.1460457937  
-0.7428513631  
-0.7392207276  
0.5266732142  
0.1876621022  
0.5303077016  
1.171008159  
1.662911841  
0.08478565455  
0.472829779  
0.5500073766  
0.6709060282  
0.1828824649  
-0.7807455015  
-0.2935283141  
0.03969818338  
0.3125444934  
-1.347297632  
-1.469944507  
0.8757912229  
0.4907626776  
0.4428038852  
0.4929738463  
-0.3420983464  
-0.2098087909  
0.5321829585  
-0.9663149956  
1.841188537  
1.713439731  
0.2051906337  
0.05845221963  
0.6543612774  
-0.7311973345  
0.1872345021  
1.213251373  
1.538001608  
-0.04740480829  
-0.6923583932  
-1.952871029  
-0.3504969722  
0.2740726708  
-0.611630884  
-0.01730952214  
0.9808539306  
-0.3833605526  
-0.2331410859  
-1.436913415  
0.6343793878  
-1.180138958  
0.1626349625  
-0.2537120129  
0.2402779877  
1.309749134  
-1.752374316  
-0.5074775693  
0.544871889  
0.5205398731  
0.281619354  
-1.861757921  
-1.354827412  
-0.4801255874  
-0.231449418  
0.05747919582  
1.655203009  
0.7697636847  
-0.590352512  
-0.8249222027  
-0.5771711761  
-0.006061270671  
-0.6652548973  
0.03564273785  
1.763276542  
-0.002757652355  
0.1064147536  
0.3877474167  
1.547976208  
-0.9671645829  
-0.196603306  
-0.3056172247  
-0.8374273938  
-0.9654892486  
-1.060056808  
-0.9354372684  
-1.032451345  
-0.4593596645  
-0.09890336436  
0.8715345347  
-0.4096177298  
-1.51035641  
0.6043182041  
0.05346010241  
0.8162119271  
-0.1140059232  
-1.02402578  
0.4597171943  
0.7681531586  
-0.08297464899  
-0.2863049808  
0.1418986714  
0.3513149707  
-0.1647864531  
-2.699197925  
-0.7166641459  
-0.1364228103  
0.9467088596  
-0.1399759079  
-0.6997247464  
2.088175681  
-0.7153218158  
-0.6519301584  
-0.2442304445  
-0.9503742023  
0.03394159648  
0.2859626022  
-0.7501923869  
0.02385879056  
0.8393970039  
-0.6623198467  
0.4888711142  
2.218653189  
1.181194092  
0.07250699665  
1.181744547  
1.732653539  
0.0719964699  
0.8358695008  
0.6084426637  
1.20964642  
-1.187575643  
-1.164336393  
-1.531470944  
0.3185918843  
-0.881718223  
0.4456227729  
0.6641094999  
0.1125332742  
-2.68524663  
-0.3425306372  
-0.032715131  
-0.0007694045493  
0.9174109915  
1.671158962  
0.8187938879  
0.7649232753  
0.2048524036  
1.663758969  
0.8644102884  
1.277526329  
1.416414591  
0.3333621735  
0.1540668052  
0.7149882384  
-0.1987062664  
-1.266636976  
0.3009772753  
1.466535285  
0.1757894058  
-0.1397907893  
-0.2932553221  
-1.202541462  
-0.5954853205  
1.038533274  
-1.260699062  
-1.351575936  
-1.294949808  
-0.6838276388  
-0.7085526868  
0.1788935699  
1.126539665  
1.432129859  
-0.8737132674  
-0.9101529419  
-0.5435563701  
-2.33615278  
0.3784901767  
-0.5640921757  
-0.6164487731  
-1.558981583  
-0.9881942429  
-0.9146918169  
-0.01492267375  
-1.31318299  
-1.201153277  
0.2472655912  
-0.2555934201  
0.7353951088  
0.6181889956  
0.4141300774  
-0.4464372148  
0.7634979203  
-0.6440249361  
-1.189108629  
-1.2787075  
-0.4237780323  
-0.3111940082  
1.155853744  
0.02441293471  
0.8728371319  
-1.841922134  
1.033486897  
1.198704332  
0.4517132784  
1.103400847  
1.293716855  
0.2048461419  
-0.1623175064  
1.041721818  
-0.06913126487  
0.8895902657  
-0.5889375555  
0.1439224455  
-0.06497754051  
1.100131933  
0.7491728345  
0.555414382  
0.3652131313  
0.122243414  
1.531203792  
0.09336874934  
1.397635143  
0.1980207427  
1.041079796  
-0.5347567978  
0.8740643738  
0.3516964161  
-0.3942301351  
-0.7911178865  
0.7126329011  
0.3698907644  
1.189088467  
0.781313062  
-0.5467183278  
-0.9617213593  
0.02970569452  
-0.3798274796  
-1.284758501  
-1.23205239  
-1.194552342  
-0.3439819821  
-0.2090223817  
0.5386417874  
0.2059769926  
-0.1900082688  
2.484189978  
-0.06788974925  
-0.3978591429  
0.1443128795  
-0.8506654067  
0.02548296422  
-0.7819243181  
0.6382406512  
-1.474249439  
0.2294737562  
0.08457149536  
-1.405023986  
-0.8641726548  
-0.4262444884  
-0.3397881226  
-0.01271792492  
-0.6057054078  
1.164904267  
-0.9659827715  
-0.3308554442  
-1.266959953  
-2.07452496  
-0.09667662302  
-0.3294374743  
1.179089986  
-0.001553473534  
1.533171199  
2.184560217  
0.1932032222  
0.9214384833  
-0.4679235097  
-0.1332363443  
0.3052752486  
