3.835615829  
-0.9722832195  
1.571743985  
-0.1059592294  
-0.03895807805  
-0.4766000473  
-0.8122849357  
-0.08474938063  
0.8509213322  
-0.7811473141  
-1.265606382  
0.2043436732  
-0.8908914226  
1.327849211  
0.5452162984  
-1.089066828  
-0.4003022662  
0.3752330755  
-0.6356351881  
-0.7783259975  
-0.01496675827  
-0.2269098966  
-0.7138654826  
-0.4040645533  
-0.6367601366  
0.5037468993  
-0.3593160717  
-0.4577941057  
-0.09621528179  
0.1423081092  
-0.6969055298  
-0.2614647239  
-0.4891283247  
0.2438304747  
-0.08925261352  
-0.1007734913  
-0.05717319177  
0.05003647045  
-0.9525515677  
-0.08081164373  
-0.3378052528  
0.0405749546  
-0.7999317388  
0.8795781351  
-0.02132002938  
-1.995712826  
0.706715799  
0.5788228676  
1.535537194  
1.358653727  
1.207100453  
-0.5245643564  
1.889308128  
-0.9817671488  
-0.7140851692  
0.4815924502  
0.2977496158  
-1.126913144  
-0.6913003247  
-0.7759527349  
-0.4841816414  
-0.04041519836  
-0.9791918792  
-0.0704231408  
1.20105556  
-0.2639233601  
-0.6989744382  
-0.6496028796  
1.153230333  
-1.516063025  
-0.4786959725  
-0.7148206094  
-0.8733351975  
-2.382076962  
1.574130032  
-0.4377503548  
-0.6364205415  
-1.254710054  
-0.2261498539  
-0.916399788  
-0.1623566336  
0.4080553322  
1.974502345  
-0.2613797825  
0.5514078118  
-0.5429990578  
0.9181286159  
0.9328847036  
1.087650685  
-0.2166449976  
0.9028853279  
-0.3842578112  
-0.7305249267  
2.075518047  
-0.908567533  
-0.4185806514  
0.09161625246  
0.05156574606  
-0.04362578408  
0.2066754547  
-0.4149771444  
-0.2739218934  
0.1914145059  
-0.6838792222  
0.09978749591  
-0.19814885  
0.7632522916  
2.107768868  
0.5196001276  
0.651679518  
-0.8830814908  
0.5563483472  
-0.7565560793  
0.1783208759  
2.306170774  
1.763007419  
0.9663473802  
-1.051627339  
-1.149728158  
-1.224567907  
0.8970758308  
-0.411430272  
0.1580676023  
0.7928206365  
0.6587416761  
0.5206520852  
0.3438040809  
0.05863262413  
1.007275001  
0.6212371275  
0.128414399  
-0.05996420234  
-0.1716170679  
-0.2430021119  
-1.544256524  
-1.140822934  
0.4323413785  
-0.927959428  
1.244701095  
0.2177569009  
-0.1092392733  
1.464406225  
1.808445339  
0.2142388272  
0.9050969068  
-0.5648885414  
-0.1850632117  
0.5753597516  
-0.5586490859  
-0.1751069222  
0.3730147778  
-0.2255709769  
0.2867255845  
-1.126466287  
0.1590896389  
-1.110017012  
-0.5682968171  
-1.417388783  
1.107701884  
1.329885898  
-0.4988072861  
-1.067858149  
0.296206752  
-0.8292249542  
-1.64370594  
-2.072978836  
-0.04439666409  
0.5043408629  
-0.1001461409  
1.138620807  
2.243832227  
1.035248107  
-0.07157443898  
-0.677390394  
1.527355456  
1.222656905  
-0.6416039948  
-0.8289231155  
-0.968842857  
0.1187052897  
-0.2992582861  
-0.1119269902  
-0.916098072  
-0.3055299842  
-0.6538964892  
-0.1498663249  
-0.6487837495  
-0.9726896303  
-0.5194509939  
-0.002685871257  
0.6328377779  
0.4070130956  
0.04749558777  
0.2520714788  
0.3947047365  
-0.4079845494  
0.002502396114  
0.098505641  
0.3142523068  
-0.01952670025  
-0.3927806328  
1.579457442  
2.081820393  
0.02575641701  
0.755131572  
0.4936490599  
1.016067234  
-0.1930772658  
-0.3912815128  
0.09382644159  
0.215370893  
0.05100135189  
1.256142357  
1.678814918  
0.219928559  
-0.4583144605  
-0.5414187365  
-0.8164359403  
-0.4372762178  
-0.4554909973  
-0.1252187846  
0.1229851551  
-0.5318295424  
0.1755579117  
0.5443647901  
-1.766185206  
-0.07655335056  
0.2698054816  
0.4311930518  
0.1611237063  
-0.5297767233  
-0.3718905303  
-1.233828772  
-0.8766937399  
-1.210552408  
-0.4107454807  
-0.5508331126  
-0.5952685303  
-0.5720659657  
0.09743347068  
0.1248044862  
-0.8418252493  
-0.4226994862  
0.349205615  
-0.5177776531  
-0.6306252213  
-0.1095336135  
0.363426857  
0.04601429136  
0.648023907  
-0.4133249192  
0.2051765481  
-0.7029095667  
-0.8585660602  
0.1229613725  
-0.6768461884  
3.049382412  
-0.375094359  
0.3273289631  
0.01112173183  
-0.08875303867  
0.3232270039  
0.4215498924  
0.5924857972  
0.8903417067  
-0.1818987733  
-0.5724134669  
0.4226808414  
0.05764622202  
0.2224447269  
0.7719614022  
0.9806455267  
0.546093287  
0.3064816821  
-0.7790306378  
-0.1271706114  
1.800975541  
0.1006972304  
0.4612839634  
0.2535206981  
0.1935520731  
-1.177493563  
-0.1872110283  
-0.08748907509  
0.9301999843  
-0.1303685002  
-0.4608691704  
-0.1648173943  
0.377399777  
-0.4783370836  
-1.404751643  
-0.6399381526  
-1.018556878  
-0.7218290305  
0.1103256486  
0.01184140869  
-0.2918412436  
-1.120953435  
-1.227898517  
-0.21378429  
-1.127513688  
-0.353085316  
-0.4033645063  
2.128920346  
0.3569674012  
-0.1617911611  
0.0472950457  
0.4008716555  
-0.6726415771  
-0.6186836503  
-0.3523202405  
-1.329096354  
-1.510915411  
-2.01720352  
-1.819965271  
0.5876254284  
-1.620654696  
-0.6107198924  
-1.969050081  
-0.6786526726  
-0.7683059983  
0.2444062362  
-1.024427021  
-1.643356095  
-1.001329452  
-1.64833087  
-1.950344437  
-2.077793855  
-2.2550746  
6.572956929  
2.099897941  
3.090072912  
1.278988863  
1.060444441  
1.069189444  
1.848739939  
0.9182420612  
2.562066693  
1.366856906  
0.9122134907  
1.965747142  
1.703707296  
0.6561219022  
2.051223761  
1.640426265  
0.7953096088  
0.06717703103  
0.165515166  
1.28544972  
2.242248068  
1.159826407  
0.7881593886  
1.55850691  
2.847698637  
2.671215567  
1.035291722  
1.242184047  
0.3918314096  
1.212462325  
4.035555797  
-0.3790916968  
-0.5991613147  
-0.5090345181  
0.3519626352  
0.4876897494  
-0.9864271671  
-1.596430946  
-1.931199616  
-1.815470019  
-1.622600183  
-1.13671429  
-0.9249255145  
-1.123023102  
-1.210174876  
-0.5929492294  
0.8547260787  
0.2181283668  
-0.8654412346  
-0.4491258354  
0.1670146825  
-0.02009638815  
-1.499328903  
-0.9999852791  
-0.4095841644  
-0.3065156533  
0.1198079795  
-0.2492279251  
0.03093946234  
-0.7249671293  
-0.5722201181  
0.5266627153  
0.08219352686  
1.290367931  
-1.355229881  
-0.7567008742  
-1.308447006  
-0.4065045753  
-0.8943317638  
-0.5277430242  
0.3124266903  
2.30830305  
-0.2759443876  
0.06833140434  
0.2318812557  
-0.2984528403  
0.2467430224  
-0.1994565639  
-0.4300650285  
-1.038372787  
-0.6842461772  
-0.4266266238  
-1.085491514  
-1.358394943  
0.4348387667  
-1.595814165  
0.2191184229  
-0.2697981996  
1.307596421  
0.2468311227  
0.01143326156  
0.641433861  
0.4348558995  
-0.4785954651  
0.4519821638  
0.4532510237  
-0.8490798994  
-0.08918828407  
0.1962561086  
-0.6360330239  
0.841126887  
0.5529125463  
-0.09558973135  
-0.6067444168  
0.103090032  
-0.2675146873  
0.3108820129  
-0.1257088616  
-0.08850101475  
0.5765827104  
-0.1687999566  
0.275269185  
-0.5100882934  
0.07826537048  
-0.4300594346  
0.5002226254  
-0.1790732715  
-0.03947875938  
0.622777625  
1.793566276  
-0.1048595942  
-0.3318149806  
-1.23568377  
0.8429082385  
-0.2906418468  
-0.3768614307  
-0.2540418564  
0.6675647798  
-0.2654764222  
-0.2779134629  
-1.013049101  
0.3510124541  
-0.619076912  
-0.7862261198  
0.3093168599  
-0.08518562958  
-0.1152439579  
0.2506153747  
-0.2726239223  
-0.08018155488  
-0.1970252682  
0.7383195296  
0.4414517727  
0.1528784254  
-0.5570315171  
0.06049461368  
0.1745796769  
-0.5035708875  
-0.1028294459  
0.8936079704  
-0.3869398557  
0.5668386782  
0.2380231952  
-0.5458762027  
-0.2081617899  
-0.6909705502  
-1.007108652  
-0.5018733815  
-0.1332697823  
0.3177969674  
-1.163310141  
-0.110305804  
-0.3595447296  
-0.1286836659  
-1.044002899  
1.155329779  
1.011789359  
-0.1048190927  
-0.2007977594  
0.4965217691  
0.9980280367  
0.2964409579  
0.07440127183  
-0.6723802856  
0.4783744909  
0.4351078821  
-0.7288641783  
0.9073100293  
0.06872199639  
0.9288348238  
0.5825238744  
-0.08021837782  
0.4921092556  
-0.4520049664  
0.3237412286  
-0.09839057171  
0.9816305561  
-0.2752131344  
-0.8799161765  
0.4606390893  
0.8754340745  
0.7020409534  
0.7978654583  
0.2299466332  
0.1947457371  
0.1404681912  
0.419687573  
-0.2269393717  
-0.4429221198  
-0.2995890893  
-0.5381267427  
1.289759244  
-0.9165422903  
-0.7472786818  
-1.586745773  
0.08754357091  
-1.80142863  
-0.5714265484  
-0.6461654856  
-1.161243197  
-1.256271975  
-0.9115471058  
-0.4460700595  
-1.698648188  
0.201249548  
-1.049338721  
-0.5259131353  
-1.360985726  
-1.923524343  
-1.433346033  
4.585061977  
1.571933325  
2.020091899  
2.254309746  
1.583776843  
0.9162898329  
1.561186378  
0.2303120413  
2.055680138  
1.071035375  
-0.2339538085  
-0.06936886996  
0.9915149182  
0.3214342752  
-0.8238173086  
-0.5785977891  
2.194801552  
0.3914583991  
0.2725743887  
-0.6105533733  
2.540901487  
0.9219839901  
-0.3257173341  
-0.4317253913  
0.5452282845  
-1.727171216  
-0.9795919583  
0.4038565719  
0.1909780473  
0.6558790527  
-0.2633404525  
-0.7888941737  
-0.5532106675  
-0.4122428744  
-1.289532258  
-0.5906204025  
0.007457393862  
0.1507780785  
-0.2515108146  
-1.720507399  
-0.8827452348  
0.7442045413  
-0.8290979971  
-0.1746905699  
-0.2890405362  
-0.2179676871  
-1.083739034  
-1.883256249  
-0.9430762167  
0.1977576629  
-0.6915966183  
-1.87066539  
-0.4755107119  
-0.5392231345  
2.860307305  
1.996143293  
0.4960309946  
0.81781348  
1.486514714  
-0.1177337049  
0.4486970511  
0.6570817782  
3.871423343  
0.7599528181  
0.3256197303  
0.1024287937  
1.179418559  
-0.6213784852  
0.7878227702  
0.5663348972  
-0.4307187585  
-0.2567793179  
-0.8747837705  
-0.6181952054  
-0.07380368632  
0.3323042082  
-0.6602136621  
0.1076063437  
2.173717226  
2.183216213  
0.8957659245  
0.8047486684  
0.843690618  
3.724333064  
-0.2010085039  
-0.03006428409  
0.2635336196  
0.5473830869  
-0.2235115146  
-0.02526545716  
-1.276290701  
-0.4092114654  
-0.36322795  
-0.5950160518  
0.251799719  
-0.6101119572  
-1.299039633  
-1.170419253  
-0.7556538493  
-0.7615710981  
-0.5413808924  
-0.4707373945  
-0.9765030866  
-0.8568872711  
-1.24852085  
-0.865424539  
-0.3420932153  
-0.4105825514  
-0.3422446116  
-0.9387213897  
-0.8203636245  
-0.395459173  
-0.700341319  
-1.409346252  
-0.5598030753  
-0.3549416839  
-0.3766471047  
-1.27983463  
-1.486742176  
-0.1353939706  
-0.7892063448  
-0.1881555998  
-0.6800722722  
-0.5783178224  
0.9389149454  
0.3020614375  
-0.6162495479  
-0.005683512935  
0.4382286407  
-0.7449914092  
0.3976208779  
0.4021073411  
0.2515485148  
-0.5680027016  
-0.3636272228  
-0.7699594471  
3.640918264  
2.111505434  
1.268084811  
0.6170260641  
1.18571924  
1.448372159  
-0.9376858237  
-0.5006986832  
0.06524754184  
-0.6966842302  
-1.003470395  
1.502772604  
-0.09756436627  
-0.1543795243  
-0.3226484844  
0.2544332383  
-0.2727350317  
-0.1871263731  
-0.8168002177  
-0.1734652753  
-0.6241132814  
1.517431652  
-0.7131201112  
0.0102469611  
-0.1836869612  
-0.545601602  
-0.8379082914  
1.621034319  
0.765633918  
0.6602648104  
0.269005643  
-0.8316687454  
-1.228757703  
