-0.6381143252  
-0.2392133625  
0.9465416284  
-1.14602847  
-0.7841220374  
-1.291311545  
-0.6287724746  
-2.664486647  
0.6564067318  
0.4535687564  
1.291407995  
0.5668169003  
1.668692996  
1.281670689  
0.5038324425  
0.436757757  
-0.4357185845  
-1.107717247  
-0.7232547443  
-0.09441313937  
0.4306444384  
-0.1289857801  
0.7380485131  
-0.2719847794  
1.139301597  
1.103729435  
0.2821797877  
0.6109914866  
1.01370479  
1.000311763  
-0.004730956245  
-0.2855398736  
1.515149785  
-0.590048349  
0.5574737215  
0.4129114909  
1.097258918  
0.7335393879  
-0.6651777962  
-0.5330565744  
0.6138177245  
0.5267079189  
-1.047423525  
-0.4386528867  
-0.6427558331  
-2.131200506  
-1.853209958  
-1.313052004  
-1.207608197  
-1.109389726  
-0.7283857402  
-1.551822008  
-1.15704891  
0.7560115154  
0.6236906499  
1.461531752  
0.4995723151  
-0.3651930266  
1.183669049  
1.302373374  
-2.284120372  
0.8731083218  
1.324041294  
-0.8767832212  
1.661362174  
-0.0833784046  
0.6840981657  
-0.2097423348  
0.2327515672  
-0.6826561371  
0.7047747986  
-0.2502689282  
1.20891943  
-0.2050705011  
0.8330711984  
0.08129557995  
0.1323583603  
-0.6252256827  
0.9038992471  
1.216077257  
-1.331322791  
-0.7947651122  
1.072176687  
-0.4400191932  
-1.066269634  
-0.03406045606  
-0.1468435094  
-0.1891991641  
0.3565891532  
-1.049993626  
1.502830809  
-1.542788013  
-1.248489185  
-0.08001049475  
-0.8379930876  
-0.744540298  
1.036117598  
-0.1543848626  
-0.3914755841  
-0.2677421168  
0.2416765489  
-1.333610309  
-0.6248997489  
1.196677437  
1.941591547  
-0.3280378689  
1.062798464  
1.405833936  
-0.07122260093  
-0.00763065753  
0.7583536763  
1.379288792  
0.1744257577  
0.9341894167  
0.4233093568  
-0.104403296  
-1.648666622  
-0.1099561939  
1.422332898  
-0.4955213604  
0.3127326242  
-0.5907403957  
-0.1773068622  
-0.2071982472  
-0.6907060598  
-0.5855468864  
0.09411696672  
-0.7118384279  
-0.7910313286  
-1.916151668  
-0.1525193887  
-0.2828737058  
-0.8391421035  
-0.1950229795  
-1.570654508  
-1.435863101  
0.3623810059  
0.02256130912  
1.762186802  
0.4392362922  
-0.7025722675  
-0.6843324674  
-0.3665524312  
-1.636960015  
0.2188761437  
0.3337642562  
0.2353500986  
-0.06183848936  
0.9233230708  
0.9876929035  
2.225971847  
-1.738061325  
0.3747030921  
-0.6776754543  
0.7485660891  
-1.136708563  
0.3664789581  
1.138482251  
-1.193163427  
0.2579958773  
0.6649640342  
1.255447622  
1.251847698  
-0.08043018575  
0.542172032  
1.274866796  
1.64824849  
-1.188684198  
-0.01912925993  
0.02915653242  
-0.3673925381  
-0.1457562136  
-0.6913946807  
0.4587635646  
0.5671008475  
-1.897952011  
-0.2792929612  
0.1565996843  
-1.258560596  
-0.8615390975  
-0.1439490137  
0.1075409004  
0.5152639586  
0.7387754643  
0.7460216818  
0.5157354647  
0.3166577996  
-0.1973995816  
0.834456533  
0.7340223405  
0.2811168984  
-1.803699401  
-1.284554986  
-1.27306367  
-2.156766545  
0.3024150489  
0.3614540483  
0.680335379  
-0.2373909192  
-0.773433319  
0.9369879268  
0.6167506005  
-1.59539459  
-1.725896642  
-1.344611229  
-1.309318854  
0.4489501582  
0.3277685232  
1.49231797  
1.239761394  
-0.8580195728  
0.1905450994  
-0.2950404279  
0.8071461956  
-0.9061204875  
0.1310722375  
0.568288906  
0.4158751324  
-0.7943117591  
-0.4525777021  
-1.176300375  
-0.06516860996  
0.6419607571  
0.4920107184  
1.460700244  
0.9711459798  
0.6562406015  
2.477432365  
-0.4354368152  
0.417275477  
0.4372869711  
0.7446133011  
-0.8958344732  
0.3547936743  
0.3430013001  
-0.0695524766  
0.3096717725  
-0.05747698787  
-0.2692239416  
0.4521719887  
0.5454280024  
-0.4217028558  
0.9371274878  
1.121918984  
0.1780781677  
0.002589917083  
0.6765417178  
0.02067092372  
0.6614069982  
-0.6864075796  
0.9550668834  
0.9411554026  
-0.3584671004  
-0.2127903531  
0.6250642256  
2.071110916  
-0.9503710063  
-1.645835584  
-0.3252623907  
-0.2075033147  
-0.9482686851  
-1.043136621  
0.264343591  
1.19423072  
0.6350374733  
0.5450188877  
-0.008171868323  
-0.1057952  
-2.074198586  
-0.6691868594  
-0.6734390201  
-0.9975182949  
-1.582624038  
-2.258541878  
-1.819446769  
-2.037848856  
-0.4733804697  
0.2140635978  
0.4687482282  
0.1114029201  
-2.542138601  
0.8607577767  
-0.04897076662  
0.3792517214  
-2.665085308  
0.1475515751  
0.5848226876  
1.354672068  
-2.374324601  
0.05912886505  
1.659542231  
-0.08051661937  
0.6094305468  
0.6054088497  
1.8362788  
0.05853386474  
-0.5029009269  
1.442348003  
1.280917803  
-2.704182114  
0.4103144055  
0.8025090328  
1.116420275  
0.2595112814  
-0.8622698809  
0.3991720528  
1.252848937  
0.6723856056  
-0.245505408  
0.1869186673  
0.7165611657  
-0.2510512606  
1.442425142  
0.9865475486  
1.516542987  
-0.6550299895  
0.09495616877  
0.4058726821  
-0.04480322704  
-1.560964745  
-0.2290379365  
-0.1918254367  
-1.201746329  
-0.303718333  
0.1334564174  
0.973192467  
0.2363455093  
-0.1715006891  
1.201717783  
-0.1964168499  
-1.293450629  
-0.09723052692  
0.9731260465  
1.529290111  
1.498506682  
0.4426468538  
0.3872186652  
0.5722995929  
-0.17500416  
-0.8344475548  
-0.07447319041  
0.1513625905  
-1.128143584  
-1.128813169  
0.7730978695  
0.1049523491  
0.1260512165  
-2.195264124  
0.002753953749  
0.02622416524  
-0.6712651593  
-0.4654137883  
-0.6254437953  
0.3827831533  
-0.5647485275  
0.3462289742  
-1.340312356  
-1.908535573  
-1.281370253  
0.04599901093  
-0.161776686  
0.3056938548  
-0.9510911972  
-0.01111341056  
-0.805263602  
0.3504569067  
-0.7091055091  
-0.2634002911  
-1.284413351  
-0.5942204886  
1.239528579  
0.5744357858  
-0.6114331075  
-0.5043900247  
-0.05212575221  
1.225834196  
0.4401068641  
-0.8558719238  
0.5629217197  
1.00583607  
-0.8353195818  
-0.3310993986  
1.541582787  
1.212218995  
-0.2039479566  
1.135914711  
0.3274580295  
-0.1385493532  
-0.7523405375  
0.7170696587  
0.4659743303  
0.1242967758  
-0.6897365938  
0.427398281  
0.3835261507  
0.0828027537  
0.647759172  
-0.03738999083  
-0.5400498557  
0.3920680849  
-0.4026622625  
-0.3145127384  
1.457985171  
1.043928027  
-0.0742286928  
0.7203900428  
0.07853019712  
0.7418591577  
-1.091193435  
0.4403057683  
0.176270324  
0.7598031735  
-0.1158494348  
-0.8419392437  
0.05922308774  
0.04040081631  
-0.6271814404  
-3.67214389  
1.456196861  
0.9097318704  
0.8658573771  
0.5822317845  
1.047549036  
1.145783122  
-0.5115643831  
0.03493032485  
1.048925186  
-0.02763822124  
-2.82881827  
-1.454165282  
-2.34327098  
-1.939307026  
-1.809519161  
-1.301263578  
0.4115222745  
0.5395101381  
-3.062623052  
0.06533676773  
1.69302568  
0.4575216693  
0.7680669988  
0.255832792  
1.122665163  
0.6345908925  
0.2061787312  
0.2264588221  
1.982437567  
0.7812555029  
-2.592443849  
1.26105288  
0.8413028117  
-0.1338110071  
0.09851330808  
0.2553923249  
1.1962467  
-0.06177468117  
-1.324397246  
0.8837940378  
1.104156054  
-0.7559403146  
0.1013482621  
-0.124716537  
1.88817891  
0.285487182  
-0.6533137877  
0.6263181558  
1.65979313  
0.2805966904  
1.55407678  
0.9366621579  
0.2480229393  
0.4324869881  
-1.553755329  
-0.4780143526  
-0.09637197285  
1.069015813  
0.08495948349  
0.5817950122  
-0.7835946835  
-0.5720986211  
-0.1833282433  
0.2256721466  
0.6072539467  
0.6680894648  
-1.109786284  
-1.067125625  
0.5316942696  
0.07239087949  
0.3184317582  
-2.49952924  
-0.4129622404  
0.773515404  
1.390791801  
0.5734368741  
-2.560026692  
-1.277471394  
1.179215552  
-0.04659183039  
-2.605391792  
-0.9885027662  
-0.5834001371  
-0.1622108207  
-0.172187874  
-1.227373224  
-1.492664846  
0.4769411931  
1.490257695  
-1.131824807  
0.4091797989  
1.151645071  
0.08965465118  
-0.4740438239  
-0.9462658088  
0.2436468098  
0.9107650781  
-0.0829161894  
0.07485850308  
1.505058367  
0.9016710523  
0.370572003  
0.6706491452  
1.835632287  
1.011876925  
-0.3029624973  
0.5285133523  
0.941178008  
1.313098002  
1.05831276  
0.3751404256  
0.6059803558  
1.402187915  
-0.7587725857  
0.5499149706  
-0.643064778  
-1.929703487  
-0.7389885383  
-0.5832147075  
-0.5134583635  
-0.5127714088  
-0.6523638289  
0.7333796727  
0.4745137428  
-0.2593723698  
0.1099962022  
1.608885877  
1.196870422  
0.8887836052  
0.9243903802  
1.325269713  
1.442996568  
-0.9179027731  
-0.2970831007  
0.04696633315  
-0.7317726643  
0.1175926219  
-1.459118385  
-1.634631479  
-1.745102474  
-1.626804649  
-1.571902717  
-1.431813727  
-1.438229756  
-0.8367084172  
-1.03001376  
-0.4177933709  
-0.0747534837  
-2.42850225  
-0.3532799063  
-0.7901564978  
-0.01008320057  
-0.7875622327  
-0.5424189662  
-1.307421342  
-2.465263603  
0.6059701556  
-0.5862525012  
1.514016192  
0.3303194552  
1.852589752  
0.3048168894  
0.6540691116  
0.213745381  
-0.4619671504  
0.2818159243  
0.7262345999  
0.6917154495  
-1.108548399  
0.1747716294  
0.6813893359  
2.06311763  
0.615980665  
0.6123645762  
0.972888274  
1.155940478  
-1.80420257  
1.736650433  
2.359744126  
1.957693382  
1.313131958  
-0.4128789368  
-1.298189546  
-0.3647805743  
-1.540498447  
-0.01353298614  
-0.6505368836  
-1.398507189  
-2.361850242  
-0.8364574966  
0.1181585887  
-0.531423769  
0.4482120612  
-0.04257876678  
0.7868479174  
1.086571583  
1.073376414  
-0.09965969153  
-0.5204802392  
0.4287037282  
0.261923766  
-0.2036769586  
-1.123190322  
-0.1924805113  
-1.180529396  
-1.266707981  
0.0311839996  
-0.6016106744  
-1.281032547  
-1.381846031  
1.17857993  
-0.4421112053  
-0.8853790516  
-1.943000516  
-0.7559921807  
0.371529147  
0.8143155805  
0.8849445725  
0.3625047972  
2.681259372  
1.821035456  
1.369063096  
1.009302765  
0.8318552192  
1.34305918  
2.082290075  
0.9557550997  
0.962584603  
0.5447336953  
-0.429739887  
-0.354660148  
-0.2198190013  
-0.1337379998  
-0.5451498081  
-0.6138605551  
-1.520420367  
-0.5158095473  
-0.5415061789  
-0.5994464543  
-0.3289659444  
-0.5968520743  
-0.3401280714  
0.1076482501  
-0.2573799783  
0.6063460398  
0.1755879822  
0.17171199  
0.6542100317  
0.04674155829  
-0.6230313545  
0.5408467574  
-0.240714506  
0.119592806  
0.8640759082  
0.5212723979  
-0.1417526399  
-0.6508656032  
1.294710713  
0.8130760987  
-0.4158898535  
2.169168816  
0.8736964264  
1.380087887  
0.4310681866  
0.1328336593  
-0.1977007687  
-0.6007060038  
0.5576993931  
-0.09514912184  
-0.08329416153  
-0.3455085075  
-1.655143319  
-1.131242315  
-1.189263053  
-1.216587761  
0.03986435986  
-0.7216749743  
-0.3659289662  
-0.8928070702  
-0.809782914  
-0.8593521965  
0.6676004056  
1.616891573  
0.5921849917  
0.4879737794  
-0.5718908863  
1.161655293  
0.2041573757  
1.591275924  
1.261545982  
2.158272415  
1.111680172  
0.6244703982  
-3.288080685  
1.12406415  
-0.361791286  
-0.3943225505  
-0.5087177331  
-0.6773141681  
-1.479647144  
