0.7825018704  
-0.07199375136  
1.545319238  
0.01201539233  
1.189350791  
0.02085954775  
0.207802559  
0.5630799092  
-0.4348279873  
-1.572907916  
-1.06859381  
-0.3923140595  
0.06381703844  
-0.07088312373  
-0.331946707  
0.378775226  
-0.988560294  
-0.4943153836  
0.3587638156  
-0.1862291036  
-0.6872380651  
-0.367579156  
0.9225911298  
-1.405538623  
-0.6314002328  
0.8655422764  
0.369021602  
-0.6238208042  
0.3268789555  
0.1237834095  
0.9974938547  
0.1691640071  
-0.6420300522  
1.31707572  
-0.9886672909  
0.03686558738  
-0.2655360221  
0.4943366626  
0.1694771697  
-1.315753883  
-0.9771327703  
-0.1435866199  
0.4527508651  
0.5495472094  
-0.5957537541  
0.3276108115  
0.8571700516  
1.45066107  
0.2362814696  
0.4161921304  
-0.7706612477  
1.12746501  
2.435613874  
-0.483678642  
-1.806307494  
-0.00980258735  
-0.1064378497  
-0.8988141736  
-0.4902207284  
0.01615026423  
0.8797632224  
-1.85028698  
0.2978119531  
1.058678853  
-0.3465192206  
-0.4772864766  
-0.6407083639  
-0.3669447555  
0.02464500178  
0.608763816  
-0.220877745  
-0.6325552698  
0.5488516492  
-1.024295464  
-0.2357543376  
-0.3286909276  
-0.1390522842  
-0.8168171293  
1.385712527  
-1.320333568  
-0.6757783039  
0.3516221472  
0.3813847117  
0.373778916  
0.2197234725  
0.5187735513  
0.7026844777  
0.1050995123  
0.9671978553  
1.267897202  
0.04535546901  
-1.638030266  
-0.6960577342  
0.5995385093  
0.7613702353  
-0.6333385168  
1.110647919  
0.7214597254  
0.1670082319  
0.9852975842  
0.6130884219  
1.078171833  
-0.2860884594  
-0.8021141754  
0.6446485437  
0.4183500331  
-0.2883437975  
1.609104687  
-0.1412214622  
-1.066195368  
-0.1873735427  
-0.5593954068  
1.047999325  
0.3060772014  
0.3741583338  
0.4402904548  
1.909272625  
-1.714833768  
-1.556420975  
-1.906573355  
0.6629175544  
-0.2584888784  
-1.326640006  
-1.365139801  
1.441451839  
-0.02254175821  
0.5433375415  
-1.01226757  
0.336391423  
-0.2465603596  
-0.1929166037  
-0.4970201462  
1.998920782  
-0.383680478  
-1.51165919  
-1.061284865  
1.231521369  
-0.8853995827  
-0.4459623755  
-0.5125024891  
1.579899783  
1.646458958  
0.6722866608  
-0.5132860486  
0.5030406344  
0.3370820316  
-2.06675425  
0.001288242373  
0.6763853355  
0.04464162774  
-0.4397558498  
-0.1579303009  
0.7745311581  
-0.02119246483  
-0.3310141228  
0.6617577302  
-0.728338548  
0.1766458327  
0.7500303918  
0.6134279149  
0.1957768884  
0.3606802082  
0.3684847731  
0.2095847999  
0.1473804039  
-0.4981360107  
-1.240716937  
1.339582788  
-0.5753167925  
1.011844484  
1.588728093  
0.2318092144  
0.2141347518  
0.4986086845  
1.406802675  
0.9621632182  
-0.3145730994  
-0.8485072513  
0.2605290717  
-0.4931675082  
0.258630378  
-0.008719304556  
-0.7706209701  
-0.04015305052  
-0.3241218411  
0.2414690209  
0.1880267215  
-0.3162449429  
-1.487214832  
0.4261318327  
-0.2020275537  
0.8530221543  
-0.4481441501  
-0.4817285878  
0.2340799271  
-0.5908975646  
-0.9087770274  
-1.655784625  
-0.07927526412  
-0.1452999463  
-0.7313372711  
0.1900336577  
0.9204879154  
0.09419739572  
1.21631879  
0.2177459135  
-0.4986927855  
0.008397725329  
-0.9826883087  
0.5325804736  
-0.03471721299  
0.5206429535  
0.8467339837  
1.65602294  
0.481118205  
-0.1912640255  
-1.164070339  
-0.7522376286  
-0.2472942315  
-0.4296105772  
-0.2663687884  
0.2071946928  
-0.2813440721  
-0.9546277552  
-0.648700362  
-0.07360720695  
0.4149060321  
0.7243868724  
0.7195847332  
1.099300656  
0.6911862536  
-0.2831657649  
-1.646764335  
-0.4382181528  
-0.6240357114  
0.15518518  
-0.7648736558  
0.7864050145  
-0.6219852692  
-0.4791931511  
-0.05755129725  
0.3780340603  
-0.6417598285  
-1.304192384  
-2.402353804  
-0.1340910296  
-0.265312377  
-0.7210164573  
0.2393947541  
0.9239615049  
0.3571353115  
0.3787703355  
-0.7025460512  
-0.1842634963  
-0.5676344488  
0.3584518256  
0.5933955252  
-0.1786857844  
-0.5251420553  
-0.3156083259  
1.453943899  
0.3228955392  
-0.2570060172  
-0.008150542818  
-1.121018795  
0.3663151522  
-0.1393652346  
-0.1966417503  
0.7326174337  
0.227927445  
1.749799478  
0.3458374626  
1.235216144  
0.7478177813  
-0.1915364762  
0.1089553181  
1.184675985  
0.3856053742  
0.3042944081  
-0.4055426068  
1.986169128  
-0.4187073653  
-0.008249425918  
0.1553624061  
2.391239046  
-0.588405167  
-0.9920891132  
-1.211496091  
0.5472223615  
-0.02666435627  
-0.2085992447  
-1.111257331  
-1.271374114  
-0.5833650412  
-1.523246611  
-0.6038561999  
-0.3291534766  
0.807826932  
0.2795441732  
0.1492208917  
0.1875406911  
-0.4799260469  
-1.023791406  
0.8105724635  
-0.3929358618  
-1.173053314  
-0.7432527804  
-0.2467168693  
-1.321239063  
0.2414026281  
-0.769918538  
-0.4585424716  
-0.4763599011  
-1.461124254  
-1.946716999  
0.2469858051  
-0.4608793066  
-1.309097808  
-0.4680636328  
-0.02361866252  
-0.1260128168  
-1.074340858  
-1.316109052  
0.06628080088  
-0.3587228576  
-1.871291148  
-0.4281836647  
-1.802563899  
-1.381319483  
4.862626426  
2.702098132  
2.123293409  
1.387022655  
0.5843596436  
1.895652736  
0.4684901763  
0.6806451646  
0.01446301432  
0.3213014808  
2.396694752  
-0.1341165104  
0.2796404564  
1.487062063  
1.585716401  
1.694763052  
1.184069319  
0.7195510971  
3.484200753  
0.556633382  
1.769121635  
0.3106602621  
1.262401177  
1.73962548  
1.154250817  
1.332557457  
0.9921084956  
1.798511456  
1.47597826  
2.394487835  
1.389181488  
-0.3328876386  
-1.055206501  
-0.8866685334  
-1.777210808  
0.8606203914  
-1.194499201  
-1.913139756  
-0.8915691496  
-1.18146534  
-1.357679927  
-0.423817308  
-1.231242697  
-0.8492290829  
-0.6695848552  
-0.0493029111  
-0.2249333867  
-0.2226725975  
-0.9836713998  
0.3414918876  
-1.619466614  
-0.3185120392  
-0.9262734496  
-0.5482416472  
0.5337623023  
0.0721482257  
-0.3553092736  
-0.4244361503  
0.857023429  
0.1887607233  
-1.197533418  
0.5169737636  
0.1157385538  
0.8289868467  
-1.318470475  
-0.6328030663  
-0.4998449501  
0.003286421908  
-1.368367591  
-0.1754993007  
1.032654849  
0.299688065  
-0.1370020856  
-0.2565374474  
-0.2844358853  
-1.8656615  
-0.5223427513  
-0.2504407071  
-1.047930816  
0.1353394764  
-0.04536974938  
-0.5759160857  
0.5469594787  
-0.9294048372  
0.9355068277  
-0.05367674364  
0.1781257648  
-0.6218792362  
1.504977032  
-0.5305138453  
0.06758337165  
-1.129971907  
0.9605486995  
-0.7911704945  
1.197144318  
-0.1306515064  
0.7483052533  
-0.3236672358  
-1.149428798  
0.7557903219  
-0.4852284553  
-0.2252311686  
-0.5541193404  
0.8843093145  
0.06084771701  
-0.3235566723  
-0.2898980686  
1.413287927  
-0.522020732  
-0.7016955217  
-0.3740666953  
0.311294274  
-0.05168336835  
-0.3922246944  
0.6532348932  
0.0728639193  
0.4139876572  
0.5251758568  
-1.231612249  
1.520778096  
0.37868858  
-0.4492690594  
-0.8025468878  
0.1802375816  
0.9128699727  
-1.502947426  
-2.111569261  
1.475495117  
0.3470635318  
0.2018534132  
-0.1530065292  
0.7619475446  
-0.06236484695  
0.058936025  
-0.3245285826  
-0.1949036644  
0.3421993966  
1.60341525  
0.1583395047  
1.532369952  
-0.4829539648  
-0.7334427039  
0.1722843233  
0.5965466876  
-0.6973277976  
0.2425925451  
-0.3315775293  
0.4509643845  
0.3002239305  
0.3586896227  
-0.7927214163  
-0.176112876  
-0.04507071031  
0.3073409876  
-0.3018307273  
-0.09818715281  
-1.232486424  
-0.01133977769  
0.1670641671  
-0.3768936142  
-0.8886525145  
-0.3323660769  
-1.467107595  
0.102986464  
-0.5727841139  
0.3803176531  
2.628460931  
-0.621533708  
-0.6245224349  
0.8920153393  
-0.4448161834  
0.4518343957  
1.072168507  
0.2642908892  
0.5018511829  
-0.3046128844  
0.4341133652  
-0.6608634838  
0.2160914616  
-1.001912641  
-0.5306925484  
-0.9733291913  
0.5074308473  
0.5003214361  
0.8296900786  
-1.221981304  
1.441066066  
0.08348302214  
-0.01750999255  
0.2323451503  
-0.2429098616  
-0.8544419929  
-0.7502740161  
0.4671949145  
-0.6011171765  
-0.9823225907  
0.1280535263  
0.177122375  
-0.6781264954  
0.2078678939  
-0.2303899037  
-0.1571719546  
0.4544767386  
-1.378101931  
-0.8753827535  
-1.583399984  
-0.3840970508  
1.0982773  
-0.8379602858  
-1.198423262  
-1.239076978  
-0.8214023842  
-0.6179226411  
-0.6433902322  
-0.433996269  
-0.7176783283  
-2.5489773  
-1.573120248  
-1.61027738  
-0.7217922829  
4.345629242  
2.471963567  
2.754120934  
0.743184229  
1.13063033  
0.6781665378  
0.9444179181  
1.144611124  
1.295134184  
1.294360483  
0.8422028071  
0.7664377847  
1.06725366  
1.670995193  
0.5506276096  
0.6914307378  
1.670071405  
3.380224547  
0.2014059073  
0.8075997121  
2.153820927  
0.05759313293  
-0.2168087267  
-1.720568182  
0.6208430372  
-1.149603124  
-0.2974018868  
-1.067143328  
-1.013929873  
-0.5899340857  
-0.1425553263  
-0.6793842073  
-2.196125066  
0.3627428897  
-1.02274894  
-0.6691995224  
-0.06364382724  
1.077568844  
-0.7669453279  
0.5523838049  
-0.5042013467  
0.3412631136  
-1.189756359  
-0.6761737286  
-0.7861574705  
1.519539445  
-1.416087795  
-1.537464908  
-1.552543693  
-1.135232884  
-0.09983718468  
-0.7400815122  
-0.8392439411  
-1.337030586  
1.346626266  
1.343036261  
1.357204429  
1.518374433  
1.696728562  
0.3428279322  
2.767292985  
1.531695628  
4.366341105  
-0.3289546791  
-0.5008209661  
-0.585679038  
1.181214194  
-0.7984581894  
-1.039738996  
-0.3957186251  
-0.7815951685  
-0.8731356084  
-0.8488820381  
-1.062221756  
-0.7651080931  
-1.318705477  
-1.154180504  
-0.1101136399  
1.200112585  
3.146425586  
2.851166108  
1.519477131  
0.8900003745  
3.664172893  
-0.6972544612  
-0.503705966  
-1.497636118  
0.3222628569  
-0.7253987585  
-0.4268492369  
-1.428918562  
-1.181735793  
0.8019856675  
-0.7281946565  
0.182022512  
-0.8628044627  
-1.476544316  
-0.8469576564  
-0.5868586452  
-0.2969165585  
-0.8214812691  
1.040715695  
-0.3434964126  
0.1823579737  
0.1038447868  
-1.032095776  
-0.8988685821  
-0.5473635918  
0.3378089144  
0.2797227291  
0.1185370726  
0.4776590553  
-0.2766999213  
-0.5061620858  
-0.2152205103  
-0.07353657443  
-0.9788775528  
-0.3442596086  
-1.305890786  
-0.2395183578  
-0.6174280528  
-0.4972969074  
-1.042263276  
-0.4412335891  
1.832260287  
0.3106976308  
-0.5575338939  
-1.060856359  
-0.08519234303  
-0.1300025672  
-0.3326295062  
0.1475232318  
-0.2131411478  
-0.7926814168  
-0.8588105882  
-1.16767329  
2.488783386  
1.647061159  
2.255548852  
0.5814318432  
2.807223166  
-0.3180518855  
-0.1145725463  
-0.7830919743  
-1.88673719  
-0.4667879574  
-0.08518339373  
0.1184922321  
-0.5421996519  
-0.9478258659  
-0.1007865399  
-0.8879143051  
-0.5648470147  
-0.6099009626  
0.4597285773  
-0.7670328961  
0.3491611282  
-0.1917227043  
-0.8669716888  
-1.836110812  
-1.531163327  
-1.276398187  
-0.5247510757  
2.439949763  
1.387074671  
0.9854138906  
0.9553222616  
0.8405991765  
0.688741024  
