-1.122886596  
0.948853751  
0.01612226567  
0.1658418789  
-0.7678191414  
0.05494065935  
-0.0885556685  
-0.1367949529  
-1.277817828  
0.2898272447  
0.3824635678  
0.4184564842  
-0.3249761217  
-0.3385843957  
-0.7394035203  
0.1357779717  
0.06562827986  
0.4835503059  
-0.6722697225  
-0.1361047242  
0.3716280609  
0.5384463201  
0.2288278414  
0.5706554796  
0.3947301109  
0.1791611445  
0.6936406293  
0.3649108678  
0.9869538983  
0.3414629342  
-0.1591849734  
0.7114229982  
0.3940426004  
-0.7959188828  
-0.02365143637  
0.2859739733  
-0.07156595313  
0.06245841698  
0.2854948944  
0.2993693731  
-0.1132183018  
-0.4862161474  
0.4838775828  
0.579917226  
0.278672035  
-0.777326817  
0.5849565911  
0.3727945181  
0.8346245992  
0.803654435  
0.6743728422  
0.4527901203  
-2.775006884  
-0.222322861  
-0.123731748  
-0.09363167352  
-0.6490562019  
-0.2341521043  
0.0544224619  
-0.1195730803  
-1.931102653  
0.1198353588  
0.6423268459  
-0.5888225455  
-0.9310070395  
0.4994286609  
0.2014389745  
0.1734218618  
-0.3488256717  
0.4673495718  
0.1810093252  
0.2249085744  
-0.6037705424  
0.5672199121  
-0.5610975375  
0.5079789606  
0.295044429  
0.4944847664  
-0.2033885133  
-0.7567454179  
0.1440450718  
0.5586839708  
0.1975762159  
0.4209841324  
0.7366426445  
0.7952954565  
-0.2902863289  
-0.7062963458  
0.7611443063  
0.4724478019  
-0.1504028284  
0.5578608462  
0.6128462041  
-2.032464322  
-0.1685519248  
0.001478037166  
0.06898116515  
-0.2312311898  
-0.09753410091  
0.1087303554  
-0.1043665359  
-0.3571218943  
0.2859557701  
0.1216164095  
-0.7553394234  
-0.2569383022  
-0.06604154787  
-1.391192932  
-0.7402852404  
0.5213635514  
0.8716060208  
0.2090331204  
0.4560582354  
0.1693488335  
-0.6838708789  
-0.8969946873  
-2.284356033  
-0.003989660464  
0.3226518753  
0.2695408892  
-0.3835538973  
0.8857130868  
0.7287271778  
0.3979913309  
0.3257957732  
0.9517369904  
0.7321060498  
0.3502087491  
-0.3542207632  
0.3589443855  
0.6717334  
1.03538329  
-0.5925934537  
1.26693974  
0.9489587319  
1.052004901  
-0.5904944792  
-0.3272379622  
-0.1770677252  
0.1228117837  
-1.895967991  
-0.7203486197  
-0.4623827264  
0.3719051895  
-0.9609884455  
0.225295092  
0.1056839438  
-0.1259178163  
0.03603720985  
0.4683090832  
-0.7522273462  
-1.288933823  
0.09577236636  
0.1466471541  
-0.2015096552  
-0.9176356351  
-0.1485587519  
-0.1564986106  
-0.6135510976  
-1.626867093  
-0.7700053975  
0.2896891185  
-0.09624805235  
0.4618881978  
0.255969246  
0.1549382104  
-0.1001265562  
-0.7807173478  
0.7543684217  
0.2178481266  
-0.340178968  
-1.02776802  
-0.0815893945  
0.5244039451  
-0.7726879608  
-2.23584607  
0.4599596538  
-0.07686037262  
0.4107097264  
0.3426958339  
0.3188200563  
0.2698439379  
0.05133930451  
-0.0748318213  
0.1612925457  
-0.1912101515  
-0.07448072504  
-1.085376423  
-0.1191644483  
-0.09209466718  
-0.8532693166  
-0.9176639121  
0.3666716136  
0.1450620601  
-0.08363623536  
-0.3760744306  
0.03280998318  
-0.1624876263  
-0.9834606168  
0.4450069894  
0.2917039939  
-0.3541942918  
-2.343453838  
0.1774970522  
0.03580343439  
-0.3697777809  
-1.58761659  
0.01870887289  
-0.03447715608  
-2.166683438  
-0.3728749975  
0.2733752204  
-0.9149677018  
-1.132237833  
1.064732764  
1.486428021  
1.560163301  
0.9269456067  
1.086608914  
0.6549650533  
0.09287669617  
0.4615334774  
1.45940731  
1.166718528  
1.0484558  
0.9987081583  
0.6241121691  
0.9537323421  
-0.4111455502  
-0.7271357832  
0.8422262848  
0.5009044533  
0.9785922936  
0.8558173305  
0.483647267  
0.5149558215  
0.7378689385  
-1.187151549  
1.10747297  
0.3760195783  
-0.03548053204  
-0.6123926347  
0.9177101033  
0.9674079622  
1.003793588  
0.1643948427  
0.8511582009  
-0.234329073  
1.047227445  
-0.4122141479  
0.8700962242  
0.8030395716  
0.8072606784  
0.3470253093  
1.427520344  
1.164915069  
-1.167498721  
-1.272107378  
-0.377134222  
-0.08280180514  
-0.8811263766  
-0.9509880229  
-0.585281999  
-0.7108198552  
-1.872440896  
-0.02873325406  
0.328993185  
-0.2751281448  
-1.120075476  
0.4256796319  
0.01400010108  
-0.6420612198  
-2.019216152  
0.7545156183  
0.6157874358  
0.779187803  
-1.130697559  
0.3387301417  
-0.06520763793  
-0.2586644108  
-2.934083757  
-0.301289112  
-0.8200615464  
-0.9024189513  
-2.316988793  
1.321824836  
1.140792151  
0.7783196627  
-2.217970148  
0.8472924966  
0.1416796395  
-0.374958885  
0.430196246  
0.4936486272  
0.7244135386  
0.4091169311  
-1.315012979  
0.9776722152  
0.9603718175  
-1.311656067  
0.7197623903  
0.9839067015  
1.239789328  
-1.999792475  
0.9566905406  
1.29296938  
1.404211407  
0.27202626  
0.9504256542  
0.4278131673  
0.7455242849  
0.9060270637  
-0.0791702755  
0.4619273282  
0.4214618073  
-0.06272609904  
1.755647095  
1.084397256  
1.447054932  
0.7845781986  
2.101463037  
1.620790082  
1.164770002  
0.764658658  
1.246972531  
0.6439816396  
0.5562990818  
1.105473588  
1.052946462  
-3.716679414  
-1.645018323  
-1.852727716  
-0.9082974197  
-1.235042804  
-1.213929523  
-2.337903464  
-1.398688237  
-0.7102535825  
-0.729604749  
-1.394452368  
-0.9510116958  
-0.8355096977  
-0.6619291322  
-2.420857649  
-0.9844685013  
-0.8120337207  
-1.231351454  
-1.740986804  
-0.7965580035  
-0.7270419606  
-0.9514194255  
-1.122885439  
-0.8290820778  
-0.4948331485  
-0.4965274845  
-1.221472672  
-1.180385126  
-0.7350680923  
-1.005167811  
-4.113155165  
-0.2288170817  
-0.08261097797  
-1.648471145  
-0.1906275931  
-0.9637977098  
1.138226885  
1.221186666  
1.455169979  
0.8180073744  
1.017574906  
0.8147824022  
1.036917371  
0.3548088301  
1.646593113  
1.357479049  
0.8954698014  
-0.1197002458  
1.366718985  
0.5474184361  
1.062482402  
0.3970048813  
0.8919768203  
1.285970437  
0.2580144732  
0.9738071657  
0.9203232312  
0.6158871192  
1.251892405  
0.6788037958  
1.130022912  
1.100148234  
1.024440051  
-0.07479287906  
-0.0910309557  
-0.04238562368  
-0.2660662601  
-2.579321867  
0.3331796719  
0.7340191074  
0.3122047955  
-2.11561799  
0.3928841666  
0.4892171122  
0.4746776611  
0.04367822143  
-0.8492843854  
-0.2442163573  
0.08695590534  
-2.373273937  
0.1546957407  
-0.3961999995  
0.21050921  
0.3684848456  
-0.6562449718  
0.1802872129  
0.822470558  
0.01965571607  
-2.095400107  
0.1776140817  
0.1963270092  
0.5752631424  
-0.5553341522  
0.3397026039  
-0.1243948867  
-1.032871231  
0.2341683789  
0.2049712326  
-0.01233453937  
-1.183741235  
0.08416889438  
0.5752283638  
0.6870157996  
0.1733236307  
0.1963420545  
0.4342970662  
0.233902711  
-1.447436834  
0.3926325517  
0.3136889919  
0.08024213971  
-0.4788189145  
0.4677272624  
0.6634608066  
0.3984972078  
-0.7789896948  
0.6606213541  
0.2124418145  
0.7553064617  
-1.233615503  
0.3899733656  
0.5492163691  
-0.3654955873  
-1.002436066  
0.1689905287  
0.05226474247  
0.6719075382  
-1.128775174  
0.2293018132  
0.09844177731  
0.02726557208  
-0.1233265125  
0.3489713032  
-0.1405342972  
-0.3108954139  
0.2608052329  
0.6337431986  
0.4451634388  
0.4136480573  
-0.56488842  
-0.2476480807  
-0.6717761695  
0.4385281418  
-1.515708971  
0.7984469101  
0.8935399074  
0.1733307628  
-2.597300743  
0.3214745484  
-0.4700307396  
0.2734344795  
-0.4968762148  
0.1245710979  
-0.1067796315  
-0.002051669385  
-0.07692530821  
0.01827075636  
-0.5563190629  
0.2005077506  
-0.06167081419  
-1.297666449  
0.7264158499  
0.6001227757  
0.3228480771  
0.440429733  
-1.264080838  
-1.367004687  
-0.2798534658  
0.2505637101  
-1.270050571  
-0.6831328326  
0.6484009921  
0.4623460466  
0.5034949017  
-0.6710247812  
0.7793330369  
0.9160123277  
0.1141762255  
0.6502173886  
0.6952331894  
0.3355496368  
0.32666305  
-0.3367096231  
0.8360593791  
0.6726381158  
0.1536787199  
-0.4279130166  
0.1829188131  
0.2700859841  
1.06180542  
-0.9926228935  
1.229584165  
0.3924271074  
0.5956101264  
0.9035604345  
1.206211567  
1.256525984  
0.3283363707  
0.5887955644  
0.4674675535  
0.5249109967  
-1.023427383  
0.1797471974  
0.3501440639  
0.3837195721  
-1.243506488  
0.7203178174  
-0.2023850495  
0.9442305475  
0.5077652582  
-0.04874340663  
0.7879615303  
0.7391949182  
0.5385724566  
0.4610682679  
1.396257258  
1.4823023  
1.047282033  
1.087944691  
1.167077239  
-4.928989527  
-1.147830078  
-0.9229939702  
-0.5320067228  
-0.6827147994  
-1.469122813  
-1.594080228  
-0.8404774664  
-0.4469436199  
-1.096172563  
-1.324198381  
-1.344702919  
-1.32614201  
-1.242705072  
-1.318303761  
-1.22079938  
-1.091710009  
-2.036037654  
-1.30968188  
-1.529845326  
-2.397035287  
0.2420889607  
0.2746062418  
0.7999645847  
-1.234808756  
1.307460051  
1.213203044  
0.4232957868  
0.742622626  
0.08814806307  
1.36182077  
1.573632045  
0.7382660237  
-0.512559658  
0.768732534  
0.8782318832  
0.3902868773  
-1.408638947  
0.3234816917  
0.6485345285  
0.6108906173  
-0.5431880417  
0.6399261441  
1.174816361  
1.132852093  
0.03905312555  
1.505250969  
1.323024801  
0.8271358253  
-0.6040928024  
0.6504622864  
0.54396069  
-0.1536206827  
-0.3173732962  
-3.636621207  
-2.477686679  
-1.309021485  
-1.2383905  
-1.047941114  
-1.999607789  
-1.876728123  
-1.439391029  
-3.368017176  
0.04828668032  
1.051787186  
0.5972977835  
-0.467012508  
0.6257274293  
0.8539894027  
1.024338145  
1.093899196  
0.7006841417  
0.9488533028  
1.321208121  
0.9854234516  
1.936054306  
1.088587401  
0.9381545299  
-2.121363215  
-2.878273187  
-1.831829478  
-2.095081786  
-2.160978123  
-3.397327077  
0.7074975943  
0.1053829109  
0.2857205587  
-0.8613002822  
1.00176266  
1.250248137  
1.106437775  
0.4524400073  
0.1302400362  
0.4533792419  
0.4930767739  
-0.03286743763  
0.1654362823  
0.5216865508  
0.236147713  
0.4222261832  
0.2753254934  
0.4827589482  
0.7050058681  
0.4304459049  
0.5574091549  
0.6699132567  
0.6902559945  
1.003816479  
0.8648393439  
0.6557037267  
0.3302830727  
0.5995871179  
0.4071030946  
0.6137399729  
0.6869155774  
0.835252325  
0.5152890116  
0.7086997761  
0.6746825948  
0.6671720186  
1.314839717  
1.113702768  
0.7541676529  
1.070323409  
-1.234563276  
-0.1259563514  
0.4861884374  
0.1406965404  
0.8224445918  
0.9184435984  
1.213099135  
1.123433407  
0.857987638  
1.06968597  
1.31282983  
1.094238455  
-5.579253006  
-2.634401433  
-1.885106854  
-1.879110723  
-3.229987161  
-0.2680596922  
1.575945877  
1.5302262  
1.138399721  
2.011656195  
1.780210622  
-2.080346237  
-0.2591776917  
1.093199676  
0.7005815229  
0.6417391608  
0.1036424837  
-1.018220659  
0.6709170429  
0.8364345695  
1.389440288  
0.1129142921  
0.7088733022  
0.7725208783  
1.067740327  
0.9676776922  
0.2524762869  
-2.425514764  
-1.098375714  
-0.5640333168  
-0.8696711058  
-0.5589023351  
-0.6632332815  
