-0.4572576312  
-0.6742860196  
-1.293550341  
-0.1536180661  
-1.707942276  
1.604545684  
-0.03849181077  
1.197589539  
-0.5913146123  
-0.4627943101  
0.6392035632  
1.041185136  
-0.04386494681  
1.245991734  
-0.4002919817  
0.8313703714  
1.269990139  
0.6430925403  
-1.002595959  
0.5386236708  
-1.947785122  
0.2466823003  
0.4369063907  
-0.04078787436  
-0.09838335291  
-1.060005689  
2.036821207  
-0.120942634  
-1.129655424  
0.6086553183  
-0.3974850815  
-1.244629683  
0.6246284022  
-0.9546312611  
0.727440056  
-0.7310162197  
0.8029109927  
0.1357842421  
0.5715329671  
-0.004357194794  
0.2648582463  
0.3038156167  
-0.08889117792  
-0.02943710729  
-0.2127620638  
-0.1260532569  
0.4445029926  
1.516823483  
0.1052065136  
-0.01044173931  
-0.2920495698  
-0.738798594  
-0.1958491799  
-0.6067988661  
-0.5284984029  
-0.7281631768  
0.01941367641  
-1.177180992  
-0.04685543446  
-0.80073217  
0.9250033439  
0.5715144961  
-0.4484498762  
0.513414634  
-0.726411041  
0.9619996421  
0.6596727097  
-0.9543287682  
0.2092101503  
-0.9384544314  
1.444925884  
-0.5632844184  
-1.163477231  
-0.5849063392  
-0.7561498278  
0.7929333319  
1.232072406  
1.684932202  
-0.168882967  
-0.1288370357  
0.1642589084  
0.6299674908  
0.8811286887  
1.048172822  
1.760939664  
-0.9031210985  
-0.5659157291  
-1.957691404  
-0.4565220521  
0.8457147574  
0.3748557595  
1.095113067  
1.976153628  
0.3031550929  
1.234088485  
0.7645059474  
0.4016065726  
-1.175001416  
-2.417105071  
-0.6608245261  
-0.155909639  
-2.139465708  
-0.03799708944  
0.1937036259  
-0.1392981461  
-0.5593213767  
1.15291845  
0.4640452381  
2.099706487  
0.3398632443  
0.8589223711  
-0.3565965691  
-1.496633172  
-1.826741908  
0.08213070385  
-0.6785242897  
0.8824032421  
-0.3257494875  
-2.324550117  
-1.048499564  
0.700296556  
0.224694273  
-0.9626855371  
-1.419417337  
0.221838016  
-1.31400649  
-0.7064652722  
1.234349465  
1.185292141  
0.6669468398  
-0.5091844415  
-0.1258548538  
0.6455000563  
-0.7184400538  
-0.6942960443  
0.2971842207  
1.11969476  
0.6953143787  
0.3332641743  
0.35707171  
0.4684175638  
-1.194009017  
-0.1128882487  
0.9041381891  
0.8116123442  
1.020929399  
0.3092129128  
-0.6593281427  
1.192811791  
-1.530196067  
-0.1702381131  
1.261343619  
0.0129473822  
-1.004626861  
0.4466862983  
-0.1391598061  
0.08618021989  
-1.090622176  
-0.8801463146  
0.7944256178  
0.5696636388  
-0.3769172754  
-0.2250439327  
1.073724791  
-2.01309019  
-1.100721317  
-2.012938859  
-0.4224288595  
-0.3370220071  
-0.1863195754  
-0.1596609766  
0.4768609524  
0.01633974195  
0.1650053793  
0.9947809221  
1.77311564  
0.7572504695  
1.264547613  
1.442341172  
-0.4010571409  
1.974527169  
1.655135942  
-0.4340094528  
-0.4845606287  
-0.2409155676  
-1.780115442  
-0.5444062624  
-1.58031317  
-1.149859959  
-0.5526878869  
0.1492980902  
-0.6007462269  
-0.2890751756  
1.858744731  
0.5014738155  
0.8905005843  
-0.119410339  
0.3154213015  
0.753823456  
-0.2173550249  
1.783211847  
-0.5144001463  
-0.3893454949  
0.398895589  
0.4294904561  
0.2550082711  
0.02039335581  
0.491701118  
0.6520729428  
-0.3925112151  
0.7460746383  
-0.3437466025  
-0.5785786703  
-1.71412277  
-1.555024103  
-0.9253099173  
-0.7460273621  
-0.5321604504  
0.9505368411  
0.8861286809  
0.377410219  
0.172679562  
-1.202755687  
0.1308898408  
0.3319806635  
1.051237817  
2.053443573  
1.330417971  
0.7384408442  
0.2326515368  
-0.2701439586  
-0.2247050193  
-1.1959089  
-0.7970898267  
0.163707181  
-0.1848057805  
-1.027537271  
0.099841571  
-1.123973711  
-0.4151543468  
-1.204668753  
-0.1610832327  
-0.2361312352  
-1.225296361  
0.3232421412  
-1.062247112  
-1.198687993  
-1.052336183  
0.7855845481  
0.03305326089  
-0.5327818732  
0.54780898  
1.093140684  
0.4059430715  
-0.8135927688  
-1.41334883  
-0.07523864886  
-1.285745298  
0.3459972678  
2.05088564  
0.6199973217  
0.9531617043  
0.6154011708  
0.9146563358  
1.312298163  
1.5043712  
1.191895378  
0.8237880287  
0.4176179234  
0.7615818737  
1.243687417  
-1.530191036  
-2.0596714  
-0.677495046  
-2.871198199  
-1.95496092  
0.3670995263  
0.9069313011  
1.245439355  
1.446169697  
-0.4806118395  
0.7670718176  
0.7521728297  
0.22275875  
-0.4561638215  
0.7298535126  
-0.4505578813  
-0.3452007551  
-0.9384631566  
-1.16437632  
0.5372583252  
-0.1757258041  
-0.6858285087  
-0.5185339802  
-0.6948638  
-0.03906659475  
-1.103111655  
1.442584985  
-0.1561512506  
-0.3245942682  
-1.062745986  
-1.009232962  
-0.2351825775  
0.7595232787  
-0.2181731512  
0.8709376277  
1.31943565  
-0.6660227741  
1.145575453  
0.409319657  
-0.004113114809  
0.6592481897  
0.05798081792  
1.267806605  
1.256472217  
0.03673320306  
-0.9153834132  
1.623925907  
-1.407040438  
0.0102074541  
0.2634180512  
-0.002998698243  
-1.194553787  
-0.4711752157  
-1.731360624  
-0.8988874999  
-0.4657332284  
-0.4762285998  
0.3379410081  
0.2376773386  
0.9695463219  
0.03325577563  
0.293021021  
0.8987860483  
-0.3520467132  
0.4749244726  
0.2801146574  
1.868701016  
1.713819591  
1.34331131  
1.414847387  
0.7609966851  
1.610811527  
-0.7854068795  
-0.4048197706  
-0.2035670446  
0.3899488137  
0.4887606417  
0.1734357105  
-0.4932073065  
0.1565057568  
-1.109688581  
-0.8801947265  
0.06234927934  
-1.20246832  
-1.511319727  
-0.8956888879  
-0.07428109334  
1.235994659  
0.2746724992  
0.3403796351  
-1.654544459  
1.062460214  
0.2040355345  
-0.9481215032  
-1.554993976  
0.131049903  
-0.9019175614  
1.516096482  
0.1231849674  
1.57815391  
-0.2110517351  
2.339773082  
1.594352798  
1.156828411  
-2.948438671  
-4.597968125  
-0.1712156783  
-0.4595614764  
-1.503480946  
-2.710225164  
-0.8338934937  
-0.5151543573  
-0.7203823774  
-0.5991774162  
0.07564484078  
0.5209870251  
0.1980397961  
-0.7954718543  
0.4343261252  
-0.1314594007  
0.9662244645  
1.658365536  
0.9856830456  
-0.1466828377  
-0.2319712603  
0.01779597688  
1.017959772  
0.7823888742  
0.6803992446  
-0.1545479208  
0.4256491855  
-0.8110712881  
-0.05580673431  
0.04683664469  
-1.061468532  
0.8693053348  
0.6374765918  
1.133021735  
-0.7019895143  
1.377262078  
-0.6527610879  
0.4866333927  
0.5704625292  
-0.07951505688  
1.541479009  
-0.1295280964  
0.6507582561  
-0.6419520213  
-0.2725865302  
0.0228347651  
0.829887759  
-0.9451425716  
-0.2174773676  
-1.563009261  
-0.9580876822  
-0.4006592825  
-1.208963834  
-0.3209523716  
-2.108163952  
-1.602679575  
0.7022220999  
-0.5018083967  
-0.5855095055  
-1.597336894  
-1.078861696  
-0.5935051038  
1.312220154  
0.7790165547  
1.369307313  
1.110625161  
1.415414517  
1.44546971  
1.783718386  
1.840311497  
0.2993885368  
0.5402331899  
1.040714131  
0.948678928  
1.598408376  
1.205394417  
-1.143295912  
-1.485448202  
-1.752081199  
-2.370678073  
-1.944148091  
-0.380775614  
-0.8107229979  
-1.55175784  
-0.7615187897  
0.3182364164  
-2.108086929  
-1.194193388  
-0.5300862793  
-0.04903609293  
1.015589266  
0.7536716161  
0.3597364029  
0.8181627862  
1.584437266  
1.14884656  
0.1889907873  
-0.8525594068  
-0.3687648378  
-1.713066629  
-0.9422389802  
-1.623655125  
0.1211308576  
-0.3219496381  
0.7573819615  
0.6786903392  
0.1503118857  
-0.6779080716  
2.537512167  
0.8085642471  
1.968017454  
0.1679249428  
0.212221442  
0.5453471852  
-0.1513906657  
-0.3161459663  
-0.09650219581  
0.2412147531  
-0.5298965556  
-0.3364622372  
0.9605563884  
-1.057416696  
-0.7027136942  
-0.2340594303  
0.5244272425  
-1.326776282  
-0.3788610307  
0.8310936659  
-0.0980276319  
-0.7493636985  
-0.7048635785  
-0.17758978  
0.6766636683  
0.7996267536  
0.6748095647  
0.5656862577  
1.195068454  
-1.232053557  
0.4994983729  
-0.2939349423  
1.019851291  
-0.285137248  
0.4545215356  
0.1443688814  
0.906217533  
-0.2081853982  
0.3270150018  
-0.7775033983  
0.1303639945  
0.6460423776  
-1.87430615  
-0.8794514701  
0.1063151083  
0.5706717167  
1.385330724  
0.7354248752  
1.007463738  
0.8729925525  
-1.049767665  
-1.117561215  
-1.241765288  
0.3692502436  
0.2522534063  
-0.4674389193  
0.0551839931  
0.8182777989  
0.9425043303  
-1.246326043  
-1.49180678  
0.3919979375  
-0.5278429319  
0.2589284185  
-0.5102281278  
0.07443691623  
0.7002991539  
1.036530202  
-0.1375432634  
0.5252046595  
-0.1642425947  
-0.7317863113  
0.004961619088  
0.8403900178  
-0.5717794221  
0.09987303638  
-0.1238423874  
-0.2818676544  
-0.6948609796  
-0.5754239172  
-1.5378864  
-0.9876384544  
-1.796451865  
-0.46346941  
0.05943218678  
1.25262448  
-0.04875306109  
1.883955251  
-0.9429110391  
1.52518685  
1.385471898  
1.874392294  
0.2656902531  
-0.6333431478  
0.3644311756  
0.5213225538  
0.5650406489  
0.5014164744  
0.3091364361  
0.8182274679  
0.3111493277  
-0.1744544267  
0.9880115527  
0.4249661561  
0.4790970542  
-0.5372336909  
0.6436633435  
-0.7220029944  
-0.1738657976  
-1.881066546  
0.1182931659  
-0.8598122977  
-0.7827511237  
-0.7179732905  
-0.2255856946  
0.6135893055  
0.6411098551  
1.813499487  
-1.548079116  
0.1499587093  
0.851596394  
-0.1075123092  
1.081364292  
-0.3818264919  
-0.5596548865  
0.4807488698  
1.339132599  
0.1132985802  
0.5494209769  
1.551797196  
1.12935989  
0.6084399102  
0.1931066273  
-0.4832472964  
-0.5826656094  
-0.3967839524  
0.0265758409  
1.420734444  
0.9984115739  
0.4371856383  
0.3776121354  
2.6711561  
1.591649623  
2.293430825  
1.886279033  
2.114435986  
0.7650615507  
0.6420142994  
0.955665301  
0.5747296169  
-0.1956536159  
-7.824547936  
-3.690807803  
-4.004089226  
-2.30515985  
-0.9208025844  
-1.580190069  
-0.3841769627  
-2.1367057  
-0.6997084829  
-2.462668166  
-1.147678803  
0.07788865932  
-1.619900244  
-1.053250081  
0.2430280425  
1.012263366  
2.233472815  
2.19518233  
0.5114610027  
1.063841135  
0.1315670278  
1.081323018  
0.8133451892  
1.513102079  
0.3197677692  
0.249778729  
0.8457475368  
2.437575138  
2.917765409  
1.888560525  
0.8949684885  
-2.337222313  
1.548784408  
0.1626967347  
0.2650683053  
-0.9096472348  
-0.7629330509  
-0.5606737007  
0.2879955999  
0.2076675339  
-1.807237705  
-1.917975761  
-3.674366552  
-2.029802702  
-0.9000512084  
-3.125064228  
-0.2887168349  
-0.5497612926  
-0.1666862099  
0.117732611  
0.5173522976  
0.1199321866  
-0.5670730992  
-0.4503727244  
1.234213173  
-0.08616019932  
0.2591882999  
-0.524260643  
-0.2262722177  
-0.2946249988  
-0.2609153391  
-0.9137284735  
0.5775601315  
0.08052837395  
0.4353578828  
1.602585993  
1.425930006  
2.044410898  
2.44964934  
1.620615297  
-0.5956916575  
-1.553704205  
-0.0008963195223  
-0.8267926233  
0.8798269257  
-2.363596258  
-1.032148462  
-1.168852851  
-0.2872191117  
-0.4305551782  
0.1495370559  
-0.2788896389  
-2.066172763  
0.4851059489  
0.4949709007  
0.9639297624  
0.7740545501  
-0.009817960967  
0.1385264159  
0.3440814207  
-0.05581053335  
1.178589259  
0.6367679866  
-0.797449064  
0.1615362844  
-0.8403157452  
1.991454936  
0.761931933  
0.3184587364  
-0.469503452  
-0.7353923557  
-1.149833595  
0.4451118614  
-0.2144774413  
0.1981003337  
0.6668964113  
0.06521085305  
1.011347556  
1.613289471  
1.29101021  
0.5176583973  
0.5508971222  
-1.741485251  
-0.09506199451  
0.2452296717  
-0.4132059366  
0.04194298406  
-0.6241424026  
2.242890451  
2.050505438  
0.1786681731  
-6.145141477  
-1.04903065  
-2.237357025  
0.4449515468  
-0.989592385  
-0.9218877366  
-0.9430300927  
1.165304531  
-1.150317427  
-0.3354129108  
0.3877890944  
-0.3972000926  
-1.033872794  
-0.7417688532  
-2.023139698  
-0.2105616951  
-1.548765585  
-0.1682601838  
-0.3184822173  
-0.3373087798  
1.52033911  
1.311951501  
1.053873877  
2.850546041  
1.601353405  
2.117077444  
1.444648145  
1.655639202  
0.4261074  
-0.8193857286  
0.243080382  
-0.1857270744  
0.1078458596  
0.1756399522  
0.2271986792  
-0.6243659487  
-0.4488611962  
0.1667432345  
0.2180411211  
-0.7287622656  
0.9793716948  
0.2715677576  
-1.023628284  
-0.1060605934  
-0.8925497108  
-0.3848802995  
-1.987324697  
-1.831263029  
-1.007534421  
-0.06289551369  
-0.6969180476  
-0.2841897408  
-0.4130728006  
-0.1834403827  
0.1570071974  
0.4306337559  
-0.4824717005  
-1.166353375  
0.2939815683  
-0.3166019871  
0.7558590667  
-0.07491155706  
-0.1454519595  
1.117381297  
0.8979331744  
0.5780205661  
-0.06762547858  
-0.404893212  
0.04736966661  
0.04461510236  
0.929921466  
-0.333008818  
0.7745731022  
1.094783872  
0.3704365031  
1.493036034  
0.6670549311  
1.023163172  
0.1309512546  
-0.1397815781  
-0.07969340472  
0.9630579112  
0.5586624356  
0.3984831862  
1.037471995  
-1.36622639  
0.04106700313  
-0.08806331181  
-1.03809525  
0.5832995937  
1.002024388  
-0.01287738967  
-0.0219302272  
0.5581623316  
0.4564424957  
1.081435749  
-0.3533589288  
-0.250015755  
0.4355578105  
-0.6569097876  
1.512598663  
2.252688074  
1.555707043  
0.476643694  
-0.3666331613  
-0.2712184395  
-0.6582533919  
-2.197642062  
-2.099381995  
-2.137460692  
-1.625869175  
0.1914562434  
-0.5260793012  
-0.1304424501  
-0.4389077163  
-0.4996639713  
-1.190927221  
-1.420690082  
-1.59099448  
0.1703239454  
-0.677305894  
1.219824637  
-0.614877285  
-0.0488578959  
-1.09736718  
-1.111633904  
-0.8407814106  
0.49929264  
0.1088370212  
0.6136917361  
1.295718528  
1.249758306  
-2.298576463  
-1.27159004  
-0.4186754838  
1.007616989  
1.718696153  
1.438601314  
1.496623314  
1.283390486  
-0.08612142071  
-0.4852841524  
-1.169138302  
-0.550775932  
-0.8131953767  
-0.1641351818  
-0.5770097075  
1.575910626  
-0.8976693608  
0.6326858117  
0.2238281799  
-0.3660840582  
0.5380141713  
0.9464663875  
-0.4747434711  
2.352883986  
-0.2642233494  
-0.6449314895  
-0.367469587  
-0.8207402082  
0.2875119299  
-0.1409405299  
-0.6870586251  
-1.644922105  
-0.1220657162  
-0.551103508  
0.006938307047  
1.199363079  
-0.6192838943  
-0.459373825  
1.527022779  
0.6919659478  
1.558576829  
-0.09553498661  
0.2939692719  
-0.7532889684  
1.253418565  
0.3634401004  
0.9481363251  
0.1947814378  
-0.3364552918  
-0.4809803906  
-0.2852278672  
1.762029397  
-0.5168954145  
-0.09673832265  
0.6280622905  
1.014124864  
0.1743015945  
0.004745389723  
-0.4465399926  
-0.9398612758  
-0.3022359677  
-0.9857468509  
0.4113763313  
-0.7635971695  
-1.388657312  
-1.793338135  
-0.1382073439  
-0.9787811247  
0.2855466658  
1.721257324  
0.2283067745  
0.2822797743  
-0.4568485416  
-0.8418051358  
-0.6732024794  
-1.076083886  
-0.3712920134  
0.4957861384  
1.44484598  
1.047878975  
-0.5791958707  
0.7723623744  
1.259473509  
0.0337848579  
0.6528977923  
-0.1885129811  
-0.8870198716  
-0.7710475708  
-0.5643580726  
-0.2709690004  
-0.3700359846  
-0.8785544347  
-0.2670525858  
0.9289830654  
1.382569314  
0.01657338171  
-0.5941098748  
-0.2176018614  
-0.1389739987  
-0.4523579974  
0.6286683764  
0.1290743766  
-0.7794027584  
-0.4259896979  
1.201843936  
1.350403499  
0.8397338854  
-1.100238732  
-0.1092373136  
-0.572195707  
0.0697574036  
0.4309344685  
-0.1170940841  
0.4730046474  
-0.8738869961  
0.3456202277  
-0.2399751852  
0.4135658308  
0.4477502536  
-0.1300469001  
0.7357290395  
0.7840228182  
-0.1130334486  
-0.1644545013  
0.2271787127  
0.834562767  
0.5555328856  
1.829978221  
0.2137212121  
-0.635447215  
-1.421019496  
-0.2003146958  
-0.8570262465  
0.474296187  
1.035062991  
0.7675625776  
-0.4929809686  
0.1913287512  
-0.07623125592  
0.6049018235  
0.9405463556  
-1.098127046  
-0.4965236571  
-0.2905075461  
-1.533268992  
0.09464977143  
-1.050104324  
0.3677886233  
-0.5336272955  
-0.1788637897  
-1.749472768  
-0.3556551279  
0.2372790637  
-0.59675457  
-0.2682480829  
-0.1834405582  
-1.226970116  
-0.241625792  
-0.7757621593  
1.150647797  
-0.2535823706  
-0.2661554745  
-0.8070918519  
-0.2718921584  
-0.2312437077  
-0.2939895516  
0.3178910937  
0.4794809184  
0.5487297872  
1.401298313  
0.8953490602  
1.959394174  
0.4583338374  
0.2497650607  
-0.3970482865  
-0.02894477346  
0.6559689242  
0.1759826055  
-0.1889350983  
0.3003397951  
-0.7195223032  
-1.030115776  
-0.5126309768  
1.669234629  
-0.9656400714  
1.152219796  
-0.2095083089  
0.2961306854  
-0.9573796773  
0.4037878737  
-0.2995904243  
0.0187423594  
-0.920015984  
0.5803655918  
0.03716496805  
0.2116894803  
-0.9514196316  
-0.6218098236  
0.02487455532  
0.262359562  
-0.3921081894  
1.289785638  
0.279880274  
0.1553014145  
-0.5277817634  
0.3248773306  
1.459542439  
-0.5236304424  
-1.407165033  
-0.7974552927  
0.2571004652  
0.8140405043  
-0.4022733255  
-1.28647376  
-0.382997238  
0.6579860232  
0.1973656635  
-0.1179366424  
0.8899387241  
-0.3124974573  
-1.484074855  
-1.098222582  
-0.5893825804  
-1.439665751  
-1.555209172  
-1.113196345  
-0.2124068046  
-0.3494277636  
0.05886488228  
0.7727825973  
0.9781637177  
1.117993843  
0.7683564108  
-0.2719219734  
0.3757033904  
0.3374996717  
1.807532503  
-0.2648315906  
1.193932431  
1.820986223  
1.159343345  
1.019640961  
0.6151873101  
1.282189373  
1.178663133  
1.1822134  
-1.64919882  
-1.240566085  
-1.653134462  
-0.8461977991  
0.7465771811  
0.9090367105  
0.7258238291  
0.471579675  
1.743980029  
-0.1797586236  
0.3166703005  
-1.500915398  
-0.6343306523  
-0.4778298041  
-0.3635021942  
-0.6298826006  
-0.7358849071  
-0.9964554516  
-0.9423986957  
-0.2341011949  
0.9104563983  
-0.3222461166  
0.6445990819  
-0.08387923129  
-0.5118714273  
-0.1309761005  
-1.678678714  
-0.8272910023  
0.4958111452  
0.285334859  
1.197445283  
1.205039647  
-0.005560100671  
-0.9874369552  
-0.8728025405  
0.7837729505  
0.1071401955  
0.5523424293  
0.7210455155  
0.6505753166  
0.7626781128  
-0.7358782453  
0.3060555116  
1.550905549  
-1.486286192  
-1.495212512  
-1.376022259  
-1.000532903  
-0.2866924663  
1.522117168  
-0.2868060236  
-0.1445148437  
0.4487532123  
-0.9054655108  
0.9021791965  
0.1442450773  
-0.3346684637  
-0.1638984837  
1.005758025  
2.010071115  
-0.6827508524  
-1.45677262  
0.1634673681  
-0.8015928224  
0.4568396629  
1.387483254  
-0.6381366751  
-0.08060252873  
0.4646217847  
1.552479393  
1.088012864  
0.3019456744  
-3.113124676  
0.1896628804  
-0.7311169169  
-0.9998392123  
-0.6725380854  
-0.2364077686  
-0.2516550552  
0.1751651801  
0.7642321073  
1.279755218  
0.1626370203  
0.6970683707  
0.0977103082  
0.8521850252  
1.833175611  
1.116804877  
1.5823128  
0.5548830883  
-0.2742372269  
-0.7811279736  
-1.131937686  
-1.068475411  
-0.6463627428  
-0.4666713065  
-1.017903524  
-0.1839606576  
-0.8862688297  
-0.2497618523  
0.5286156794  
-0.07740760957  
0.1709313448  
-0.8070012781  
-1.206070229  
-0.6139939091  
-0.5047365297  
-0.6125926978  
-1.291415128  
-0.01010138019  
-1.071390999  
-1.364529143  
-0.3744947416  
-0.3178128874  
1.04182832  
1.481035939  
-0.0171583669  
0.3122929992  
0.9277514228  
1.331982437  
1.174376835  
0.1342070536  
-0.8620101442  
-0.8381299633  
0.6181225323  
0.00418703134  
1.382608414  
1.777864565  
0.1053410058  
1.464987417  
0.3734303018  
0.555612985  
-0.4293177071  
-1.649535132  
-1.421551132  
-0.3182525187  
-0.8300036084  
0.001646387591  
0.4675260803  
0.3530937504  
0.8247088371  
0.5434503806  
0.1939071996  
0.3218864012  
1.54282086  
1.725580517  
0.9964934846  
1.034975237  
0.05193656861  
0.9382508537  
0.1608813095  
-0.9079127211  
-1.221645056  
0.03407530916  
0.7110242467  
1.05538719  
1.487196225  
1.090687667  
0.03681040093  
1.499728539  
-1.531571038  
-1.371190749  
-0.584863871  
-1.181497168  
-0.6379752388  
-0.9277497311  
-1.505074498  
0.04852463821  
0.334788712  
0.2397505954  
0.6459924535  
0.1781879993  
1.034826963  
-2.674476396  
-1.766458183  
-1.989464253  
-0.6665134453  
-0.6710949658  
-1.272425463  
-0.6744361056  
-1.553554883  
-1.669353271  
-0.8525512138  
-1.351807586  
-2.09887469  
-0.9283981926  
0.4562460169  
-1.678305576  
-1.4725126  
0.6995786683  
0.1718347997  
-0.6164167419  
-0.3371407067  
1.325188683  
1.860808005  
2.533530198  
2.047474512  
0.6157074298  
1.956329148  
0.2640136194  
-1.028606972  
0.6740106376  
-1.272209044  
-1.877214527  
-0.6594453038  
-0.8256108098  
0.1125978044  
0.02698412636  
0.07415358136  
-0.4283494989  
-0.6744423396  
0.8629160988  
0.6085705123  
0.9686566964  
0.2222975912  
2.558757743  
0.4184665653  
0.9121697569  
-0.04893931237  
-0.1199030698  
-0.6786160529  
0.5454993875  
0.6358449925  
0.5585823426  
-0.3902991558  
-0.6361776404  
-0.4439852574  
1.101659175  
-0.804908627  
-0.2051784981  
0.9331790717  
0.1473876219  
-0.47997698  
0.4199963232  
0.6320047989  
0.7990570917  
0.1571044306  
1.965168071  
1.421991586  
1.54441821  
-0.103148913  
-0.2423455157  
-0.726589683  
-0.1591781073  
-0.6056418122  
-1.520991293  
-0.6824134883  
-0.9549019318  
-0.2945423903  
0.1550079805  
0.3848904361  
1.009707647  
0.5389596425  
-0.3738914954  
-1.45609851  
-1.615502627  
0.1522111906  
-1.254501277  
0.5380857941  
0.2429171047  
0.2832720627  
1.292159299  
0.2750748534  
0.2806640341  
0.8117995552  
0.1702055302  
-0.05573891943  
0.4782589138  
0.1623051563  
-0.09586558969  
-0.693746087  
0.1876203057  
-0.5125657472  
0.5754559084  
-0.7986864628  
-0.02134280172  
-0.1631570852  
-0.4269291809  
-0.9900752029  
-0.6956956485  
0.03513826021  
1.189512806  
0.104622415  
-0.1883005743  
-0.2927082339  
1.057664944  
0.6518919345  
-0.5396448489  
-0.00825056485  
-0.1933212381  
-0.6857660845  
0.09092614911  
0.1958773455  
0.2270028132  
-0.1078669425  
-0.4599305045  
-0.1262619832  
0.2936211766  
0.3394308376  
1.230979954  
2.067804172  
0.7177076347  
1.160659484  
0.1811825421  
0.09831788692  
0.2503310504  
0.6692380212  
1.242007062  
-0.3807760122  
0.2535771903  
-1.031974467  
-1.066877613  
-0.2934669168  
-0.7301429794  
0.9995587879  
-0.2718558556  
-1.349877261  
0.3349968554  
-0.5379661465  
0.1609722002  
0.16864978  
0.1337078731  
1.610154821  
1.380613391  
0.8612906892  
0.2968121068  
1.995695596  
1.098752424  
-1.680755296  
-2.99075965  
-3.064877347  
-2.851735978  
-2.501316  
-2.8572952  
-1.123362826  
-0.5211659267  
-0.7098198188  
0.3461698302  
-0.1218032309  
0.4676435583  
-0.9813243687  
0.3445726172  
2.776095599  
1.015077293  
-0.8224989011  
-0.1498880813  
0.6189664311  
1.196535076  
0.5481674049  
0.3312315683  
-0.2534317407  
-0.01213672576  
-0.133780934  
-0.1838444198  
0.6697568108  
1.112822518  
-0.106387151  
0.969280773  
1.140121249  
-0.8744735497  
1.559581654  
0.7084256771  
-1.047087028  
-0.9163041997  
-0.2851378473  
1.232863481  
-0.7028683245  
-0.4227655496  
0.5054787063  
-0.7287078599  
0.6554616487  
0.3506226603  
-1.467732352  
-0.1773915049  
0.4597461474  
0.5690755947  
-0.3368279685  
0.8970325947  
1.069756682  
-0.1442190271  
0.6444506097  
0.4256125504  
0.04823333917  
0.9001527726  
0.6162353436  
0.4031942889  
1.495887251  
1.035193081  
0.5024794242  
1.316922749  
1.45708661  
-0.4812210619  
-0.7939437027  
-1.771029125  
-0.01466496369  
0.06174185792  
-0.4025093436  
1.825329041  
1.653940869  
1.074755074  
1.879674259  
1.79283231  
-0.04960428025  
-1.598424779  
-0.162590175  
-2.553489203  
-1.843468819  
-0.977128347  
-1.411670145  
-1.827950359  
-2.554555855  
-3.155485766  
-2.238950448  
-2.041735057  
-2.467968077  
-0.3619915145  
-0.3703216869  
0.8719703956  
-0.4303141392  
0.5371286801  
0.6109552596  
0.8007525846  
0.6705172475  
0.597430117  
-0.6112066235  
0.03273093917  
-0.708267122  
1.119005936  
0.9398345702  
1.500221609  
0.06601051318  
2.041074404  
1.07319782  
0.4296773243  
-0.5486613644  
0.7806922197  
0.3206330228  
0.1494356628  
0.8053755577  
0.2972769637  
0.01187633063  
0.2696498472  
-0.08993601974  
-0.914261634  
0.210518693  
0.6648281407  
0.3302006097  
0.5918481837  
-0.3026912601  
-0.1506968265  
-0.1185899113  
-1.22169458  
-0.9205184474  
0.2837842272  
-0.2212353341  
0.846687076  
-0.1215833538  
-0.05872642539  
-1.467536869  
0.04024770113  
-0.823258011  
-0.163285801  
-1.527888299  
0.6603022015  
0.09211149556  
0.05827088139  
0.414645961  
-0.4025233284  
-0.540942564  
-0.2502489096  
-0.4251683973  
0.2549575316  
0.02822167415  
1.43237493  
-0.01946483924  
-0.4392633269  
-0.1059978352  
0.05381963876  
-0.6426832349  
-0.775693857  
-1.268384664  
-0.1212540583  
-1.078560285  
-1.596706214  
-0.01130687725  
0.2807644751  
1.084874769  
1.176547459  
1.275598683  
0.2596789951  
0.1614067097  
0.2655063232  
0.08653716606  
-0.2839975848  
-0.08764003779  
1.03669893  
0.6247971076  
0.8914066118  
0.6280846554  
-0.4558466523  
0.2469774289  
0.9363087543  
0.7549494331  
0.1061470262  
-0.776755674  
-0.2278959526  
-0.8437357263  
-0.4908781284  
-0.3145482144  
1.147894122  
-0.7536659519  
-1.390882743  
-0.4999738055  
-0.571129363  
-1.361696912  
0.3455433917  
-0.4182582776  
-0.5584162335  
0.2097677303  
-0.5012076677  
-0.3228606215  
0.8063835839  
-0.2778553025  
0.4022110703  
-0.6187723083  
-0.5501039819  
-0.01666863512  
-0.0589840582  
0.1386391692  
0.1634475525  
0.1329762255  
0.7848246601  
-0.7101681755  
0.7839749022  
-0.3022519934  
0.3092591854  
0.8155942391  
0.3156298003  
1.05623181  
-0.2373647309  
-1.551878732  
-0.9336845739  
-0.6689363824  
-1.33435187  
0.08211339574  
0.05328578866  
1.632814672  
1.037505089  
0.2411943297  
1.443626062  
2.52901123  
-0.09148182654  
0.09346727307  
0.1243930234  
0.07557295894  
0.544290192  
0.283359938  
-0.2256792352  
1.117253667  
0.7752893736  
0.4454174329  
1.759162562  
1.679465794  
2.077810537  
0.5112466607  
-0.08596582857  
0.7679487476  
1.160285829  
-0.2079783448  
0.09947601732  
-0.1188895865  
0.7995998538  
1.470725242  
1.133370614  
1.200187091  
1.496204092  
0.9634826834  
0.7734023816  
0.4925343693  
1.017487142  
0.9523123213  
-5.386085696  
-3.134686558  
-3.152097979  
-2.068400338  
-0.9356793546  
-0.2908278307  
-0.2362464764  
-1.332112129  
-0.9926696888  
0.2154231722  
-0.744654092  
-1.377978028  
-0.9033663384  
-0.3124497602  
-0.1468258824  
1.09250443  
0.1688726025  
-1.440610262  
-1.302005679  
-0.02280254812  
0.5958218553  
-0.6167032859  
-0.0356560848  
0.5301075963  
0.1191893554  
0.7015121684  
-0.1879286663  
-0.3009076512  
-0.6816339366  
0.09117224313  
-0.1966895802  
0.1774018107  
0.4242979188  
-0.1497452177  
-0.3343119208  
0.4548624238  
0.8016639625  
1.07910508  
0.2603946354  
0.4035294558  
0.2664303343  
1.229554746  
-0.8625526698  
0.9363076978  
0.418718766  
-0.3417920089  
-0.09771790547  
2.027116695  
0.8009534566  
0.6685395338  
0.3321905324  
0.3533620959  
0.5824894856  
1.709386288  
1.817649229  
1.142832732  
-0.2186522677  
-2.650827853  
-1.130810066  
-0.9273685427  
-1.035288254  
0.135612575  
-1.613778789  
-0.46992997  
-0.3158986629  
-0.3878934801  
-0.5105003704  
-0.8571025588  
-0.2529197111  
-1.686010875  
-0.08269469396  
-0.3966207793  
-1.097904458  
-1.050782964  
0.8191432713  
0.7379982383  
-0.6135611967  
0.171234434  
-1.258533148  
0.4845469573  
-0.1443861796  
0.2005677643  
-1.259331151  
0.2015264704  
-1.035130931  
0.3751651673  
0.8926429324  
-0.6228283943  
0.0148392703  
0.5614479615  
-0.9119958539  
0.6785415809  
-0.8801970588  
-1.329026905  
-1.018279094  
-0.4446912575  
0.1656515829  
0.5504083245  
0.5947749378  
-1.005376497  
0.9060055906  
-0.0191427042  
-0.4554572274  
1.396721448  
0.8781163842  
-0.6180124836  
-0.3852333626  
0.2125087551  
1.03118811  
2.639860429  
-0.2848612568  
-0.3849880904  
1.174713701  
0.149976297  
0.369706593  
-0.1142823403  
-0.5200044314  
0.05297573422  
-3.543790432  
-0.300737488  
-2.022420131  
1.146836183  
1.18581159  
-0.2269549378  
0.8278641524  
1.513820021  
2.813007706  
-0.4510296156  
0.1699809829  
-0.1028910108  
1.025817437  
1.372429212  
-1.176516164  
-0.5431110855  
-1.224837393  
-0.2375752966  
-1.014470213  
-0.9875540225  
-0.6716691209  
0.3111487876  
-1.479567553  
0.8134548058  
1.386030679  
-0.0788600935  
-1.592912729  
-0.4998016843  
0.176998841  
0.4258475896  
0.07526316979  
-0.9894145981  
-2.124146838  
1.221043675  
0.06634428578  
-0.1427038692  
-0.789488137  
-0.4881436375  
-0.65525346  
0.5909915227  
0.3827079571  
2.20572306  
1.213704635  
0.315061976  
0.9492459272  
-0.278864557  
0.4818006067  
-1.855113295  
0.21556304  
1.347530697  
-0.3372584932  
-0.5632392493  
0.9874703966  
1.201051684  
-0.7533247429  
0.2322184623  
-0.2224788746  
0.4754114278  
0.9234748024  
0.4097374244  
-1.350013894  
1.261871728  
-0.2526095707  
-0.3866969561  
1.476977428  
1.513209813  
-2.066226306  
-0.3728735217  
0.4525976327  
1.025232706  
0.5080669413  
0.813411959  
-0.1517069317  
-0.09757013888  
-1.013815596  
-0.3092594633  
-0.9052352231  
0.1050848849  
0.3162227344  
-1.591450068  
-0.07211486398  
-1.269184434  
-0.838957422  
-1.306770038  
0.9699022209  
-0.4790949722  
0.6237179444  
0.1419975117  
0.9601027517  
-0.2657648238  
1.361272021  
-1.445836932  
2.011359073  
0.157417939  
0.4426817547  
1.235961872  
3.040337728  
1.602869132  
-1.361195284  
-0.6470064684  
0.02361109005  
-0.3030979974  
0.245183307  
-0.8363763644  
-0.1931140877  
0.2251262474  
0.6197460652  
-0.4738379326  
-0.6454812224  
-0.6843286192  
-0.9772042513  
-0.17102003  
-0.3382597936  
-1.684598194  
-2.309948134  
-0.875704412  
-0.7943356367  
-0.1447856904  
1.782025244  
-0.7615129326  
-0.2789121967  
0.3697939986  
0.01973103082  
0.06742591379  
-0.3075620157  
-3.075056788  
-0.3493759335  
0.626796361  
-0.2225052969  
1.92624509  
1.062690905  
0.6620016065  
-0.0436992028  
-0.130587174  
0.3070104623  
-0.2774690341  
-0.3484764581  
-1.027419581  
0.2860570632  
0.1721735073  
-0.3311556407  
0.02093470558  
0.1641992315  
0.1855910102  
0.5804010263  
-0.4077245717  
-1.024049375  
-0.3527872866  
-2.15154578  
-0.4260260237  
-0.1263523315  
-0.2298526087  
1.210557175  
0.4682926433  
0.5020993839  
1.369259819  
0.9095322043  
-1.534591866  
-0.3099862318  
0.2156486764  
0.4074792815  
0.3197155878  
0.2291329552  
0.5779809371  
0.1269472265  
-0.7363152674  
1.547681349  
0.4384181197  
-0.6970478455  
0.8900705055  
0.2681155645  
0.5608831028  
0.5065269166  
-0.1487669902  
-0.3387922002  
0.1458455024  
-0.02306572227  
-0.1343955271  
1.236247377  
0.3262283576  
0.9010946693  
-0.2191308702  
0.8653898705  
-0.3588480093  
0.4045409922  
-1.169788862  
0.458760482  
0.2149116261  
0.2402583336  
0.330374794  
-0.6139504019  
-0.2231418793  
0.4921959276  
0.2451032929  
0.7319693969  
0.8059952613  
1.555698339  
-1.044492327  
1.883736524  
0.9445478285  
1.362335832  
0.1168393029  
0.09933931883  
1.06905221  
0.09827734082  
-1.308532389  
1.198900868  
1.391383894  
-3.219991374  
-1.84926292  
-1.081317858  
-2.281625585  
-0.3953436515  
-1.893413702  
-2.374544047  
-1.453264417  
-0.8806215981  
-0.2052674731  
-0.401641716  
-0.5692224933  
0.935360894  
0.5179215756  
1.123290795  
0.2268646797  
-1.425062621  
-0.5551852738  
-0.2278834727  
0.3285250129  
1.282849532  
-1.688118207  
0.7074254754  
2.30605884  
0.3344021157  
0.6337374521  
-0.6788213677  
-0.4961798991  
-0.07402822708  
-0.1257177434  
0.26160855  
1.290175108  
-0.2111090831  
-0.05421778181  
1.3250261  
0.2889515361  
0.5605425373  
-0.2850877772  
1.125729644  
-0.213029345  
-0.4396772626  
0.1795925923  
-0.7249082239  
0.3936543416  
-0.3611994121  
-0.1741370942  
0.07700090673  
-0.1350108761  
0.6203338774  
-0.08316967239  
0.4247488362  
1.309935718  
-0.05410736542  
-0.7291927147  
-1.285944497  
1.688430655  
-0.04036322462  
0.3567192208  
0.03902461477  
-0.1738867165  
1.69510505  
-0.0320901201  
-0.2552042771  
-0.1601111627  
1.124864089  
0.2953258976  
-0.9164529846  
0.453181026  
0.6510283589  
-0.8360456023  
-3.29392377  
-1.577650795  
0.1406733678  
-0.7387449415  
-0.1974182062  
-0.4958528616  
-0.2653676166  
0.2509828711  
0.1994784811  
0.0495241223  
-0.2385389313  
-0.4397245004  
-0.5287064449  
-0.3946117479  
-0.3504080787  
-0.3478660263  
-1.665731071  
0.9110579285  
2.409205132  
0.1869925119  
-0.09314372554  
0.6731038477  
-0.7690595298  
-0.06871917828  
-0.1807845303  
-0.1539361214  
0.1352681481  
-0.7840022391  
0.7824452397  
0.5996396268  
-0.2114963178  
-0.8889500355  
0.4166844776  
-0.1075065526  
1.48914273  
1.610101158  
0.119681235  
1.241830287  
-0.3060244004  
-0.3362488259  
-1.436686802  
-0.02952340567  
-0.7067799743  
-0.3008466452  
0.4151719513  
1.19061766  
1.54228691  
-0.6029730922  
0.1626140239  
-1.642079534  
0.6321685365  
-2.642271196  
-1.796801881  
0.02119446029  
-0.5998540915  
-0.3387720937  
-0.8731700177  
0.1752459074  
-0.7710840836  
0.3472321714  
0.193318339  
0.2692143661  
-0.4660061205  
0.2590115601  
-0.9738871671  
0.2933144304  
0.3883604929  
-1.363171331  
-0.1975590191  
-0.2879629714  
0.3684585803  
-0.5135757014  
1.313031017  
1.6730132  
1.483082765  
0.01353924454  
-0.380597434  
-0.538960344  
-0.2844752497  
0.5135394725  
-0.05001245369  
1.335132448  
-0.8689722104  
0.2082268521  
-0.08348750207  
0.2640414577  
1.176571224  
0.1672777318  
-0.3893234846  
0.09013366963  
-0.445794226  
-0.1027289429  
-0.7751721443  
0.5100518005  
0.9405493921  
0.8578720242  
-0.003100925111  
0.1033790343  
0.6363450128  
0.1673068903  
-0.2886391994  
1.492065805  
2.284464628  
0.3556252758  
0.1795731285  
0.04626321373  
-0.1668214048  
0.6665081025  
0.8030375403  
0.07085249788  
0.8962345091  
-0.4233219719  
0.1403338195  
0.2446154299  
-0.1387086344  
-0.5326778897  
-0.8876816441  
-0.6881311831  
1.345698402  
0.5451914232  
0.1073189836  
0.7391078318  
1.027860994  
0.9692729736  
0.6654773863  
1.01047102  
0.7798904681  
0.1365418816  
-2.584903092  
-1.064970381  
-0.1679592837  
0.9122237616  
0.3289272915  
-0.002498861803  
0.299770858  
-0.293855477  
-0.6397599101  
-0.8567115612  
0.4465339352  
-1.454477473  
-0.3937951286  
-0.6568974634  
-1.089059788  
-1.442978619  
0.3362883445  
-0.3858232306  
-1.509205922  
-0.8774248189  
-0.04886469424  
-0.5779438676  
0.736992907  
-0.2434341862  
-0.3179743681  
-0.193174712  
-0.02204322774  
-0.1253416508  
0.1069394815  
1.247208454  
0.4718988889  
-0.7632750533  
1.312731272  
0.4698886975  
-0.5754844912  
-1.207093098  
-1.157836632  
-0.004075801347  
-0.1796249809  
-1.675132723  
0.1846367165  
-0.5845459663  
0.2724130548  
0.3066862075  
1.359850093  
0.04294286078  
-0.06607181353  
1.146912722  
0.3384022219  
-0.3261423  
0.3874308452  
0.2928211459  
0.3719542549  
-0.9250499183  
0.002667471133  
