-0.5717167438  
-0.7004191868  
-0.6420045111  
-0.4911248144  
-0.5499590148  
-0.2099943839  
-0.4179478957  
-0.2399211201  
-0.01823503796  
0.08337368767  
1.598925977  
1.087277532  
0.3589873561  
-0.2156099221  
-1.116794395  
1.542391543  
0.9151520859  
-0.4905305067  
-0.450019363  
-0.4147349017  
-0.6642477974  
1.23549166  
0.0720082933  
-0.01224081504  
-0.4507285597  
-0.6574963252  
1.454677146  
1.571083366  
-0.3634540994  
0.7861903302  
-0.3877604707  
-0.3027821245  
1.073733087  
-0.003851585073  
0.6182816063  
-0.4338391536  
0.6291801714  
0.7239339689  
1.728721858  
1.662633666  
-0.02040154421  
0.1712518996  
0.03754250061  
-0.3313648417  
-0.2292402102  
0.4111100783  
-0.3132957367  
-0.3679850931  
0.05428835171  
-0.2345680367  
-0.7787980441  
-2.278726768  
-1.112531338  
-1.72348571  
-1.263141376  
-0.3666880727  
-0.5121089911  
0.3064556434  
-0.9751305707  
-0.06124064629  
-0.8584017854  
0.312015742  
-0.4657017024  
-1.318321459  
-1.4344944  
-0.3660598223  
0.8563106251  
0.1759402519  
0.1330409481  
-0.128645529  
1.676837397  
1.736234244  
0.199678899  
0.6097505991  
-0.1960191064  
1.021342968  
2.914739482  
2.359573337  
1.362166467  
1.132448388  
0.8494817545  
2.6576228  
1.659040447  
0.4996146286  
0.1204587936  
-0.5650387836  
-0.4361331821  
-0.4778834384  
-1.387261428  
0.6278259212  
0.5282933843  
0.06736697303  
0.5017891369  
-0.9642435235  
0.06268912236  
0.5837133454  
-0.4968531154  
-1.354093654  
-1.61167873  
-0.9135302324  
0.3039988576  
-0.5189992233  
-1.220017285  
-0.7221759499  
-0.1751217781  
-0.5500324324  
0.0992404015  
0.4695276754  
-0.1891953897  
1.380751415  
-0.2892568158  
-0.3988268734  
-0.9680665261  
-1.675544848  
-1.561581731  
-1.231392585  
-0.05295124216  
-0.2260465616  
-2.326854719  
-1.111702475  
0.1531688805  
0.5687084152  
-0.2066476235  
-0.005610018322  
-0.5578137807  
-0.4673216906  
0.6806204312  
0.5884058002  
1.691983897  
0.5043091963  
-0.4304778445  
1.361806278  
1.588232549  
0.9485774941  
0.2009657675  
0.1566863586  
-0.409681986  
1.918014323  
-0.1448658034  
-1.183769522  
-1.095681233  
-0.2712707396  
0.06053352636  
-0.6143213092  
0.2482931667  
0.8342090697  
0.4911612984  
-0.01244997913  
-1.246450221  
0.3770427084  
-0.1828879287  
0.6887963761  
1.506582902  
-0.3391729002  
-0.6222066897  
-0.6051063718  
-0.7118976674  
-1.876798054  
0.004827561792  
-0.8586576471  
0.1054765009  
-1.067655309  
-0.1330172263  
0.7699222429  
-0.3356144609  
-0.9144319955  
-0.2416329215  
-0.3538821242  
1.588609942  
-0.03500102571  
-0.1461754425  
-0.9143557431  
-0.9796268856  
0.2871222873  
0.3231417381  
0.2286828301  
-0.1736196022  
0.4868598698  
1.10228849  
1.753223452  
2.011408167  
0.025194131  
0.4627296326  
-0.8388984115  
-1.54089084  
-0.7664736052  
-0.528300605  
-1.281028639  
-0.5044794793  
-0.6996607405  
-0.613921516  
-0.6348549546  
0.1152123939  
0.2379969651  
-0.1642563493  
0.9225495289  
-0.2778685275  
-0.4528907742  
0.4651110626  
0.3336441364  
1.09075493  
0.7465232442  
0.5229543644  
-0.3393150413  
-0.637066048  
0.8292755912  
1.420211923  
-0.2428328044  
0.4317592147  
-0.1971604581  
0.5969668753  
0.9633881965  
0.07212511913  
-0.7226369908  
-0.7421190737  
-1.433443931  
-0.6981531856  
0.09909399674  
0.5997396054  
0.8022732045  
0.1842186857  
-0.3788554853  
-0.454376462  
-0.4084647037  
0.2500439865  
1.105683485  
0.5444799134  
1.349388689  
1.448867641  
0.09595570686  
0.01284765874  
0.3756043019  
-0.897727451  
-1.144261374  
-0.7762405362  
-1.190584321  
-0.5568042869  
-0.9164027385  
-1.878538744  
-0.3232020438  
-0.4729615818  
-0.02273713055  
0.8646393527  
1.304209553  
1.299873138  
0.5775424344  
1.370542834  
1.487667206  
0.7529726361  
1.052078277  
-0.9228279322  
-0.0269229169  
-0.09423931275  
0.03427146409  
-1.031606373  
-1.122880775  
-1.186002418  
-1.576537833  
-0.6373837599  
0.1853649644  
0.3834034768  
0.1950115242  
1.258841152  
0.8416714345  
2.386693689  
1.8346734  
0.7871132956  
0.2801288808  
0.9090102298  
1.126203157  
-0.1044552179  
-1.033310275  
-0.806404528  
-1.457484602  
-1.640817419  
-0.6651760388  
-0.5859005529  
1.184249585  
1.144148739  
-0.3309375482  
0.2142271947  
0.5180640705  
-0.4235200205  
-0.05962450819  
0.9968011159  
0.4215833787  
-0.2932230241  
-0.3340656056  
-0.7798668234  
0.3226395441  
0.7674788884  
1.133466458  
0.150840651  
-0.5933342579  
-1.214407727  
-1.097859103  
-0.9629161005  
-0.915609614  
0.3578084465  
-0.06948860252  
-1.052127241  
-1.810899849  
-1.103109053  
-0.8223715977  
-0.09052517661  
0.7757239606  
-0.0477944194  
-0.201549946  
-0.0596777746  
-0.05558495439  
0.07822964309  
-0.1369788013  
1.270130699  
0.1608711384  
0.3870230894  
-0.5934517745  
-0.01582485231  
0.4875249134  
-1.345074744  
0.4441602912  
1.348820356  
0.5982977263  
1.329920288  
-0.502998274  
-1.46913792  
-0.9938994964  
-1.023080494  
-0.1112094298  
0.1818869471  
0.5446566751  
0.4036310194  
0.9513025505  
0.2701423101  
-0.5029579716  
0.7677851091  
0.9475698312  
1.674584816  
0.7921752404  
-0.1554483961  
0.1718427759  
0.8045937291  
-0.06759501572  
1.668740659  
0.06002927427  
1.095725466  
-0.9779872638  
0.5850579111  
0.5479314276  
0.4580663848  
-0.03532028454  
0.3675201103  
-0.05480411058  
0.8922846544  
0.565029527  
-2.283013765  
-3.538968223  
-2.002010373  
-0.2377312406  
0.3605149542  
-0.7579305593  
-0.2839378827  
-0.1298381316  
0.6423248633  
0.9228486612  
-1.598368669  
-1.869798265  
-2.222587153  
-0.3322065764  
0.5324586075  
0.05978530096  
-0.138133187  
-0.7523231513  
0.1705319658  
0.7311282306  
0.2077219065  
-3.421602575  
-1.706484058  
-0.03523685505  
0.5511164678  
0.7625072817  
-0.2646934429  
0.5912098533  
0.1645353706  
-0.3068927336  
0.01696834559  
0.403034987  
0.5235991383  
-0.7821537992  
0.7641205194  
0.3449755033  
0.09951485106  
1.305022541  
0.7710028467  
0.6444981952  
-0.3367236114  
-0.9163268593  
-0.1844722416  
0.6740907421  
0.09728177325  
-0.8288736811  
-0.3771444927  
0.3361102522  
0.4533035248  
-0.5349415081  
-0.6356574446  
-0.5716117326  
-0.2588638322  
-0.4131215143  
0.2648177006  
0.01931124823  
0.03604881653  
0.8363472487  
-0.8884473773  
-0.4261330269  
0.2807164777  
0.1866338146  
1.158820572  
-0.6686107853  
-0.1905228572  
0.5131181149  
1.314416486  
1.419233885  
0.9461985579  
-0.1275743954  
-0.4839474129  
1.333572369  
0.8145431215  
0.06700555021  
-0.7027670389  
-0.4945508809  
-0.9852041547  
1.041952503  
0.6447790363  
-1.105438237  
-1.060364271  
-0.5642841052  
-0.002063006761  
0.3823858822  
-0.8411226134  
0.2023096759  
0.8355535385  
0.1148669126  
1.047777301  
0.6364630366  
1.551786588  
2.089925394  
0.7389638696  
1.908111538  
0.8203976892  
0.8338879643  
-0.5494824826  
-0.4354108954  
-1.148844672  
-0.5863576772  
-2.038052883  
0.8844026064  
0.5788647304  
-0.4697291572  
0.1567223156  
-1.538418209  
-1.697726471  
-2.091941964  
-1.032526467  
-0.5042229677  
-0.2478537511  
1.372401597  
0.2025079389  
1.063931584  
0.9160197577  
1.769091784  
1.304221496  
0.4512020122  
-0.253687647  
-1.114796961  
-1.024053597  
-0.4248646597  
-0.3333534702  
0.4138439921  
0.9384462151  
0.4495311258  
-0.5900773441  
-0.3402862482  
-0.3771013896  
0.1968941958  
2.009002252  
0.8871262848  
0.7492167924  
-0.2034119321  
-0.2458047209  
-0.3268987029  
0.8674216424  
0.2540907963  
-0.8360259367  
0.08049289248  
0.8944332133  
0.8275394807  
0.6816566585  
-1.248479436  
0.1627104847  
1.150946896  
-1.236531447  
-0.305442297  
-0.9562203704  
-1.532263904  
-1.685767474  
-1.390773804  
-0.7659194854  
0.3216260314  
0.7708070628  
0.7958116394  
0.379499421  
0.4149213933  
0.2014817348  
0.2526159357  
0.08937201126  
0.008174238503  
-0.669215669  
1.009359342  
0.3329038148  
0.2123367813  
-0.4746968049  
-0.7896396758  
-1.233394401  
-0.4400656148  
0.06761458051  
-1.467720771  
-0.5618934369  
0.745081681  
0.4959420123  
-0.0308134461  
-0.138014624  
-0.3184145235  
0.7319692125  
-0.7759422718  
-1.140804238  
-0.645278313  
-0.2706766085  
-0.2184764176  
0.6699122701  
0.009090242402  
1.182473083  
-0.3234985444  
-0.3465567359  
0.01694465989  
0.7908437578  
1.022623845  
-0.2089780072  
0.8783548096  
-0.3831345182  
0.7737322788  
0.1324500726  
-0.2379565801  
-0.2512365186  
0.790445272  
-0.3405866769  
0.7769951423  
0.5528909673  
-0.4682929592  
0.7492230336  
0.3289224817  
-0.0705048467  
-0.1298606001  
-0.1874833897  
-1.199273088  
-0.07235627913  
-1.432969835  
-1.964324425  
-0.3849165179  
0.9297508669  
0.8793773809  
-0.002192229617  
0.7161318033  
0.5734354147  
1.333512035  
-0.7682198203  
0.3181395125  
-0.7202792639  
0.9599047592  
1.164246574  
1.780010797  
1.393102007  
0.4264192627  
-1.779387456  
-1.116838393  
0.09102626531  
0.168425828  
-0.3184906486  
-0.4576382755  
-0.13710606  
0.4025417349  
-0.7414394561  
-0.2564530413  
-0.3203205426  
-0.5519416861  
-0.6774535366  
-1.807764937  
-0.6870481653  
0.1468292181  
0.5375865646  
-0.8916218656  
-0.6601208595  
-0.1958384045  
0.3029760766  
-0.248749549  
0.738241468  
-0.4990818757  
1.257261636  
-0.4525690811  
0.8299657376  
1.12340149  
1.617823538  
0.3875146639  
0.1408568881  
0.8745317036  
0.5770180812  
1.045606034  
0.5586497888  
1.019738944  
0.4765636884  
2.172225791  
1.186452179  
0.6296204995  
0.9830693194  
1.780401829  
1.919273744  
1.591623316  
3.307001994  
2.379714976  
0.7437205394  
0.9393318728  
1.542745653  
1.106479908  
1.151752714  
1.024449785  
-7.390657215  
-3.845112855  
-4.306889294  
-1.772295779  
-0.7029926794  
0.2260422502  
-1.822183108  
0.2037448673  
-0.3879412701  
-0.4131938771  
0.7525954515  
-0.2800465401  
0.09515359162  
-0.9329599744  
-0.9433187657  
1.11908738  
1.784377919  
-0.5152467387  
-0.3592926916  
-0.2393244767  
-0.5998614168  
-0.08389727209  
-0.5289549439  
0.4875190166  
-0.5674440782  
-0.7018409309  
0.2871191048  
1.680439949  
2.355235384  
1.402254168  
1.078353703  
-3.213405287  
-0.08568874425  
0.9611892663  
-0.8942872453  
-0.5872190863  
-2.030235876  
-0.9648088562  
0.4657384429  
-0.02161276828  
-3.001510387  
-3.967316572  
-2.423385853  
-0.4059240286  
-0.6910674437  
-1.399875947  
-0.9148522461  
-1.742893912  
-1.141896641  
0.2383123966  
0.9454813071  
0.4384301103  
0.785693663  
0.1879464585  
0.3909028668  
1.345315865  
1.188410276  
-0.2698752565  
0.002711827266  
0.04031918962  
0.1161172915  
-0.5158178871  
0.3452057152  
-0.1591368608  
0.8490224885  
0.4210980466  
1.14308971  
1.302091894  
2.01372663  
1.467386844  
0.2477916936  
-0.9924500668  
-0.9491658571  
0.08187050677  
1.017560551  
-0.8465683798  
-0.1308583623  
-1.107147611  
-1.290322679  
0.3293706938  
0.6155845719  
-0.1184921318  
-0.4696914292  
-1.466912433  
-0.230035944  
1.14279589  
1.893852271  
-0.05781576283  
-0.6335440819  
-0.09429500165  
0.7455825209  
1.776864001  
1.045041909  
-0.8349896665  
-1.293945987  
-1.972885761  
0.6351140199  
0.1099130388  
-0.9552963601  
-1.670766535  
-1.086174158  
0.2300287546  
1.022579047  
0.7472849759  
0.2616384669  
-1.315623894  
-1.057819098  
0.6007190548  
0.8999070517  
0.1229791805  
0.4368765068  
-0.2275293134  
-3.721562771  
-0.9419689485  
-1.341489373  
-1.873169445  
-2.052262733  
-0.9920838232  
-0.1720665849  
1.007899322  
-0.3258744845  
-6.670970315  
0.1014879276  
-1.144691406  
1.23378452  
2.292047269  
2.827144161  
1.532893944  
1.047392208  
0.09086224589  
1.862232869  
2.132971004  
0.7751033075  
0.9539269682  
0.4271983165  
0.3107517604  
0.3153548432  
-0.8075614975  
-0.5308079635  
-0.5570486571  
0.6404823609  
0.152194423  
0.4646822963  
-0.1773045512  
0.7812026476  
0.6329847043  
0.8736560188  
1.431001819  
1.190818712  
0.8074028463  
-0.6820177531  
-0.3142626524  
0.2555162703  
-1.044337567  
-0.6595097043  
0.2630087018  
0.4103361394  
1.634486663  
-0.1336124337  
0.1675151069  
-0.7050855658  
-0.8212913007  
0.05236585839  
0.1078324786  
0.4966347566  
-0.005280458176  
-0.8829627197  
-1.621527321  
-1.404580153  
-0.6461876273  
-0.2107053345  
-0.3893916171  
0.2499370133  
-0.1830868667  
0.3444953229  
-0.4111565034  
-1.000548462  
-1.206381734  
0.2358369093  
-0.2186586029  
-0.5891565662  
0.5340707606  
0.036670965  
1.009005501  
1.081249356  
0.2377360672  
-0.1723943108  
1.07568201  
0.9516298292  
0.1695836718  
-0.1711669719  
-0.01421843865  
0.2001710081  
-0.7625996129  
0.7559607392  
0.3082603009  
1.877635125  
-0.8016230435  
1.167931667  
0.3094006295  
-0.0332397534  
0.140749723  
0.3952416621  
0.2566922024  
0.736872725  
0.9791116283  
0.9495906735  
-0.07783733519  
0.9735910886  
0.759348311  
0.02623435481  
1.052498518  
0.5690562859  
0.3423627896  
0.2750611624  
0.002365888934  
0.974079324  
-0.1008267359  
-0.1070111937  
0.9281427681  
-0.323780676  
1.337892629  
0.9526316953  
1.078407188  
0.4028755452  
-0.5832717219  
-0.3709186786  
-1.383139573  
-1.469083748  
-1.196246677  
-0.8462386136  
-1.796848475  
-0.8361581343  
0.5077410687  
0.06876886736  
0.6241483155  
-0.5994041747  
-0.3585300658  
0.7722747501  
-0.5138110685  
-0.4487688886  
1.125810106  
1.338979714  
1.766764891  
1.218449155  
2.12372237  
1.772406368  
1.458693775  
1.082239891  
1.151644931  
1.706479532  
1.15021813  
1.727293795  
-2.528196426  
-3.549447725  
-0.5360968937  
-2.383549791  
-1.193995453  
-0.771012402  
-1.08787537  
-0.7600411826  
-1.975995323  
-2.59623123  
-2.118286034  
-0.4449721455  
0.4064351072  
-1.348221934  
-0.809479743  
-1.120915584  
-0.1145891262  
1.861375749  
1.543584622  
-0.05256814401  
-0.1388176095  
0.09604824659  
-1.62884003  
-1.046101191  
-1.063688883  
-1.501680713  
-0.3031172581  
0.2141904886  
-0.4679956145  
-0.5832882628  
0.1426736972  
-1.135178401  
-1.641553606  
-2.043604259  
0.5186089818  
0.5621878336  
0.05847313557  
-0.5662000188  
-0.389037125  
-1.022105328  
1.450971291  
-0.5644760319  
-0.007489716666  
-0.06717267307  
-0.07624758393  
0.2190447318  
1.268659983  
0.6085286528  
1.138109251  
1.288293082  
0.9577845523  
1.984291698  
1.83856833  
2.484931711  
1.376990258  
1.082493093  
1.037142402  
1.026997372  
0.4288275646  
0.2107306491  
-0.1950924909  
-1.391348553  
0.3760567733  
1.088600539  
-0.7295586661  
-0.8579787504  
-0.6938377969  
-0.5076731961  
-1.448795605  
-1.526602577  
-1.031770385  
-1.836762795  
0.06833200938  
-0.5420107074  
-2.218142548  
-0.8642367273  
-1.226576969  
0.639432396  
0.3944089595  
0.7177717413  
0.5831661932  
0.4726536522  
0.152913132  
-0.7530402927  
-0.6084586434  
-0.4972330266  
-0.6655652681  
0.5965519654  
-0.8159251067  
-0.6596807786  
0.001135031111  
-0.08175335483  
0.8058735125  
0.978610229  
0.608982837  
0.1513263037  
-0.2408219733  
-0.5227815043  
1.584332393  
0.7961633653  
0.529194414  
0.5569216651  
-0.2426802701  
-0.4274420061  
1.037668843  
0.7067267453  
1.2594266  
0.1000525607  
-0.6022618726  
0.05547835374  
0.5951936809  
0.3431514475  
-0.4631796165  
-0.2947809277  
-0.4275403223  
-0.6825365665  
-0.2736875899  
0.7289416225  
-0.06455165806  
0.9172151704  
0.4553569996  
0.2432318855  
-0.1739678306  
0.730690274  
0.7305523023  
0.3368180495  
0.8051090516  
1.211340266  
-0.1506257152  
0.01129288893  
-1.173944983  
-0.7124767327  
-1.294156828  
-0.2439783013  
-0.4123874076  
0.9757558561  
0.2944161178  
0.3527357381  
0.3252729604  
-0.1801922947  
-0.410481298  
-1.334211174  
0.3107943639  
-1.350786353  
0.1969534413  
0.1544101873  
-0.4284385108  
-0.5885944244  
0.1084122074  
-1.64569414  
0.01780944025  
-1.088548232  
-1.219451134  
-0.7149882609  
-1.147677707  
-0.8514207074  
-1.403020489  
-1.450730577  
0.7831324785  
0.6693793838  
0.6667238192  
0.5345336648  
-0.1449766701  
-0.4164292062  
-0.2064947622  
0.08681748353  
0.7942161265  
0.2113586304  
0.6781080808  
0.3488471862  
0.793343286  
1.955715115  
1.201826967  
0.8498811174  
-0.07892963577  
-0.05193498391  
-1.097399706  
1.060548968  
0.9913176426  
0.05945350053  
-0.5077831862  
-0.2934312833  
-0.4460454303  
-0.01571164087  
0.5584966594  
0.4308518499  
0.3346000017  
0.6806511005  
0.7507792887  
0.4987384948  
-0.4780072279  
-0.3767435089  
0.5601546563  
0.4561239032  
0.649986943  
0.08949226478  
-0.06415425355  
0.3066492956  
-0.04135250906  
-0.2539037956  
0.2957580756  
0.7322632757  
1.031353159  
-0.2789102059  
-0.9371807906  
0.3014504094  
0.0142101729  
-1.323210387  
-1.136485622  
-1.213742108  
-0.9468483313  
-1.265597014  
-0.3717660274  
-0.7967952345  
0.5130384554  
-0.8637153252  
-1.077632055  
-0.07426690192  
-0.2845144521  
0.1162461623  
-1.074816474  
-0.008867099707  
-0.6296480153  
-0.4986194083  
-1.073689946  
-0.007732913484  
-0.276461503  
0.134655988  
0.1430184788  
0.4194595461  
0.5421909919  
0.8446730631  
1.353741812  
0.2388307042  
0.5799294545  
0.7354177837  
0.41897793  
0.5453825345  
0.952821479  
0.5195030593  
0.9916263001  
1.070470812  
0.6813054008  
-0.02890424925  
1.398744868  
0.6603956996  
0.2296191616  
-0.2036384439  
-0.6228870535  
-1.222648306  
0.06934715075  
0.3069785209  
-0.833517462  
-0.07420023804  
-0.5833494325  
-0.5179958558  
-0.8161804491  
-0.1217647462  
-0.4810690408  
-0.4710057514  
-0.8427704634  
-0.2911677318  
-0.8668146008  
-0.6027130454  
1.467484515  
0.3810754231  
0.6145584509  
0.3832473968  
0.05017373702  
0.9214872282  
-0.08376785897  
-0.0402964912  
1.107310748  
0.1846958015  
0.842614528  
0.2082167402  
0.6579225898  
0.7841042744  
1.224733694  
1.365264098  
0.6658790509  
0.9327495569  
0.557810729  
1.49281332  
1.173209499  
0.2547516125  
0.2260118646  
0.6010052917  
0.1733891191  
-0.6710851456  
0.001744443737  
-2.106690855  
1.279500854  
-0.2716175435  
0.3640538674  
1.50398638  
0.6564861983  
0.2245252802  
-0.08681602648  
2.192197725  
1.703314932  
1.350973215  
-2.53664254  
-1.279585709  
-1.932441755  
-2.173280871  
-1.855916542  
-1.389314857  
-0.9111067213  
-1.357201784  
1.247525998  
1.145443093  
0.644386806  
0.2929890536  
-0.1692397077  
0.875725304  
0.7617244376  
0.6246455875  
-2.812196455  
-1.477948808  
-0.9384758367  
-2.032244442  
-1.784609489  
-1.938911754  
-1.733281364  
-0.3086426894  
-0.5584280324  
0.175363528  
-0.6716226245  
0.109895275  
0.2203500742  
0.9654721571  
0.9430202398  
1.251285517  
1.080762945  
2.162301494  
0.05049513582  
0.2512089581  
-0.4691588319  
-0.3463280656  
-0.5710984676  
-0.6786611212  
-0.1470426107  
-0.6347535867  
-0.6658896353  
0.09493455862  
0.1716052325  
1.263043085  
1.59067643  
0.7256276427  
-0.7787520557  
0.1839644277  
0.2734113889  
-0.3968387116  
-1.95871252  
-1.366445091  
-1.263006573  
-1.099097214  
-1.210258273  
-1.725716072  
-0.7002603049  
0.5138699204  
-0.2763654305  
-0.467592085  
-0.5207433469  
0.4944307025  
-0.4985406746  
-0.1794456687  
1.080751968  
1.165029827  
0.3655839604  
0.5055722669  
0.9403827311  
1.52360069  
-0.2850464192  
0.8663144875  
-0.1330652985  
0.3512945254  
0.2315472873  
-0.1314905433  
-1.08154427  
-0.4423047137  
-0.06307720416  
-0.2123702889  
-0.6920826141  
-0.8903805094  
-0.2819858721  
0.24336682  
1.827822714  
0.9318219173  
1.890409396  
2.067517782  
1.589987554  
-0.1744193477  
-0.7285887971  
-0.6737142099  
-0.917466356  
-2.103297999  
-2.591697897  
-1.470286485  
-1.171342315  
0.01458456198  
-0.5156450163  
-0.9759452177  
-1.072030306  
0.2100157425  
-0.9395332069  
-0.2222738541  
0.9463094786  
0.2045112446  
-0.1032374196  
-0.04796524394  
-0.3432003804  
0.491547562  
-0.2699889003  
-0.6837789429  
-0.4172902464  
0.2527077853  
-0.3866978935  
-0.8026021335  
-0.7444631351  
-0.7603856544  
0.8115713233  
1.788190824  
0.4107654125  
-1.19774768  
-0.5349058943  
0.1742405909  
0.6861483828  
1.276650463  
0.784814543  
1.797456871  
-0.8429413703  
-0.5843805628  
-0.8720355461  
-0.7673105947  
-0.8227603855  
-0.6136519139  
-0.4185431182  
0.7707003453  
0.908309782  
1.35819572  
1.016776082  
1.652652433  
1.312199081  
0.2485427027  
-0.007177619765  
-1.262333304  
-0.8229259625  
-0.8793461194  
-0.1926094076  
0.1766253408  
0.3291555197  
-0.3366434785  
0.6081861005  
-0.2521958377  
-0.584374771  
-0.4237983221  
0.8419377802  
0.562394308  
0.744653646  
1.479113614  
0.1729010493  
0.8776650698  
0.009211812621  
-0.6022464459  
-0.7603552009  
0.2704112557  
-0.0081159768  
0.5585247243  
-0.9970976681  
0.388489528  
0.06793081227  
0.1802953266  
-0.0577270652  
-0.4149311493  
0.9817216476  
0.1160766342  
-1.204132579  
-1.062712187  
1.047326842  
0.1146827083  
0.6000496794  
1.126586844  
1.422168708  
0.7134541861  
0.09432451764  
1.039816279  
0.8234329791  
-0.4299579843  
0.270965715  
-0.1984826118  
0.432107505  
-0.6268754815  
-1.19598685  
-1.442222293  
0.4908846552  
1.287763754  
-1.140514317  
-0.2741955871  
-0.6987238898  
-0.8586623374  
-0.1312509963  
-0.09970720241  
-0.3108601592  
0.5831206648  
-0.3715750039  
0.5938692795  
0.5460758325  
-0.1255986383  
2.000186293  
0.8485279758  
0.09242880111  
-0.686028369  
-0.3471774952  
-0.2438319969  
-0.3767069097  
-0.1622943339  
-0.1987212899  
0.2116694243  
0.4721454763  
-0.1869931518  
0.5332299657  
-0.9314967975  
0.01329425688  
0.415246597  
-1.048619851  
-0.005467132749  
-0.1699535358  
0.5869587353  
0.1003098485  
0.04672837438  
0.8508900465  
-0.2019884571  
-0.4454887216  
-0.1802944788  
0.2925762384  
0.07849475605  
0.8048423753  
0.0764679339  
0.6446524967  
0.8011205487  
-0.530049792  
-0.229121937  
-0.9227579018  
0.4584274388  
0.6083064658  
0.9549166171  
0.3594328645  
0.173385752  
-0.5529329801  
0.4210029339  
1.494719745  
-0.6235893681  
0.5138282776  
0.06871029288  
0.6286288033  
1.302083976  
0.3262496846  
0.4440997016  
0.4298675726  
-0.1098539528  
-1.53139663  
-0.3362718891  
-1.256470027  
0.07667492552  
-0.01071208182  
0.1724647901  
1.218925575  
0.7030314549  
0.7218333825  
0.7908923406  
1.40249171  
1.833014132  
-1.988767736  
-1.436072263  
-2.287196476  
-3.268451289  
-2.428599074  
-0.3486753047  
-1.25850125  
-2.116625019  
-0.3363254458  
-0.3163135684  
-0.4448720842  
-0.5031733321  
0.4008198691  
0.6891503856  
0.6088008698  
1.067787655  
-0.2944790083  
0.2888014746  
0.008912587829  
0.4466512621  
0.459052304  
-0.3113004186  
0.1937050548  
0.5362552403  
1.149759245  
0.497015893  
0.8406922923  
1.13511046  
0.1384454599  
0.01394275308  
-0.1781827666  
0.5127034429  
0.2718718625  
1.009853568  
0.06944325749  
0.1887378775  
0.6017772558  
0.07654914081  
0.07224005572  
-0.9989777314  
-0.1319048376  
-0.1167756942  
-0.4994367513  
-0.2037137752  
0.3143890407  
-0.475060449  
-0.8539386208  
0.06857540462  
0.3156566386  
0.7361487847  
0.2027572711  
1.839042908  
0.5434457747  
0.1582826881  
-0.2145192295  
-0.3476702511  
0.2546371688  
-0.1494414737  
0.8836121329  
1.132156114  
0.2968803263  
0.5684238803  
0.3818689199  
0.6580855393  
0.1062035789  
0.2216976424  
-0.2966683595  
0.1182010167  
0.1005308875  
0.5740431867  
1.710525533  
0.8652447874  
0.9768280748  
1.358797496  
-0.8514347021  
-2.010338888  
-1.381383223  
-2.014500975  
-1.241052787  
-0.9783280488  
-0.1569227282  
-2.102144573  
-2.181031985  
-2.19711338  
-1.278840181  
-1.033086867  
-2.180684209  
-0.7463982013  
0.1354980214  
0.4637424582  
-0.3734744867  
0.9059119904  
1.534381342  
0.8462606959  
-0.1251618555  
0.005945198785  
-0.3898752473  
-0.0908341924  
0.296910143  
0.0749459677  
1.032744171  
-0.0250012634  
1.088425711  
2.24787373  
1.22779486  
0.3682999103  
-0.1370888683  
-1.189915852  
-0.770756498  
-0.3103230903  
-0.6728264438  
-0.7743732845  
0.1229271469  
-0.5110715614  
1.180247619  
1.6668666  
-0.6434318173  
0.4197202894  
-0.1582952528  
0.8169912165  
0.1268100675  
-0.1967752081  
-0.5604600876  
-0.3253235988  
-0.1767415847  
-0.04364039005  
-0.7599575344  
0.2190922803  
-0.145359107  
0.5147249563  
-0.6700658393  
-0.04468033331  
-0.9188649179  
-0.09999101992  
-0.8400712905  
0.4804170449  
0.6359012377  
-0.4881442951  
-0.05738129112  
-0.204604793  
-0.2840179917  
0.3649836919  
-0.2394911651  
-0.3392913189  
-0.1047943647  
0.4600496839  
-0.3408952028  
0.4882896549  
-0.3598882201  
0.8463183277  
-0.2174769772  
-0.5183222477  
-0.2912915695  
0.06879561903  
-0.005174930501  
-0.7706758659  
-0.5740700133  
0.1543155016  
-0.5004343453  
0.4544418546  
0.1561537413  
0.1035580614  
0.07718086923  
0.3318687261  
-0.696848108  
-0.7601490046  
1.373347199  
0.327473522  
-0.4371642864  
0.1045151473  
0.5038034314  
0.5495531938  
-0.6599957538  
0.5486985624  
0.4021772231  
-0.2265418081  
-0.9101582899  
0.1270634923  
-0.1932982367  
1.645579976  
1.920276605  
1.006571073  
0.3646323541  
-0.2458827428  
0.2024193472  
0.05210223618  
0.0404564891  
-0.482333139  
-0.6910881573  
-0.300307429  
-0.4123041461  
-0.7445644036  
0.08827034449  
-0.05454452719  
0.2500580111  
0.3042495444  
0.5366556862  
0.06003789985  
-0.05032705104  
-0.2977020157  
0.9129771478  
-0.01276650296  
0.2451562526  
1.16921129  
-0.02815673809  
0.4426758616  
0.4745061711  
-0.08212008171  
-0.6767975303  
-0.377435949  
-0.1183433761  
-1.106367681  
-1.62313216  
0.3230715581  
-0.6002465574  
-1.121249194  
-0.4102961682  
-0.6426171772  
0.8013279639  
1.331883581  
1.731147121  
2.303270699  
1.555170274  
0.8405727387  
0.2410493941  
-0.3971823608  
0.3194845309  
-0.02456132683  
0.6763699258  
0.905755085  
1.597981802  
1.123862689  
1.233175422  
1.191743199  
0.5840386858  
0.7448794571  
-0.2836716141  
0.8969564922  
-0.3202927434  
0.1036011234  
0.1587477212  
1.045649029  
-0.4873921313  
1.540303284  
1.184239158  
1.029313654  
1.365214614  
0.2337518357  
0.8851474908  
0.4437549313  
-0.07399828351  
-0.4362686986  
0.6524553331  
-4.578838733  
-1.995168656  
-2.2181642  
-1.312804635  
-1.219381015  
-0.8839978525  
-1.065912207  
-2.224022883  
-1.99531779  
-0.6315179787  
-0.7115293674  
-1.603131672  
-0.622840402  
-0.8502740328  
0.0305880827  
0.03104274593  
0.6655680243  
0.1464650604  
-1.26126222  
-0.9403327901  
-0.5052993392  
-0.9494681474  
-0.5218840578  
-2.065059581  
-0.4219705332  
0.0311364421  
0.2356684549  
1.198246436  
-0.3184086831  
-0.4152665181  
0.4442130902  
0.8308975116  
1.694970081  
-0.6533980525  
0.7935734048  
0.316402417  
1.248219576  
0.3152089628  
0.03930741027  
-0.1957657788  
0.2521839321  
-0.4094731869  
0.2982422606  
0.3110833256  
-1.259722394  
0.2124808491  
-0.3733649839  
0.9767935093  
0.9187888635  
-0.2401925646  
-1.107363933  
-0.7266106645  
0.4339697246  
1.414334404  
-0.08616317732  
-0.0891969681  
-0.334973028  
-3.141260749  
-0.0999739999  
-1.39059455  
-1.275970634  
-0.4853579725  
0.2755638993  
0.236449438  
0.2591764816  
-1.133013925  
0.8451918908  
-0.8997753838  
0.1914921856  
-0.6139902122  
0.6167527868  
-0.09928081823  
-0.17275876  
-0.006758370198  
1.735619554  
1.460322826  
1.361095007  
0.2117014522  
0.2274163679  
-0.2063338877  
0.6052578837  
-0.06677315099  
-0.1379743863  
-0.4068595056  
0.2768374908  
0.05983750427  
2.061831838  
2.311774695  
1.480473086  
0.5393363364  
-0.4726399191  
0.1772401019  
-0.3981961931  
0.09327335264  
-0.1504163923  
-0.8296224369  
-1.502107356  
-1.104594747  
-0.9442277494  
0.852531194  
-0.6516768339  
-0.246355065  
0.8933365376  
1.309433063  
2.393605182  
-0.6649876034  
-0.4963402292  
0.6780780722  
2.564691344  
1.239462391  
2.267371915  
1.273454303  
0.6867665227  
0.5227388984  
1.150447853  
1.865666267  
0.5390328927  
1.075546343  
0.1388836107  
1.288274733  
-3.062216788  
-0.05906038959  
-0.654679579  
-1.775356622  
-0.2242394038  
0.4754073276  
1.039626941  
-0.8010380033  
-0.5729428623  
-0.206961476  
1.053761474  
0.5144869812  
-2.512198697  
-1.444680571  
-0.7420220955  
-0.5883189959  
-1.168305074  
-1.76410997  
-3.689476045  
-1.17693541  
-0.3696157541  
0.8261855119  
0.6173417263  
0.771857673  
-1.957099159  
-0.3786591033  
-0.9081146194  
-0.08545274287  
-0.4763363994  
-0.1253208565  
-1.843636862  
0.1164029229  
-1.398248316  
-0.8957311541  
-0.7644061986  
-0.1004444425  
-0.9633695855  
-0.8111389985  
0.5597331166  
1.891686659  
1.387565289  
0.1933498298  
0.4394188664  
1.583255698  
0.9954734297  
0.01226192444  
2.048062334  
-0.7368301617  
-0.06265577715  
0.5406291445  
1.002601717  
1.230322689  
0.2564750073  
-3.534320945  
-0.6388741544  
-0.6437392291  
1.015013522  
1.009762398  
-1.98905755  
-1.002567684  
-0.7368408629  
-0.3872745009  
0.5166274195  
-0.3420414587  
-2.032622686  
-1.33309174  
-0.8332467357  
1.071883753  
1.53342352  
-0.1005813316  
0.7232363145  
0.04822918053  
-0.2744821534  
-1.883440941  
-0.9579859714  
-0.9408024894  
-0.4959108177  
-0.8030307881  
-0.6047778031  
-0.8309323039  
-1.67280084  
-1.190311588  
-0.2041305504  
1.348529078  
1.593798439  
1.415045693  
1.603487654  
-1.415846425  
-1.158053704  
-0.7847468065  
-0.656667392  
-0.2771964482  
0.1798210741  
0.6546576208  
2.660050723  
2.381152548  
1.097971093  
-0.4413655712  
1.689213483  
1.558802731  
2.141681048  
0.6694674513  
1.412493918  
0.568416589  
1.545752586  
2.369628737  
0.9010486829  
0.6481171375  
1.012132375  
1.424755911  
1.052918724  
-1.561683451  
-1.959567643  
-1.328782707  
-0.6092716683  
0.5767046964  
1.251181794  
0.3618113886  
0.3697450504  
0.5757269246  
-0.1570082787  
1.559324431  
1.419037175  
-4.590904368  
-1.494015384  
0.07531692186  
0.8134445629  
1.437954666  
0.2962250003  
-0.1095621712  
-0.5673700362  
0.6032474338  
0.5803513219  
-0.04247903481  
-1.206528992  
-0.3171203828  
-0.4611933632  
0.1622018937  
0.8850937068  
0.4039321478  
-0.006383908634  
-0.1310020451  
0.2828445359  
0.2029499037  
0.1292234587  
0.8677916473  
-2.720908232  
-3.077634345  
-2.570679195  
-0.9662849159  
0.1955767024  
-0.1987958314  
-1.125267806  
1.506254981  
1.684811599  
-0.2757474271  
-0.6875480186  
-0.957199338  
-0.4852114916  
-0.5761075588  
-2.13143735  
-0.9769838706  
-0.7378130031  
0.3588224788  
0.9182528065  
0.627496602  
-0.5001779857  
0.441453431  
-0.06523364213  
1.479069088  
0.6144160554  
0.2700223529  
0.6875369544  
-0.2934045059  
-0.4133809209  
0.539250859  
0.9212799301  
0.556786787  
0.01808529534  
-0.3043293075  
-0.5440221755  
-0.1132664646  
0.2177152512  
0.2110568419  
-0.9642289548  
0.07712843054  
0.7524176041  
1.155263673  
1.016617256  
0.05462192678  
0.3110339649  
1.805590413  
1.926300107  
1.463624058  
0.2935867104  
-0.3307498201  
2.041857367  
1.694052543  
1.322355417  
0.03115619874  
0.1416125049  
0.3772530297  
0.02522530851  
-1.118398723  
-0.9040551873  
0.2367466527  
-3.847508494  
-2.025685356  
-1.6879192  
-1.795518045  
-1.699763704  
-0.2510994718  
-1.594386072  
-1.565425177  
-2.212865203  
-1.261092951  
-0.1507853254  
-0.09225485313  
1.075565649  
0.09475203259  
-0.5811199227  
0.6845434905  
0.1656491893  
1.349895274  
1.331400317  
-0.07603282892  
-0.2192611637  
-1.020279909  
0.785890071  
1.652302556  
1.183488829  
0.689332095  
-0.134690675  
-0.1796136928  
-0.3588759291  
-0.5092589768  
-0.4177163373  
-0.7342205063  
-0.3799431718  
0.5331829881  
2.27037537  
0.4897453015  
0.5622480521  
-0.7492975259  
0.1009248939  
0.7310178016  
-0.1910408024  
0.7608200399  
-0.06706196907  
-0.7111800696  
-1.194781309  
-0.7821787619  
-1.334988074  
-0.934831826  
-0.6187267744  
1.026470367  
-0.2128534489  
-1.319333826  
-0.3267151163  
-1.318527012  
-0.8767806822  
0.3340032407  
0.751526594  
-1.062856566  
-1.276075972  
-1.844452023  
-0.3963624287  
0.279017473  
0.2115701319  
-0.5381759484  
-1.296639481  
-0.1494426117  
-0.760594002  
-0.8591753372  
-0.7642001916  
-0.2170324695  
-4.395041056  
-1.043632134  
0.3586983406  
1.256745034  
0.5963613571  
0.3145518987  
2.058135325  
2.050727755  
1.148865516  
0.3773174689  
0.4847932243  
1.79980771  
1.328436532  
1.059107968  
1.3554764  
0.8786309111  
0.4749553625  
1.981721207  
2.468880367  
1.163128416  
0.92417007  
-0.4656469894  
-0.5883302881  
0.1480895478  
0.2864147193  
-0.1920034703  
0.004703225779  
-0.08478112537  
0.5305667805  
0.953680991  
-0.05991376985  
0.6253819748  
-0.6662757339  
0.130076845  
0.9562160579  
1.715450049  
2.074613283  
1.314791962  
1.183709923  
0.3015871912  
-0.5828487857  
0.2707458304  
-0.4000702346  
-0.3125184773  
0.6259222504  
2.186451738  
0.8026163544  
0.5514731146  
-0.9617595146  
0.3758943695  
0.4374952263  
0.7960695047  
-3.914754861  
-1.823963497  
-1.727243279  
-2.135574855  
-1.889207613  
-1.377149414  
-1.183542037  
-1.394967622  
-1.251919261  
-1.556713273  
-0.9212093186  
-0.1624015105  
0.06075097645  
-0.8719160052  
0.1586905266  
-0.2336807589  
-0.4888416434  
0.3793724475  
-0.09181806179  
0.2284984075  
0.3863401123  
-0.6676335372  
-0.1057290094  
-0.1997307945  
-0.38086042  
0.0369613765  
0.6274211195  
0.04760649328  
0.4379081392  
0.02044674105  
0.1795166774  
-0.3765110038  
-0.08198201597  
-0.04374365734  
1.064369411  
1.529543454  
0.7418524457  
0.4198542283  
-0.2476247697  
0.543623127  
0.635740293  
1.205168117  
0.594575831  
1.38278675  
-0.8547479182  
0.0865138145  
0.2507347806  
0.5060125569  
-0.9728172943  
0.03397030964  
0.5211089074  
0.2543528106  
0.1150606838  
-0.1016971004  
-0.7334471798  
-0.08163915032  
-0.2113920416  
-0.8960445731  
0.4281375798  
-0.7086301212  
-0.279565995  
-1.067650578  
0.2470679943  
0.07512029785  
-1.714426883  
-0.7285636912  
-0.9417591564  
-0.2473481219  
-0.3281327064  
-0.7194675621  
0.1860947409  
1.104038219  
-0.3687873977  
0.3592142629  
-0.660421726  
0.3263607927  
-2.324184018  
0.9909307913  
0.9047128771  
-0.4283835748  
0.7296693569  
0.6454975247  
0.9909661553  
-0.2963881986  
-0.04267531583  
0.4084862077  
0.2887417127  
-0.7895914488  
1.367651471  
0.1989922232  
0.03058404478  
0.6324746903  
0.1562701677  
-0.185292302  
-0.3797275734  
-0.1941180155  
0.1552202298  
1.108241011  
-0.2030239025  
-0.4538986775  
-0.337274414  
0.3143245408  
-0.07682358679  
-0.645020273  
0.2149664873  
0.3285002512  
-1.112751095  
-1.184854436  
-0.5479614451  
0.01272172609  
-0.4012797998  
-0.66631605  
1.125079277  
0.155860905  
0.5878470143  
-0.4685316565  
-0.416757147  
0.7644757693  
-0.2043265462  
0.1166663874  
1.101481302  
0.8493759865  
0.1315889141  
0.6879598081  
0.3115128105  
0.06133593449  
-0.2555841781  
0.04983941017  
-0.5850848059  
-0.4813141783  
-0.8143342849  
