0.5598650733  
0.1849768226  
0.2354628346  
-0.3695611911  
0.3784505975  
0.0156324283  
0.4185230873  
-0.7133494531  
0.005411196409  
0.1837314122  
-0.371211895  
-0.3221671259  
-0.3725986418  
-0.3554359208  
-0.9485718002  
0.06978411367  
0.1253853944  
0.3122011463  
0.7619042757  
-0.3217387637  
0.4668760318  
-0.6267674651  
0.2747725326  
-0.03169212173  
0.7255336892  
-0.6621281074  
-0.9819000076  
-0.5852580681  
0.2290404079  
0.5023927889  
0.9133159542  
0.1103589403  
0.1231916168  
0.3780173776  
0.1923359573  
0.2902796667  
0.3830473711  
0.3700498637  
0.5448976158  
0.5191084476  
1.483333244  
1.265096637  
0.08934080697  
-0.506640103  
-0.6818842227  
-1.395250398  
-0.4958389952  
0.1380202188  
-0.3195718096  
-0.04582353291  
-0.1890316049  
0.1223878615  
0.3431263529  
0.716656338  
-0.3682724368  
-0.247281653  
0.2797488928  
-0.3370941381  
-1.291641449  
0.2836495199  
-0.3559892654  
-0.3315220134  
-0.005472690168  
0.06974031157  
0.3134786547  
-0.2567826646  
0.1722570163  
-0.6186555003  
0.09914179477  
0.9237679487  
-0.4770818078  
-0.5039749956  
-0.4694476948  
-0.4964532574  
-0.7271849004  
-1.133593088  
-0.8768109285  
-0.8637903986  
-1.042740345  
-0.4143476968  
0.1162691782  
-0.7561254637  
-0.7517464384  
-0.1997906114  
0.334379657  
-0.3984940821  
-0.4049623973  
0.8107086521  
0.7203608342  
0.3559479941  
-1.015863722  
-0.332985526  
-0.1397864163  
-0.153814172  
-0.1583034344  
-0.1875748946  
0.916567759  
1.387118886  
0.5257862043  
1.595672473  
1.124078126  
0.05687065795  
-0.4056133534  
0.8064623543  
0.7713707617  
0.4920958507  
0.208384698  
0.9721585394  
-0.351293688  
-0.2596527776  
-0.3814371884  
-0.1860390606  
0.0557608349  
0.08423342937  
0.1309427981  
0.01894452673  
-0.05893494389  
-0.1514916263  
-1.250176637  
0.4068526481  
0.072652069  
-0.152397697  
0.01923307842  
0.3882388732  
0.09154168743  
0.4261250261  
-0.09379001089  
0.1012723125  
0.3632057308  
0.08990742752  
-0.5385870429  
-0.2293895059  
0.2909701416  
-0.07286967868  
-0.7292036897  
-0.8033920702  
-0.1559755168  
0.7906645837  
1.527412731  
-0.2060870653  
0.3584334656  
0.3909662836  
0.4648806817  
0.2342088705  
-0.3061705126  
-0.09226120101  
-0.1397618751  
-0.008925908265  
-0.0607845734  
-0.04602189628  
-0.07066039359  
-0.4575149208  
0.2014793189  
0.09660017774  
-0.2941028405  
-0.6336856706  
-0.2765429323  
-0.5794023359  
0.7801632896  
-0.2917087766  
-0.2708482589  
-0.5554908573  
0.1994506949  
-1.070135369  
-0.0590286069  
0.4812279511  
0.6701357877  
0.4497593084  
-0.4262443693  
-0.2244505179  
-0.1033589796  
0.2262587398  
0.4480957461  
0.2256420244  
0.7081157633  
0.2667867096  
0.161512565  
-0.07537116191  
0.4133063566  
0.3710469122  
-0.1463097964  
0.7544443714  
-0.8322741304  
-0.9716693284  
-0.5924689011  
0.1665834107  
0.632817706  
-1.01694947  
-0.03376052642  
-0.8398162312  
-0.2239481589  
-0.4640883347  
-0.4474893162  
-0.1024452543  
-0.2440144783  
0.108009172  
-0.59799585  
0.5961639191  
-0.2801467666  
-0.1910820729  
-0.4467211572  
-0.2229025807  
-0.3536582762  
0.03197600133  
0.3193429713  
0.08039311695  
-0.2350299143  
-0.3315550566  
0.7736625128  
-0.3121818718  
0.1036326085  
0.4389218837  
-0.2103161034  
0.2337844125  
-0.1366551363  
-0.009653802024  
0.1882294289  
0.001681327277  
-0.4429158231  
0.1619880867  
0.2208229587  
-0.08283824857  
0.06437043592  
-0.09354690007  
-0.1464451455  
0.5763246252  
-0.09403651784  
-0.3129602082  
0.05255649181  
-0.07330337711  
-0.1605102976  
-0.2588407071  
-0.008168307786  
0.1992081176  
-0.2372456427  
-0.4571530231  
0.5775054766  
1.102881504  
-0.1151241425  
0.729549627  
0.3076341193  
-0.2874339868  
1.045340092  
-0.06709592316  
-0.2093270992  
-0.8997688416  
0.1794261467  
0.4309547726  
-0.03318094146  
1.012704909  
0.3144604461  
0.8770568461  
-0.04601626733  
-0.1277622135  
0.7578647819  
0.8173452881  
0.2311664321  
1.287533965  
1.641695945  
1.021620267  
-1.280324419  
-1.176831523  
-0.4620512397  
-0.435193668  
-0.1800859876  
-0.7071102227  
-1.172301597  
0.5454129013  
0.3585050602  
-0.9955249266  
-0.3065080882  
-0.698250603  
0.07180034446  
-0.8496933468  
-0.05102463713  
-1.321945042  
-1.056772987  
-0.7480833387  
-0.9836581725  
-1.150600073  
-0.3630601201  
-0.7505998606  
0.7267093403  
1.234964042  
-0.4408446961  
0.1219466707  
-0.007759524819  
0.8551439756  
0.2431332699  
0.6006983131  
0.6831106542  
-0.4326516494  
-0.6369383671  
-0.09905985344  
1.383581864  
2.089340273  
0.9001782316  
-0.05321461253  
-0.06473669518  
1.589797526  
-0.1823547532  
-0.3364256684  
-0.3745895793  
0.08544545951  
-0.5332349837  
-0.9641597637  
0.1188157547  
-0.7532395359  
-1.334229906  
0.1752774358  
-0.236320093  
0.6071980023  
1.178146028  
1.029315068  
-0.4172950146  
0.0148389854  
-1.244566887  
-0.9817872005  
-0.2313796816  
-0.3231634211  
0.07471566845  
-0.6251842173  
1.222285509  
0.6114704947  
0.4745141276  
0.9252490825  
0.4101933814  
0.3171917357  
-0.6783887508  
-0.4466078353  
0.0539020445  
-0.09767090885  
0.5636461587  
0.5797214548  
0.6853768908  
0.9355695046  
-0.1709883493  
-0.04475385162  
0.4724000793  
0.4197977527  
0.1523679266  
0.02470343856  
0.5268863688  
-0.2800955151  
-0.3085956111  
-0.263196964  
0.8356364211  
-0.09919546341  
0.1026037172  
0.9546298069  
0.07608306196  
0.3846999544  
0.5360188259  
0.1593872684  
-0.5251799282  
0.7309899988  
-0.509108077  
-0.459525819  
0.1168472055  
-0.2390617224  
-0.2301199789  
-0.3778386179  
-0.2465554628  
0.1705382805  
0.2632113234  
0.7514745427  
0.6471859342  
-0.2678705346  
-0.03503752282  
0.4864926847  
0.3455261595  
0.643337908  
-0.1694515978  
0.1530080044  
-0.1555381874  
-0.2075199877  
0.9692481382  
-0.7340472091  
0.3030444974  
-0.6154350065  
-0.3584959488  
-0.6349877899  
-0.2279154519  
-0.8461000823  
-0.02307611281  
-0.1018556764  
-0.1612583951  
-0.6270891791  
-0.7016958633  
-0.7263731644  
-0.09094848918  
-0.3335239067  
-0.3798893354  
-0.4886360495  
0.1643931149  
0.2130404056  
-0.3172931577  
-0.06430476341  
0.05119591946  
-0.5103375774  
-0.4564757357  
-0.4603517709  
0.1780215865  
-0.1478002863  
-0.496179475  
-0.6064637791  
-0.8500635183  
-0.6370782872  
0.01333134633  
-0.03616664467  
-0.06566907242  
-0.7120105722  
0.6630971072  
0.2486634597  
0.5261554598  
-0.2686408852  
-0.1188788271  
0.4854457721  
0.999808041  
0.009352411417  
-0.597450895  
-0.1052890208  
0.8670377331  
-0.01075543923  
0.3177357151  
-0.2506241137  
-0.766321775  
0.5678274537  
0.1573585183  
0.6192136226  
-0.1755883676  
0.2819624557  
-0.463182482  
-0.3007023469  
0.7382665491  
-0.6167001149  
0.3604127141  
-0.557971825  
-0.2628158505  
0.1256223029  
1.085138438  
-0.06574380643  
0.2451842618  
-0.4407413662  
-0.002387933991  
-0.9174574216  
-0.8421404348  
-0.7527308891  
-0.510521951  
0.1405160534  
-0.6884604967  
-1.143854404  
0.04961212918  
-0.793787792  
-0.6814179594  
-0.8874522383  
0.4136016048  
0.2650321809  
0.1152845249  
0.5372970379  
0.5803313251  
2.370344198  
-0.536438569  
-0.8358987582  
-0.4744675663  
0.4516340512  
-0.0992615703  
0.9196116288  
-0.01204800865  
1.106391653  
1.499052246  
0.2846792497  
0.3759952162  
0.1580309629  
-0.9007684483  
0.184301283  
0.1863024605  
0.4575412877  
-0.3504834817  
0.2351427159  
-0.1297667663  
-0.1073860936  
0.6139361126  
0.8144297345  
0.3663639963  
1.787331441  
1.224609272  
0.2826991651  
1.461651001  
0.8979540116  
0.2444111312  
0.4354980344  
0.3894567916  
0.999028157  
0.5092021254  
0.455073648  
0.878961743  
-0.05403229849  
-0.5703543186  
0.8488410118  
0.72512591  
0.3498238521  
0.842313084  
-0.3316320645  
0.5661703167  
-0.22899391  
-0.2405828356  
0.08902314458  
0.8547587781  
0.05867432965  
0.08079445798  
-0.005087296291  
0.9154446271  
1.433924173  
1.065073688  
0.8762739311  
1.673794992  
1.563470487  
0.9510205197  
1.787625702  
1.389862981  
2.11242758  
1.548525666  
2.29485688  
1.784915463  
2.58898425  
2.407709614  
2.250465485  
2.760490201  
3.454428238  
3.347175718  
4.07923685  
5.382112778  
5.098021481  
5.272936127  
4.507071731  
5.671844536  
8.075899745  
-2.167011764  
-3.710898871  
-3.985100269  
-3.961259429  
-3.491653303  
-3.295532894  
-2.90835165  
-3.348343219  
-3.226585964  
-2.32819791  
-0.8064782227  
-2.442255165  
-2.463638449  
-2.436565577  
-1.673654313  
-2.403961867  
-1.634793968  
-3.357131764  
-0.6136835158  
-1.05887818  
-2.383047541  
-2.450402892  
-2.139163962  
-2.417478989  
-2.002352628  
-2.142013044  
-1.415569228  
-1.039412113  
-1.483533754  
-0.6536344641  
-1.160382357  
-1.596905784  
-0.6757376948  
-0.7240127346  
-1.278803267  
0.2477940931  
-0.2703377088  
-1.015730044  
-0.003663339296  
-0.9764762919  
-0.5240236891  
-0.8274306024  
0.07586609275  
-0.3192884043  
-0.05094995928  
-1.055410013  
-0.1799686549  
-0.6012187772  
-0.4856278593  
-0.6292785948  
-0.1297310537  
-0.3318374756  
-0.879484847  
-0.3734604147  
0.3858096511  
0.4827664094  
0.7799890945  
0.1744615085  
-0.5177031937  
0.1162481554  
-0.3285362615  
-0.08079227909  
-0.2558673309  
-0.2002502202  
0.1246108769  
-0.4297978577  
-0.6224482929  
-0.4924714646  
0.4487585811  
0.143532278  
-0.3962247483  
0.4643213293  
0.088606552  
-0.3125380883  
-0.9649965463  
0.5743974426  
0.5371296441  
-0.920609355  
0.3162960136  
-0.5648212515  
-0.9778717848  
-0.1979422035  
-0.6307119826  
-0.2406577748  
-0.7330496466  
0.3942960745  
-0.05219245551  
0.1916447218  
0.1056778175  
0.7253014112  
-0.2679315038  
0.4847340003  
0.91602146  
-0.5139979899  
-0.652291594  
0.5641451315  
-0.173473093  
-0.1823471614  
0.3464827604  
0.9304208576  
0.08089864847  
0.1588247209  
0.3321851009  
-0.3972768692  
-1.072691832  
-0.7852388926  
0.7797738536  
0.8086451051  
-0.3614304592  
-0.7995942121  
-0.4699387376  
-0.2194759676  
0.3466782207  
-0.09499916756  
-0.5450365376  
-0.1845186411  
0.001425068888  
-0.2546263318  
-0.1210981615  
-0.1773504078  
-0.05868909794  
0.6804025277  
0.5121940523  
0.7719619053  
1.324969978  
0.538576206  
-0.02873966017  
0.9490540855  
0.6420173997  
-0.04553310485  
-0.390769607  
0.3998219135  
-0.754649422  
-0.2094919376  
-0.738001391  
-0.3624977151  
0.7163908094  
-0.04999488266  
-0.4139045024  
-0.6247708558  
-0.08626785253  
-0.3465169326  
-0.5083609335  
-0.8824723609  
0.1017345139  
-0.2728571402  
0.1101572385  
-0.3083495533  
-0.2852280098  
0.2583926343  
0.2665429259  
0.3232289991  
0.2170793688  
-1.253404691  
-0.3255089616  
-0.4053781098  
1.002317173  
0.1982821594  
0.1732689846  
0.1047044299  
1.330669438  
1.54643709  
0.5270775501  
-0.4088464422  
0.5025116618  
-0.05241649938  
-0.410682777  
-0.6574366615  
-0.2940958437  
-0.7760885255  
0.06877395305  
-1.265260714  
0.3513234324  
-0.7085942757  
-1.484710795  
-1.150048267  
0.4082001907  
0.2612720351  
-0.3780651479  
-0.8344704304  
-0.9472953159  
1.528648115  
1.75367805  
0.9830556828  
0.2293629951  
2.267820037  
0.1610590822  
-0.5459611513  
-1.083869207  
-0.4335668789  
-0.2984852907  
-0.6582228069  
0.6225296252  
0.04019109406  
