-0.06359211384  
1.288270889  
-0.2475894989  
0.1951237477  
0.4162229032  
-0.8765170396  
0.5595131923  
1.115259688  
-0.670005474  
-1.278848256  
0.3134566725  
-0.9823146264  
-0.4629214228  
-0.3445780495  
-0.9270233706  
-0.4560422177  
0.5085486866  
-0.2405602047  
1.254037677  
0.01421402447  
1.346547694  
0.6194947937  
0.123373318  
-0.5865209799  
0.3559406908  
-1.560577208  
-0.2197099006  
-1.204916334  
-1.169739776  
0.1413327863  
1.409615932  
0.2247892594  
0.7173434827  
0.5329284095  
0.7648390581  
1.78583179  
-0.03006405689  
1.424419184  
0.4198959158  
0.6908786357  
1.283236083  
0.5319820826  
0.003519825791  
0.3565398655  
0.1207679967  
-1.148487263  
-0.9136656791  
-1.526625158  
-0.6905822829  
0.057760435  
-0.2465972672  
-0.1215340411  
-0.8079091619  
-0.9204241272  
-1.36925372  
-0.4718439526  
-0.2355529127  
0.6849306434  
-0.8844313236  
0.3332125815  
0.1578793012  
-0.1674317753  
-1.237206516  
-0.1439761442  
-0.03677009458  
-0.478978299  
0.3602161936  
-0.2047470653  
-0.2760765272  
1.128054657  
0.7878265226  
-0.1030626362  
-1.09075278  
0.1417020267  
-0.3036171686  
-1.448582606  
-0.1610036575  
-0.4641801169  
0.3694928748  
-0.2886761262  
-0.3727553732  
-0.3814780974  
-1.42748217  
-0.8230598384  
-0.1590678505  
-0.05501446557  
-0.5170014688  
0.8146402075  
-0.2732387141  
0.5029095901  
-0.1057616759  
0.1583573579  
-0.5682039931  
-0.7573212029  
-0.8592641046  
-1.268343508  
-0.2038013532  
0.512048924  
0.3717348071  
1.826533525  
1.723703354  
-0.02646040167  
-0.03481891323  
1.823178709  
0.7907469627  
0.6558095851  
1.41891096  
0.8948231172  
0.08600254592  
0.6416990674  
-0.5281851379  
1.123009487  
-0.7019082932  
0.1768354102  
-0.3462105979  
-0.1774631455  
0.5116245769  
0.1392241189  
-0.5712738923  
-0.5058293171  
0.2316928441  
-0.4748118042  
0.1972654372  
-0.3405640216  
-0.4719059005  
-1.302561029  
0.003600336176  
0.3649947412  
0.917261322  
0.5826998323  
-0.5175462934  
0.924033693  
-0.5153317396  
0.0141193139  
-0.2135793938  
0.09789008005  
-1.071806403  
-0.05568765059  
0.3756771829  
1.020291817  
1.073828509  
0.6284475915  
0.5005343811  
0.2171921696  
0.2642262062  
0.1218131466  
0.3150348109  
-0.4539807679  
-0.02015064962  
0.01739759888  
-0.5692374386  
-1.510588467  
-1.28326408  
-0.6994041021  
-0.3612445765  
-0.7894381495  
0.7287542582  
-0.4138583176  
-0.3405568466  
-0.1983056186  
0.2919462869  
-0.5883327774  
0.2763035177  
-0.8418652137  
0.1168813217  
0.7644027746  
0.2288730971  
0.637681145  
0.1431103633  
-0.6035508247  
0.03206911969  
-1.075407014  
-0.3864071594  
-0.1138708972  
0.216931683  
1.004002954  
0.2234213723  
0.35125913  
1.045350029  
-0.06241902766  
-0.5392145287  
0.1498170214  
-0.9517166437  
-0.1690577541  
0.2859521035  
0.3890282081  
0.1846463184  
-0.0682086403  
0.3555200506  
1.232578242  
0.7170440594  
0.2671459164  
-0.169234544  
-0.4869692104  
0.4563821226  
0.2630273389  
-0.1329935676  
0.3632189835  
-0.08959562061  
-0.6637656051  
-0.4132748379  
0.2381071488  
0.6713158233  
0.8661611028  
-0.3336837719  
0.2326109797  
-0.4294525164  
0.3615963003  
0.4277563586  
0.429905565  
0.3256200893  
-0.9949599774  
-1.030607615  
-0.5595774243  
-0.4853696295  
0.4112668072  
0.4581413997  
0.337215123  
0.2498503189  
0.3470646273  
-0.5828756266  
0.09440602718  
-0.8014529815  
-0.9473206159  
-0.4254539559  
-0.1106511932  
-0.5818960835  
-0.4998637012  
0.4029628231  
-0.03892445244  
-0.6266991852  
0.07264492147  
-1.067241982  
-0.5129986547  
-1.347238848  
-1.161239876  
-0.865980813  
-0.01685596316  
-0.667064976  
-0.5329960892  
1.021297543  
0.1104714001  
0.3177860352  
0.3294623259  
-0.5316530564  
-0.6095555593  
-0.6558366619  
-0.3281106176  
-0.2529339251  
0.4182877295  
-0.6112887604  
0.2931380012  
0.2478322254  
-0.2563691863  
0.9453539084  
0.2058192992  
0.6901964175  
2.065881657  
2.107581322  
0.3541851495  
0.3460671342  
-0.3240382133  
1.278340584  
1.65223937  
0.2412807106  
-1.659882241  
-0.4279995473  
0.6904015214  
2.467248419  
-0.1993784984  
-0.006735428761  
-0.02947240774  
0.09977387275  
-1.659711834  
-0.2953562697  
0.5914874263  
-0.8207856209  
-0.2420703978  
0.2717770674  
-1.116839957  
-1.551854029  
-0.7528135237  
1.066540161  
1.847872203  
0.8580962303  
-1.082035389  
-0.04223449109  
0.5909489685  
0.8188449126  
-0.5694081881  
0.1146992722  
-0.1941722747  
-0.1772288336  
0.01355563405  
1.295069044  
0.9780155113  
-1.181623242  
0.1093098798  
-0.4910138895  
0.6763046376  
0.6329487075  
-0.5567308413  
-1.334553894  
-0.4356680682  
-0.2558394815  
-0.4520723099  
-0.7282003027  
-1.237237272  
-0.1988629388  
0.3453982298  
0.1606957472  
1.212434089  
0.1414556162  
0.6060014585  
-0.8959124302  
-0.2220602791  
0.7956176845  
-0.2787546306  
-0.543208044  
-0.9179062459  
-0.200830565  
0.6923070466  
-0.04258359967  
1.444156544  
-0.684096267  
0.1777623657  
-0.05663685221  
1.488286731  
-0.7053970924  
-0.2005040755  
0.5770429206  
-0.8032151569  
0.3755661926  
-0.2479311129  
0.9093936825  
0.2298653248  
0.1539038728  
0.7138202425  
0.6108545739  
-0.1786241296  
0.5884989823  
1.332516284  
0.5169018296  
-0.112273052  
1.234657768  
0.905471337  
0.257595255  
0.7528195278  
0.3924537866  
1.716212583  
0.6444962642  
0.295767912  
1.590910082  
-0.1950545811  
-0.08468584135  
0.664406249  
0.8293468121  
0.665345348  
1.23535288  
-0.4854890631  
-0.1007591541  
0.1430482265  
-1.377234463  
-1.130312126  
-0.1340590065  
-0.3984368471  
-0.1589226177  
-0.06816140831  
-0.05075698913  
-0.1732829852  
-1.060177829  
-0.5070995533  
-0.1958742337  
-0.2454155895  
-0.7574743707  
0.1008366421  
0.5392521535  
-0.4569050254  
0.2842131662  
-0.07925268913  
0.352024753  
-0.4851138584  
-0.9667693873  
-1.74412208  
-0.1969244162  
0.8917442231  
0.2862478638  
0.5490774218  
-1.15195212  
-1.051683474  
0.8553157663  
0.8787006785  
-0.2016947923  
-0.5824674329  
0.1952645561  
-0.5058294171  
-0.7114920071  
-0.1557086741  
-0.7958419208  
-1.427705356  
-1.397510407  
-0.7998076932  
-1.203833733  
0.0642446267  
0.6580128861  
-0.1074724077  
-1.506551352  
-1.02680234  
-0.6167852531  
-0.1367883676  
-0.4769771995  
-1.32376048  
0.6871378037  
-0.7097943534  
0.4315521713  
-0.09462729676  
0.2759657931  
-0.1432945017  
0.4978372759  
0.2921169834  
1.044776515  
-0.1459797522  
-0.1340291002  
0.3788339856  
0.8429422199  
0.6453019585  
0.2639753357  
-0.8565300549  
-0.2020325895  
-0.160032637  
0.4397813809  
0.2165175746  
0.587355697  
0.5129315607  
0.6959675231  
0.7319426804  
0.04445160332  
0.4020173443  
-0.5339947417  
1.266022426  
1.728210207  
1.182187855  
0.5986020005  
0.4367150944  
-0.5775059107  
0.09096611708  
-0.03046176977  
-0.7909577427  
-1.558769333  
-1.377479329  
-1.963059139  
-1.890574438  
-1.079677597  
-0.6056115447  
-0.8799942283  
-0.2394111099  
0.4057165108  
-0.5912182691  
1.02664363  
-0.1298556173  
1.55925124  
1.30307544  
-0.6955895231  
-0.5844358295  
-0.3590210113  
1.456396349  
-0.05857488666  
0.6180118577  
-0.09293090672  
1.79117969  
1.343139158  
-0.02468014215  
-0.3563491705  
-0.06118346061  
1.212993829  
0.800213732  
0.1416613776  
0.2534461388  
-0.9986916212  
-0.9300050033  
-0.8101795127  
-0.7719631694  
-0.4031487567  
0.9297966606  
1.212269674  
0.5081887605  
1.314901272  
0.9225966579  
1.346351894  
0.6373736932  
0.07579167095  
-0.5540616696  
-0.1817016883  
-0.6133342075  
-0.3472374239  
0.3825711293  
-1.341300287  
-0.7481412334  
-1.382741612  
0.003279943399  
-0.04924640028  
0.06002249567  
0.2800251927  
0.02398534304  
-0.1649873693  
-0.1353224748  
-0.6758238169  
-0.7432240759  
-0.2539282819  
-0.8924993467  
-0.7397227395  
-1.997892793  
-1.860715062  
-1.729278704  
-1.05969414  
-1.966570183  
-2.044763621  
-1.539176931  
-1.979966159  
-2.129210741  
-2.573038399  
-2.805232264  
-2.327621559  
-2.286179043  
-1.133238152  
-2.020024627  
-2.440490075  
-2.640417256  
-2.407444553  
-2.097626594  
-2.636411724  
-2.22016871  
-1.857404745  
-1.419501946  
-2.87951371  
-2.269921696  
-2.336254975  
-0.424444214  
4.542572437  
3.320699216  
3.832018343  
3.366974162  
4.497761679  
3.075270976  
3.653484074  
4.048991659  
3.398883497  
3.189870924  
2.601960523  
2.233236044  
2.489862185  
3.473089722  
2.935964294  
1.499514793  
-2.102660909  
-0.1009902008  
1.710423574  
0.8823867982  
0.6344007416  
-0.1482667498  
0.1178642803  
-1.133092817  
0.8090103381  
-0.09401982269  
0.9192286504  
1.136666092  
0.01037650817  
-0.2832797672  
1.806325315  
-0.9027062767  
0.5559235764  
1.222349554  
0.6483252874  
-0.01850974054  
1.619720381  
0.5785473562  
-0.002156178849  
0.1561041094  
0.1990313598  
-1.081737144  
0.04944022646  
1.171250864  
-0.7499752777  
-0.07181893526  
-0.5522825176  
0.6373544852  
0.3274287104  
-0.9025304198  
0.3058534278  
0.4385528168  
-1.570684359  
-0.2887592947  
0.8722108629  
1.035408648  
1.148674953  
1.515584499  
0.7882941706  
0.9964358101  
-0.06409667306  
0.07774930973  
-0.8545850603  
0.3560106416  
-0.071860336  
-0.4466966266  
-1.028086167  
-0.3627668007  
0.2888115226  
-0.04800409296  
0.5871369596  
0.6475415892  
0.4831835118  
-0.3166522452  
-0.524703711  
0.778662239  
0.2778669353  
-0.2634102358  
0.4075347562  
-1.402853552  
-0.4001047523  
-0.4116452119  
0.2383695713  
0.2315196006  
-0.8109079538  
-0.05280480899  
-1.080690062  
-0.4488887271  
-0.5444719935  
-0.6220319365  
0.9721379032  
0.1563707377  
-0.2607133695  
1.053645131  
-0.1177224274  
1.742526764  
1.231117257  
-1.408569929  
0.4864370252  
1.415743358  
0.8255519417  
0.803744515  
0.6357824758  
-0.7316372121  
-0.6877731879  
0.5263851777  
0.8891602503  
-0.02119003897  
0.3021752708  
-0.06306037406  
-1.41397094  
-0.5769297401  
-0.7583930964  
-0.01280803165  
-0.2751583173  
-1.666298273  
-1.586779316  
-1.080451613  
-1.108736607  
-0.765440246  
-1.189388955  
-1.110755389  
-0.2405627423  
1.050906551  
0.912549401  
0.6982464688  
0.7988553476  
-0.3134583181  
1.780955939  
0.8356479029  
0.7116122945  
1.838493757  
0.7254861508  
0.8712614548  
1.043907934  
0.315542894  
-0.2134640975  
0.05054473648  
-0.4957816945  
-0.1684323807  
0.3852149094  
-0.8963558646  
-1.629084919  
-1.72587016  
0.1983844531  
0.5287411529  
0.9060649285  
-1.426013767  
-0.7036891635  
0.8153479818  
1.385629645  
1.723997635  
1.112752577  
-0.6223372981  
0.710344775  
-0.3087684438  
-3.187542029  
-0.7700554953  
-1.463677601  
-0.7800701141  
0.7509912593  
1.35591868  
-0.4143800517  
-0.6818776359  
0.8477022105  
-1.314844012  
-0.8090263158  
1.128711657  
-0.6854895791  
-1.72443221  
-0.3469806502  
-0.7408712043  
-0.1850136446  
-0.3844474331  
-0.271599279  
-0.1815111056  
-0.6737477917  
0.5244101628  
0.6630487131  
-0.1042020228  
-0.6115366313  
-0.7334174277  
0.6343703856  
0.1615813621  
1.031338275  
0.05314990571  
0.5560777916  
0.06857662184  
-1.416246596  
-0.5670362693  
0.6952082156  
0.6141367224  
1.127982933  
0.6140896025  
