-0.3814746737  
1.009060441  
0.2773465359  
0.2674016506  
-0.6206615841  
0.3155427154  
-0.4163466148  
-0.05010628527  
-0.940732906  
0.6487373572  
0.5690026029  
0.399379901  
1.508977914  
-0.6949742366  
-0.4291154012  
1.136502328  
-1.068445081  
2.122222659  
-0.8905212293  
-0.1215876902  
1.168782558  
-1.53365309  
-1.86824602  
-0.5312822516  
-1.21926114  
-0.2766549925  
-0.2396399621  
-1.35257805  
-0.8509561137  
-0.01450203585  
-0.09734607023  
0.3296800905  
-0.6706445641  
1.298114061  
0.502635627  
0.1630079724  
1.629731355  
0.3299989481  
1.968523844  
0.5886429249  
-0.0217843866  
1.365787742  
-1.687815575  
-1.405512391  
-0.2774107092  
-0.6209624565  
-1.043460708  
-1.185948221  
-0.5332434178  
1.644823146  
-0.7041960764  
-1.13864607  
-0.1373606407  
0.9858699054  
0.4760131001  
-0.4779141298  
-0.1469278094  
-0.1146663656  
0.3188345334  
0.262648038  
-1.938120165  
0.5601566058  
-1.140124769  
0.1485599049  
0.2342262512  
0.2769885707  
1.112290479  
1.569593437  
-1.062857847  
0.8296001313  
-1.391357466  
-0.3442415578  
1.446392514  
0.5552232704  
-0.2759193151  
0.5895776609  
0.4618009254  
0.02545956713  
-0.5868572027  
-0.5633361725  
-0.7427152707  
0.148440042  
-0.7816105449  
0.2632810721  
-0.6810884763  
0.1153601663  
-0.2782415809  
0.697098148  
0.3445114448  
1.571393198  
-0.7517839558  
0.1230068378  
0.02035786107  
0.7766545524  
-0.9803065108  
-0.5217662689  
-0.508093249  
-1.104325673  
0.6646172082  
-0.001010773344  
-0.06007230381  
-0.7609897491  
-0.1169126115  
-0.145498816  
1.339522741  
0.3290580978  
0.3312306461  
0.2624877777  
-0.769702792  
-1.235702283  
-0.7883126044  
0.3197673327  
-0.5420751138  
-0.7865201281  
-0.2811811186  
1.237408025  
-1.254735777  
1.003215929  
-0.6808596615  
0.3229265543  
-0.006330524948  
0.01328888388  
0.3213505446  
-0.565069172  
-0.02954097595  
-0.3770418337  
0.1456808416  
0.7505298766  
1.561068945  
0.200053352  
1.01262516  
0.2533616818  
0.6548796832  
1.10233473  
-0.036659986  
-0.9080232914  
-1.657537934  
-1.179127219  
-1.107228012  
0.7970146411  
0.3877747542  
1.029851312  
0.2864957841  
0.1742523756  
0.4092062241  
-0.4288440588  
-0.550874645  
0.5795326673  
-1.097723204  
2.405939439  
0.288196472  
-1.929514918  
-1.017299306  
0.4484221562  
0.2240047343  
-0.5619476453  
-0.7471439762  
0.85437426  
0.08722332525  
0.5692569743  
0.1200088162  
1.066777105  
-2.052879036  
-0.6006125043  
0.09222052127  
0.2115596199  
1.052655087  
-0.278560946  
1.219762235  
0.7772080891  
0.1152293819  
-0.4861506806  
0.1134257756  
0.06616283696  
-0.8681482771  
0.2424476391  
1.167458953  
-1.331944318  
0.9390555667  
-0.5210145929  
0.3954552548  
-0.7066848223  
-0.1755679019  
-0.009952534164  
0.9562067839  
0.7465052409  
0.1296199204  
-0.7961581213  
-0.5501402385  
0.1022065521  
0.9569733411  
0.4008302918  
-1.209573568  
-0.1747251429  
0.703292137  
-0.9314129574  
-0.7842510922  
-0.7327047521  
0.05257755811  
0.4378581666  
-1.030242961  
0.4554512494  
-0.9898237428  
0.5459665112  
0.5285286373  
-0.1980238727  
-1.532833818  
0.3203067884  
1.250649101  
0.4046308537  
0.03233630839  
-0.2719675444  
-0.248604857  
-1.426828069  
0.184510951  
0.149050464  
0.1803469728  
1.425475118  
0.2359353781  
0.316914772  
-1.077328145  
0.3281324204  
-0.1110074306  
-0.8538629941  
0.5919756845  
1.913271629  
-0.5349620794  
-0.273999272  
0.9328694612  
0.4118255145  
-0.06866044363  
-0.06502682013  
-0.1958277555  
-0.3307112948  
-1.39416188  
-1.363287821  
0.4498220293  
-1.380360133  
0.5664759285  
-0.2282140351  
-1.342788404  
0.3616907638  
1.751082397  
0.1192796399  
1.348146903  
-0.8595032998  
1.354752279  
0.123194673  
-0.3192112865  
0.2264993991  
0.4541333017  
1.030031466  
-1.112100216  
0.3976308448  
1.141607146  
0.4819200209  
-0.6501695583  
0.4356253977  
1.679206429  
0.9335364271  
-0.8723626746  
-1.32950553  
1.24028391  
-0.3144083439  
-0.8623297584  
-0.2618177356  
-0.1830677308  
-0.7373366405  
-0.1734569215  
-0.7749864431  
0.3436824843  
-0.7908549055  
-0.8474662213  
-1.002738942  
-0.7499913461  
-0.8014637918  
-1.061868886  
1.101515491  
-0.3002596529  
-1.053855073  
-0.5579006606  
0.1995623682  
0.7525470531  
0.3215919603  
1.793271031  
-1.078149379  
0.6865233571  
1.555460788  
-0.0078704168  
-1.037309799  
0.1650341381  
0.3683889726  
-0.9495319635  
0.2652189138  
1.676998975  
0.3200056224  
-2.213720871  
-1.289156211  
0.2279714416  
0.1317073849  
0.6086760568  
-0.1390342928  
-1.927299791  
-0.3507942109  
0.06952803754  
-1.196808994  
0.7829574726  
-0.4410674059  
-0.7553873789  
0.5350232881  
0.5664160635  
0.8964717936  
0.6397482833  
0.970021587  
0.3200310354  
-0.1634230784  
1.073446503  
-0.3644444158  
-1.134798699  
-0.3809522878  
0.3819477679  
0.7119215721  
0.3852777475  
0.6610154011  
0.07721951232  
0.06305906938  
0.9896605423  
1.618814127  
0.2466657655  
0.965668832  
0.136663777  
0.5914145279  
-0.01709477485  
-1.696691979  
-0.9108203382  
-0.9752130302  
0.4561129692  
-0.01143395031  
0.4623356906  
0.808965142  
-0.420834649  
0.384474171  
-0.1448737784  
0.2787648722  
-0.09192079941  
1.605083024  
0.7893821351  
-0.6010633698  
1.64653329  
0.7292159123  
0.9778163271  
0.307331974  
0.3936612901  
-1.204924468  
-0.03122990554  
0.2867463732  
0.830012988  
-0.0434520623  
-0.3211836893  
-0.1350224113  
-0.588972264  
-1.131687704  
-0.8746910934  
-0.9563040693  
0.7698006118  
0.2244634601  
0.9783847422  
0.8915072829  
-0.7534734666  
-0.4029607199  
0.1930703954  
1.372721678  
0.5021134992  
-1.153619703  
1.794354261  
0.7001000625  
-1.040213634  
0.5191547724  
-0.8531025016  
0.07232143867  
-0.01037575719  
0.7033301119  
-3.071732161  
-1.600151074  
1.318602572  
-1.117658472  
-1.011600424  
0.6400864842  
-0.9005274352  
-0.789723613  
0.1887683764  
0.6210417043  
-0.8226647779  
0.5405216963  
0.570799786  
0.3504548189  
-0.2506681848  
-0.4547748746  
0.6059957986  
-0.2185995022  
-0.4764102709  
-0.5685415849  
-0.408305275  
0.2291860753  
0.05919394973  
0.03692264232  
-0.627151863  
-1.321654368  
0.599242117  
-1.188291881  
-0.753695117  
-0.5663710626  
-2.106672979  
-1.242743041  
0.4282876198  
1.177972305  
0.5873932108  
1.259449243  
0.623839055  
1.116791483  
-0.5153050656  
-0.03931658844  
0.8211559673  
-0.7044195361  
0.9512948583  
1.224398606  
0.1065057029  
-0.8610453644  
-0.2951074762  
1.013173673  
0.674321009  
0.530818842  
0.7019799419  
0.5823411793  
1.496978675  
1.08224899  
0.4282168057  
0.7453881371  
-1.47561605  
1.005365124  
1.105726561  
-0.1655719695  
0.6068887855  
-0.1064963852  
1.145401103  
-0.425711152  
0.4140022641  
0.05395231008  
-1.826444329  
-1.532665016  
-0.475193599  
0.941056895  
-0.3718686131  
-1.119202276  
0.2506602078  
0.1054199784  
-0.0495499733  
-0.4525110987  
-0.1284661324  
0.2405556098  
2.619261587  
0.9225018768  
-0.6103392555  
-0.3075603743  
-1.23908127  
-1.674860323  
-1.726488235  
-0.6656513896  
-0.5931131308  
-0.8263746121  
-0.1098565922  
0.06714025696  
-0.347014044  
1.089260499  
0.3221917713  
-0.7475877905  
-1.196008904  
0.5741239619  
0.678194425  
-0.4508423935  
-2.362138998  
-0.4744719609  
0.8833876142  
0.05651237727  
0.7960667822  
0.02074883457  
-0.4862890543  
1.165113755  
1.025323812  
-1.466249627  
-1.983198434  
-0.5588930965  
0.405022783  
-0.2690511012  
1.424841664  
1.495081736  
1.857701741  
-1.625184284  
1.114132075  
0.003999792528  
0.2143953391  
1.402127457  
2.843420793  
0.5763708308  
-0.1009651931  
1.764964853  
1.15075781  
0.4501062501  
1.355727916  
-0.5693452943  
0.06552010175  
-0.03114098848  
0.9020039283  
0.398372002  
0.8923138864  
0.6196180525  
0.6905949578  
0.2986616753  
0.5097862842  
1.966448629  
0.7201253891  
0.4593448595  
0.1329509328  
2.097351274  
1.33809863  
0.285956411  
1.448417626  
0.8500730591  
1.421056493  
1.94286252  
2.011279638  
2.1189086  
2.648724991  
3.204823254  
1.729224186  
2.470762585  
5.295211208  
1.398686916  
-1.633594477  
-1.915513117  
-1.335181158  
-1.920809256  
-0.7899177192  
-1.189038694  
-3.771058031  
-2.180537832  
-1.891732855  
-0.02203609031  
-2.169523682  
-1.405004886  
-1.492140973  
-0.7991110844  
0.913806608  
-0.4714210754  
-2.289853342  
-0.7959557911  
-0.5254398142  
0.2731785978  
-2.34193908  
-1.338177038  
-0.2643118617  
-1.443368806  
-0.1935990586  
-1.665243769  
-0.06301247924  
0.2854187706  
-1.843313468  
-0.7319621004  
0.2781590566  
-0.1230990724  
-0.5199191979  
0.7980111484  
-0.3775516306  
1.342712116  
0.9093907069  
-1.252093531  
-1.601138126  
0.4074014912  
0.3169286139  
-1.564744203  
0.4246776166  
-0.2871193069  
-0.09583017712  
-0.2725426105  
-2.018491852  
-0.09465164492  
-0.6266927374  
-0.8153455941  
0.6493560834  
0.8116334283  
-1.514775615  
-1.727288923  
0.2028501379  
0.7121313837  
1.340108161  
-0.791578373  
-0.573510179  
1.122163251  
-0.3194203914  
-1.020878329  
-1.233396694  
1.847877488  
-1.293733013  
-0.5993515013  
-0.3415343574  
-1.432742113  
0.1493988145  
1.383605715  
-0.1763814036  
1.065133179  
-0.8978596066  
-0.6238635538  
-1.561222175  
1.488897563  
-0.1414938022  
0.8044567174  
0.2123616412  
-0.8414003705  
-0.1538391146  
-0.3999820594  
-0.5834491697  
-0.2057822615  
0.7699403654  
-0.2740206524  
1.865897825  
-0.7937671032  
0.7845756912  
0.7251885315  
0.589402882  
-0.4426021562  
-0.1394744905  
-0.1599128672  
0.4841052684  
0.5483667579  
1.902552569  
1.775810536  
-0.2284216695  
-0.8261363793  
0.2550167815  
0.7748111763  
-1.2081948  
-1.623215362  
0.5914765565  
0.4479031798  
-0.2356953322  
-0.4247773955  
1.261556578  
-0.3580982845  
-0.9474053716  
-0.7244934999  
-0.2328843218  
-0.7236141042  
-0.1546594457  
0.3369129551  
-0.4898619535  
-0.2317186551  
0.1711774286  
0.03065162386  
-1.232328923  
-1.32570456  
0.5917005394  
-0.9985269464  
-0.3537810266  
-0.05162915321  
-0.02753611653  
0.1547463897  
0.08789245541  
-1.011135405  
-0.5216894433  
2.049572912  
-1.020934644  
-0.2574002125  
-0.8786328078  
-0.690458581  
0.1665444693  
-0.8714070972  
-0.4426222597  
-0.6571877162  
-0.4618960458  
-0.1088704287  
-1.91697613  
-1.893055355  
-0.3694132015  
-0.1420504836  
1.622186121  
-0.4759130048  
-1.718857668  
2.53689938  
2.053941423  
-0.469939021  
1.588769362  
-1.326392784  
-1.883726181  
-0.4505459779  
0.6436065899  
1.267199572  
0.8744034048  
4.535313436  
2.862267453  
0.1760891871  
0.6269457943  
-0.8627078164  
-0.2184768337  
-0.650782185  
0.5125080551  
0.03000636202  
0.1033495556  
-0.80526377  
1.748149653  
-0.519154122  
-1.380404242  
-1.549329896  
-1.063187372  
-1.25082267  
1.332237054  
1.36041124  
-0.001521841195  
-0.2064629027  
-0.1362044354  
-0.5603504672  
-0.6687370216  
2.05423557  
-0.3028334095  
-0.1119096211  
-1.007526533  
-0.3796356783  
-0.4552792659  
0.1185857338  
-0.3266166613  
1.130807519  
0.4016603804  
0.01701608019  
