0.6743691438  
-0.09154595928  
0.8671877639  
1.572167712  
-1.675881397  
-0.9490062356  
-1.657372611  
-0.9887443303  
-0.6352396456  
1.550258952  
0.5727428208  
-0.04213015789  
1.41117479  
0.3926132547  
-0.2926761052  
0.7472675761  
-1.637774409  
1.056843694  
-0.1960374334  
1.785443185  
1.832252674  
-0.8637866108  
-0.6460444013  
-1.11044056  
-0.8173674041  
-0.891512067  
-0.431378746  
-0.7776034551  
-0.7633890505  
0.129187147  
-1.69371671  
1.230650063  
-0.245846821  
1.965851963  
1.852509537  
-1.987495693  
-1.283380207  
-1.138188758  
-0.3239133196  
1.450296266  
-1.791185143  
1.802651161  
0.3081024449  
-0.3259074593  
-0.7984119984  
-0.269757322  
0.3851891551  
-0.2110994912  
-0.02795814081  
-0.07856849484  
-0.1012679662  
0.2836023407  
0.5986365207  
-0.05746102971  
0.1197389786  
0.1985470592  
-0.2650970115  
-0.3988054897  
0.1310653089  
0.1364574453  
-0.4270167977  
0.1781787041  
0.1381440698  
0.7472974998  
0.5246590939  
0.9015603686  
0.7958499933  
1.13216085  
-0.3470332915  
0.934609207  
-1.158083932  
0.4657294551  
0.6888059362  
0.2009651419  
-0.1177205141  
-0.3169481726  
-0.3171861367  
-0.3281703632  
0.2016759632  
0.5203944108  
-0.07316656898  
-0.02892496387  
-0.3128171335  
0.6083374998  
0.5415012389  
0.4128667526  
0.1085625806  
-1.723927138  
0.7932859022  
0.5968491392  
0.586284674  
0.8052128451  
1.147679819  
1.145389542  
-0.3584213877  
0.7909101786  
0.6688506518  
-0.950372388  
1.055144973  
-2.365511091  
-2.446624874  
-1.118642643  
-1.302108648  
-2.518759736  
-0.4803237416  
-0.6590853766  
-1.606856718  
-1.606743367  
-1.613271838  
-0.9274213571  
-0.2546794939  
0.8692784209  
1.019445552  
0.9754214693  
0.4574453072  
0.1236015038  
-0.1997950905  
0.1966996784  
0.6197036281  
1.211888755  
1.332682689  
1.129282639  
0.6803016486  
0.8363103294  
0.6709551199  
0.6510729648  
0.5473533393  
0.3814508824  
0.4174450166  
0.6390338485  
0.6174136681  
0.4271046837  
-0.09204942641  
0.01846892068  
0.3135717683  
-0.02350594204  
-0.8877397593  
-0.02855974116  
-2.759451093  
-2.066274538  
-0.1758404998  
-0.1295468934  
-0.08888023396  
0.05265463572  
0.1435171079  
-0.1587108787  
-0.3315324839  
0.1121886171  
-0.224476143  
-0.1270144177  
0.03777649963  
0.1687374061  
0.1196587185  
-0.07075026466  
-0.01276956896  
-0.02979074595  
-0.343723221  
-0.002946226805  
0.07367983039  
-0.02415180904  
0.1687138595  
0.04345883647  
-0.2903590618  
-0.1004170136  
-0.3252777371  
-0.2274056215  
-0.250807108  
-0.2377154756  
-0.0374455454  
-0.4026135642  
-0.2130376467  
-0.1578220574  
-0.1463195902  
-0.2335379977  
-0.160064171  
-0.07812502247  
0.4912941244  
0.05944970132  
0.5181834927  
0.9572262839  
1.205690766  
0.9751260574  
0.4096019208  
0.6700781269  
0.6305530688  
-1.284461492  
0.3984853543  
0.09620839945  
0.2455416685  
0.08580639893  
-0.2092866107  
0.1076416122  
0.08143251579  
0.0764480841  
-0.03417018067  
0.01438299492  
-0.111722889  
-0.03673899398  
-0.2309712005  
-0.4925057492  
-0.309961991  
-0.2328825871  
-0.1473637452  
0.1897759245  
0.5120166471  
0.3553453893  
0.4579171592  
0.4282450676  
0.2083611627  
0.4846487725  
0.3484928321  
0.2281756504  
0.1756514389  
0.1253671969  
0.07793605763  
0.133939662  
0.03894873645  
0.06123271108  
0.1362647304  
0.1429985202  
-0.01961346121  
0.2949277224  
0.1770483559  
0.05213609833  
0.08689310345  
0.4379337613  
0.4391128815  
0.2676100709  
0.06327002554  
0.1887938404  
0.4136859245  
0.7084841018  
0.9278265698  
0.5744926549  
-0.431726313  
-0.09246615274  
0.8322121447  
-0.8055212993  
0.5979802942  
0.7878166125  
-0.7607831452  
0.7721910079  
0.5628564386  
0.8870471491  
1.250371198  
-0.3643047256  
0.9788457935  
0.9839652405  
1.230440113  
1.35263757  
1.669840535  
-0.3833587572  
-2.079762364  
0.2349769198  
-0.7009582724  
0.1489749784  
-0.683272887  
-2.060434761  
-2.067885575  
-1.954540252  
-2.042952283  
0.3854260679  
0.4212503564  
0.24058548  
-0.0495032062  
0.4118782143  
0.1732248856  
0.3607696806  
-1.647471426  
-0.9191767085  
-0.7707753978  
-0.5578698002  
0.9076173674  
-0.5225363636  
0.8331851483  
-0.08586091162  
0.901451775  
1.10348131  
0.8413329623  
0.2698834988  
1.177583288  
-0.02566431404  
-1.405393238  
-1.500117061  
-1.301484944  
-0.2271344121  
-0.687197068  
-1.30449837  
-1.484601208  
-1.084394474  
-0.9969261906  
-0.9257316017  
0.001533765559  
-0.7342948651  
-1.493980106  
-1.544986554  
-1.228037502  
-0.3716290256  
-0.452090792  
-1.443320487  
-1.478241185  
-1.039217041  
-0.4529973092  
-0.874888187  
-0.133623359  
0.4897240847  
1.408543259  
1.285809206  
1.190133737  
1.083221304  
1.10910322  
-2.045223224  
0.9755722531  
0.6229858575  
0.8617079644  
-1.249029079  
-0.5101788951  
0.1688233329  
0.5390900622  
0.2089946411  
0.3572301616  
-0.2015529642  
1.107060497  
-0.5705057251  
1.798388488  
-0.2440743672  
1.409065935  
1.715315255  
0.3307170432  
0.02838726959  
0.6650371511  
0.9171204925  
-2.185867618  
0.9877619371  
-0.9164983495  
-0.7756769157  
0.9060531111  
-0.7378749871  
1.360876405  
1.105087696  
-1.072663532  
1.366297581  
-0.6258352146  
-0.6740327355  
0.4772690812  
-0.7982959527  
0.9346499876  
-0.6430247427  
1.354767141  
1.179396603  
-0.9407495807  
0.402089464  
-2.547831537  
-1.69126017  
-1.16447  
-0.7556924073  
1.103089361  
0.7966072702  
-2.643120308  
-1.061874935  
-0.7406621202  
-0.2484444415  
0.680167749  
1.246254379  
1.287315349  
1.337607892  
1.173170928  
0.8720200093  
0.2849758918  
0.7755770096  
1.138241189  
1.017791291  
1.221397933  
0.8509183761  
1.086133265  
1.242892039  
-2.550153754  
-0.7276905281  
-0.3436307105  
-0.04640838373  
-0.8913514979  
-1.030188351  
-1.002059135  
-0.1713892842  
-0.7340423876  
-0.08691344972  
0.03728178842  
0.2360214803  
-0.3275111671  
-0.4975732955  
-0.03261283563  
0.09888556845  
-0.2077483664  
0.4493993118  
-0.1434617034  
-0.06426757888  
0.1116325579  
0.1928632884  
-0.1287527113  
-0.5486669554  
-0.2777886315  
0.06875754865  
0.596706229  
0.2414615987  
-0.0859905098  
-0.2677091259  
-0.2477668268  
-0.1736298129  
0.3714454627  
0.05293123767  
0.07894374899  
0.1405289403  
-2.894157983  
-1.290664972  
0.6865256884  
0.5560468004  
0.6178197449  
0.1781268215  
0.6108478648  
0.3559338238  
0.5996940757  
0.5778218921  
0.7973657581  
0.9776303156  
1.04275945  
0.8557341369  
0.7011621136  
-0.09675280043  
0.81600618  
0.7337050003  
0.6379876207  
1.31423489  
0.8469773794  
0.8113716384  
1.274026264  
1.383993414  
-0.1875248073  
-0.06968246044  
0.2767532526  
1.088982687  
1.233703054  
-2.408319089  
-0.5264714744  
0.6186368169  
1.617278585  
-1.238167108  
-1.233633751  
-0.6937494191  
-0.5098775954  
-0.7246272433  
0.4861310979  
0.809226012  
1.288902967  
1.670338261  
1.81812999  
1.718262893  
-1.346236082  
-0.02285190915  
0.2051672106  
1.080084493  
2.009232386  
-0.5849948099  
-0.3105966165  
1.69679313  
-0.1270426272  
-1.267172973  
-1.270456004  
-1.35480452  
-1.320682712  
-1.345085192  
-1.296240741  
-1.365685427  
-1.28727165  
-0.6791367838  
0.2011869588  
-0.393570738  
-1.26830702  
-1.136998298  
-1.052228928  
-0.8639016603  
-0.9406411332  
-1.290142584  
-1.213252418  
-1.065624732  
-0.8408792975  
-0.5285743404  
-0.1855502526  
0.03423021959  
-1.067878925  
-0.9296304881  
-1.070561028  
-1.231980761  
-1.101281654  
-1.237163941  
-1.249647588  
-1.352238239  
-1.257074615  
-0.9307541621  
-0.8333630166  
2.591032805  
0.3866172551  
0.4560394497  
2.49765842  
-1.408647943  
-1.0873718  
0.7203119127  
1.678460917  
-1.304495287  
-0.9684999324  
-0.1088081453  
0.5411083577  
1.356503976  
1.863815162  
1.773414766  
1.816327785  
2.189671038  
2.430918167  
2.463283211  
2.530808702  
2.516591433  
2.710141531  
2.438835273  
2.441499646  
2.120199414  
2.126628295  
2.357624345  
2.091399857  
2.743253548  
2.86964962  
1.347872118  
-0.8583218133  
-0.8582826985  
-0.5651296644  
-0.53750624  
-0.5851144551  
-0.6748873059  
-0.6074950935  
-0.5587337412  
-1.941549918  
-2.365593406  
-2.085491197  
-2.049163348  
-1.840394056  
-1.962864443  
-1.903131435  
-2.045141314  
-1.919909016  
-1.75236338  
-1.602776342  
-2.036571169  
-2.081696427  
-1.600347774  
-1.560633357  
-1.907617793  
-1.489203251  
-1.769970539  
-1.812819655  
-1.780957017  
-1.238010968  
-0.4990916797  
0.5784305199  
0.2077821906  
1.211989073  
0.7632324705  
0.5825301954  
0.6900585932  
0.5454446114  
0.4901791589  
0.6167698347  
0.8573614062  
0.9702822668  
0.4263458811  
0.6895857785  
-0.5940967035  
0.9561832036  
0.06680399996  
-0.1274150828  
-1.051171013  
0.2371486459  
0.4831055093  
0.5969476237  
0.3038184741  
0.3636385467  
0.7264655249  
0.5094507161  
0.4458417152  
0.4140525875  
0.5951054062  
0.6618111741  
-0.01291205157  
0.4385435248  
0.6911559314  
0.7234881126  
0.2983068439  
-0.5408652211  
0.6004489987  
0.02750183511  
-0.5500648245  
-0.7352305267  
-0.3726228491  
-0.09238150954  
0.122401823  
-0.1013392452  
-0.265779894  
0.1309835211  
0.5449702647  
0.8001388981  
0.3747462456  
0.6873961422  
-0.3198210295  
0.02677011157  
-0.262975874  
0.2628088514  
0.3160414084  
0.1751816629  
-0.6713482737  
-0.4241045097  
0.2119070862  
0.4782749428  
0.07664396291  
-0.3317761811  
-1.223098735  
0.5439847689  
0.04393842089  
-0.5610036374  
1.022463995  
-0.5801092727  
0.04507918379  
0.5881972618  
-0.6043318291  
1.06030227  
0.8820951323  
0.8453394024  
-0.1225511892  
-0.3513233249  
-0.7938325121  
0.5724188411  
0.2597781681  
0.5485577282  
0.8987829452  
0.4687116287  
0.233683303  
-2.170606844  
-0.615578832  
-1.007194944  
-1.971650969  
-0.8139528677  
-0.3828037231  
0.09458991316  
-0.6750249377  
0.7073966878  
0.5680737705  
0.558823781  
0.8210466658  
0.7231866863  
0.4802627089  
0.7179105816  
0.4400751597  
0.6394659733  
0.991860057  
-1.713696255  
-1.713787273  
-1.812324617  
-0.4643250673  
0.04971401822  
-0.3287727243  
1.328061191  
1.04345307  
0.6840335391  
1.056429711  
0.6037148295  
0.9010634448  
0.7633897473  
1.259722324  
0.2218270955  
0.2488259773  
0.08438456104  
0.7780179248  
0.9334146058  
0.728511464  
0.7645414232  
1.057864026  
1.092157198  
-1.328165919  
-1.03820163  
-0.8012339782  
-0.269752932  
-1.327723034  
-1.116775544  
-1.22910512  
-1.142806867  
-1.038233998  
-1.010120289  
-0.734974203  
0.3465254192  
-0.5189097335  
-0.8474810017  
-1.319589124  
-1.339334306  
-0.6861902025  
-1.010430824  
0.3773542894  
1.222998346  
0.8147097918  
0.3516938479  
0.1878009759  
-0.05165090057  
0.2855011238  
0.8090030005  
0.3027941692  
1.6081347  
1.552651881  
1.302684529  
0.2285131725  
-0.5781024736  
-0.5833026333  
-0.7704207228  
-0.5378672115  
-0.4856740801  
-0.7996687286  
-0.8494490521  
-1.085752251  
-1.225563059  
-1.1374179  
-0.9060303564  
-0.8602458759  
-0.002978375263  
-0.2455787165  
0.2752020828  
1.279600794  
1.664314559  
2.22707118  
