0.3898997348  
0.5339357117  
0.3512075059  
0.5817827732  
0.7707202758  
0.5936036201  
0.5478115232  
0.06409799185  
-0.461697481  
0.5103295433  
0.1495356382  
0.6377766539  
1.2123367  
-0.3129392889  
-0.4447515164  
-0.2402374619  
-0.581832102  
-0.5636776977  
-0.532740363  
-1.967712618  
-0.9765417167  
-0.7152638892  
-0.5418910589  
-1.016031089  
-0.5416559961  
-0.3136597258  
-0.1487530488  
-0.1777915009  
0.03747002672  
-0.4070954107  
-0.8692684071  
-0.734109604  
-0.6649510216  
-0.05428194807  
0.04196036924  
0.6488395475  
0.09565181163  
0.009947439646  
0.408531199  
-0.07558169609  
-0.9880230592  
-1.049147045  
-1.025964164  
-1.301314772  
-1.879018671  
-1.408119738  
-1.008056372  
-0.9205641977  
-0.466980599  
0.530956125  
1.029882098  
1.200010249  
0.6539862971  
0.680856005  
0.7579546865  
0.710332257  
0.7319678374  
0.07597704739  
1.003937538  
0.8859692659  
0.7557366209  
0.6639916738  
1.381842809  
-0.1638845526  
0.005916610018  
0.4607990439  
0.4894464619  
-0.2605613738  
0.6592890433  
0.4368571361  
-1.800485661  
-1.682999988  
-1.846984321  
0.1358877099  
0.7983554319  
0.3638895614  
0.4021135841  
0.1824450516  
0.4351371785  
0.47497768  
0.1345951984  
0.3504993603  
0.1117827603  
0.1467314549  
0.5742962912  
0.7965673676  
0.3176876543  
0.6616323423  
0.7989404145  
0.7477523746  
0.8515251922  
0.6522071484  
0.4229251594  
0.5241966516  
0.4676217179  
0.3417974153  
0.3328919531  
0.06712556304  
0.647525024  
0.5639756831  
-1.647577588  
-0.5118136941  
0.6773602245  
0.5441484843  
0.1334555786  
0.6120281963  
0.5914104999  
0.3697854454  
0.6593951886  
-1.376545594  
-0.6005598119  
0.5442917257  
1.123383158  
-0.286759579  
0.579954438  
0.2518129103  
0.5389015584  
-0.02790633218  
1.041444184  
-0.1981850607  
-1.688148093  
-0.1590839802  
0.5816795319  
-1.149639295  
-0.7091803849  
1.05518192  
0.574059679  
-0.2971050011  
-0.07377598767  
-0.7720795388  
-2.189353657  
-2.091522753  
-2.166439111  
0.7104623893  
0.7166208778  
0.26457836  
-1.39981096  
0.1676539839  
1.040968634  
-1.52369975  
-0.8453813135  
0.9604717617  
0.8829426014  
-0.3605828056  
0.6209958051  
-0.846407292  
-0.4774442171  
0.7950575984  
0.5698057273  
0.9958075032  
-1.427842615  
-2.225155  
0.2212941703  
0.582026306  
-0.1156444596  
-1.73479567  
-0.5504837313  
0.5026448184  
-1.963200239  
-1.202594035  
0.3424073005  
1.097485344  
0.5762182774  
0.1314103763  
0.6748790719  
0.594050196  
0.3322475169  
-0.2664252765  
0.1830668232  
0.2551286778  
-0.1851637204  
-0.1026865177  
0.644239483  
0.7650836484  
0.4403219025  
0.6062373303  
0.3468248273  
0.6518559957  
0.266315279  
0.2161411913  
0.3566603307  
0.4220890064  
0.09241850106  
0.6543713199  
0.4501051098  
0.4282378301  
0.3674194411  
0.4778380825  
0.249633117  
-0.5062404784  
0.4132569814  
-0.4643817337  
-2.124518841  
-2.185190297  
-0.9309944776  
0.1122884941  
0.5796836965  
0.7207526001  
0.2570338381  
0.1428732541  
0.1119455912  
0.3436996613  
-0.2041646446  
0.2261553651  
0.3925099429  
0.1677724014  
0.149818609  
0.2104803967  
0.2159649708  
0.438618325  
0.341300181  
0.3650012491  
0.4076407433  
0.2315071799  
0.547338236  
0.413080788  
0.02812176501  
0.4211541179  
0.1128763921  
0.03670685428  
-1.764379476  
-1.848890221  
-2.37485944  
-2.031719113  
0.3273312855  
-0.2377357038  
-2.003388317  
-1.064469573  
0.4332300597  
0.6642814085  
0.6023968589  
0.6613819451  
0.7227674288  
0.2674105408  
0.4796370583  
-0.06854514938  
0.09174062503  
0.1049140822  
0.1991361205  
0.07289284512  
0.2411675966  
0.1258183231  
-0.0007948106808  
0.1457017058  
0.3746466583  
0.193265797  
0.4883457215  
0.2194157296  
0.07096785795  
0.07855556518  
-0.07074553404  
-0.0610790849  
-0.2162576507  
0.1628449792  
0.08651587419  
0.03660911209  
0.111193615  
-0.136262695  
0.1327978553  
-0.03789215169  
-0.1913214002  
-0.09700646998  
0.1799712495  
-0.03058238394  
0.009324050966  
0.133680883  
-0.07880411575  
-0.07241813311  
0.197652205  
0.03386937622  
-0.2717208241  
-0.3084230054  
-0.2729693933  
0.1098128778  
-0.04111946829  
-0.0225267116  
-0.3129091447  
0.3107462168  
0.07179834862  
-0.02331613828  
0.2094456408  
-0.253641746  
-0.08490469946  
-0.01755646782  
-0.02445162255  
-0.04585364682  
-0.06601305347  
0.137022031  
0.1942249799  
0.15418348  
0.06493582415  
0.3547222901  
0.1360425028  
0.4487109861  
0.1693489786  
0.3597348878  
-0.1834905531  
0.132944241  
-0.06679046175  
0.1566990978  
-0.2213241365  
-0.06334559002  
-0.129514235  
0.01556026494  
-0.3036823293  
0.2066852803  
-0.008320315078  
0.1572891573  
-0.02529873811  
0.2191711382  
0.215982745  
-0.005485932891  
0.2696909756  
0.1070125736  
-0.05584132015  
0.04385357249  
-0.1284656998  
0.1035101493  
-0.237279043  
-0.2354291905  
0.01523329808  
0.1616814621  
-0.08411846465  
-0.06938827047  
-0.007847846912  
0.1888521593  
-0.00323736106  
-0.2125363328  
-0.1421121269  
-0.2626301838  
0.2484487887  
-0.0857657362  
-0.1865715685  
-0.07477124771  
-0.2345220149  
-0.2038301918  
-0.2441239571  
-0.01021482398  
0.1194360946  
0.1496814114  
0.1192209185  
0.1610961128  
0.1143848486  
-0.04154189385  
0.02345362428  
-0.3631821787  
0.2496693327  
-0.06220444505  
0.4881706614  
0.08679381769  
-0.06379045521  
0.1001845405  
-0.02296531809  
0.3197649497  
-0.2162304438  
0.09567904505  
0.06128126631  
0.1516351505  
-0.2171161875  
-0.2000788071  
0.008410973902  
-0.1390440413  
-0.2507802746  
0.1648494662  
0.04326814455  
-0.5447102348  
-0.05202803055  
0.007695066296  
-0.2452230934  
-0.2033481794  
-0.2124937833  
0.2235379034  
-0.008124425544  
0.2683357445  
0.1108076136  
-0.05215543127  
-0.08914003092  
0.1908896142  
0.0609945096  
0.2624823591  
-0.3001629749  
0.1187076809  
0.3444876374  
0.1186446487  
-0.03119092498  
0.286064463  
0.2923534986  
-0.09868222807  
0.1272027899  
0.1825083286  
0.2174737008  
0.08549807864  
0.2987199048  
0.09485264918  
0.0532017671  
-0.008605114174  
-0.0163326081  
-0.2344789924  
0.0512030636  
-0.1082953628  
0.2316991946  
0.1314359606  
0.3295359244  
0.208252822  
-0.09352871837  
-0.1319661431  
-0.1711536702  
0.06999791308  
-0.2370381725  
-0.284154559  
-0.3512511163  
0.1498965085  
-0.1625204345  
0.191756442  
-0.1014741843  
-0.06638173962  
0.1204064116  
-0.339636281  
-0.07219044208  
-0.09020807002  
-0.2748395667  
0.06020685236  
0.06247218831  
0.02091909883  
-0.1028871743  
-0.1337091181  
-0.2267953283  
-0.0923600688  
-0.05390327453  
-0.1497313402  
-0.08662998143  
-0.1002635173  
0.01868985307  
-0.3126194249  
-0.1606146159  
0.1018251613  
0.01479184786  
-0.1215772219  
0.27838241  
0.1237785307  
-0.1355528358  
0.07862137755  
-0.06781475715  
-0.01850551361  
-0.13588583  
0.05807248896  
-0.1589759402  
-0.1096762812  
-0.1789560792  
-0.1908989994  
0.03144265246  
0.1890973054  
-0.1524787125  
-0.1976481594  
0.2128661848  
-0.000244334418  
0.04760262027  
0.05114734651  
0.02405656437  
0.1783903294  
0.4133098911  
0.1950137901  
0.06032783429  
-0.2852404977  
0.0002575304593  
0.1428912551  
0.1082348214  
0.03027883774  
-0.02350815483  
0.06681642031  
0.03493323758  
-0.177461975  
-0.03049282908  
-0.1990509756  
0.1040041752  
0.1903392704  
-0.1994383843  
-0.1556250519  
0.11505967  
0.09255133854  
0.2336084062  
-0.01192043771  
-0.1913858283  
-0.07747997711  
-0.3047893886  
0.02360853661  
0.1247915486  
0.2909724258  
-0.06773453784  
0.1679493559  
0.2673101781  
0.1614769206  
0.01067997316  
0.1012995336  
0.1581322439  
0.02950050423  
0.1267550742  
-0.0167944548  
0.1374765361  
0.2128852166  
-0.2870414999  
0.3338871808  
0.2964753115  
0.2533404862  
0.1257199864  
-0.0384112985  
-0.117994805  
0.214610278  
0.1784986427  
0.2747335039  
0.09384832169  
0.2513928762  
0.1120746126  
0.3713687841  
0.161893565  
0.1579440188  
0.3106820677  
0.4807573974  
0.4052566179  
0.4460782317  
0.2122625344  
0.1792357985  
0.334600239  
0.1807112491  
0.4789954563  
0.390602979  
0.3750478451  
0.3584998469  
0.6391446085  
0.6084752373  
0.8136204601  
0.4349416055  
0.3659914851  
0.5567078066  
-0.6884426214  
-0.630416029  
0.3113424832  
0.3896401809  
0.6928323922  
0.08021556931  
0.540957994  
0.636320016  
0.7123806168  
0.76745297  
-0.3085431097  
-1.476638955  
-0.5522527422  
0.7456422453  
-1.3989732  
-1.388327608  
-0.6183266524  
-0.02182859876  
-0.2279488152  
-1.366963341  
-0.8809112662  
-1.558109014  
-1.188458293  
-1.063414822  
-1.002555512  
-1.134967502  
-0.946622681  
-1.116210464  
0.6847134758  
1.04258641  
-0.4582656563  
-0.3032463066  
0.8129735104  
0.8131576021  
0.6003827051  
1.134301123  
-1.313160702  
-1.287060791  
-1.363096575  
-0.7901172161  
0.01925700504  
-0.4325273214  
-1.150686539  
-2.008115531  
-1.940302602  
-0.9865279273  
-0.5044627233  
-0.7974192995  
-0.7185300284  
-0.5801790996  
-0.3992732097  
0.4294524792  
0.2444423769  
0.257542133  
0.5048514455  
0.5571165847  
0.3757079867  
0.4757422943  
0.4958053698  
0.4826331383  
0.298001495  
0.2986601655  
0.4211391358  
0.303017746  
0.4530369385  
0.3605835328  
0.02259675358  
0.3338226433  
0.2482093805  
0.1649540388  
0.3416128656  
0.4582719603  
0.5420137023  
0.3381112275  
0.5070962155  
0.5471693051  
0.5893345519  
0.2303793108  
0.3478288501  
0.4018240224  
0.4005299888  
0.540743582  
0.4257275002  
0.4783634761  
0.4124362485  
0.4893172874  
0.3529956795  
0.4505841161  
0.3949769629  
0.385684815  
0.3694501113  
0.3221071154  
0.4144877771  
0.6926273127  
0.5940335533  
0.3851308641  
0.3616296281  
0.5828138411  
0.7593642617  
0.9395486607  
0.6912456354  
0.7756364203  
0.6859877395  
0.4104225142  
1.121040144  
1.040210368  
1.109234411  
1.213551139  
1.13249914  
1.176234066  
1.293527806  
1.375906135  
-0.9280142921  
-2.052254983  
-1.056670587  
-1.521549964  
-0.7721996905  
-1.031455233  
-0.5355920596  
-1.210071181  
-1.46237647  
-0.6972684004  
-0.619151328  
-0.3383204209  
-0.2314684893  
-0.08605891474  
0.4637158161  
0.5275132687  
0.02276754856  
-0.4605908872  
-0.6165747902  
-0.9586825323  
-0.8715953406  
-1.550420373  
-1.88501762  
-1.671245112  
-0.7677700921  
-0.3788508148  
-0.5593454498  
-0.5383968458  
-0.392597378  
-0.9324962772  
-0.557035252  
0.348871597  
0.2980105756  
0.4042193714  
0.4512688228  
0.3718407317  
-0.1923398346  
-1.118563442  
-0.8685293641  
-0.3480435268  
-0.05949408572  
0.04703587141  
0.3984648237  
-1.142420609  
-1.781179585  
-0.09461203745  
0.2304277858  
0.1949216554  
0.7783692162  
1.538671239  
1.077819741  
1.495514625  
1.411520077  
1.430396035  
1.077282727  
0.1840813501  
0.4173162818  
0.2304186574  
0.6267878274  
-0.4483599014  
-0.5746284265  
-1.810564411  
-1.670695408  
-1.460894034  
-0.5627793307  
-1.761849532  
-1.394874798  
-1.130407742  
-1.731326587  
0.138771221  
-0.2184623658  
-0.4030021331  
-0.3939838652  
-0.5785666675  
-0.3315372326  
-0.2593776457  
0.01487094828  
0.263807151  
0.7717804404  
0.9604237246  
1.221423925  
1.036780967  
0.7294470285  
1.017345955  
1.182333709  
1.0190589  
1.178664692  
1.603275993  
1.392125106  
1.846222805  
1.003856173  
1.237087412  
-0.1312551563  
-0.4318940087  
-0.7250546822  
-0.6627412758  
-0.7890440954  
-0.8424830499  
-1.032534404  
-1.169431796  
-1.585119936  
-2.196540207  
-3.492399032  
-3.155891593  
-2.508813789  
-1.219756629  
-1.228427168  
-0.1609878267  
0.5536291562  
0.6910706941  
0.4563916031  
0.5337710171  
0.5011007017  
0.6683729889  
0.5423268364  
1.185511196  
0.8650060776  
1.282579868  
1.297431408  
-0.6541141397  
-0.4910761807  
0.3328511758  
1.04501903  
0.9058513291  
0.4922138717  
0.8097952123  
0.5656610466  
0.9239959491  
0.7140654483  
0.5589303597  
0.6289367768  
0.6613188643  
0.7642154277  
0.7238627124  
-1.332273975  
-0.5080744501  
0.3548564082  
0.3028680305  
-1.521179891  
-0.626057483  
0.5100884777  
0.5274356726  
-1.492602553  
-1.44983278  
-0.5332072537  
0.283220243  
0.2360003595  
-1.412030538  
-1.2346981  
-2.438569269  
-2.645105513  
-2.252647969  
-2.232148675  
-2.478687683  
-2.15267931  
-2.454933945  
-2.236980717  
-1.95752504  
-2.287899079  
2.932970965  
2.886266319  
1.80602878  
2.860616438  
2.358284948  
1.712937028  
1.273574317  
0.7719642688  
0.9452449578  
0.8692103257  
0.8674815734  
2.047324146  
1.582699769  
0.9076133463  
1.192222931  
0.9421212587  
1.28312748  
1.13518714  
1.38904731  
0.5991021027  
0.5432526419  
0.8889290988  
1.359568771  
0.9775095308  
0.3519988124  
0.3969848626  
0.3778246946  
-0.9231530862  
-0.7148912214  
-0.6449566891  
-0.9997287923  
-0.7480324361  
-2.178843644  
-0.716789112  
1.313521238  
3.189537981  
0.8355609388  
0.688780296  
-0.03348806422  
-0.5586837739  
-0.2277911115  
0.4312894041  
0.4097637123  
0.3851027871  
0.151694724  
-0.1418157521  
0.2567092274  
0.4582930031  
1.017171304  
0.9775400001  
0.6034695617  
2.160578575  
0.688112976  
0.8598888495  
0.7263058339  
1.392855765  
1.627694539  
1.943699313  
1.724308294  
1.860865317  
1.742550173  
2.165863275  
3.193562475  
2.661349291  
2.492355057  
2.339511528  
2.000559582  
2.718069812  
2.821384961  
3.478394167  
0.9446050462  
0.1448747781  
1.279320499  
1.235081858  
2.807505935  
2.816856566  
1.81885929  
1.059755705  
-1.986678371  
-1.970698611  
-2.701916304  
-3.325648945  
-3.274113863  
-2.428523333  
-8.016222691  
-7.124602426  
-6.657696091  
-8.441079387  
-7.002780568  
-2.849740564  
-4.578229192  
-5.05839632  
-4.838185619  
-4.424147333  
-1.4046919  
-1.018516348  
0.6941215563  
0.4695755906  
0.2936512935  
0.4155485227  
1.049996169  
1.425850152  
1.220603923  
0.9879105289  
0.8210719698  
0.6594981175  
0.6933741209  
0.8052942135  
1.114829958  
0.7120750665  
0.1589235337  
0.1391626373  
0.8167074124  
0.6688588706  
0.6138622212  
0.6567475055  
0.5143166149  
-0.4158474052  
-0.9509690948  
0.5863449429  
0.7523035676  
0.3995027559  
0.5444083735  
0.1480743026  
0.5780660846  
0.7634911365  
0.5918968574  
0.7144502953  
0.03731749317  
0.2602481601  
0.2905781754  
-0.1785898826  
-0.4244818424  
-0.3422744713  
-0.2482763473  
-0.6562887721  
-0.8866957773  
-0.8244673405  
0.3058572819  
0.005513678477  
0.4134107457  
0.3685257348  
0.4555280063  
0.3605497413  
0.3186421003  
0.5119966689  
0.3730758239  
-0.3062519129  
-0.8340633575  
-1.414359744  
-0.4695548843  
-0.3071746576  
-0.2731769282  
0.1002267425  
-0.1936805102  
-0.5087866537  
-0.6366556342  
-0.03090339434  
-0.1917600469  
-0.6940143709  
0.1506899796  
0.1179052788  
0.2794933258  
0.320568966  
-0.08155185286  
-0.189148934  
0.4871557873  
0.4166355209  
0.6425206353  
0.6006770613  
0.1364704818  
-0.02418964468  
-0.1744433053  
-0.8937238032  
-1.490708946  
-0.1824394501  
0.1718135082  
-0.06007635707  
0.1366652933  
-0.0776755553  
0.0952324171  
-1.201462858  
-0.8065535107  
-0.3960695996  
0.7929733338  
0.8447734008  
-0.6226723004  
-0.7748954615  
-0.460057003  
0.5618631477  
0.8508135811  
-0.4628303539  
0.1279370337  
0.7174524444  
1.176116206  
-0.1733928179  
-0.6780797634  
0.3229671686  
0.8666168114  
-0.03551123153  
-0.9646607291  
0.7455411294  
0.5443405967  
-0.8360835469  
-0.5932816401  
0.8761432898  
0.6202171909  
0.9265361445  
0.2527252811  
-0.1686847342  
0.1343357496  
-0.6259340825  
-0.5029252946  
0.5006821819  
0.5653885809  
0.6742737957  
0.8411866422  
0.8303977634  
0.7202120628  
0.979935569  
0.9223561702  
0.70714818  
0.3719802994  
1.178591958  
1.000740065  
0.7051222943  
0.4594607751  
0.6822491262  
0.6941619102  
0.7349323804  
0.786068038  
0.9291254564  
0.7573521734  
0.7015703065  
0.7914846335  
0.8230381081  
0.04022327168  
-0.8294690502  
-0.993600723  
-0.8079222633  
-1.620458735  
-1.003330949  
-0.6805860502  
-0.4346489281  
-0.7507643  
-0.6099035496  
-0.4943427023  
-1.003245897  
-0.7298300198  
-0.2769154622  
-0.6071161758  
-0.7370036689  
-0.3609853646  
-0.1315396223  
-0.3445301363  
-0.268543819  
-0.3597071774  
-0.05577965141  
-0.3350744713  
-0.3207418294  
-0.5732704966  
-0.789255178  
-0.5304392467  
-0.7542621632  
-0.3569358497  
-0.2736619426  
-0.1752349829  
0.01524162484  
-0.3002055267  
-1.99236852  
-1.082218152  
-0.5992659042  
-0.5737960642  
-0.6000694361  
-0.7529001588  
-0.3325042319  
-1.076888388  
-0.5950871921  
-1.380745773  
-0.04735856838  
-0.08064007414  
-0.06089077676  
-0.8628135677  
-1.354418693  
0.004115617215  
0.4603970618  
1.511482617  
1.06571632  
1.098822315  
0.7065440441  
1.08697494  
1.13711027  
1.22989525  
0.8886921712  
1.095233828  
1.116848885  
0.9126060202  
0.9888315608  
1.208088925  
1.002202759  
0.9623593479  
1.020597066  
0.9172522907  
0.9836835307  
-0.05885314544  
-0.6229362367  
-0.212830976  
0.09090856665  
-0.1385523503  
0.2756394118  
-0.222037136  
-0.2465870923  
-0.8677374735  
-0.5101088924  
-0.1414491021  
-0.1723378898  
-3.279076303  
-3.770320381  
-2.899633665  
-1.467511521  
-0.3056981577  
-0.6141124381  
0.2489779329  
0.2842797435  
0.5710709662  
0.7282959416  
-1.051871291  
-1.071348262  
0.2592439737  
0.3439077311  
0.3290890699  
0.4031816266  
0.3661599238  
0.4469798391  
0.6422951522  
0.6260425193  
0.2064817716  
0.02399850121  
0.5087739974  
0.1225600022  
0.100362212  
0.2730020815  
0.4647644733  
0.2466088446  
0.1768247813  
0.3831957958  
0.0672866207  
0.3440179904  
0.07203395772  
-0.08126654743  
-0.09889518581  
-0.00114262262  
0.6946309665  
0.4052603647  
0.1622912387  
0.3106222202  
0.1840547415  
0.4273589291  
0.4497933207  
0.2771525153  
0.1824297781  
0.1719358603  
0.2931497872  
0.1416409658  
0.5592959044  
0.1225810839  
-0.03668728596  
0.2375642974  
0.1632432245  
0.02535964814  
0.0206475387  
0.2857953373  
0.2019998713  
0.2462666329  
0.3839703136  
0.3578464198  
0.4101276688  
0.1185662862  
0.1370954263  
0.04891626795  
0.08959502191  
0.1187545812  
0.0684060004  
0.4216457061  
0.5013351341  
0.4526338289  
0.6071369651  
0.2402947439  
0.4018272329  
0.4369296611  
0.5952394591  
0.8350435004  
0.7468277497  
0.2635394963  
0.4181396106  
0.432198852  
0.7485553792  
0.7298390259  
0.5823875844  
0.6857961066  
0.7162615703  
0.6320603482  
0.7596560995  
0.7650351287  
0.8235357967  
0.6688769952  
0.9887865612  
-1.073647473  
-1.048603502  
-0.8714798828  
-0.8613365689  
-0.8354066255  
-1.148038117  
-0.9709221768  
-1.109513679  
-1.803035008  
-1.056702752  
-0.6462909583  
-1.09899607  
-0.4523084356  
-0.3090764431  
-0.2503373217  
0.2699544532  
-0.461483769  
-0.3475712185  
-0.1482865849  
-0.4826809047  
0.06910817093  
-0.2691620372  
0.05538312827  
-0.1476338219  
-0.3531279854  
0.03019429192  
0.1911034388  
0.125140799  
-0.004921063769  
0.5811523332  
-0.259455754  
-0.1280831512  
-0.4228443792  
-0.4353192102  
-0.1301172439  
-0.004827487349  
-0.3024908438  
-0.2748696964  
0.2987356889  
0.005268167675  
-0.06572781403  
-0.2486511618  
-0.05846465918  
-0.2763986816  
-0.1491759932  
-0.06404145603  
0.3350634664  
0.09314118015  
0.003562159932  
0.4179355152  
-1.636755409  
-3.842458636  
-3.139247684  
-1.324157001  
0.232019277  
0.9554370209  
1.185639754  
1.086759903  
1.116838519  
1.039826929  
0.09982863791  
1.093452243  
0.8818427796  
-0.203940306  
0.5272357319  
1.017752297  
0.9776225223  
-0.2522783132  
-0.1642458453  
0.2231853547  
0.380494263  
0.170651426  
-0.1822361608  
-0.3487207504  
-0.1544590102  
-0.3340249672  
-0.0899404454  
-0.2919268313  
-0.3642364337  
-0.2614276034  
-0.3173974582  
-0.2265490965  
-0.02381104331  
-0.09034883829  
0.002942045142  
