0.9055075472  
-0.129288234  
-0.9386660921  
0.4922144349  
1.292202576  
0.4592160498  
-0.2496094385  
0.4502944751  
0.4235842507  
0.2498068604  
0.3808387239  
-1.67676557  
-0.1506797077  
-0.2400738025  
0.4786797213  
0.7510297806  
0.610565017  
1.102343428  
-1.616063653  
-3.093776747  
-0.7657566679  
0.1805341407  
0.5004018353  
0.4408197219  
0.3728607768  
-0.8730385794  
0.02543063526  
-0.1773075715  
0.2462582682  
-0.03932538514  
0.3490912326  
-0.02445679828  
-0.286324115  
-1.610422112  
1.003565073  
-0.1970229645  
-0.4311177097  
-1.180441725  
-1.463934724  
-1.129002104  
-0.5732284099  
-0.206582153  
-0.5855882201  
-2.436904595  
-2.853811893  
-4.036380714  
0.08146197649  
0.8930084349  
-0.08527474877  
0.4683738997  
0.9643110698  
0.9716991107  
0.6366408455  
0.5922895083  
0.6214967044  
-0.07548015705  
0.4133635962  
1.075552789  
0.8228411684  
0.520439447  
0.7909000497  
0.8584696643  
0.4457361889  
0.1962186014  
0.1489709099  
0.06295911499  
0.1555334715  
-0.03490756646  
0.5687387898  
0.2668717178  
0.627019015  
0.9416551721  
0.3979910722  
1.27292059  
0.9754732619  
0.4790372858  
0.585754327  
0.6065081582  
0.9452865811  
0.4997972075  
-0.09290995831  
0.1449547591  
0.6487583854  
1.292355936  
0.3753530869  
-0.007202263487  
-0.3721462257  
-0.5488934842  
0.2562280436  
-0.1767190346  
-0.57658868  
-0.635871151  
-0.1066904884  
0.1982917144  
-0.1242056331  
-0.1359842529  
-0.3731552614  
0.6409175  
0.176332939  
0.009654630267  
0.3678823811  
0.378666403  
0.2700824459  
-0.4387847103  
-0.729377083  
-0.5011778903  
-0.01670271951  
-0.3719406171  
-0.4184629468  
-0.9487941578  
-1.108188736  
0.4428229516  
0.2513883375  
0.1698618082  
0.144713987  
0.2714604893  
-0.3770008269  
-0.2313237264  
0.4243488282  
1.139441351  
-0.4859757585  
0.2010266615  
0.1326334044  
-0.4596580877  
-0.1271369983  
0.4573972931  
0.5623616285  
-1.08637434  
1.095833316  
-0.2375069935  
-0.4265709504  
-0.921345744  
-0.4712319953  
0.8840808692  
0.2350640131  
0.0005589388337  
-0.4952583488  
0.08614204203  
-0.1259996037  
-0.1515819958  
-0.5216689404  
0.02074391303  
0.2564182167  
-0.173640565  
0.4140354805  
0.5759249989  
0.2828947997  
0.6551088523  
0.4671231502  
0.7695239093  
-0.2213308228  
-0.4842469788  
0.7824497347  
0.5280621486  
-0.1837073854  
-0.5916653114  
-0.04377620962  
1.31691263  
-0.05159611082  
-0.08412040626  
0.9695743739  
0.3764880458  
-0.6075614937  
-0.009441796152  
0.2815523631  
0.1996691534  
-0.9350927917  
-0.5518492343  
0.3163168939  
-0.2025502103  
-0.006921877339  
0.3047556417  
0.6051285378  
-0.3201213383  
0.0004293707069  
-0.7373309262  
0.2672523351  
-0.4233941127  
-0.9275661583  
-0.5451262655  
0.2540674019  
0.04124181509  
-0.1558391408  
-0.7752638015  
-0.6532406964  
0.1949004396  
0.2456717506  
0.2272643666  
0.6309934176  
0.04623195046  
0.6257053272  
0.3787565972  
-0.7465591247  
-0.1508316269  
0.1090241968  
0.4539558344  
0.3316495193  
0.539554216  
-0.1069401991  
-0.005166770419  
-0.2307898445  
0.2310567364  
-0.224669147  
-0.626446791  
0.7484223696  
0.3107659378  
0.2382489354  
-0.5298274791  
-0.1957950677  
0.1854681178  
0.258834299  
-0.2483676844  
0.3098455855  
1.005084194  
0.4885949532  
-0.3583920478  
0.05634501537  
0.4889840353  
-0.08258876198  
-0.1572523828  
-0.5266846101  
-0.80287287  
-0.3894823034  
-0.4236788319  
0.1301539058  
-0.203384654  
0.1648234443  
-0.09794380117  
0.7572632421  
0.3385060561  
0.1222842351  
-0.2750265761  
0.02490851592  
-0.3512338298  
0.08740354267  
-0.1999575526  
-0.4030042587  
-0.02589197595  
0.4145441916  
0.5909122927  
-0.302901801  
-0.5020952504  
-0.3389667621  
-0.1834365297  
-0.5833732875  
0.02867989778  
0.2223387013  
-0.1987521524  
-0.03068808751  
-0.5533015071  
-0.2640201088  
-0.01953551417  
-0.1208299458  
-0.3688243902  
-0.04464061306  
-0.4983272387  
-0.2274509571  
-0.2831966748  
-0.00883176139  
0.08023817261  
0.2873447732  
0.1123668648  
0.4194469244  
-0.7017956221  
-0.3398870179  
-0.7638853857  
-0.5546454105  
-0.3055723535  
-0.2514288259  
0.2995281116  
0.6056186013  
0.3595453318  
0.1469300364  
0.2060679831  
-0.2520406688  
-0.1804928637  
0.07383615782  
0.2340580908  
-0.3089036617  
0.06082507856  
0.1064533869  
0.4795592419  
0.3235307204  
0.6604270831  
0.7057135299  
0.429831849  
0.0948455799  
-0.156568276  
-0.1052739107  
-0.3118579824  
-0.1854136488  
-0.3297696612  
0.119676642  
-0.4503788603  
0.2699470918  
0.1167654652  
0.05623914535  
-0.2005985865  
0.2095823878  
0.1455447498  
0.4702522829  
0.4167610522  
0.2060947059  
0.1211867597  
0.2158147078  
0.4146030261  
0.1494910516  
-0.2136628227  
-0.3760549364  
-0.02192834305  
-0.3372217098  
0.1217715876  
0.1310238565  
-0.2993983132  
-0.1631891032  
0.2528235348  
-0.2221507889  
0.299144135  
0.07238831785  
0.4272196723  
0.2572324621  
-0.4897883477  
-0.1997828355  
-0.1438672692  
-0.3065068004  
0.0009820077066  
0.1042979876  
-0.065604224  
-0.1229130315  
-0.7338881625  
-0.3349430434  
-0.200217116  
-0.09800625997  
-0.06561027702  
0.2773284636  
0.217958964  
0.3352856083  
-0.03895032977  
-0.02879846301  
0.4347785227  
-0.1453595416  
-0.05395159009  
0.2015722592  
0.04561229745  
0.2691068992  
-0.02421048154  
-0.568893074  
-0.4870627487  
-0.3265408214  
0.2137020349  
-0.4820678364  
-0.4433729885  
-0.4367901298  
-0.3254476727  
-0.06024876499  
-0.2255045194  
0.5520909691  
0.9893537987  
0.7967887202  
1.014546207  
1.14591784  
0.2623345464  
0.3555788303  
-0.1274694843  
0.02343470079  
-0.04575008624  
0.1921818063  
-0.05292174745  
-0.08585811602  
0.02446794343  
0.07905878736  
0.2584352755  
0.5349270533  
0.3039187799  
-0.5329366667  
0.03334774008  
-0.04432840501  
-0.4903912758  
-0.06873168938  
-0.8437093548  
-0.236646524  
0.2495216889  
0.3137514028  
-0.06603159576  
0.02819791696  
-0.0409824201  
-0.02426710971  
-0.1265120338  
-0.2728336675  
-0.2113727076  
-0.2236381344  
0.1498811325  
0.04967771202  
-0.1026332841  
0.3106852835  
0.09409198836  
-0.2872925228  
0.2984609115  
-0.2640489962  
-0.08617005914  
-0.1770018173  
0.3733181797  
0.1742610983  
0.05077953611  
-0.0192088186  
0.05452937214  
0.02420514166  
-0.3747703403  
-1.302509851  
0.07833439367  
-0.4719168414  
-0.04865181342  
-0.5426335498  
-0.4647915312  
0.2129476735  
-0.07238058615  
0.03508196939  
0.03011583841  
0.7652347992  
-0.1377043549  
0.4253099958  
0.402260899  
0.009508717021  
0.541650778  
0.1134163908  
-0.08693458888  
-0.2460868587  
-0.1095688297  
-0.1493926686  
-0.1178842956  
-0.1458880613  
-0.03815866206  
-0.09427044796  
0.9443546546  
0.6120082105  
-0.2511859691  
0.03723978664  
-0.5008503916  
-0.07290239748  
-0.09241823786  
-0.3566579866  
-0.4787740169  
-0.1821706282  
-0.2041539178  
-0.5088256243  
0.2965346792  
0.178169671  
-0.1230186822  
0.6140259749  
0.2894162351  
0.4971747813  
-0.6415783193  
-0.6661195901  
-0.6988349814  
-0.8110309119  
-0.8092337035  
0.01130776871  
0.0492522356  
-0.2623664205  
0.3151452366  
0.3089526343  
0.01205136404  
-0.1370079698  
0.2660239546  
0.1281218288  
-0.05960414026  
0.2144660742  
-0.08413075881  
-0.3042134761  
0.03834802229  
0.3474731717  
0.428281333  
0.9872634678  
0.4996507402  
0.2085701293  
0.5316025386  
-0.01623008269  
0.4159459392  
0.4902191812  
0.2605116762  
0.1993883281  
0.2449611862  
0.4703532451  
0.2492669913  
-0.08730975942  
0.1061037919  
-0.2943707427  
-0.5189518104  
-0.6099224556  
-0.5656253145  
-0.1519704104  
-0.2415291304  
-0.40532973  
-0.4150101516  
-0.228735767  
-0.1151874424  
-0.2497755987  
0.3536541814  
-0.06444619226  
-0.206270501  
0.007933550834  
-0.1578098479  
0.0367824085  
0.411029176  
0.07198379471  
0.08373211689  
0.3443929528  
0.1103411904  
-0.1265489286  
-0.13908252  
0.1833364787  
-0.3502344925  
0.2994852217  
-0.4850144718  
0.0009914019314  
0.5151793858  
0.3569697975  
0.3779313543  
0.1767825718  
0.4403730217  
0.3969339118  
0.002215996974  
0.2192510868  
-0.5210304836  
-0.7129374375  
-0.3739027491  
-0.1926056769  
-0.3758681601  
0.0007795624376  
0.4630287804  
0.5925871667  
0.2261831  
0.6955129366  
0.6195145612  
0.2108309714  
-0.2472549183  
0.366627878  
0.7997010342  
0.08282915436  
1.362477811  
1.241140255  
0.7002793809  
1.183241342  
0.5789656016  
-0.1575361815  
-2.107181232  
-0.6242487421  
-0.1353971759  
-0.4393601523  
-0.2373178028  
0.3524660451  
0.3549310857  
0.0516262893  
-0.5379785486  
-0.2101616384  
-0.1676770231  
0.2886751126  
-0.08938193954  
-0.3491305263  
-0.5660731859  
-0.9897360683  
-0.4925519294  
0.6716007694  
0.2210728526  
-0.1080918954  
0.1821335774  
0.6762363129  
0.325272925  
-0.03009993756  
0.1404257493  
-0.8931907097  
-1.265941834  
-0.6551983463  
-0.8379723363  
0.5265279731  
-0.7492738931  
-0.7954012921  
-0.4946312503  
-0.5021075731  
-1.813617394  
-1.281696135  
-1.758134004  
-1.244097625  
-1.193344353  
-1.640608097  
0.02112298958  
0.2421760611  
-0.7542855659  
-0.6515290957  
-0.2354983814  
0.4196037626  
0.09378982157  
0.2959427343  
0.4704716904  
0.09476290422  
0.1396645049  
0.5470654974  
0.2587761872  
0.3937610289  
0.3455915127  
0.4580478133  
0.6395378788  
0.3505826236  
0.1967967346  
-0.1423127817  
-0.02515399999  
0.2493082763  
0.351358191  
0.5975827246  
0.3583553668  
0.6694179349  
0.2434530235  
0.8294736269  
0.5546151535  
0.2747074033  
0.5016544883  
0.4320657866  
0.4514930592  
0.6195854417  
1.094419782  
0.3404712973  
0.303476384  
0.1928347955  
0.1116753792  
0.06996892856  
-0.00630908246  
0.03901073798  
0.1551170013  
0.3539317735  
0.2451910152  
0.4666016304  
0.8060365933  
0.5701742186  
0.5960387918  
1.068258574  
1.186627681  
1.175276731  
0.8946597533  
1.047070822  
1.054141193  
1.382199433  
1.508193461  
1.520852742  
1.109374714  
1.604902507  
1.341089663  
-1.480515784  
-1.824396312  
-1.116758893  
-1.407312238  
-0.841409359  
-0.877964081  
-0.3625480197  
-0.7394416858  
-1.067621389  
-0.2120606206  
-0.6084813233  
-0.2399201844  
-0.2372185526  
-0.08466184616  
-0.3259336851  
-0.4152877619  
-0.2778598386  
-0.8941646437  
0.026909516  
-0.519178508  
-0.6387949827  
-0.902107341  
-0.9532180746  
-1.409368416  
-0.6039798223  
0.269600537  
0.4241333693  
0.3285083988  
0.2463708354  
0.4879059299  
-0.07528030018  
-0.5178310682  
-0.5437622902  
0.01595302294  
-0.1272891004  
0.04858115817  
0.1291744513  
0.4285540001  
-0.6023767434  
-0.662213343  
-0.1872344724  
0.1368504372  
0.9135601459  
-2.157914654  
-0.2967254159  
-0.2040891688  
-1.066146336  
-1.097274019  
-0.3376952645  
0.2293018819  
0.2758909699  
0.610174726  
0.8530097062  
1.084901273  
0.568267152  
-0.0287305358  
0.1973328291  
0.2065160855  
0.2009765376  
-0.215329785  
-0.2675224927  
-0.7489533032  
-0.5205743396  
-0.1087984064  
1.183434824  
-0.161987637  
-0.01631424598  
-1.557694904  
-0.4216401239  
-0.9375282106  
-1.388820739  
-0.979994742  
-1.452719185  
-1.123671706  
0.01401726989  
-0.2144680868  
0.1468272431  
0.4348390724  
-0.4511883901  
0.3445794918  
0.5855898251  
-0.08830809499  
0.9501831851  
0.8412231795  
0.8406078846  
1.379117255  
0.9705567903  
1.293354644  
2.578411557  
2.167254943  
0.4850811755  
0.3652350974  
-0.797091062  
-1.247131302  
-1.124697495  
-1.720426368  
-1.39189729  
-1.414329662  
-1.309532759  
-1.20681973  
-1.96854798  
-3.317461806  
-2.997338584  
-2.78953003  
0.4347164254  
-0.6122509156  
-1.408999617  
-1.266915626  
0.06481791506  
1.077714281  
0.4471459772  
0.6866966009  
0.9802889201  
1.810243662  
0.8908955671  
0.9544470758  
1.520664236  
2.319179175  
0.845555513  
-0.570789973  
-0.2625698527  
1.029340838  
1.60628983  
1.665233547  
0.6913816876  
1.005910857  
1.53526474  
2.185712197  
2.539632811  
1.133154487  
1.171646901  
1.55056007  
2.365646857  
1.654799277  
0.2585871673  
0.288453016  
2.145066505  
1.082054747  
0.09988916494  
0.8031070917  
3.025864088  
2.86184953  
-0.02057678981  
0.2250746438  
0.9056845249  
2.447689834  
3.243921355  
0.6596356117  
0.8127437739  
1.155832262  
0.8329983333  
1.350097614  
0.5024305814  
1.295642534  
1.335522198  
1.379173097  
1.224841423  
1.070037055  
1.995008086  
-2.259122995  
-2.216432377  
-2.677210996  
-2.285700711  
-2.341428565  
-1.227159057  
-1.939246803  
-1.923209115  
-1.118770039  
-0.5314919916  
-1.076823735  
-1.48635651  
-1.367569215  
-1.806892144  
-0.9700452346  
-1.171460472  
-0.2524156595  
-0.3431236786  
-0.1724219009  
-0.01597349687  
-0.3172978619  
-0.1938230862  
0.7947373388  
0.4585437603  
-0.3876312054  
0.743866309  
0.4134879666  
0.5562023476  
0.09947526764  
-0.009144402098  
0.8699713716  
1.091662935  
0.4966468493  
0.3943359355  
0.169051839  
-0.8314305802  
-0.3754417395  
-0.8476377842  
-1.117911309  
-0.5419343982  
-0.2581243337  
-0.5171786381  
0.3132524929  
0.101748816  
-0.003834269271  
0.5674638144  
0.4217235194  
0.7255982696  
1.493104785  
1.289176683  
-0.4593071777  
-0.8303862649  
-0.5443410492  
0.529456252  
0.7310131064  
1.042550184  
1.020542265  
0.8421592819  
0.6737040457  
0.162843224  
0.8933743341  
1.093228072  
-0.05671668215  
-0.6282456811  
-0.02622845595  
-0.3204558739  
-0.8883267867  
-0.6469320371  
-0.4801979163  
-0.008553868773  
-3.558815902  
-3.334181075  
-4.816639822  
-4.096520282  
-2.906042729  
-3.833979451  
-4.362132842  
-5.381281114  
-7.030267207  
-6.310106316  
-6.334580092  
-6.967660338  
-6.841699944  
-6.991018995  
-3.058171357  
-3.205926367  
-2.892665136  
-2.482271525  
-1.49806228  
0.4725373318  
3.917064564  
1.424300955  
0.3396292994  
0.4193334053  
1.035830341  
2.951812547  
3.046006398  
2.767287796  
2.886953918  
2.280224783  
2.673779724  
2.939110695  
2.238839414  
1.647474957  
1.85615332  
2.459907876  
2.220637531  
2.048914348  
2.252772586  
2.290939553  
2.225826462  
2.198723905  
0.8132140533  
0.7226608833  
1.526008389  
1.317944007  
1.001555126  
1.061959447  
0.4175766876  
0.617197919  
0.591953964  
0.5874805431  
0.1090860062  
0.3676956866  
0.4660989243  
0.2832585321  
0.3081204708  
0.6569803251  
0.6665619111  
0.6710043976  
0.4299234679  
0.7864730069  
0.6033189995  
0.7443118963  
1.173130753  
0.01957785695  
-0.05711594471  
-0.2408004503  
-0.2046385607  
-0.1629326857  
0.2630306416  
-0.3771953615  
0.3606673529  
0.1764709794  
0.3913563784  
0.4821880756  
0.5954207761  
0.08993544396  
0.07225028424  
-0.4745479006  
-0.6751930028  
-0.5947540583  
-0.3336562419  
0.8160154391  
0.4441068001  
-0.06371001634  
0.1045147933  
1.100570447  
-0.7440853634  
-0.9030595791  
-0.7888801743  
-0.7308294583  
-0.4849232284  
0.07323755568  
0.4863900999  
0.5511130048  
-0.7035851266  
-0.804921396  
-0.1721644609  
-0.3237258589  
-0.2262755288  
-0.5786288928  
-1.013449968  
-1.240524346  
-0.5301366573  
-1.067401098  
-0.5412508957  
-0.5497641643  
-0.331187183  
0.08347025588  
-0.2632632025  
-0.4146356949  
-0.505668201  
-0.8381782657  
0.5675016806  
0.7223196742  
-0.661773445  
-0.5920447124  
0.2126648129  
0.6283540029  
0.8830196638  
-0.2659215709  
-0.06935613429  
0.9544564432  
0.7814960426  
-0.181337807  
-0.4034278219  
-0.05778954544  
1.524067638  
-0.515878724  
-0.1408646493  
0.9090280473  
1.306308845  
-0.3827388862  
-0.3323309207  
1.270311143  
1.788391519  
1.517610173  
-1.113982471  
-0.6347983199  
-0.4576333156  
-1.173838006  
-0.683190344  
-0.06678135669  
1.363461595  
0.9304425211  
0.7774427549  
0.5490012655  
0.8623479141  
0.3254582588  
0.5902264341  
1.214610243  
0.0177175032  
1.452948721  
1.229227922  
0.2125027427  
-0.1696870254  
0.8466911937  
1.265600539  
0.4610082655  
0.2617270941  
0.2936384581  
0.8301107499  
0.6873521013  
0.9007570715  
-0.02883822738  
-1.195476202  
-0.8611783005  
-0.9821172305  
-0.3899788823  
-1.256376704  
-1.419096738  
-0.5678538395  
-0.6558023656  
-0.1759364045  
-0.1078152449  
0.2751336404  
-0.2957012275  
-0.7698643214  
-0.6791520666  
-0.4949900815  
-0.4592974896  
-0.1584689786  
-0.4532457629  
-0.1462965319  
-0.04746983267  
-0.6396662116  
0.05029467709  
-0.2109990573  
-0.01026803411  
-0.3252172629  
0.1922161171  
-0.09045779098  
0.4031866763  
-0.2918156834  
-0.8325617746  
-1.212065257  
-1.456530121  
-1.079166045  
-1.206067563  
-1.001747753  
-0.630205082  
-0.3214299304  
-0.2157279984  
0.04531448804  
-0.09720328682  
-0.1605675126  
-1.368665725  
-1.318085733  
-0.785637399  
-0.8063972126  
-0.6390079643  
-0.6938143174  
-0.6924279389  
0.7242350304  
-0.8804218687  
1.095375541  
0.7774588122  
0.9642989599  
1.461023538  
0.9763979498  
1.622242266  
2.004011779  
0.8269241447  
1.163998724  
1.602445308  
1.221233012  
1.967640138  
1.510594346  
0.6270872605  
0.5622756365  
0.806240438  
0.8683460864  
1.127627002  
0.753785843  
0.08154523441  
-0.9952668011  
-0.8818620723  
-0.1720082488  
-0.2489448737  
0.2407459933  
0.07788050637  
-0.6705401065  
-0.6248161811  
-0.4151628561  
-0.225335001  
-2.084688338  
-2.121182036  
-2.055472584  
-0.4518237652  
-1.651566441  
-1.514088027  
-1.235089899  
0.7113690632  
0.9606850442  
0.2699108161  
-0.4077140531  
-0.3728011289  
-0.3213296733  
0.3771755897  
-0.1097964753  
-0.0316656549  
0.01946883058  
0.4700063577  
1.360648805  
0.5343249955  
0.4574681077  
0.5717433122  
1.341571931  
1.450974348  
0.5086332132  
0.4996200746  
0.183268686  
0.3522916481  
0.5243017412  
0.5965685151  
0.5798539695  
0.7143338594  
0.7448534743  
0.6858957605  
1.552868416  
0.3409459576  
-0.1399262315  
-0.6582675769  
-0.6893944413  
-0.4403624331  
-0.6925943536  
-0.4309555432  
-0.239492503  
-0.03942461544  
0.3678459661  
-0.6279737458  
0.1099487197  
-0.6392116492  
0.04950421407  
0.1955216827  
-0.1151626117  
-0.112155879  
-0.08365628645  
-0.03029772288  
-0.08843434038  
-0.4444910242  
-0.1486364798  
0.007854199301  
-0.3736589509  
0.01717573139  
-0.04564509273  
-0.1337857778  
0.2625330572  
0.2745153897  
0.2420459794  
-0.3674775083  
-0.4125678192  
-0.5341383122  
-0.1732608576  
-0.2664890608  
-0.1088536862  
0.4604735712  
0.4102787733  
0.3232514266  
0.6628062574  
0.3902537278  
0.556466515  
0.5739024998  
0.03871902716  
0.2405001705  
0.01333801976  
0.1052410797  
0.2176378154  
-0.06165619074  
0.4478587375  
-0.1160447383  
0.01783207995  
0.03776240137  
0.6880774561  
0.4353238728  
-0.02835932432  
-0.9109805645  
-0.7830155761  
-0.8567838525  
-0.2783076141  
0.1346897222  
-0.3351992745  
0.1174110221  
-0.3190502082  
-0.3539587921  
0.1123796748  
-0.05803296295  
-0.001260060147  
-0.552418231  
-1.11918612  
-0.8258691171  
-0.1917876282  
-0.3232931447  
-0.0713686253  
0.1415162398  
0.1462945983  
0.6010599108  
-0.1357303595  
0.3909172536  
0.2401702332  
0.3938699056  
0.3726143952  
-0.3911502922  
-0.6376180311  
-1.182825624  
-0.6631320253  
-0.3690717966  
-0.7225840104  
-0.3378423511  
-0.6474273551  
0.8557362727  
1.515208905  
1.601304862  
0.9464454532  
0.005848230035  
-0.1858458272  
0.6855196789  
0.06793360137  
0.4429000786  
0.7467730404  
0.626939952  
-0.09981314648  
0.1628723559  
-0.77594813  
-0.8260324046  
-1.711319999  
-3.111639045  
-3.360643557  
-0.2088903238  
-0.2883946625  
-0.7216791479  
0.7925933699  
0.4135962954  
-0.06709038321  
0.7665579907  
1.104366586  
0.3753143924  
1.370834541  
1.208511334  
0.01489024519  
0.6691873734  
1.691371067  
1.252664515  
-0.5846972486  
-0.3607517126  
-0.3417994742  
-0.04273277578  
-0.02430235029  
-0.4789392025  
-0.5234888139  
-0.3379184141  
0.215450769  
0.03409256854  
-0.9193075136  
-0.2928616958  
0.01889805304  
0.2355669112  
-0.05102929929  
0.5868346106  
-0.08904270933  
-0.5098977654  
