-1.574371402  
0.09516240248  
1.318243981  
1.205643618  
1.400462884  
0.6413499479  
0.4918201675  
0.5533633522  
0.9857722968  
0.717954911  
0.6819315975  
0.1365136322  
-1.277799319  
-1.646413211  
-0.3722012521  
0.2036427437  
-0.7938526308  
0.1097031548  
1.066232089  
-0.9270679159  
-0.8992736968  
-0.5542474961  
-0.5180225809  
-0.9075230027  
0.2276624361  
-0.04548786642  
-1.284666883  
-1.420130234  
-1.407743432  
-0.8804009504  
-0.6919435545  
-0.2267202747  
-0.2651941502  
0.003523869452  
-0.403435233  
-0.8104423647  
-0.6344377678  
-0.3398443782  
-0.9836799502  
-1.065762025  
-0.7796958212  
0.3896383255  
0.3979881849  
-0.65865564  
-1.247526  
-1.501701538  
-1.702744448  
-1.684355243  
-0.7912553057  
-0.8159984693  
-0.1241655492  
1.440406405  
1.374425271  
0.8828114633  
0.6952701769  
1.10931192  
1.313893103  
0.1340253914  
1.070469236  
1.138453234  
0.5903105323  
1.342458009  
1.458950774  
0.3846344389  
-1.392467374  
-0.1799357989  
0.02851477226  
0.04022247761  
0.04469709131  
0.7229112863  
-1.596975774  
-2.394019061  
-2.286269586  
-0.4264588323  
-0.04253061044  
0.05855955203  
0.1840590481  
0.5639271859  
0.4336190075  
0.409931042  
0.293925597  
0.3458636746  
0.6839049836  
0.7888859463  
1.721886777  
0.6759994623  
0.5408008386  
0.02462815362  
1.376498358  
1.415748818  
0.4492941915  
0.2429081572  
0.7043348572  
0.9903866899  
1.365862353  
0.8539327495  
0.151122845  
0.7683802512  
2.105832103  
1.999110614  
-2.071742217  
-1.623366937  
0.8935139929  
0.7391551712  
0.003046306488  
-0.3051118693  
1.495302862  
1.13012306  
1.39490854  
-1.126790519  
-1.852108174  
0.4248270827  
0.915873539  
-0.9826932793  
1.210532776  
0.3380318753  
0.8757891314  
-0.163049009  
0.626123375  
-0.6039644706  
-2.238593869  
-0.4091018629  
0.73861814  
-0.5710868607  
-1.697456171  
0.5855252396  
1.593609148  
-0.3322509166  
0.3028871486  
-0.2169042772  
-2.355117589  
-1.654245669  
-2.334764379  
-1.02325197  
0.5009353898  
-0.7159796018  
-1.915778535  
-0.2751444303  
0.7667763442  
-1.966475511  
-2.081946973  
0.4484662565  
1.567155569  
0.08823561261  
0.06437237588  
-0.2948528177  
-0.9253560764  
1.463356356  
1.213716146  
2.497567978  
-1.127009809  
-1.704996325  
-1.344708915  
0.4691399418  
-0.2944683067  
-2.313856382  
-1.650538767  
0.3618042194  
-1.590275538  
-1.056234685  
-0.5409501046  
1.26653064  
0.160317127  
0.2254601494  
0.5303736252  
0.4737230156  
-0.366276494  
-0.401338228  
-0.3407275314  
0.7626587727  
0.3783248862  
0.4574408917  
-0.2101808356  
0.1386054437  
0.2347809953  
0.05354061081  
1.24899103  
1.510892159  
1.416729812  
1.201204154  
1.239825616  
1.662049395  
0.9367266542  
0.7978431423  
0.1360487507  
1.309799215  
1.105394565  
0.2665357291  
0.5134525482  
0.4106302416  
1.179391467  
-0.4010751693  
-2.499681441  
-2.244166589  
-3.390562421  
-1.246405466  
0.3452825537  
1.507271235  
0.9896985171  
-0.1553776444  
-0.3064712882  
-0.1357284664  
-0.8147916103  
0.170023545  
-0.3328266399  
-0.3627288113  
0.9284685811  
0.6411447445  
0.02992153133  
-0.101199721  
0.5571468732  
0.3976112935  
0.3425891221  
-0.5014062146  
1.199928901  
0.3041080271  
0.6612336576  
0.2200976511  
0.1121711185  
-0.03808727638  
-2.119647467  
-2.067824089  
-2.865009466  
-2.47650148  
-0.2760743675  
0.6143738456  
-2.798587537  
-2.044671124  
0.18246032  
0.587698502  
0.3828274757  
0.8394262784  
0.335649833  
0.3966521765  
0.6293320155  
-0.1214672381  
0.1014735639  
0.5278206995  
0.4753318815  
0.3437176396  
0.8698287119  
-0.06439521512  
0.04625687327  
-0.1001995976  
0.6396056717  
0.5160094101  
0.8913090913  
0.5999541401  
-0.2040668392  
-0.4731198274  
0.5523934544  
0.07698599393  
0.4855791598  
0.1626227071  
0.1193453422  
-0.05280725466  
0.5438690053  
-0.07280974131  
-0.1350290491  
-0.4303739772  
-0.08802807773  
-0.09158182371  
-0.5026994546  
0.4302683277  
-0.06488307207  
0.2735268747  
0.2008026493  
-0.158991338  
0.01706960838  
-0.3738809419  
0.1041900784  
-0.6928638432  
0.005331855918  
0.6508787489  
-0.6001927574  
0.3641214614  
0.5492059406  
-0.08172046754  
0.3206749958  
-0.2488020518  
-0.6824710985  
0.4502240535  
0.2521874046  
-0.8521299339  
0.5860373971  
-0.5174115706  
0.5478129181  
0.8695710487  
0.05027509782  
0.1568649769  
0.1570434933  
0.5501251886  
0.01087776352  
-0.2631529084  
0.1278981127  
0.05620270121  
0.335284808  
0.2670259278  
0.4222990404  
0.02283035837  
0.4875562657  
-0.8800365508  
0.1167203694  
0.3650732436  
0.3063637609  
-0.06703192579  
-0.1330750051  
-0.248258909  
0.08652647299  
0.1805268073  
-0.7758545744  
-0.2015191104  
0.03491621052  
0.1190025327  
0.5213704766  
-0.4725521546  
0.1125645299  
0.09099002112  
0.01820670279  
0.198218746  
-0.4448894331  
0.1795396882  
0.5308232954  
-0.3287238483  
0.1133549255  
-0.128089334  
-0.3962947288  
-0.1505910261  
0.01027186081  
-0.1340113205  
0.5617567352  
-0.1438805008  
-0.004441744558  
-0.1272637343  
-0.1230473744  
0.185387853  
0.07774112257  
0.5590845108  
-0.4140510797  
-0.5362822318  
0.1293190749  
-0.513045475  
-0.04971049089  
-0.6132085665  
-0.2962459578  
-0.2181308672  
0.3835742574  
0.2358365579  
0.1556414608  
-0.5899776725  
0.2535605921  
0.370441918  
0.1901292257  
0.0139864987  
0.1009362628  
0.3848356127  
0.5518543348  
-0.06912187253  
0.02667926976  
-0.3124890854  
0.0370350263  
-0.01371815146  
0.3708550962  
-0.3681887919  
0.2753072932  
-0.004701857542  
0.4152889892  
0.1041285661  
0.1861257054  
-0.2650500066  
-0.9162130549  
0.2641791317  
0.5271856609  
-0.4159982603  
-0.06268718717  
0.6809705413  
-0.521061601  
-0.1113263064  
0.8406117384  
0.7870677495  
-0.5442204364  
0.05974628777  
0.007008220616  
-0.5616190638  
-0.2221154521  
-0.3313120068  
0.4722344602  
-0.4822850041  
0.0160450607  
0.2581803193  
-0.3087642053  
0.294750712  
0.1766775123  
0.472327345  
-0.2078806123  
-0.6833696841  
0.5133696287  
0.4328273987  
0.3517217494  
0.1709028003  
0.05052396094  
0.4612300745  
0.2348445673  
0.2975938833  
0.6885462933  
0.5196066481  
0.5189906439  
-0.1702991131  
-0.5247060262  
-0.09582798898  
-0.4538167424  
-0.4619001394  
-0.6136269303  
0.2662488375  
-0.1575578677  
-0.313009624  
-0.6228261017  
-0.592866272  
-0.3568391518  
0.2492282584  
-0.8132263713  
-0.8428199845  
-1.081226976  
0.5281946179  
-0.7094363072  
-0.2122279612  
0.4550654462  
0.07767278704  
-0.2898356683  
-0.1969704086  
0.1073979582  
-0.3114151785  
-0.2845441274  
0.0960964536  
-0.2798419173  
0.2747573342  
0.1369990082  
0.4083285824  
0.1571885412  
-0.1383833969  
-0.2352062261  
-0.1284481674  
0.2385808431  
-0.007741779947  
0.1552104267  
-0.0946493376  
-0.8422683973  
-0.5444378078  
-0.02587697776  
-0.1649360815  
-0.5235817923  
-0.008364504593  
-0.3620164697  
-0.589814194  
-0.2738226622  
0.2907718235  
0.2775772517  
0.719940619  
0.2348134234  
0.007636395445  
0.320109864  
0.5658420032  
0.41255393  
0.5273026207  
0.30006807  
0.6366505616  
-0.1046244066  
-0.06985105974  
0.04778633755  
-0.7880673157  
-0.02797875377  
0.4154218677  
0.0006009983181  
-0.2396940134  
-0.3637092686  
0.3372498214  
0.2309437069  
0.5597594351  
0.1404028553  
-0.1821268901  
0.07021378738  
1.139460234  
-0.03576042659  
0.2270201268  
0.1047187503  
-0.01495226214  
-0.1761648131  
0.4148801487  
0.6820293995  
0.1237665499  
-0.1307199192  
-0.1054563611  
0.4211704305  
0.4972157183  
0.1422802904  
0.03394003417  
-0.3725816677  
0.1312349399  
0.5263886726  
0.3757396815  
0.05506760784  
0.4571670014  
-0.4257105963  
-0.4662500505  
0.7708167809  
-0.5963562798  
-0.420700694  
-0.4706669786  
-0.01318647128  
-0.1592072611  
0.3001065147  
0.9046950697  
-0.3692388524  
-0.05022588466  
-0.03907513796  
0.06153441196  
1.077196552  
0.4579722202  
0.1865232344  
1.206342651  
1.249734308  
0.7638508637  
0.5346779908  
0.6387484087  
0.9723355103  
1.124445648  
0.1808764055  
1.248055808  
0.5614441249  
1.760563354  
0.8077879591  
1.868561464  
1.072201267  
1.382416645  
0.03301592382  
-1.89751394  
0.4996263397  
0.2134999626  
0.6803940395  
1.03624921  
1.297630557  
1.212244243  
1.840162849  
1.63861067  
-0.1175929887  
-1.850982634  
-1.937500481  
-0.02788167202  
-2.026246661  
-2.078072924  
-2.868858178  
-1.748349182  
-0.5481564738  
-1.438972719  
-0.9456287789  
-1.207032492  
-1.916205582  
-1.989206278  
-1.845439704  
-1.092980794  
-1.283900998  
-0.7476521857  
0.2123978317  
1.104557698  
-1.270859925  
-1.19730015  
0.6853852088  
0.7194081339  
1.453505465  
1.212827171  
-1.163387384  
-2.073227265  
-1.475946097  
-1.775108658  
-1.016337196  
-1.783404516  
-1.618761037  
-2.142104626  
-2.923178381  
-1.782939528  
-1.354862006  
-1.046065066  
-1.390211626  
-1.598550363  
-2.004518188  
0.4630359458  
-0.2367566938  
0.4752536896  
0.3833112202  
-0.01232253284  
1.466638348  
0.7930459318  
1.222053318  
0.9910535027  
0.8116653122  
0.728913124  
0.8548841931  
0.9330867572  
1.005665636  
0.8422896587  
0.572464495  
0.5512347151  
0.5054099694  
0.4871319723  
0.7922266679  
1.033522116  
1.174614555  
1.003878482  
0.9388897946  
0.9882531535  
0.5006860348  
0.5528910284  
0.3084698322  
0.435060113  
0.4627647422  
0.5320932611  
1.338181329  
0.8943704377  
0.4918063124  
0.8679071068  
1.168542373  
1.203791959  
0.500779339  
-0.05668482087  
0.3919034209  
0.4509120401  
-0.03197646273  
0.5234091434  
1.000780267  
0.828983811  
1.025056111  
0.7678569962  
-0.074086469  
0.9066112536  
0.5073675706  
1.289353476  
0.770841623  
1.098928244  
0.5701442599  
1.220459856  
1.133866542  
1.61869878  
1.77169862  
1.24670107  
1.688361813  
2.534536137  
-0.8479702978  
-1.124078698  
-1.858526844  
-1.427172751  
-1.136080384  
-1.161055575  
-0.7097419446  
-1.502899888  
-2.028096096  
-1.681566345  
-1.485058014  
-0.08509955108  
-0.2498770087  
-0.5581004114  
-0.03750516849  
0.3121095354  
0.2784950649  
-1.476543147  
-1.957396334  
-1.530020417  
-1.100552918  
-0.4825381584  
-0.2141260409  
-0.5607535226  
-0.5779979711  
-0.2981940588  
-0.7109014997  
0.01985103186  
0.4954283489  
-0.8294310825  
-1.097606513  
-0.5942706636  
-0.4622471555  
0.4120027821  
0.08048629723  
0.3134434006  
-0.6230774788  
-0.7504547249  
-0.7064117937  
-0.8097884625  
-1.042345663  
-0.275196839  
-0.1801265271  
-0.8646482928  
-0.7922703472  
-1.313280367  
0.6379724441  
-0.378824632  
0.01122014727  
0.1130672633  
1.349658398  
1.12777938  
1.686564923  
1.889350103  
2.689993966  
0.04836348548  
0.6100788831  
-0.0622924724  
0.4929030983  
-1.025788096  
-1.129764154  
-1.122533996  
-1.146136222  
-1.230934574  
-0.7934055695  
-0.7620983716  
-1.775873076  
-1.765681978  
-1.489389526  
-1.206279796  
-0.6984213235  
-1.077630976  
-0.6488751224  
-0.1551322567  
-1.013836254  
-0.3198064129  
0.9067387662  
0.8640855342  
0.3658573026  
1.326749994  
1.114420402  
0.533064409  
0.8174718624  
1.537438034  
1.249045466  
1.442553536  
1.410336238  
1.90805195  
2.935964286  
2.676775019  
1.356244907  
1.648109386  
-0.5293242273  
-0.7528863194  
-0.8894958594  
-1.053875549  
-0.5632123489  
-0.4392263338  
-0.8960704909  
-0.741986789  
-1.428492553  
-1.335565285  
-2.694303902  
-3.036081078  
-3.055232498  
-1.785994922  
-1.314778352  
-1.991664393  
-0.1363480955  
0.9559576895  
0.8744497057  
0.5050339593  
0.5344966829  
1.203936175  
1.092252729  
1.633553239  
1.198119983  
2.010021023  
1.85413505  
-1.468408269  
-1.80778257  
0.492629003  
1.270696301  
0.8890405953  
0.8415529936  
1.283321141  
1.269167824  
0.6675418726  
1.239685896  
0.8139037264  
0.2914098281  
1.103849807  
1.111990529  
1.363472355  
-1.312523929  
-0.9686043152  
-0.2886677174  
0.9683800762  
-1.284204098  
-0.9314588582  
0.7678486093  
1.430263441  
-1.440798198  
-1.79067109  
-1.8562994  
0.7852406222  
0.4835779904  
-1.485896932  
-1.579789959  
-2.868049234  
-2.920823165  
-2.617315397  
-1.916430581  
-2.39655156  
-1.931139776  
-1.370971414  
-2.501568702  
-2.73038625  
-2.102669722  
0.3934691187  
0.659604668  
0.8515469293  
0.2470808632  
-0.004688147909  
1.992552606  
2.09848401  
0.2683262261  
0.8488191145  
0.8699490129  
0.1715465658  
0.9771327453  
0.3242947923  
0.4768688326  
0.4796066212  
0.6472464844  
0.5442738921  
-0.03705548899  
-0.1100396587  
-0.1858600462  
0.5556773189  
0.1915112813  
0.05530103398  
1.122961716  
-0.284775917  
-0.2706912053  
-0.4859450097  
0.3944186421  
1.010845927  
1.269505641  
0.8420155886  
1.429842538  
-0.01806729797  
-0.9806393161  
-1.407048132  
1.445783568  
2.258553198  
-0.2349727834  
-0.01680201573  
0.4166726743  
-0.5588913393  
-0.04243367691  
0.1542734141  
-0.2258889411  
-0.243793349  
-0.03425886987  
0.3052086297  
0.4361132492  
-0.6746024907  
-1.139241185  
-0.113368079  
-0.04338994886  
-0.7531924361  
0.4321623062  
0.1643628727  
0.03851772413  
-1.09226169  
1.315183009  
-0.4589570261  
-0.2591210501  
-0.8214681102  
-0.3362378709  
-0.5012416609  
0.4592132711  
2.518632684  
3.343632939  
3.596472786  
2.194344439  
0.004801507814  
-0.1071277898  
2.562063052  
5.775783109  
3.001862097  
1.764777955  
0.6180977309  
0.4939252859  
2.431406136  
2.286332287  
2.184252208  
4.041249683  
3.844437278  
6.493152054  
4.992530089  
5.527161542  
0.2187691731  
-0.4177089722  
-0.3111421582  
-1.41488157  
-0.7741974944  
-2.229829285  
-4.167428518  
-3.019692544  
-2.261285554  
-2.280372698  
-2.010851595  
-2.750080759  
-2.117775194  
-1.805585243  
-1.495940965  
-1.358786213  
-2.10260722  
-1.178369873  
-0.6524723322  
-1.632152082  
-1.243066491  
-1.512371499  
-0.8605568479  
-0.8988346022  
-1.305206621  
-0.4315600602  
-0.6889728667  
-0.4155702967  
-0.8170032176  
-1.004245451  
-0.3291500057  
0.03571099613  
-0.1217819158  
0.3256229193  
0.01719160628  
-0.7388959873  
-0.5033242366  
0.08468994407  
-0.8467163386  
-0.7784480547  
-1.252517647  
-0.2861173355  
-0.04285855658  
0.4314484516  
0.6013792667  
-0.1170207891  
-0.4489582977  
-0.350556055  
0.3387255543  
-0.02948906033  
0.1845547719  
0.7028645805  
0.4709560042  
-0.5832350989  
-0.05559516423  
0.0483858151  
0.1165549452  
0.0761138033  
-0.1913064878  
-0.7058352833  
-0.6731863285  
-0.557389854  
0.07407059187  
0.1298078502  
0.1836804699  
0.3229083313  
-0.07103005214  
-0.4603157096  
0.1774177932  
0.3718679598  
0.1431813035  
0.04521163212  
-0.3617741747  
-0.08731402517  
0.4447975976  
0.2592655857  
-0.003770570545  
0.4182857167  
-0.3843018972  
-0.5093697698  
0.03345334223  
0.4135881978  
-0.5037054983  
-0.5795300481  
0.2477179967  
0.1788802481  
0.3317632323  
-0.2791434496  
-0.4582569725  
0.3484587319  
-0.03495744365  
-0.6863475763  
-0.3418047082  
-1.068584275  
-0.1641953174  
-0.5837503696  
-0.9731978152  
-0.9610155367  
-1.099141373  
0.08386438479  
-0.2062117629  
1.246501335  
-0.5268229461  
-0.410101977  
0.05465961497  
0.8875720884  
1.068872859  
-0.6914549451  
-0.7939562698  
1.058960539  
1.38191952  
-1.004377711  
-0.5819065237  
0.007505886768  
1.432240292  
0.2836444277  
-0.1904596577  
1.173007837  
1.19088557  
-0.8417022873  
-0.6703259474  
0.6979569958  
0.9790754211  
0.5495872995  
0.2185495332  
-0.4424493797  
-0.3551425341  
-0.8407511512  
-0.5996648336  
-0.3604109054  
0.3027539112  
0.6441357623  
-0.02327499099  
0.4023584995  
0.4681807681  
0.2941641113  
0.7486456973  
0.8095522137  
-0.1236615248  
0.7288639726  
0.6506148085  
-0.07335803645  
0.3842229209  
0.2079701648  
1.302664095  
0.8639465092  
0.4226786653  
0.6240879041  
0.806605345  
0.5861431907  
0.6808573108  
0.1522009809  
0.01728838133  
-0.8647288196  
-0.4108282283  
-0.07010274004  
0.2724837002  
0.5411156992  
-0.6974934679  
-0.6346644834  
-0.1354185342  
-0.2114224629  
0.1321483631  
-0.3532567813  
0.6213502271  
-0.4792728646  
-0.9546147059  
-0.1440903257  
-0.9574892988  
0.03897245335  
-1.216820597  
-0.7777307268  
0.02806868592  
0.1880487345  
0.005157673789  
-0.6953875477  
-0.4270068542  
-0.5997792908  
-0.2005070202  
-0.6207678324  
-0.5373129604  
-0.4130779922  
-0.3520678733  
-0.8348133026  
-0.9706858803  
-0.6223613373  
-0.1946090531  
-0.7274657754  
-0.3381505513  
0.2439362837  
-0.1853276284  
-0.1433721508  
-0.6426916121  
-0.257932637  
-0.2697400139  
-0.5201235728  
-0.2926354374  
-0.5217342939  
-0.804203235  
-0.1720677862  
-0.3948171334  
-0.3384349437  
1.218555944  
1.25669002  
0.5445747357  
0.9856785111  
0.8354861722  
0.6752774708  
1.064268058  
0.3806660232  
0.4866260191  
0.6267972312  
0.08423158595  
0.63574529  
1.180672633  
0.4323643942  
0.9120537905  
0.3196489795  
0.7956179167  
0.9085998388  
0.1264144619  
-0.3901114502  
-0.480373415  
0.07677879352  
-0.6551545873  
0.035430071  
0.0358996764  
-0.7386327118  
-1.047254483  
-0.6155940256  
-1.146261433  
-0.8437657632  
-0.9411794438  
-2.175605689  
-1.032409398  
-0.9176983545  
-0.7874556293  
-0.4255268206  
-0.1596755234  
0.587879125  
0.8092907987  
1.403705982  
-1.038473616  
-0.6413528731  
-0.1276160857  
0.3010697438  
-0.02737165421  
0.01934847621  
0.07067190345  
0.1952011725  
0.5675165564  
0.3557877721  
0.5756788521  
-0.2553455642  
0.5499705145  
0.762533335  
1.398061486  
-0.3367315078  
-0.3478541804  
0.3638929057  
-0.02833968199  
0.05168659149  
-0.1160970835  
0.09596377403  
-0.1304905321  
-0.5194406902  
-0.03294277294  
0.5056947343  
0.7562096162  
0.6191955812  
0.03314137994  
-0.07833943649  
-0.06058390463  
0.02591347088  
-0.557321802  
0.2772069243  
0.2251824625  
0.6760072308  
0.2091748866  
0.1081154676  
0.2295097542  
-0.3929435225  
0.319509326  
-0.04360425207  
0.3939458789  
0.003373834526  
0.1568003876  
-0.4680842586  
-0.5106876814  
0.1750583399  
0.2866669983  
0.06201570163  
-0.4166317519  
0.01852404694  
0.5634014441  
0.5045047791  
0.5567564801  
-0.03104071144  
0.07944221043  
0.9586657282  
0.6556395015  
0.3482456983  
0.5793390495  
0.3655270354  
0.605295753  
0.523641509  
0.1173049446  
1.124616155  
0.3236869397  
1.087249646  
-0.03157932442  
0.7025143282  
0.5267355821  
0.1982384626  
0.3417117298  
0.9084359179  
0.1183338283  
0.8199488832  
1.071470721  
1.007128553  
1.497479528  
1.221854616  
1.103315178  
-1.358874261  
-1.146107255  
-0.3479301559  
-0.7980600119  
-0.8177239468  
-0.5300888454  
-0.2380980011  
-0.07416022108  
-0.1149065785  
-0.6949147528  
-0.3175658789  
0.2232749032  
-1.345089018  
-1.029182991  
-0.7101280965  
-0.6938522409  
-1.294588543  
-0.5183374117  
-0.7554251557  
-0.3880293067  
-0.3537383611  
-0.5991243677  
-0.3574711965  
-0.6432771506  
0.3377799639  
-0.6995785807  
-0.5243462568  
-0.2560715361  
-0.4814581363  
-0.7378389566  
-0.8096179343  
-0.4221014472  
-0.2132298399  
-0.3341967611  
-0.198826739  
1.055190873  
0.7977259268  
0.8663924683  
-0.000390016726  
-0.7535070759  
-0.3846632752  
0.06910893388  
-0.008856089247  
0.04284314148  
0.1388281595  
-0.3048771104  
-0.302990731  
-0.1374199528  
-0.3859464211  
-0.4626322214  
0.6139901527  
-0.1043278998  
-1.08637168  
-0.6086926243  
-0.08140386241  
0.2631873392  
1.257756245  
0.9675718537  
1.093380367  
1.580503559  
-0.2170660624  
1.330923555  
0.5805122921  
0.137126403  
-0.3054669868  
0.5127744496  
0.5505050879  
-0.5922138217  
-0.0901468551  
-0.1764848449  
0.0696192875  
-0.02334430871  
-0.1957774422  
0.2306234631  
0.5130912006  
-0.2697704866  
0.03289495798  
-0.3162603999  
-0.5943791548  
0.3414101091  
-0.7174847752  
0.03936825278  
-0.2657161057  
-0.1922183274  
-0.4767313806  
