1.014998143  
0.07288296915  
-1.593347193  
-1.566067659  
-0.6628914497  
0.03078179212  
-0.302211028  
-1.381668605  
-0.9239142971  
-1.022796725  
-0.4309180846  
0.5867803979  
0.4783937017  
0.5188225217  
0.5950121219  
0.4807222576  
0.5332013001  
0.592738484  
0.4949277641  
0.3996714866  
0.6316751155  
0.6767290456  
0.6308398417  
0.6728950851  
0.6250878651  
0.5597973948  
0.3813816966  
0.04475726776  
0.4380372343  
0.5810505497  
0.7116399892  
0.9237755004  
0.8402057527  
0.4985887842  
0.5126690834  
0.454102379  
0.4416028967  
0.506506907  
0.5648175513  
0.6662134157  
0.7114757444  
0.7490417546  
0.9208714188  
1.053507161  
1.336043112  
1.379028556  
1.094779032  
1.049917909  
0.6721953498  
0.5350663031  
0.3411388911  
-0.7884831625  
-1.382682308  
-1.357203595  
-1.231574709  
-1.316105474  
-1.355400067  
-1.292893037  
-1.717213541  
-1.052646955  
-0.9743348927  
-1.691647166  
-1.669398441  
0.1685981047  
1.767933606  
0.1085917259  
0.7060960641  
0.1252555403  
-1.61919456  
-1.675991561  
2.214194448  
2.202976188  
2.319222167  
0.7992202441  
-1.135572693  
0.3741863889  
-0.3461628524  
-0.589049213  
-0.9572313503  
-0.5287414775  
-0.7708052902  
-0.7106350285  
-0.6861646867  
-1.017124958  
-1.001427935  
-1.001523389  
-0.6982446952  
-0.4758467037  
-0.9067162646  
-1.093307339  
-0.246987535  
-0.5718417481  
-1.070050826  
-1.092781215  
-0.7541670402  
-0.8729995199  
-0.9120961178  
-1.064111881  
-1.04965363  
-1.117975728  
2.472066972  
0.5679212727  
-0.6832779652  
0.1531100232  
0.507400545  
0.5016485915  
-0.9456881086  
-0.9565380864  
-1.12971761  
2.345046897  
1.658242504  
-1.010360788  
-1.092047145  
0.5552252533  
-1.297687752  
-0.9069371553  
-0.4065176191  
-1.312653135  
-1.227824183  
0.2487793851  
2.182725257  
0.1723150294  
-1.341555295  
1.872569399  
1.840102292  
-0.6580254913  
-1.143918224  
1.785290828  
-0.8484647159  
0.3245080126  
1.929301533  
2.043196074  
1.838185179  
1.293918665  
-0.4248692757  
0.2831543697  
2.048412901  
0.40591942  
-0.2276548798  
2.015255508  
1.824065717  
-1.20043802  
-1.125114606  
1.603596412  
-0.9034043909  
0.2513956238  
0.1978446146  
-1.965148164  
-2.323370535  
-2.421523714  
1.955398251  
2.071711138  
0.6325389271  
-1.207223131  
1.707661404  
2.124616382  
0.2708038721  
-1.028152218  
2.141514468  
1.979319075  
0.6354053596  
-1.056168809  
-0.08297186243  
-0.04687421294  
-0.1312676616  
0.1904449491  
0.4839101455  
0.3367956309  
-0.6400909515  
-0.1881057099  
-0.06962386694  
-0.7712657662  
-0.9976055779  
-0.5040498858  
-0.6225431375  
-0.740460078  
-1.163772904  
-1.27023706  
-0.7176533944  
-0.5383611904  
-0.5144745441  
-1.017805161  
-0.8043100316  
-0.6587112535  
-0.984021203  
-1.189195593  
-0.8233895143  
-0.706552376  
-0.7103907355  
-1.456993999  
-1.506881717  
0.2007346842  
2.257639198  
2.344020621  
2.428143542  
0.9719804335  
-0.804024983  
-1.085843899  
-0.3311580703  
0.06005883675  
0.3431746154  
-0.4517127306  
0.8046952314  
0.1541868406  
0.5273592584  
-0.2427049761  
0.1759326436  
0.4598669258  
-1.174419426  
-1.077397624  
-0.04609400836  
-0.2063367583  
0.1289257192  
0.1157027528  
-0.03023230079  
-0.5388404561  
-0.7189510184  
-0.8421092438  
-0.5608602955  
-0.7320743389  
2.307585061  
2.269783227  
2.259606528  
1.938802045  
0.5374083549  
1.116673616  
2.238602335  
1.587043929  
0.147667394  
-0.2783598162  
-0.5002462752  
-0.1719274204  
-0.03916004178  
-0.4699822457  
-0.39555308  
-0.3017651732  
-0.3230940318  
-0.3257509187  
-0.3949158239  
-0.2656526709  
0.1087017279  
0.3445834702  
0.1511740989  
0.01953014788  
-0.1582232415  
-0.2546830183  
0.2285412731  
0.2607164248  
0.2536023266  
0.2077097143  
0.061963487  
-0.003575974307  
0.128151692  
0.1782961432  
0.1455491713  
0.1636783115  
0.09414052482  
0.1670545568  
0.1524241379  
-0.04398565092  
-0.01033452268  
0.1038037486  
0.1237102899  
0.252374575  
0.3814267044  
0.7203842882  
0.4451842688  
-0.01060133689  
-0.2513479573  
-0.4036119079  
-0.2172835672  
-0.4079834518  
-0.4402348379  
-0.2984700836  
-0.3127581099  
-0.3854213633  
-0.2074906837  
-0.2041529399  
-0.2112683064  
-0.2046738538  
-0.3393311568  
-0.2463851066  
-0.4524660205  
-0.1577222691  
-0.2200327343  
-0.4107801455  
-0.2912826557  
-0.2810715062  
-0.1261623297  
-0.1006178844  
-0.02284382638  
-0.107732687  
-0.05469789568  
-0.113563454  
-0.1083004949  
0.03055668226  
-0.1983434755  
-0.1535488725  
-0.1478324667  
-0.01118765575  
0.05065139068  
-0.0548326133  
-0.0324696466  
0.1117063688  
0.1397786256  
0.01515029605  
-0.05186231155  
0.08375897077  
0.001248739971  
0.002882473895  
-0.05725455867  
0.06667621304  
0.0143864546  
0.1857195882  
0.08209458168  
0.1903786051  
0.1282889713  
0.09290315794  
-0.005342269293  
0.01753350882  
-0.003447600189  
-0.07203261364  
-0.06535658114  
0.09830378275  
-0.1164350714  
-0.1756760816  
-0.06158219727  
-0.1319955254  
-0.1305031062  
-0.1434868342  
-0.1371360313  
-0.1200409883  
0.1007597263  
0.01459907753  
-0.03335080528  
-0.01611746823  
-0.005053109805  
-0.01681066498  
-0.06550106854  
0.01469654582  
0.04923183714  
0.003778621018  
-0.04667175717  
-0.1716488369  
-0.07926445305  
0.08000704969  
0.01685683507  
-0.1210535868  
-0.330877373  
-0.2502699802  
-0.1102515484  
-0.01948524318  
0.02842297155  
0.08269426272  
0.1126449197  
-0.1900052509  
-0.4430819385  
-0.4747859973  
-0.2035361021  
-0.02016745248  
0.0401837232  
-0.0629487577  
-0.08536896474  
-0.02034235435  
0.09864654852  
0.1011111572  
0.1288131825  
0.005403860369  
-0.01580869706  
-0.06417319824  
0.1859546499  
-0.03007637574  
-0.05773420506  
0.07455094384  
0.1906360351  
0.02302697293  
0.04356200138  
-0.01781780529  
0.03235158118  
0.7026445165  
0.8628358391  
-0.1245645819  
-0.2353004929  
-0.02535501584  
-0.0738265042  
-0.06739266297  
-0.01168117014  
-0.0163136423  
0.07152493002  
0.01131752176  
0.05047155736  
-0.1440233229  
-0.2826016691  
-0.2721199158  
-0.1679945866  
-0.3104329806  
-0.410704944  
-0.277964687  
-0.3045409342  
-0.222028487  
-0.2607344999  
-0.3321491794  
-0.2948187958  
-0.2569195162  
-0.09312322213  
0.1295789263  
0.01153095441  
-0.05473220281  
1.948443564  
1.292703722  
0.5202165221  
-0.08264109645  
-0.06151765244  
0.01586386224  
0.1134493393  
0.08584416578  
0.146079105  
0.05523577054  
0.02444756369  
-0.05274841762  
-0.1003451247  
-0.1124780402  
-0.08484674739  
0.1402031928  
0.06642146231  
-0.1181128914  
-0.1662537866  
-0.1056824921  
-0.000637622107  
-0.07242300737  
-0.03040917504  
0.04319277246  
0.05039265716  
0.06765379573  
0.070533715  
-0.03087794441  
0.01293154475  
0.1118337719  
0.06122063369  
0.1170939406  
0.1421611137  
0.05758769607  
-0.00383852851  
0.1598068357  
0.2868044688  
0.1203932166  
0.227122441  
0.09947104433  
0.1061925781  
0.2592741507  
0.1663743974  
0.1804442367  
0.2838138041  
0.3192411333  
0.276636856  
0.1389396179  
0.07507719242  
0.04735141355  
0.07477054798  
0.07708805478  
0.01027635508  
-0.03774312769  
0.009203525865  
0.351145242  
0.1395575187  
-0.152082182  
-0.0667197621  
-0.010994281  
0.01727428983  
-0.1583564105  
-0.004678127423  
-0.1923974099  
-0.2845952853  
-0.3584452676  
-0.09559351862  
0.008089586671  
0.05104532866  
-0.08072797113  
-0.1718432647  
-0.08997810684  
-0.1257861258  
-0.06039458955  
-0.05919861576  
-0.04919560471  
-0.275821441  
-0.1994127053  
-0.1587482523  
-0.1380770492  
-0.01131046479  
-0.07771541974  
0.01720262617  
-0.137500869  
-0.09164438895  
-0.0406610764  
-0.1383254751  
-0.1123691624  
-0.1325126583  
-0.07480538924  
-0.1107894018  
-0.06942672938  
-0.02364176074  
-0.2272974224  
-0.3882759424  
-0.4047716971  
-0.3155607119  
-0.334646785  
-0.3721317807  
-0.6176440158  
-0.610997981  
-0.3568895949  
-0.2707094137  
-0.1886875237  
-0.5704678782  
-0.4871946991  
-0.537242946  
-0.4483444971  
-0.6265804247  
-0.7405016145  
-0.5462112272  
-0.7186494897  
-0.5626219493  
-0.7933048506  
-0.5207449005  
-0.4181136023  
-0.3944033866  
-0.7763333331  
-1.277383335  
-1.133353567  
-1.146458306  
-1.044788748  
-1.267523622  
-1.265038637  
-1.278561762  
-1.395434778  
0.6245873964  
1.462859118  
-0.8720279226  
-1.306297747  
-0.5338069465  
-0.5760114302  
-0.9469073824  
-1.089294527  
-1.193029563  
-1.159200503  
0.3571495419  
2.016727065  
2.180402721  
0.7216138059  
2.024105408  
2.096416781  
1.807155664  
0.6870916911  
0.7930543187  
1.789031562  
1.678961245  
1.670262171  
1.39850116  
1.61711851  
1.581765507  
1.483857522  
1.61089423  
1.479381562  
0.7109871953  
0.4893301504  
1.53687515  
1.470412374  
-0.8254705614  
-1.635511318  
-1.847530339  
-1.947692758  
1.593905717  
1.600549885  
1.622770532  
1.754352196  
1.523612407  
1.620296036  
1.542242201  
1.782190694  
1.530844476  
1.601976435  
1.409344867  
1.587056326  
1.571719383  
1.546440249  
1.977839189  
1.887744427  
0.6258800614  
0.4325108176  
0.6381881173  
-0.2245327506  
-0.874798493  
-0.8408693865  
-0.8607482161  
-1.132484863  
-0.8012059182  
-0.7417513638  
-0.92898438  
-0.5790874325  
-0.3493711228  
-0.3827385466  
-0.3386559436  
-0.4888090018  
-0.5807117658  
-0.7542883682  
-0.9792573817  
-0.7823375711  
-1.229153421  
-1.520795381  
-1.509949464  
-1.430886529  
-1.482756228  
-1.441933213  
-1.313027342  
-1.197534297  
-1.204695895  
-1.327389282  
-1.307207757  
-1.218510811  
-1.08260005  
-1.268660244  
-1.248226104  
-0.7959352022  
-0.5157166069  
-0.3086421953  
-0.353219692  
-0.3517038746  
-0.53108685  
-0.4788098365  
-0.5189440523  
-0.559331275  
-0.5605127264  
-0.6582927413  
-0.9563314913  
-0.8906272642  
-1.153848967  
-1.187376731  
-1.331427619  
-1.178464423  
-1.291062203  
-1.46814853  
-1.728491146  
-2.10073956  
-1.936845236  
-2.188639021  
-2.651991091  
-2.629167432  
2.013846416  
2.080208813  
1.817749824  
1.828701373  
1.712025225  
1.754233774  
1.627359382  
1.62609932  
1.449629927  
1.244117124  
1.243699216  
1.230743998  
1.201057406  
1.072177678  
0.7071952767  
0.6764209917  
0.8582311445  
0.6457222701  
0.700501468  
0.7758903254  
0.8294239608  
0.862022326  
1.024475964  
0.8548242304  
0.751789564  
0.5856411111  
0.4946030045  
0.5530479819  
0.5379694814  
0.6113078773  
0.4650260864  
0.4933842498  
0.5008713799  
0.4340021402  
0.3902570679  
0.3788650563  
0.3318047824  
0.1805115095  
0.6508888497  
0.6566239007  
0.6788336043  
0.6926781121  
0.3942908307  
-0.100373499  
0.2272026379  
0.5464037183  
0.3678390943  
0.1165725629  
0.3332931416  
0.4639936163  
-0.3120492202  
-1.654750284  
-2.401865494  
-3.251942467  
-1.288913108  
0.4442608193  
0.457839235  
0.4498164219  
0.6650572886  
0.9926822292  
0.8153192221  
0.7235806128  
0.8195800298  
0.8076910777  
0.6881677648  
0.9851484541  
0.8043501527  
1.052767225  
1.032441129  
0.7172372694  
1.02534593  
1.169672488  
1.113722908  
1.223500961  
0.9753166096  
0.7960356416  
-0.9175177087  
-1.611281903  
0.3959026345  
-1.723894078  
-1.556381579  
-0.8130691145  
-1.767630535  
-1.52246182  
-1.525613681  
-1.797611167  
-1.787223613  
-2.349470302  
-2.964555767  
-2.814930373  
-1.345621271  
-1.455161004  
1.447094832  
1.51150288  
1.479188237  
1.499631268  
1.545090421  
1.479218475  
1.577639888  
1.565223065  
1.50357841  
2.039831271  
1.778646834  
1.824092149  
1.661204661  
1.576281786  
1.631736171  
1.598469762  
-0.7416407104  
-2.251472527  
-1.286253862  
-1.112987818  
0.06354557623  
-1.318377031  
-1.326170402  
-1.314867749  
-1.567887042  
-2.704506466  
-0.5501996591  
1.771967576  
1.809926332  
0.1858005674  
-1.598883065  
-1.571477555  
-1.52669667  
-1.63333964  
-1.854137149  
-2.482424527  
-2.378942244  
-1.248342508  
-1.294413335  
-1.912222597  
-2.931962774  
-0.8206147866  
1.618471584  
1.421462411  
-1.158718774  
-0.2468408017  
1.433485051  
0.8463709915  
-2.347098481  
-2.433171335  
1.489540714  
1.436150344  
0.4682204585  
-1.487662581  
-2.522493137  
1.267644544  
1.156167104  
1.062226884  
1.202348365  
0.9436892085  
0.9247085535  
0.9526666886  
0.9483153916  
0.9284376663  
0.8344794907  
0.8411678903  
1.017178323  
0.6898589554  
0.5528789889  
0.6611611803  
0.5622793848  
0.3409130272  
-1.533064273  
0.02786079768  
0.2170963446  
0.3091855266  
0.3372691034  
0.1949302937  
0.1173371188  
0.2888183851  
0.2412940574  
0.09722693392  
0.05751996894  
-0.1958554725  
0.05864962858  
0.1433533974  
0.2647190571  
0.4595476803  
0.1585387331  
0.2224383969  
-0.1369519016  
0.2854363954  
0.2257610737  
0.1197749899  
-0.06375380343  
-0.08225165243  
0.005305649514  
-0.0008410837071  
-0.09103451451  
0.03872255528  
0.1127119991  
0.1883275869  
-0.5388159693  
-2.071045079  
-0.05208678144  
0.08417967493  
0.2296700515  
0.1729209989  
0.02964984934  
0.089081462  
0.2469156894  
0.2030835212  
0.2134723585  
0.159273774  
0.006569019497  
-0.05035527173  
-0.09907523889  
0.1181492259  
0.08188625701  
0.1205037456  
0.02865201582  
0.09429295192  
0.1192531415  
-0.1564420502  
-0.01618389567  
0.1777929148  
0.1850339524  
0.1100241542  
0.02835846996  
0.1044800929  
-0.03270168154  
-0.04268610721  
-0.7394202296  
-0.7754340716  
-0.6984399118  
0.05110653028  
-0.01228954974  
-0.3349190067  
-1.105853126  
0.407059554  
0.1838735383  
0.2858049799  
0.1137004071  
0.5028539585  
0.724101626  
1.00669851  
0.490968252  
-0.7260744366  
-2.382335867  
-0.06171550761  
-0.1720742122  
0.8960994953  
0.7810505929  
1.247283457  
1.124695968  
1.117705254  
0.2141214607  
0.03890186037  
0.202445722  
0.138578009  
0.3393622687  
0.09278743655  
-0.1490636483  
-0.04818014243  
-0.03186437969  
-0.1816105572  
-0.1719344574  
-0.2566111964  
0.2655591365  
0.002858202704  
0.1262453418  
0.06310560076  
0.04230589981  
0.01490910313  
0.05259219437  
0.02112055983  
0.008108745077  
0.09789665493  
-0.03608508239  
-0.09129241262  
-0.06794356083  
-0.07054140642  
-0.1461735388  
-0.1928475288  
0.1692225824  
0.03147504324  
0.1190830523  
0.2469029935  
0.2296955043  
0.1978075496  
0.06666966758  
0.02198685843  
-0.03094249427  
-1.473655495  
-1.458974834  
0.04719633032  
0.05877015414  
0.005538402736  
0.08965642158  
0.09817706034  
-0.04389609  
-0.04686728285  
0.2420686665  
0.1486609751  
0.2291999415  
0.2200785829  
0.3130736298  
0.3557087071  
0.1956034331  
-0.7225492473  
0.1643373544  
0.3084681  
0.1886761028  
0.3251736178  
0.1954682036  
0.3548798322  
0.1052639105  
0.5653168223  
0.5012909272  
0.3321968267  
-1.611743196  
0.003751961185  
0.2136919781  
0.1188176145  
0.1368299203  
0.2490944065  
0.233973453  
0.04201802532  
-0.2357969333  
-0.03122368939  
-0.009756166502  
0.359189073  
0.2993130669  
0.0949550789  
0.08582398964  
-0.06888109536  
-0.1886866479  
0.3352397269  
0.5792881138  
0.5463710568  
0.6676511022  
0.6225713033  
0.6778230847  
0.9129992526  
0.8469376699  
0.9190036966  
0.8670745524  
0.8292672977  
0.9941034158  
1.062268354  
1.027976639  
-1.225197206  
-1.389542799  
1.08775804  
1.215753745  
1.116893164  
-0.9232479941  
-1.761665391  
1.395146801  
0.3211978231  
-2.360707829  
-2.800038595  
1.310178405  
1.389351076  
-0.009025113887  
-2.314497108  
0.9956754759  
0.9827861001  
-1.280662579  
-1.761188025  
1.53463053  
0.6429101103  
-2.147188131  
-2.2402751  
-2.301311241  
1.347327349  
0.9959888368  
0.6515405156  
1.812327111  
1.959504184  
0.7897373797  
-0.7957562667  
-1.05507767  
-1.510625107  
-1.630159202  
-1.728566988  
-1.817015395  
-1.807801236  
-1.726401321  
0.08492167078  
-2.332214602  
-2.017521571  
-1.231790405  
-1.326965807  
-1.023226549  
-1.66574731  
-2.193566819  
-2.299313647  
-2.310729894  
-2.338515453  
-2.482067897  
-2.572361437  
-2.136221306  
1.269488564  
1.379857366  
1.179793108  
1.650769828  
1.505785821  
1.47395267  
1.101464355  
1.053073131  
1.071102411  
0.9923154531  
0.876149063  
1.178378986  
1.076886809  
1.215562662  
0.9533870551  
0.9285092719  
0.9205702196  
1.056284699  
0.8377935782  
0.7723305691  
0.7663863049  
0.7441657543  
0.720717541  
0.7089330999  
0.7469300444  
0.5679323712  
0.7840743308  
0.6716362377  
0.8520121767  
0.8071209666  
0.9817254428  
0.8526573081  
0.7386787845  
1.147808913  
0.756458646  
0.5392632423  
0.7174010478  
0.6744319779  
0.7177449099  
0.7860633387  
0.8451266984  
0.05380843198  
1.226619487  
1.221149941  
1.219643947  
1.365928992  
1.07659132  
1.177226728  
0.752085746  
0.6499864194  
-2.229290907  
-2.065956531  
-1.749484725  
-1.848567663  
-1.700104966  
-0.5157354792  
-1.763487799  
-1.68263167  
-1.524714275  
-1.533774468  
-0.7608405829  
-2.08804971  
-1.901093123  
-1.896344095  
-1.559342986  
-1.482761182  
-1.356484055  
-1.344096698  
-0.2643576348  
1.10653314  
1.036344807  
0.6906891628  
0.6468787558  
0.4669970496  
1.568053344  
1.271428844  
1.592320311  
1.526678294  
1.618590885  
1.622324846  
1.69471584  
1.783720937  
1.556288331  
1.523490207  
1.591469959  
1.665079622  
0.07756202989  
-2.340951475  
-2.220794946  
-0.1414003508  
1.804996682  
1.829260022  
1.877283374  
1.224313064  
0.284720921  
-0.0602494221  
0.1125811569  
-0.3525236652  
-1.407261264  
-1.136373499  
-0.7418202037  
-0.5744355995  
-0.7200009037  
-1.017411561  
-0.9535590821  
-0.4947218765  
-0.1746033533  
0.07124141026  
0.4883751281  
-0.3877775827  
0.2202254182  
0.251334785  
0.143423611  
-0.03371033957  
-0.2500559926  
-0.5104888056  
-0.6217074794  
-0.6541959093  
-0.5122842666  
-0.463417264  
-0.4739321316  
-0.4594510098  
-0.3437524095  
-0.4630892406  
-0.2630401074  
-0.3175749116  
-0.2765180157  
-0.3254280142  
0.1608074696  
-0.2727888993  
-0.2660572926  
-0.3814185272  
-0.3740569343  
-0.382049973  
-0.3249739826  
-0.3817284702  
-0.2093311089  
-0.3564700459  
-0.3245892265  
-0.4381701404  
-0.2270264706  
-0.4177667104  
-0.5828189053  
-0.6557577319  
-0.6731785606  
-0.6208182277  
-0.6480184208  
-0.732104769  
-0.5303845005  
-0.5820617448  
-0.7106690219  
-0.6959542452  
-0.8014665738  
-0.8407618293  
-0.9807428375  
-0.9132512132  
-1.028745241  
-1.077982148  
-1.177328609  
-1.118183754  
-1.087292538  
-1.216345877  
-1.076784245  
-1.29034734  
-1.410959083  
-1.344523786  
-1.441556037  
-1.566419002  
-1.568858492  
-1.55073482  
-1.562147656  
1.698531132  
1.643087356  
1.540030014  
1.541374726  
1.518043426  
1.433820895  
1.479690082  
1.395025751  
1.298451298  
1.181509668  
1.098477413  
1.201224152  
1.183732632  
1.160639041  
0.9723136219  
0.9197991214  
0.9909286339  
0.9333718313  
0.9485240989  
0.6438112746  
0.8032783966  
0.7818148432  
0.5782318218  
0.6908025574  
0.4425063714  
0.5927837225  
0.5419072304  
0.5929544846  
0.5210231735  
0.5490302961  
0.4320953025  
0.4552180805  
0.4318415946  
0.4379517223  
0.2323146659  
-0.6750374766  
-0.8274582467  
-0.2079977505  
0.4388933517  
0.4323304535  
0.4020449453  
0.5056292892  
0.571786524  
0.5430511304  
0.3873834428  
0.6350552582  
0.6164033867  
0.6861259375  
0.4713179289  
0.322603893  
0.6442412663  
0.5776663107  
0.4324000564  
0.7209089249  
0.545261326  
-1.298172654  
-1.870825873  
-1.326120744  
-2.212952745  
-2.982606689  
-0.3823407015  
-3.370285451  
-1.502835916  
0.6315788342  
0.1573618465  
-2.107716868  
-2.295524607  
0.6192835095  
0.5929975987  
0.5742137036  
0.5076460355  
0.4956401561  
0.5500369665  
0.4734985395  
0.5297516699  
0.5255415266  
0.5468507113  
0.4767915303  
0.3931515894  
0.3822351126  
0.3448736736  
0.3906681379  
0.2038394462  
0.1379578057  
0.07425263818  
