0.9352468812  
-3.301676853  
-0.2991258005  
1.696668616  
-0.401603548  
0.009042181685  
-0.2966591996  
-1.158295449  
-0.7826847348  
-0.03044343097  
-0.1456562188  
-0.08093088522  
1.881885694  
1.623282127  
0.8223052735  
-0.1470959162  
0.2373203121  
-1.302196428  
0.4506351061  
1.190012711  
1.0554838  
0.3821444989  
0.4138178415  
-0.8213271861  
-0.5172425456  
0.143467117  
0.7196192237  
0.6320045358  
-0.8471428947  
0.2899674007  
-0.7475849311  
0.2268777666  
-0.7286131939  
-0.1990042831  
0.4145617259  
-0.2704578654  
0.4683758826  
0.5634066716  
-0.5327905017  
-1.979707567  
-1.456871914  
-0.500998918  
0.3164236894  
1.567639878  
0.4516399217  
-0.3477872154  
-0.6745646153  
1.02831738  
0.3705922963  
0.6952309331  
1.308096686  
1.463669252  
-0.6962207245  
-0.1003403976  
-0.1314208248  
-0.3570826786  
0.5436440348  
0.3634647804  
0.1104998489  
0.1078308874  
0.3930910303  
-0.6331454661  
0.1771705801  
-0.2418544584  
-0.2029882086  
0.05882495461  
-0.1477099778  
-0.4794922274  
-0.8021167314  
0.06365255766  
-0.4625980223  
0.6244419592  
-0.7209102857  
-0.9860399594  
-0.5598791956  
-0.2082111891  
-0.1900444477  
-0.3296884591  
-1.14476383  
-0.2780324217  
-1.194924675  
0.9245193924  
0.7002195931  
2.172592928  
-0.2497562147  
-0.9440714849  
0.3690763922  
0.3449339255  
1.019415128  
-0.2141475846  
0.3473150719  
0.3023010391  
0.6472285184  
1.390805547  
-0.3105612358  
-0.9011765072  
-0.728203773  
0.127896165  
-0.8723655496  
-0.4728320364  
0.4573650462  
1.490247361  
-0.1686466553  
0.4865972202  
0.7565547964  
1.177211326  
0.04881924425  
-0.3441649112  
-0.4505252141  
-1.996244172  
0.3559163469  
0.7945606162  
-0.3494086536  
-0.1261926738  
-0.1972062856  
-1.17692219  
-0.9637540636  
-0.5513837998  
-0.5429654112  
0.6828653066  
-0.02345992456  
-0.3750356664  
-0.8860419334  
-1.092596664  
-0.5816450907  
0.5973864104  
0.2734711367  
0.8971664916  
0.7267672835  
-0.1389153422  
-0.2240699937  
-0.6085898879  
0.1519947343  
-0.3693337523  
0.4201554831  
1.481900869  
0.999102013  
0.8366468077  
0.5783701181  
-0.2205351453  
-0.851454522  
0.8211028341  
0.23459345  
-0.01853531076  
0.5574796854  
0.2144108594  
-0.8240871103  
-0.2606118229  
-0.9581239932  
-0.01964631455  
-1.009494546  
0.7675963005  
0.4106185514  
1.134982732  
1.011886611  
-0.2470995014  
-0.8296036576  
-0.1017875393  
0.7784460055  
-0.7796838329  
-1.007501011  
-0.8490280677  
-0.3998921824  
-0.0317846716  
0.535341749  
-0.1821524147  
0.6918732613  
0.1630085082  
-0.8311667078  
0.7041598424  
-0.5026459755  
0.2572393385  
0.1467775783  
0.4056498478  
-0.02169891236  
-0.6804831443  
0.1643680408  
0.5089340379  
1.550235276  
0.9233139483  
-0.06307182163  
0.5154335111  
0.3251674733  
0.4250488428  
-0.8325562971  
0.4294147291  
-0.2051513589  
1.902826017  
0.6927341566  
-0.2416595702  
-0.9744798359  
0.4606617499  
-0.4331021227  
-0.4838180916  
-1.305497029  
-0.6180884934  
-0.2962618169  
-0.9889209834  
1.225936117  
-0.1392906933  
1.166446001  
-1.0957338  
-0.4743475196  
-2.098966082  
-2.105945812  
-1.582318464  
-0.6689086627  
-0.5974971113  
0.05587029223  
0.02031072174  
0.4336700596  
0.2479368149  
1.602391801  
0.9209238354  
1.091229199  
0.6667397984  
1.32985007  
-0.3814831881  
-0.1352081295  
0.8749761608  
-0.4696592277  
0.6145622724  
0.2667205015  
-1.325933983  
0.3713584169  
-0.2939111376  
0.1877498484  
0.460188773  
0.6006615853  
0.3158239397  
-0.378148312  
0.1990698596  
0.4618626644  
-0.09909706678  
0.4661292463  
-0.7922914576  
-0.1944965599  
-0.06215783092  
1.511787156  
0.3590775031  
0.2115884588  
0.7081684029  
-0.1511480845  
0.5198468255  
-0.3286241347  
-0.943660289  
0.1469183373  
-1.154290941  
1.225798163  
0.6457402467  
1.360929134  
-0.6975544303  
-0.9296537006  
-0.6771424592  
-0.3813007285  
-1.014790773  
-1.187885395  
0.4108665154  
0.501802483  
0.6338272407  
-0.4453208805  
-0.931357986  
-1.36669738  
1.822269391  
1.540663417  
1.245536392  
-0.6638867543  
0.3243595369  
-0.7122897719  
-0.9974408069  
0.9063808529  
1.200167105  
1.124737823  
-0.4503122185  
-0.5801469303  
-2.011643338  
-1.368852911  
0.4963815316  
0.5385537044  
0.896242632  
-0.2259997236  
0.2618489882  
-0.1527601266  
0.1320075584  
-2.436444284  
-1.979336319  
-0.6256031937  
-1.257849064  
0.5747507458  
0.7893680371  
0.6867882693  
0.5446318363  
1.149342936  
0.4114050796  
0.8472864273  
-0.2058013538  
0.5491676153  
0.09000570331  
0.6567662621  
0.548865701  
-0.588976092  
-0.7514564298  
-0.935234354  
-0.314850358  
-0.6212015627  
-0.3021094719  
-1.934986202  
-0.8734630065  
-1.45338314  
-0.722575067  
-0.5551836134  
-0.7851439176  
0.1128584708  
1.267109416  
0.9974324834  
1.52138033  
1.129053115  
1.278183172  
1.533332883  
-0.4247813643  
-0.05117552881  
-0.9405422972  
0.4744749712  
0.06782221463  
0.797507556  
-1.150565013  
0.05457351296  
-0.09997008707  
0.0680936309  
-0.2729383217  
0.3850979495  
0.08017173616  
0.3430113721  
-0.1000197217  
-0.3307665298  
-0.2750151917  
0.3020089808  
0.811689227  
-0.1909000732  
-1.120031596  
0.726193401  
-1.389800994  
0.54071227  
-0.05318057472  
0.9317525621  
0.5609116668  
-0.2982592456  
0.1684527947  
0.2276490555  
0.1121674117  
0.5434360386  
1.282014129  
0.7510770605  
-0.3013564135  
0.2345997566  
1.939149821  
-0.7190965436  
0.2829882164  
-0.4268682952  
0.3010023793  
0.3012615398  
0.8025003512  
0.4241545533  
-0.3067661182  
-0.07696235602  
0.5709957904  
-0.2522412466  
0.2836903758  
0.3182688962  
-1.01677369  
-0.9007589785  
-0.05125247229  
-0.1467281953  
1.23248324  
0.4340204145  
1.209143219  
-0.3877365465  
-1.145808708  
0.008065227613  
0.7285566428  
0.5004565436  
0.7342262963  
0.2312170776  
-0.3477565097  
-0.373506232  
0.1738194976  
0.7188747037  
-4.76522507  
-2.391437299  
-1.883320716  
-1.26727296  
-1.661729404  
-1.030028031  
-0.2142051916  
1.913915331  
0.07583841385  
0.01274335835  
-0.4712853281  
-2.133509643  
-1.508037418  
-0.132651841  
0.4559320749  
0.5415860893  
1.303603432  
0.7502882739  
0.973975593  
-0.3716582741  
-0.7308145591  
0.4208259769  
-0.1615560688  
0.439709674  
0.5925594876  
0.6113721142  
-1.064721183  
1.247902722  
1.016180893  
0.6254810914  
0.8434575017  
0.1903050899  
-1.074579562  
-0.9089770443  
0.3579545812  
-0.3113196959  
-0.3542463572  
-0.1464655046  
-0.2627655228  
-0.08634398488  
-0.5052438413  
0.8628278219  
0.3754298639  
0.2248334025  
3.008647242  
0.9361731523  
0.2102526816  
0.04851124525  
-1.311340861  
-0.6721160943  
1.254220053  
1.195362103  
0.7411784033  
0.09487350897  
-0.6471571176  
-1.338328827  
-1.489380877  
-0.6524911799  
0.1891528075  
0.2068705846  
0.8460885856  
0.4544721425  
0.9269228023  
-0.6167744  
0.531439258  
-0.5983912189  
-1.211791923  
-0.1073106816  
-0.6954007602  
-0.01558544133  
-0.1499884147  
-0.1302042932  
-0.08543274516  
-0.002634861307  
-1.029518177  
-0.8765933774  
0.2795429112  
0.7123826313  
1.025939503  
0.5939351078  
0.5435964045  
-0.02140389343  
-0.2668026382  
-0.8006156486  
0.2223267737  
-0.492936824  
0.709550378  
0.561027711  
-0.5093995425  
-0.2210331846  
-0.6159833861  
-0.2265304864  
-0.3137894797  
-0.112776464  
-1.267885706  
0.4210256754  
-0.2137882406  
0.7071850114  
0.7112139366  
-0.3067289016  
-0.3623727745  
-1.030653813  
0.1114491713  
-1.105826218  
0.330350245  
0.4724288132  
1.364596213  
-0.03069472971  
1.404914042  
0.3403061242  
-0.2019870033  
-0.08805919881  
1.257891004  
1.119280477  
-0.02558423346  
-1.084558694  
0.09278682012  
0.8667369164  
1.761981741  
0.6019069475  
0.4100583426  
0.5617887875  
-0.06230966505  
-0.1004970707  
-1.483905087  
-0.2217306914  
0.5356280996  
1.011441367  
2.040395484  
2.051050033  
1.847902157  
1.234662487  
0.5665918624  
-0.05198329006  
0.7862898278  
0.707770778  
-0.3004644227  
-1.239364287  
-0.3287832289  
-0.07945061713  
-2.140524065  
-0.7799756974  
-5.257894533  
-3.450197439  
-1.743370956  
-0.343167352  
-1.95629383  
-2.770100674  
0.3964699744  
-1.102235794  
0.4992376985  
-1.000288947  
-0.5250796106  
-1.625504144  
0.6509391293  
0.7647464662  
1.722506483  
0.5538609764  
-3.016392276  
0.2053520194  
2.224051234  
1.25428749  
1.013864642  
1.997195857  
1.298079922  
0.8834036171  
0.6598374858  
-0.153440849  
-0.4239352607  
-0.1825691106  
-0.4434832  
0.3232262482  
0.9669507484  
-2.5234591  
0.7910286793  
0.4697363667  
0.09191120045  
-0.1839474486  
-0.7431666093  
0.3775059825  
-0.01852903273  
-1.135165849  
-0.2718942065  
-0.008349394586  
1.49839445  
1.781207544  
1.688708333  
1.356200022  
-1.004915023  
-0.9152089026  
-1.299437872  
-1.688385986  
-0.7962937566  
-0.5833612016  
0.1988216014  
-0.6710958847  
-0.799089283  
-0.6164636166  
-0.6007298597  
-0.06159591189  
1.473958827  
1.767011982  
0.8319332738  
-0.5770478288  
0.4986414115  
1.385488469  
-1.119680901  
-0.577789847  
0.1623317011  
0.1696646255  
-1.034926982  
-1.123137005  
1.401523155  
0.2986841627  
0.2159451751  
0.2629827245  
-1.178503206  
0.01863899845  
0.9067602769  
-0.6545559389  
0.4227796633  
-0.2436029235  
0.6263381731  
0.4874087045  
-0.8843022527  
-1.976280527  
-0.8113532867  
-0.356315728  
-0.7147885417  
1.115006573  
0.7150280252  
0.05369302035  
-0.5888993495  
0.6932646129  
-0.04940650795  
1.057171199  
0.4258362304  
-0.548915814  
-0.0725728394  
-0.174629835  
0.4783945847  
0.4915435229  
-0.6663507837  
1.450348796  
0.8344995561  
-1.026799957  
1.934631617  
-0.939940097  
-0.5093090871  
-0.2784096886  
0.8085894692  
-0.3094614427  
-0.7840766439  
0.4803129646  
0.2539103765  
0.3221800731  
0.656186432  
0.4030375426  
-0.4121932016  
0.138962493  
-0.4508893491  
-1.623614101  
1.157802451  
0.878251825  
0.7510972317  
0.1413065294  
-0.4183698036  
-0.6865759938  
-0.7414034397  
-0.4494948028  
-1.330615531  
-1.793206101  
-0.9634540551  
-1.833839641  
-0.09189801248  
0.2335876634  
0.6591371098  
-0.1817905081  
-0.7843412083  
-0.9397994728  
1.0229309  
1.024699382  
0.6357641386  
1.648332652  
1.059220016  
0.2267264546  
-0.9079345968  
-0.2784289296  
-0.8422489275  
-0.4354863987  
0.3275534698  
1.580043712  
-0.1720829464  
-0.3504334807  
0.5849964542  
-0.1831911403  
0.3856884031  
0.4636241347  
-0.6718058163  
0.6627691465  
-0.1410341106  
1.188409308  
1.467731975  
1.433822212  
1.41529635  
1.4797365  
0.8764515978  
-0.11867665  
0.0222071553  
0.1547607988  
-0.5139434007  
0.6342696524  
-0.9451993769  
-1.353728608  
-1.170103039  
-0.6013586126  
0.1817834658  
0.1460177641  
-0.7230676525  
-1.791860247  
-1.238897677  
-0.3605054921  
-0.5656062966  
0.4802076747  
0.8103932078  
-1.614802904  
1.672540779  
-0.5677752217  
-1.058869322  
-1.251572291  
0.1811953299  
0.3668153455  
-0.4432607192  
-0.7648802156  
0.7725532138  
0.1835828247  
1.148469596  
0.8599726702  
1.347335639  
1.65476699  
-0.6586596061  
-0.05552579248  
-0.7578844798  
-1.010862266  
-0.5678181472  
-0.7570757774  
-0.3798197952  
-0.2262225815  
0.05893389015  
0.02552852381  
0.8653438924  
-0.1068283393  
0.8190165677  
1.70451342  
0.5354863753  
0.3971555131  
-0.3449167995  
-0.07517962768  
1.203519017  
0.2501694173  
0.1149548709  
0.704425829  
0.05486515395  
0.9860822339  
0.2577220717  
0.2895402018  
-0.2218086853  
-0.04106764653  
-0.8482108879  
0.3153064252  
1.260621532  
-0.2068979966  
0.8640052661  
0.02175926579  
0.6754856841  
-0.6136465446  
-0.03813551886  
0.7088034885  
1.838244257  
1.163568277  
0.898197551  
-0.8870486634  
-1.177868832  
-0.974485246  
-1.495110063  
-0.9283945719  
-1.636484223  
-2.196424669  
-1.996997754  
0.0154118892  
0.08073994957  
-0.6776736308  
-0.9370853238  
-0.02074411123  
-0.8613414781  
-0.07383218578  
-1.061420467  
0.4253613666  
0.3286887024  
0.76321803  
-0.6928958054  
-0.1978753849  
-0.9835831807  
0.06817124821  
0.02437778295  
0.50777112  
0.3584618302  
-0.0443433201  
0.08673773696  
1.437622864  
2.159292999  
1.407213568  
-0.757423033  
-0.8006652434  
-1.256533961  
-0.2764634598  
0.2909744365  
0.04396220936  
-0.2234374891  
0.3982975842  
-0.2108152367  
-0.4020947301  
1.159453986  
-0.6764384954  
0.6082338247  
0.6229696795  
0.7650023271  
0.7305990639  
0.5311532141  
0.8131178448  
0.3802346209  
-0.5701017852  
0.197706511  
-0.4952090115  
-0.2299036568  
-1.657656294  
-2.277701724  
-0.340623965  
-0.3946423685  
0.1856137085  
-0.4142500776  
1.553956644  
1.003269679  
-0.6959783697  
0.6187501199  
0.5832938706  
-0.01968175603  
-0.5470814351  
0.7437399375  
-0.6136136408  
0.09142437481  
0.08508536297  
-0.008997799762  
0.2238497596  
0.1097792246  
0.1096263861  
1.020686209  
-0.6671547623  
-0.02060818897  
-0.9641731334  
-0.0004904674584  
0.7508788812  
0.2967272609  
0.05286952801  
-0.4152882178  
-0.1324976136  
-1.057343466  
-2.02673913  
-1.056439435  
-0.3270327528  
-0.7452532775  
1.049304462  
1.36340518  
0.1243022043  
1.288400605  
0.0345477111  
0.3385091057  
1.204616309  
-0.1395811157  
-0.9149589934  
1.14015325  
0.3921422893  
-0.7860093954  
0.3709567953  
-0.2217022872  
-0.4012344861  
-0.4571719371  
-0.7006177646  
-0.3707985902  
-1.095937479  
-0.237865533  
0.8142019756  
-0.1946312758  
1.101134866  
1.676820009  
0.5570668281  
0.2690298419  
-0.4668835918  
0.02212984143  
-0.01604517892  
-0.4156630191  
1.043054368  
0.1790093457  
1.197717572  
0.06114178648  
0.911134095  
0.7308149643  
1.141742987  
1.013902508  
0.33630084  
0.424553159  
-1.618241935  
-0.8184189882  
0.3723629289  
0.4424108739  
-0.1234707376  
0.07282994985  
-1.736902034  
-0.2837297842  
-0.7232255803  
-1.490574902  
-1.089311669  
-0.4017475775  
1.237880366  
1.256340242  
0.5637442436  
-1.059730906  
-1.141036223  
-0.05297336528  
-1.435898063  
-0.1630199581  
-1.519023013  
-0.9249294212  
-0.1961750935  
0.5508745737  
-0.5472568209  
0.6440347475  
-0.1418787122  
-1.035660098  
0.1177102628  
0.1701097133  
0.8712638582  
1.163611247  
0.5041787225  
0.812000789  
0.8507871433  
-0.2377711068  
-0.1687718828  
1.995709245  
0.7500075876  
1.299548955  
-0.228755507  
0.6526388692  
-0.3004928317  
-0.6884545941  
-0.654834368  
-0.1843365747  
-0.7824652781  
-0.5371774941  
-0.1214877665  
0.09851164733  
-1.017878329  
1.038928314  
0.413403765  
0.9319272544  
0.1920181488  
-0.04955549176  
0.02011741141  
-1.64698131  
-0.2375201808  
0.1014608406  
-1.019824444  
0.02286756726  
-0.6787434428  
1.714260223  
1.736646827  
0.8675525772  
0.3996863386  
0.8517331129  
0.8052839075  
0.619036715  
0.8334716845  
1.482298561  
-0.1649652394  
1.687707783  
0.6772455617  
1.044481491  
0.3336726392  
-0.2092336896  
0.4372493884  
-1.492012901  
-3.666977888  
-2.433023839  
-2.20573593  
-1.155286514  
-0.9136833376  
-1.423464972  
-0.9806474247  
-2.393050245  
-2.158953753  
-1.143842857  
-1.006958813  
-0.4586604327  
-0.3976399371  
0.9211411739  
0.6845777729  
-0.04677509653  
-0.4289299509  
-0.4683336584  
0.9565725489  
1.346178232  
1.204568934  
2.003903425  
2.975883052  
1.189823379  
1.086581052  
0.5993122081  
-0.594943198  
0.8109115117  
0.4439655831  
0.08569789641  
-0.1477975289  
-0.004541940972  
-1.150034781  
-1.065531467  
-0.3439553539  
0.6081132042  
0.5395277779  
-0.07567617019  
1.421460477  
0.2125505776  
-0.04119134395  
1.03627746  
0.910506727  
-1.266269159  
-0.08689520257  
-0.1683982301  
0.08981744769  
-0.6562277482  
-0.824662521  
-0.1071962725  
-0.6378756026  
-0.3699609559  
-0.1715670578  
-0.8165194566  
-0.4860356398  
-0.813366537  
0.2101691919  
0.5408957537  
-0.5037808553  
-0.5808395728  
1.017631114  
-0.1809415614  
0.376828274  
1.36642962  
-0.798114609  
-1.266221548  
-2.88642751  
-3.545882519  
-1.709162494  
-1.230707345  
-0.6741831875  
0.7374504977  
0.9618954811  
0.8850908168  
0.1045765293  
0.3809315313  
0.5448555989  
0.9589909078  
0.4512778944  
0.6954162062  
1.614840195  
1.106830233  
0.9269821897  
1.445283487  
-1.394233964  
0.64253722  
0.005762497731  
0.1253996516  
-0.5152546267  
-0.04382333154  
0.813526115  
0.7989098279  
0.5390572131  
0.234174943  
0.8303150491  
1.325104593  
0.4602144046  
0.6361583582  
0.02076589897  
0.6041823774  
0.3990450431  
0.6092922078  
0.3647320946  
0.1519343145  
1.443529073  
-0.3253259797  
-0.03976325043  
-0.9516216086  
1.338953738  
0.2624167802  
-0.8206857648  
-1.847638621  
-4.805145758  
-2.571017007  
-1.696907542  
-1.575234708  
-0.3077529729  
-0.7874622085  
-0.8866137921  
-0.07833121291  
-0.02163150012  
0.1137848909  
1.271489768  
-0.1569191026  
-0.1781899391  
-0.4314647942  
0.3402029394  
1.116484054  
0.2883550675  
0.8732718803  
0.03737186602  
0.1287809151  
0.5364255646  
0.328382461  
0.5092086145  
0.8998242261  
0.2764167671  
0.3319225588  
-0.5592886676  
-0.4902823683  
-1.050329775  
0.7586466589  
-0.1118202766  
1.536710462  
1.178145293  
1.354600017  
-0.2895060105  
-0.6187617575  
-0.3455974229  
-0.08410811714  
-1.311820354  
-0.2580539066  
-0.4634026302  
1.781842931  
1.13209469  
0.812991228  
1.781179325  
-0.240663281  
0.06800757129  
0.1702631164  
-0.9393048221  
-0.04011575202  
-1.235816263  
-0.1701154887  
-0.9611511097  
-0.2772464493  
0.2328491242  
-0.09285163287  
0.3495982461  
-0.1923568  
0.7333819312  
-0.01550725016  
-0.2091460347  
-0.6158619194  
-1.35284236  
-0.6633897184  
-0.7759490142  
-0.8024422389  
0.8491596222  
-1.245296432  
-0.8760195836  
-1.703961157  
-0.9828052388  
-0.2724531665  
0.3062906012  
-0.825755255  
-0.7425631884  
-0.827289698  
-0.6795746337  
-0.9778403299  
1.473976891  
0.4103576988  
1.882526895  
1.66916227  
3.208732777  
-0.3113481709  
0.6543986905  
0.469389981  
1.268404142  
0.424130141  
-0.1342040816  
-0.5847132483  
-0.8906631694  
0.5530086024  
0.3794354665  
0.574160885  
-1.341903851  
-0.3323209869  
0.4548557521  
0.4148897588  
-0.4463146317  
0.5141613835  
-0.2504186414  
0.1187437348  
1.642736456  
0.2226728212  
0.06300411691  
0.9645272036  
0.1458474508  
-0.8160248752  
0.6578088382  
-0.3694647623  
-1.146114677  
-0.6513048872  
-1.687676529  
-1.466627406  
-1.202536036  
0.6149898472  
0.200402004  
-0.07467312927  
1.540874534  
0.8589443883  
-0.2119902276  
0.4927113327  
0.9648145068  
1.915804608  
1.602463885  
1.112630231  
-0.110590301  
-0.7681341202  
-0.8936002808  
-0.2031022833  
-0.4784613004  
-0.4942087724  
0.6176418581  
0.1582697477  
-0.1379779492  
-0.2263605005  
-0.4153942454  
0.3089380817  
0.5696413958  
0.7560492186  
0.4225713317  
1.720019577  
-0.9694505542  
-1.064334115  
-0.6434718552  
-1.47746565  
-0.8508271893  
0.1076378881  
-0.09837258551  
0.6261459935  
0.6683848523  
-0.4450273739  
-1.988634801  
-0.6426401153  
-0.5324145727  
-0.8864931593  
-1.395421943  
-0.294716236  
1.677040276  
0.7177018637  
0.03411979194  
1.03404504  
-0.7368856091  
1.317605516  
0.9466418886  
0.6918964677  
0.4162522127  
0.2119179886  
-0.2771630246  
-0.3098081415  
0.8101406583  
1.645889562  
1.812245685  
-0.3995455656  
0.5966591752  
-0.9685495429  
0.5440742199  
0.9647402198  
1.072696349  
1.883755621  
0.3412539804  
1.083859213  
0.9992060677  
0.05863922878  
0.1305473711  
0.357304225  
-0.3087650309  
0.6133653925  
0.9257349401  
0.2567070726  
-1.381870048  
0.4269467235  
-1.817467194  
-1.488327187  
-2.184733436  
0.5809556523  
0.9892029147  
-2.087800663  
-1.765676296  
-0.8172768947  
-1.989743073  
-2.030629293  
-1.064470418  
-0.4955057511  
-1.1140589  
-1.30979686  
-1.316462297  
-0.1237136113  
-0.4940236066  
0.751320424  
0.9076124239  
0.07298100683  
1.269885075  
1.134086469  
0.05905178356  
0.9940484694  
1.0132012  
-0.580922023  
0.6408628693  
-0.07840370461  
-0.4665279961  
-0.7913425535  
0.2455636881  
-0.4944950363  
-0.2266189798  
-0.2420934271  
0.1949423978  
0.6518049882  
-0.5584127658  
-0.4715133978  
1.275230819  
-0.05877550026  
1.55909973  
0.3545383574  
-0.1836301592  
0.8339755448  
1.29079313  
-0.1614543097  
-0.2447511463  
-0.6908903409  
-1.247954473  
0.4991714793  
-0.9901589205  
-1.96722704  
-1.866449618  
-1.516634436  
-1.868120415  
-1.459929402  
-1.116762443  
0.8488294053  
0.08608789845  
-0.6318073928  
-1.118169733  
0.4965696012  
0.4293237667  
-0.7269302361  
-0.4279483008  
1.125287048  
-0.4280647904  
-0.08454449609  
0.5413854444  
0.650219879  
2.303952387  
1.340298241  
0.7592309876  
1.514270128  
0.6238048086  
0.9463088321  
0.8994460659  
1.364100267  
0.8001481877  
0.5239337631  
0.2282023894  
-2.177452797  
-0.9244645275  
0.006499974515  
-1.539635687  
-0.5331576918  
-0.3269684693  
0.3322420682  
-0.3687219259  
0.3923358781  
-0.9734144142  
-1.640173126  
-1.233988891  
-0.6379020737  
-0.4732409635  
0.049631046  
1.061496228  
0.3991010354  
0.7412941464  
0.2043463538  
0.875092783  
0.8417706232  
1.025299425  
1.02984852  
-0.9871995097  
-0.6778964308  
0.2737765178  
0.2906826224  
-0.3379027869  
-1.681835815  
-0.2331080069  
0.09009154668  
-0.04483861144  
0.2600340746  
-0.0009263208362  
-0.6572867781  
0.2777927771  
1.073718686  
-0.4397957625  
-0.1108262536  
0.5171948802  
-0.3270742265  
-0.2597565705  
0.0287029984  
0.5802897078  
1.473781797  
1.480404128  
-0.2949039184  
0.00872666915  
0.3688787082  
-1.206836885  
0.5291796376  
0.2488724886  
0.6354995629  
1.128063175  
-0.3217054096  
0.3562897663  
-1.42757938  
0.6012040557  
0.2487061939  
0.9958341653  
-0.6585992864  
-0.3842886582  
-0.6486207425  
0.03611278979  
-0.5345664814  
0.6404328946  
-1.541423743  
0.06765880572  
0.8449513141  
0.3595943717  
-0.5510018024  
0.3680716131  
0.3165458181  
-0.4603666106  
-0.1531543058  
0.2342282902  
0.1815900413  
-0.4106887164  
-0.7599770555  
0.5627556  
0.05406435661  
1.308374794  
0.656758739  
0.826878799  
1.369896088  
-0.0433707826  
0.6763636341  
0.3426211603  
0.285358455  
0.3615717148  
1.033008775  
0.5636583131  
1.431394433  
0.9053236311  
0.03374569458  
1.347522427  
0.5193929082  
0.7929004544  
-0.9766063264  
-0.7780931554  
-0.1097476258  
0.3251405358  
-4.168315087  
-1.470186653  
-2.130855637  
-1.34056595  
-2.625545258  
-0.8782750227  
-5.166261783  
-2.060467806  
-1.927578797  
-0.5570595526  
0.9672969016  
1.145083718  
0.7329547381  
0.4767517206  
0.4919456628  
0.3696173967  
0.617879766  
0.5973619964  
1.511417345  
-0.9953756429  
0.1817848851  
-2.593301259  
2.07649536  
1.957403982  
2.493559298  
0.3116175486  
0.2755202866  
1.046290878  
1.90738438  
1.533752185  
0.5086218868  
-0.7335760793  
0.5122836078  
0.03018791675  
-0.8786852139  
-0.2888146209  
-0.6124628312  
-0.3911601386  
0.5039758486  
-2.187189142  
1.16192146  
1.197763966  
0.0009528836163  
0.3074860582  
-0.5537267738  
-0.159481112  
-0.2324153189  
0.8578271971  
1.603812531  
-0.7301182428  
0.3432237417  
-0.6744535658  
0.080064627  
-0.8654452847  
-0.7936632746  
-1.059328883  
-0.496602993  
-0.4462635375  
0.3619557655  
-0.1132105225  
0.03097442722  
0.2532770181  
-0.7973200476  
-0.8137678086  
-1.266418288  
-1.247723885  
-0.6976343764  
-1.023461074  
0.3209596252  
0.1119793324  
-1.120748967  
-0.2341783727  
-1.798937418  
-0.2509137069  
-0.8438218695  
-1.162303667  
-0.408598248  
-1.444796004  
-0.5245776944  
0.8510770423  
1.909227909  
1.898271901  
3.005907019  
1.637488881  
1.452579575  
1.281836826  
0.8281812048  
-1.707562953  
0.8686414646  
2.25628695  
0.836352395  
1.782016294  
1.861316883  
-1.079765754  
0.7720794242  
2.206750874  
2.50368835  
1.278105322  
1.23495434  
-0.9774429645  
-0.1890813104  
0.5439236278  
0.5843715832  
0.1051623229  
0.04557650529  
-0.3515479879  
-4.8211155  
-4.295008035  
-1.896133181  
0.4823055603  
0.3375890752  
0.5244012336  
0.99692021  
0.09782565068  
0.3483022016  
-0.2478352278  
-1.854631637  
-0.3943225839  
-0.036217675  
-3.773077653  
1.050803439  
0.2357172654  
-0.01169243079  
0.6375284049  
-0.1618916323  
-2.157334716  
-0.2528965063  
-0.7285384483  
0.06515333604  
0.5684755394  
2.176344643  
1.184100755  
-0.8308264624  
-0.2117745654  
0.8933785308  
3.398689337  
0.9797778303  
0.4521182415  
-1.054209792  
-1.819158467  
-1.44361724  
0.5467628764  
1.157807809  
0.6334187572  
0.4256538463  
-0.6065632673  
0.4590384944  
2.05960379  
1.897033213  
0.4105433795  
0.2689072395  
-1.653463157  
0.007566069158  
1.150136968  
0.2911094622  
-0.04298281886  
-0.6915347444  
1.139491957  
-0.07033965221  
-2.14335877  
0.9622920669  
1.102278694  
1.037315777  
0.5717227249  
-0.5460694303  
-0.1638960011  
-0.8983630036  
-0.3908521429  
-4.218741745  
-2.28894385  
-0.3524399734  
-0.03812187424  
0.9578953429  
-0.1135634911  
1.15938534  
-2.567406248  
-1.931718383  
0.4443747452  
0.2594359366  
-0.4597293998  
1.265875257  
-1.029048712  
-4.071758062  
0.3574248308  
2.395921452  
2.112472862  
-1.467199157  
-0.8236624567  
-2.543150329  
-0.3963167231  
1.35392632  
1.619780153  
-0.274314063  
-1.301701689  
0.5578143924  
-3.083548413  
1.579272281  
1.956545608  
0.7877693194  
0.21355419  
0.1269230425  
-2.042473474  
0.8634877908  
0.6497886179  
1.371836393  
-1.416157197  
0.800516947  
0.1100183849  
-1.28099202  
-0.07099666499  
1.029029761  
0.1285173028  
-0.7787383693  
0.279421118  
-0.2992766777  
-0.1462855011  
1.104792852  
0.0807183701  
0.933082595  
0.1798324094  
0.1423625991  
-1.54528758  
-0.5990013141  
0.7924699728  
-0.1895908945  
-1.036102745  
0.9476149749  
0.3106384043  
-0.4534441582  
-0.5901098139  
0.4610898625  
0.2731779085  
0.921845138  
0.8847598696  
0.6496610426  
-2.600212284  
1.044777174  
0.2021977186  
0.5372384796  
0.4250390334  
-0.4890505994  
-0.5795537731  
0.6299630419  
2.069439067  
-0.1442399196  
-1.347240497  
-0.7534683246  
-0.1341378255  
-1.851261827  
0.735696699  
0.7200750599  
0.836113173  
0.9791978505  
2.160110805  
-1.55504635  
0.3322289283  
0.669650649  
1.388686502  
1.558181912  
-1.479141797  
0.01375697301  
-0.9551514936  
0.4763620779  
2.395806605  
1.292581799  
0.234947747  
-1.032140852  
0.123323726  
-1.632511418  
0.2978669161  
-0.7310119267  
-0.4980805746  
-0.7045864483  
0.945779091  
1.437204078  
0.7296339191  
0.2049596212  
1.269337356  
1.514780432  
0.4663522067  
-1.112902699  
-0.5170311078  
1.350365796  
0.6754891498  
-1.348123071  
-0.1578602457  
-0.6381267994  
0.3810843831  
-1.437258923  
-0.299088458  
-1.240115914  
-0.9878485758  
-0.7781725277  
-0.9639641297  
-1.534255977  
-0.8024339509  
-0.8092079366  
-0.7691995372  
-0.7780426205  
-0.644696312  
-1.948768611  
0.357337827  
1.24155122  
1.549855273  
-0.657475556  
0.6064140811  
0.2306253308  
-0.3611677792  
0.5067165823  
0.7316097799  
-0.1484836449  
-0.3047524786  
0.1649334477  
-2.580593819  
1.060369879  
0.6274691604  
0.6188294861  
-0.9885182573  
-1.36060429  
1.042340816  
1.782636579  
-0.5345840716  
0.07354509128  
0.4006858851  
0.3152069087  
-1.695407363  
0.8923614191  
0.6313993404  
0.3706515461  
1.101342106  
-0.5515712384  
-0.09347750332  
-1.382227135  
0.8573704261  
0.0008940905354  
1.348840466  
0.3868688474  
0.8533864107  
-1.077281742  
0.3930888886  
0.891422722  
0.001145358796  
-1.184587603  
-0.7381111933  
1.097555926  
1.547467021  
-0.1778301185  
-0.6639438111  
-1.655837596  
0.4601242926  
0.07410213069  
-1.319475409  
0.3565144725  
0.6191573436  
-0.3496091116  
0.1043095148  
0.9628465415  
0.5020590544  
-1.003932138  
0.02631052284  
-0.5801534535  
-0.6866058508  
-0.1601793538  
-0.611443265  
-1.126375606  
-0.2035635929  
1.175150142  
-0.6179651136  
-1.727550347  
-2.403233171  
-0.6535047087  
0.5703820547  
1.582819739  
0.09239323085  
-0.03159793729  
1.158799052  
0.3523725411  
-1.176989878  
1.842539035  
-0.1126715562  
0.1146601187  
0.5707808969  
-0.2918729518  
0.08665146873  
-0.872717775  
-0.4657905  
0.1249544755  
0.2232677802  
1.329819744  
1.357343056  
-0.6921949935  
1.929814395  
0.4579547549  
0.6204642841  
1.379379632  
-0.864940569  
0.8488373715  
-2.578920288  
0.6109543636  
0.3301122421  
-0.3392611744  
1.634537401  
1.168941619  
-0.3951721278  
-0.08403413723  
-1.008965497  
-1.465971728  
-1.522587812  
-1.085639681  
-0.2806959245  
-0.5385033955  
0.2683713072  
-0.1377956354  
0.4019257326  
1.238267667  
1.342120825  
1.108951644  
0.06001961523  
-1.542770917  
-0.865389708  
-0.3066477863  
0.4312553068  
0.1805018048  
0.1421386931  
-0.6595869269  
0.2038355868  
0.08032902577  
-0.8983530565  
0.7221044399  
0.04187923239  
-0.5194416226  
-0.1773368501  
-0.9305653514  
-0.09969875737  
-0.1423088993  
-0.3456095499  
-1.025422219  
0.3755660196  
0.9386587696  
-0.21167156  
-0.4440142185  
0.329767765  
-0.6081900485  
1.005358156  
1.964793707  
1.485153614  
1.48614917  
0.09694004887  
-1.454450895  
-0.5219139446  
0.30802761  
-0.3254935201  
0.05949113212  
-0.4228571785  
0.06124210803  
0.9955630906  
-0.821572742  
-0.8874728412  
-0.1154811226  
-2.666422868  
-1.365042722  
-0.8339220287  
-0.2692104173  
-0.6026635461  
0.2698462652  
0.1857662712  
1.055748865  
0.8147050613  
0.3401540246  
0.910356238  
0.3246817511  
0.3495958394  
-0.5797865075  
1.879688309  
0.7606216982  
-0.01536680069  
0.6704168188  
0.1115074657  
-0.2534916942  
0.5383005152  
-0.1659605791  
-0.9864570882  
-0.007012702521  
-0.541636462  
-0.3487537172  
-0.1972614564  
0.03630431172  
0.783138598  
0.2757713673  
-0.400796051  
-1.185115123  
0.5395808886  
-0.352272239  
0.3701177338  
-0.6017983885  
-1.066511975  
0.3347428525  
1.69540045  
2.632850663  
1.768707449  
1.170621678  
0.8087351584  
-1.001843957  
1.232932584  
0.1177556941  
0.2688367235  
-0.6617104712  
-0.3704565144  
0.03867391335  
-1.080131477  
-1.632089904  
-0.9549697978  
-0.4766776232  
0.3473113858  
-0.2391541374  
-2.354671184  
0.6252787539  
-0.7424694572  
0.1291728948  
-0.2742296361  
-1.418163154  
0.3775037063  
-0.7310875242  
-0.01751983527  
0.3846237371  
-0.3302628194  
1.379236714  
1.001415684  
1.05238012  
0.2266805761  
0.5726028001  
-0.9981137648  
0.1223500763  
1.441907219  
1.886771089  
0.7440053067  
-0.006389410247  
0.2285408842  
-0.9028775668  
0.4457492949  
2.422700943  
1.557628144  
-0.01264888005  
0.2954498453  
-1.066547374  
-0.9257496199  
-0.8735734021  
-0.5799297884  
-0.3813998479  
-0.2026811039  
0.4702055629  
0.3228237285  
-0.3141485648  
-0.4597117285  
0.1600014716  
0.3280140092  
-0.4831523645  
-1.380249629  
-1.085656784  
-0.3161137154  
-0.2033686932  
-0.1514513978  
-0.6686973022  
-0.1998188609  
-0.7833317736  
-0.659051448  
-0.1585365622  
-0.102912749  
0.008520862207  
0.03965836267  
-0.9931840794  
0.3363677259  
-0.6215615405  
-0.9009016973  
0.35026021  
-0.004426897566  
-1.065775332  
-0.6517340338  
0.33519877  
0.08669485989  
0.2905016302  
0.5728879692  
-0.05744919044  
0.8497774167  
-0.09684465299  
-1.128221395  
-0.6329796346  
-0.5607617148  
-0.7969566421  
-0.8225693633  
-1.116301272  
-1.207774172  
1.168682011  
0.02165873553  
-0.8167055315  
0.08470342423  
0.8900905068  
1.699256334  
1.61639765  
1.348378063  
1.257009507  
1.127248107  
1.328716105  
1.551011074  
0.9047757711  
-0.1562281261  
-1.090743429  
-0.5724413174  
-1.330666924  
-0.8393943558  
-0.3528230058  
0.09891465807  
0.4214585704  
-0.126737876  
-0.4333914939  
-0.6369343044  
0.08459930681  
1.30200254  
0.1186620521  
-0.1804245689  
-0.6900565212  
0.4199575045  
-0.4815073287  
-1.30142656  
-1.336676279  
0.02390875228  
0.9933000275  
1.856458945  
1.481766572  
1.256322994  
-0.5103634258  
0.05328359233  
-0.8050835639  
-0.5975065185  
0.2006162423  
-0.3904525028  
0.4775108055  
-1.053854461  
-0.7510192241  
-1.070360149  
0.3879292129  
-0.4755603438  
-0.502060591  
-0.3642850706  
-0.3425405281  
0.5006183488  
0.3006729545  
0.6045245578  
1.449691588  
0.8263949407  
0.07855656896  
0.52827737  
0.4092721817  
-0.4090064641  
-0.1784842582  
0.2464013485  
0.380387726  
-0.3466075029  
-0.2445537463  
-0.9625042783  
-0.4468798401  
-0.04643244297  
-1.166038379  
-0.9295512704  
-1.392092073  
-0.02032563232  
0.174166768  
-0.3628614978  
-0.1608168577  
1.622496067  
0.5288541044  
1.4507884  
1.455871486  
0.2583199013  
0.7688259383  
1.442018831  
1.633111781  
0.8854873575  
0.7083717885  
-0.4980475862  
1.11631684  
-1.420983813  
1.064743633  
1.491124552  
1.107692035  
-1.832216011  
-2.590286548  
-3.778583058  
-0.7310246523  
0.7015904943  
0.4769537722  
0.559672593  
0.2726968477  
1.622222578  
-2.391404025  
1.034457088  
0.462920815  
-0.1250137304  
0.9090220485  
-0.08953806874  
0.1776291428  
-2.043746325  
0.3012892552  
0.7183305691  
0.2139304448  
0.2289231202  
0.3475166301  
0.5800577737  
-0.7392506436  
1.634473844  
1.377105821  
0.1022641111  
0.6816313229  
-0.7305252627  
-0.3477969996  
0.2352723119  
-0.0721662861  
-0.4673009068  
-1.21085064  
-1.351222626  
-0.9930504608  
0.3166340768  
0.6638030011  
0.1499302298  
-0.7049940311  
-0.09650110822  
-1.12408145  
-0.6168551379  
0.02463433019  
-0.9500375878  
-1.93708533  
-0.5517130668  
-1.217272684  
0.753313731  
-1.715099817  
-1.204414864  
-0.920648667  
-1.254739386  
1.351244533  
0.4399245207  
0.8655640163  
-0.4593792578  
-1.93246668  
0.9027147508  
1.694678513  
1.367359371  
0.3790188847  
-0.4234461955  
-1.871602102  
-0.06229571787  
0.4103472129  
0.4542446612  
0.9294386763  
0.6078438484  
0.4061669538  
1.012332025  
2.325961064  
0.6482863186  
-0.4697865046  
0.8677241767  
-0.4452301375  
0.8043017487  
-1.439653102  
-3.804051738  
0.3962822794  
-0.3894442921  
1.37704711  
0.1207495475  
0.3986694934  
0.05814308968  
-0.2186021059  
0.1341277125  
-0.01296381064  
0.3260470604  
-0.9963642192  
-0.0920689773  
0.8459975216  
0.7227980106  
-0.1891580722  
1.066870391  
1.137917879  
-1.856853164  
0.4781159485  
1.53947509  
1.609139085  
2.507350804  
1.042538394  
0.6304267034  
0.1187155576  
-0.643471122  
-0.9603852228  
-0.226824124  
-1.265293923  
-1.415592601  
-1.307417905  
-0.04573673779  
-1.474905223  
-0.6347287066  
-0.3323250849  
-1.083672166  
-0.1850746958  
1.406179316  
0.5458514282  
0.1436828449  
0.2796412002  
0.08969572199  
-2.006225081  
-1.243405347  
-0.03920681695  
0.1838893377  
-0.6570774653  
0.6494884514  
-1.108512223  
1.918843285  
1.051711043  
0.9630138414  
-3.503986743  
-3.166197325  
-0.100913847  
-0.04885971875  
2.317289519  
1.668932085  
2.515408858  
0.4009972762  
1.106300616  
-0.7771062207  
1.928596634  
1.019747558  
1.624854397  
2.205915851  
1.177190808  
0.1600029086  
1.2452618  
-0.01142108239  
-1.452647971  
-0.4936701479  
-0.3840967365  
-1.19027183  
-1.561726003  
0.2359338409  
0.1994434695  
0.1272804967  
-1.731831665  
-2.100865366  
-0.9349772618  
-0.9767613594  
-1.080368503  
-0.3464211101  
-2.146695905  
-1.2284447  
-2.015952188  
0.2301622722  
0.569144458  
0.7429794841  
1.08163379  
1.12710258  
-0.3038970529  
-0.2167269673  
1.588593752  
0.9972848467  
0.9391440612  
0.3059639537  
-0.4154543756  
-2.506651465  
0.5610440922  
1.916037933  
0.7770207156  
0.2116130844  
-0.2250250236  
0.01107388241  
-0.07901590948  
-0.115686961  
-0.02517739071  
-0.3572201797  
-0.3158137986  
-0.5107156171  
-0.1425948259  
-0.6559773179  
0.01665925538  
-0.4328222025  
-0.1462175066  
-0.4403567821  
-0.1320969568  
-0.8594461321  
-0.7243592762  
0.4165088733  
-0.3450434453  
0.09162304106  
-0.49929287  
-0.370314365  
1.938538679  
2.555819722  
2.428208898  
1.397103115  
0.1567282279  
0.2868208937  
-2.074956546  
0.4883852259  
-0.9020091484  
-2.828615286  
0.2575754491  
-0.3299047507  
0.1818413406  
-0.1299813176  
-0.2874228881  
-1.114268619  
0.1866929401  
-1.674785368  
0.6281629296  
1.182614237  
1.626769647  
0.8807597395  
0.05441318909  
-0.3196932704  
-0.7540775168  
-0.2743078583  
0.6712851789  
1.347202614  
0.09368289903  
0.8042475645  
-0.1001358285  
2.231193454  
1.149656185  
1.022827828  
-1.570691133  
-0.7053243439  
-1.423824628  
0.6419485094  
-1.166956129  
0.6353522952  
0.8646056997  
0.3150480452  
0.3641568978  
-0.7218398825  
-0.3977898837  
-0.07565008688  
0.2882373875  
-0.05244129081  
0.5336679622  
-0.945830259  
1.349612107  
0.6698269014  
-0.2995009852  
-1.346984298  
-1.322676156  
-0.03963066243  
-0.4521516279  
-0.6696370203  
-0.05837397666  
-0.3293992835  
0.739285504  
0.0270234577  
-0.6321059902  
0.01728690113  
-0.6045295388  
1.05906998  
-0.04891332323  
0.09305642576  
-0.05934696336  
-0.5200428862  
0.2133299321  
-0.6196885597  
-0.07568379138  
-0.6482235108  
-1.2793301  
0.01785448879  
-0.3973432415  
-0.9343912335  
-0.3668223904  
-0.2636938167  
0.856898452  
0.1365445922  
0.03902711795  
2.795126173  
0.9035620237  
-0.7133353953  
1.121750193  
1.27817621  
0.7655694225  
0.4409091956  
1.992942716  
-0.9529716589  
-1.254534339  
-1.549377931  
0.255083498  
-0.3048740116  
-0.7122615039  
1.055805759  
0.06096442298  
0.3107914439  
-1.014077317  
-0.5159577398  
-1.9749313  
-0.9623055536  
-1.299313748  
0.1059816142  
0.05181041513  
1.350850556  
0.979652762  
0.3429626989  
-0.1063495368  
1.256618224  
-1.661133474  
0.3001006488  
-1.769644506  
-0.7730810397  
-1.783107424  
0.1886403037  
0.1257378012  
0.8474025028  
1.488239296  
0.9087928467  
1.317437289  
-0.03817579692  
1.956108306  
0.6923557201  
0.351636813  
1.830290949  
0.8434593437  
-0.01302008849  
0.466966837  
0.6341093638  
-0.07740593946  
-1.515922318  
-0.7850108467  
-0.4688172239  
-0.2844955624  
-0.05398025683  
-0.7185965986  
0.0928522283  
0.1868339241  
-1.023496619  
-0.8897761435  
