-0.3416230922  
2.290671272  
1.296212346  
-0.8746472721  
-1.051719684  
0.3955060815  
-1.03817026  
-0.2375893088  
-0.6969645183  
1.193984788  
0.07339907203  
-0.7803787112  
-2.372251629  
-0.5506167794  
-1.290302917  
-1.267256681  
1.131984839  
1.370304889  
0.2277454246  
0.03713472192  
2.065002114  
0.06145899131  
-0.8377988553  
0.09364082901  
1.630802358  
0.8250702004  
0.2225679293  
-0.1056658348  
1.798009128  
0.5755384823  
-0.543898402  
-0.2328289598  
0.3012526237  
-0.8869943604  
0.03547101004  
-0.2460200221  
-1.509538839  
0.9636495847  
-0.6693752278  
0.1715353465  
0.4183870534  
0.2310371078  
0.33712112  
-0.7078655319  
-0.3125650446  
-1.33417025  
1.195861836  
-1.548958546  
0.5008600558  
0.4653560091  
0.5168158177  
-0.7996678798  
-0.3606315641  
-0.4217374327  
-0.347354398  
0.253694332  
0.261790649  
-1.145446857  
0.7137227445  
0.1839850556  
-1.317944079  
-0.1757396974  
0.8548539035  
0.1528386318  
-1.772949968  
1.102961014  
0.3556209276  
0.2212524701  
1.681243846  
0.4646379375  
0.9705041827  
-1.085759949  
0.9040230185  
-0.3549190953  
0.4200235232  
-1.285570198  
0.2284419384  
-1.165904386  
-1.746929488  
-0.3271532873  
0.5316202635  
-0.09651648172  
-0.3110223551  
-0.09990427796  
0.4001492706  
0.8389326867  
-0.2801055975  
0.2284000317  
1.355509228  
0.8592645845  
0.54804698  
0.3953376882  
-1.72872971  
-0.5102124938  
-0.146010566  
0.5824678113  
0.2021911602  
0.2862438956  
-1.431270403  
-0.6778968466  
0.2929789124  
-1.063777429  
-0.4800685773  
-0.8571916082  
1.012011929  
-0.3835143536  
-0.1349577522  
-0.2275475455  
-0.09796427254  
1.962805407  
0.6958476171  
0.4392258007  
-0.0778077183  
-1.37920657  
-0.1118363616  
-1.072719226  
0.649126417  
-0.1282649828  
-0.3815515722  
-0.2967386161  
-1.34049772  
1.34042816  
-0.639382443  
-0.4569364598  
0.1745154699  
0.7882908995  
-0.742229419  
-0.07692017196  
-0.54747336  
0.4565169314  
0.795519464  
-0.1338464666  
0.9630034574  
-1.348558441  
0.662252569  
-1.040906656  
-0.7800284252  
-0.6285489157  
0.04970493368  
-0.4418258037  
-1.387633223  
0.7159359848  
0.04519870047  
1.71085782  
1.282709773  
0.7988281117  
0.6298458161  
1.795869017  
1.17453572  
2.180244838  
0.2130372958  
1.962893005  
1.559526937  
-0.4131190898  
-0.2589209489  
-1.361467454  
-0.5250263225  
0.997553906  
-0.1844214335  
-1.006110959  
-0.3942997851  
-0.9531475466  
-0.2129901708  
0.2829335773  
0.4011999131  
0.804605595  
-0.2718026442  
-0.1065190455  
-1.480617845  
-1.636665716  
-0.07614397179  
0.4374572413  
-0.6027268262  
-0.7110893313  
-0.6879259356  
-1.300218172  
1.112449555  
0.01049058122  
0.8376198392  
-0.03601058957  
0.767851349  
-0.1810898517  
-1.013921642  
0.2310720463  
0.3742260436  
0.9606575481  
0.245288316  
0.6572618078  
-0.467407048  
-0.5366211731  
-1.178087336  
-0.6894475408  
-0.5345629168  
1.300441248  
0.7727557571  
-0.9100886799  
-0.4215213863  
0.2356295353  
-0.4059810221  
-0.8485258807  
-1.580794879  
1.912940462  
-0.8627011368  
-1.395710289  
-0.4774614095  
-1.239927582  
1.324728215  
-0.3739692378  
0.8523296877  
-0.7914861468  
1.431365846  
-0.4120710421  
0.02300140652  
0.0141696152  
0.8205429661  
-0.3711363873  
-1.45235176  
-2.192104428  
-0.3294514417  
0.5259808503  
-0.1362832897  
-0.1775307901  
-0.224120534  
0.5898239668  
2.354982442  
0.9793024126  
0.1378620491  
-0.814652129  
2.435650018  
3.319580624  
0.129115461  
1.775680518  
-0.1635349902  
0.07254300625  
0.3619700703  
-0.8373334955  
0.1452873345  
1.902157534  
0.3041497436  
-0.3772084493  
0.3873872052  
-0.4923612175  
0.4301215198  
0.7382891851  
1.408628465  
0.539712933  
-0.05856246282  
0.8626586988  
0.2036351778  
-1.096933613  
-1.680649901  
-0.1125492368  
-1.192727383  
-0.9138842274  
-1.203454557  
-2.637507763  
0.4095836293  
-0.2052124607  
-0.5842443836  
1.107907704  
0.9439290112  
1.332960182  
4.036023357  
1.005616203  
0.9255177979  
-0.3805642064  
0.0006179440169  
-2.183592223  
0.3202272087  
-0.3895127556  
-0.6840054208  
-1.449796315  
0.8125674716  
-0.7332100898  
-0.7677554355  
-0.3764553945  
-0.5202157294  
-0.1942669274  
0.8179250431  
-2.373747706  
-1.622998389  
-1.127597893  
-0.2543486253  
-0.1500747833  
-0.8747103463  
-0.3667656486  
-1.261454887  
0.6084217337  
-0.6430512848  
-0.6891819913  
-0.7360300761  
-0.211038641  
-0.7857004694  
0.45885279  
-0.8650671269  
-0.4790807416  
-0.3338100195  
-0.3645927456  
1.021875468  
0.8586329028  
0.9926018011  
1.421687981  
-0.5289628557  
0.8381121914  
0.8538251851  
1.156052929  
-0.8702812507  
-1.299782534  
0.05969682738  
-0.1082263704  
0.9541808205  
-1.173430676  
0.07588976349  
-0.7548154349  
-1.179703443  
-0.05769165384  
-0.8448683117  
-0.3807945607  
-0.02906755771  
-0.1133484002  
-0.2843349923  
0.9416936196  
1.001345896  
0.6339620592  
0.239103205  
-0.8736905689  
0.01272824942  
-0.5409711129  
0.03912491346  
0.2285924627  
0.7574607288  
0.4943370528  
0.009453384989  
0.2692207029  
-0.06789058517  
-0.1794208129  
1.378477665  
0.7353436982  
0.3784306975  
0.01386599522  
0.7192831297  
-0.02676760445  
-0.3208605415  
-0.5681402258  
0.4321120314  
0.9641051248  
0.1366689634  
0.2952108451  
0.3454434347  
-1.03052859  
-0.333299368  
0.336705531  
-0.08678709391  
-0.3931869862  
0.6696206356  
0.5845211639  
0.06245337162  
1.14255631  
0.1171928213  
-0.5127654872  
-0.269941168  
-0.4224220514  
0.07097543545  
0.4927706788  
0.7374925705  
-0.02372554522  
-0.05718653914  
0.02647106941  
-0.8131012309  
0.3153776638  
-0.3193883602  
-0.9794843182  
-0.1567856799  
-0.350375077  
0.3212478868  
-0.480618039  
-1.13704349  
-0.8736748553  
-0.5571601837  
0.9209648019  
-0.3837748686  
0.1479210434  
0.25881506  
0.01930044484  
-0.6582640586  
0.6242091609  
-0.3566437406  
0.04768165071  
-0.01990086042  
-0.1178059523  
-0.05409484803  
0.549646306  
-0.3513885939  
0.1159443249  
-0.02455948021  
0.2045678501  
0.7209807  
1.027398738  
0.696264816  
0.0676039956  
-0.01854969411  
-1.092414496  
0.2954983705  
-0.0160058859  
-0.536171437  
0.4980681616  
0.1445248985  
-0.3941726844  
-0.8626159109  
-0.5208149655  
-0.3120337828  
0.6758055355  
1.133825769  
0.9478073607  
1.07407586  
-0.6156069273  
1.019370204  
0.6068231329  
-0.6714417935  
0.3765221883  
0.5597514429  
-0.2447685499  
-0.2162350052  
-0.8164085208  
0.5014655813  
0.1638827471  
-0.4655100595  
-0.3102284435  
-0.9655845871  
-0.01144175658  
1.364904173  
0.5471518011  
1.209755542  
0.6652490147  
0.3961992649  
0.6652816216  
1.783223237  
0.08676374691  
0.7105019298  
1.218368464  
1.497342986  
1.980282519  
0.5025019418  
0.2525128131  
0.6993339474  
0.01464116766  
2.227858607  
-0.1137549243  
0.3939261345  
-2.638676114  
-1.152133228  
1.292414162  
0.5362512435  
-1.079276899  
-0.8573078321  
-0.9889883593  
0.1483549494  
-1.331915244  
0.968297754  
-1.759556122  
0.1450876288  
-1.389766775  
-0.07020091012  
-1.181735702  
-0.7564818564  
-0.4895978778  
-1.638070595  
-1.348530255  
-1.495768939  
-1.423168173  
-1.356940954  
-1.259086714  
-0.974924822  
0.2879692793  
1.054196509  
0.3804157702  
0.5687409467  
1.454104828  
1.353456114  
1.859140456  
1.404690879  
-1.13451384  
0.635051643  
0.3256466259  
0.1703984339  
-0.4992775016  
-0.1242845271  
-0.6010243726  
-1.061322699  
0.9403406733  
-1.41383983  
-1.042361194  
-1.507134812  
0.2766645374  
-2.137962061  
0.662080534  
1.414494896  
0.4269659428  
-1.112732713  
-1.193325748  
4.481622596  
1.930828653  
0.2478746226  
0.6108420035  
0.6873082472  
0.7214647254  
-0.7410916368  
0.336169993  
0.9156607129  
-1.09697519  
-2.365694675  
-0.9436253515  
-0.9875362214  
0.6666685042  
0.1161142149  
-0.7663020512  
-0.00815841464  
-0.5857752477  
-1.105407007  
-0.3849946581  
-0.8117626163  
-2.375874588  
0.4346573694  
-1.213051643  
0.3934368894  
-0.3805705169  
-0.7514290286  
1.410258975  
-0.3081395789  
-1.683475049  
-1.08065591  
0.1819332345  
-0.9814210787  
0.6875349695  
0.9860004473  
1.202319124  
0.3933918634  
1.014314795  
-0.02920988147  
0.4849834331  
1.199636115  
4.227129272  
-1.558310829  
1.371526878  
-0.3614348317  
0.3979836438  
0.4308010609  
1.427089997  
0.03387366105  
-0.7959411306  
-1.834876002  
1.551785364  
-1.010260265  
-2.012380934  
0.04588388862  
-1.409233969  
0.09491552456  
-1.299476391  
-0.2015033614  
-0.6776473237  
0.3674861141  
-0.07780139231  
0.1757346324  
0.2102389383  
1.974274161  
0.4146467062  
-0.1736117955  
0.5683673399  
1.999754458  
1.023655075  
0.3931425162  
1.67224372  
-0.8522623359  
0.1254514533  
0.1674631934  
-1.196311952  
-0.4889729301  
2.068384255  
-1.790356964  
-1.310160369  
-0.9999572854  
0.4639640959  
2.532063803  
1.104766713  
1.409450983  
-0.6685274931  
-1.632790908  
-0.4881857609  
0.509878305  
-1.797417532  
-2.192951399  
-0.5841146189  
0.03908278148  
-1.193148326  
-0.9017650753  
0.2702559836  
-0.04040707313  
-1.160794347  
0.9317886277  
-0.7858489163  
-1.274276221  
-1.730491303  
0.1129459691  
0.5622480528  
0.0592207661  
1.446600557  
0.308559901  
2.200750639  
2.440614556  
1.381397296  
-0.8245036104  
-0.1166114916  
-1.07613117  
-0.6665903125  
-1.149763558  
0.6417218924  
-1.076187273  
0.7078841005  
0.03108391541  
0.3142754118  
-1.050667298  
-0.5200427968  
1.793933212  
-1.005880982  
-0.05442718465  
0.5064950996  
1.37588757  
0.3586693868  
0.7639855575  
0.1046446015  
1.559059374  
0.7642139056  
-0.2975775897  
1.381342347  
0.9925438399  
1.074264636  
-0.01265395186  
2.433634023  
2.648502056  
2.225160792  
0.5461137054  
0.253827199  
-1.068844351  
-1.403387144  
-1.022052745  
-0.6950253662  
-0.425871504  
-1.458049035  
-0.9940565015  
-0.983677052  
-0.2054316913  
-0.1686898829  
-0.5828769839  
0.1715127454  
-0.1033904427  
-1.52450993  
-0.1407551974  
0.008518159637  
-0.257989868  
-1.570318635  
0.3931141087  
0.2380722388  
1.136711563  
-2.645510222  
-2.114588155  
-0.3313955824  
1.160956214  
-0.3313948834  
1.415410132  
-1.017176822  
3.518807391  
-1.152028594  
-0.3090068255  
0.07629864509  
0.3569167902  
0.6249790192  
0.8280939531  
0.6424154042  
0.6195568341  
-0.1972325253  
-0.6230622615  
-1.093065745  
-1.170747252  
-1.642023372  
0.381616343  
-0.356778931  
0.3563417849  
-1.303554869  
0.4055296944  
-1.233341949  
-0.2819401638  
1.362036897  
1.539896785  
-1.29356657  
-1.310611386  
-1.474589694  
0.6347600701  
0.4707796755  
-0.5533768951  
-0.8664929221  
-0.3869732275  
1.25376945  
-0.3501639176  
-0.6083052897  
-0.7954817279  
-0.7905078914  
1.096117245  
-2.080799184  
0.4590452572  
0.4749090198  
-0.7974044493  
-1.98064557  
-1.487017168  
1.276020254  
0.4727440558  
0.4231856162  
0.08752233579  
0.1910936287  
2.625276542  
1.475787992  
0.07983268037  
0.7141672701  
2.457309369  
2.599926471  
0.7793649934  
-0.2255562429  
0.1119532277  
1.864115883  
0.7870834865  
-0.7966825646  
0.9151158887  
1.627510592  
-0.6883283569  
0.05728932655  
0.2777449314  
0.05178212044  
-0.9015629097  
-0.71096626  
-0.6801197467  
0.04732787864  
-1.501698376  
-1.247047506  
-1.197430225  
0.02201699457  
-2.264403188  
-1.073224303  
0.3725843498  
-0.1326713574  
0.3530572942  
-0.8165435503  
1.097654642  
-0.353165306  
0.1883954291  
-0.4812350428  
-0.5581332983  
-0.3879630627  
0.3034807204  
0.01031644812  
1.089835336  
0.6041236962  
0.3718779541  
-0.8877639166  
0.3055881046  
-0.1258878363  
0.4198368172  
0.941613036  
-0.5011823457  
-0.523858382  
1.9606216  
-0.9757639269  
1.510294992  
-1.221473751  
-0.8357321495  
-0.7617026721  
1.260708026  
-0.882159059  
-0.07756426348  
0.5667359817  
-0.3055793645  
-0.7040944109  
1.058521974  
-0.6597790639  
0.653802977  
0.7097443745  
-0.1584339002  
1.162971414  
0.6098105622  
0.7586264584  
0.7910926037  
-0.7411026119  
-0.7998744378  
0.3603610684  
-0.1652646606  
0.4607872618  
-0.05211052116  
-1.226659815  
-0.6151609829  
-0.48665164  
-0.8811306285  
0.6178786671  
-0.272032531  
-0.5307381341  
0.04817278009  
2.505837279  
-1.713069583  
0.5421408225  
