0.7336985684  
-0.8415078512  
-0.3070279632  
-0.06278130757  
0.2194917769  
0.1951573567  
-0.6228115746  
0.827827706  
0.2851715854  
0.9745600238  
-0.5818763304  
0.02322756843  
-0.256850084  
0.561525841  
-0.8139152859  
-0.0493502631  
-0.8193596735  
1.40805081  
-0.9454804026  
-0.7333409309  
0.4770667623  
-0.5831935432  
-0.6352378956  
-0.8609251306  
-0.3446195537  
2.698139677  
0.9484955584  
0.2770229357  
-2.289041898  
1.813210014  
1.040688464  
-0.6908207556  
0.1520271685  
0.06535200131  
1.161287821  
-0.200732922  
0.276693172  
-0.4380388147  
-0.9907211085  
0.1038629733  
-0.7597816521  
-0.4839107141  
-1.363600713  
-0.7710212845  
-1.300986534  
-0.07218180399  
0.8114544957  
0.8074244699  
0.9682930422  
0.8819906943  
0.6168485531  
0.1540594162  
0.5743745235  
0.7303544684  
-0.9661115158  
0.3726769551  
0.6366097015  
0.6871118257  
0.4241576232  
0.4915284362  
-0.01048121589  
0.3288834489  
0.08963657278  
-1.52355009  
0.1095584973  
-0.7031339193  
-0.01180174192  
-1.374633899  
-1.158839224  
0.07945723667  
1.830494527  
-1.032310091  
0.06191330763  
2.027605229  
0.7065409133  
-0.1906459529  
1.571962639  
-1.360189751  
-0.8829843887  
0.4350920949  
-0.00952297434  
-0.3717977993  
-0.731852752  
-1.37285269  
0.0243414696  
0.374298127  
-0.5405165404  
-0.2536542386  
1.264452933  
-0.1833802594  
-0.02174336871  
-0.7493683937  
0.1863528508  
-0.6603672609  
-1.704868596  
-2.143082274  
1.357436931  
1.967566377  
-0.3875715801  
-0.4450994665  
1.039751109  
0.5690126495  
0.4031396383  
1.021365359  
-1.503324904  
0.1406594805  
0.1919863418  
-0.2999587957  
0.1346962196  
-0.1552178957  
-0.3730489581  
0.1995004886  
-0.4268499708  
-0.6962645737  
-0.497024073  
-1.590606577  
0.6472102863  
0.6538179174  
1.683555378  
0.8204726912  
-0.01856342834  
-0.1244324118  
-0.8474946331  
-0.3927789514  
0.5800394993  
-0.3652486331  
-0.5396122032  
0.1656586191  
-1.052811297  
0.9582942759  
1.598087137  
0.3991280904  
0.6832139542  
0.8416388494  
-0.7580999748  
0.08437937456  
-0.157180614  
0.5115059116  
0.6318247361  
-0.5135302774  
0.3611218875  
-0.08991596225  
-1.625652025  
0.5068811079  
-0.7442348706  
0.8225238902  
0.04561944852  
0.9448446762  
-1.007090332  
0.4845389683  
0.3608972936  
0.7567125935  
0.3440425401  
1.677827869  
-1.155927328  
1.370032084  
-0.4952957478  
-1.140096456  
-1.536824684  
0.8922062322  
0.9081950964  
-1.683134293  
-0.5708069029  
-0.1053441503  
2.05721187  
0.3340548063  
-0.1904981035  
0.6411029206  
-1.385942757  
-1.424915071  
-3.484784165  
-0.6927582108  
-1.424995974  
0.6640970007  
-0.2751154806  
-2.195925443  
-0.1126107011  
-0.7400107479  
1.682481853  
1.249325912  
-0.3673338276  
-0.1751142876  
-0.4274320447  
0.5542731735  
-0.2886181989  
0.4267413308  
0.6325369744  
-0.7728523194  
0.6023974942  
0.9292901328  
0.8672990724  
0.1972641198  
1.162010498  
-0.9513289035  
-0.03325477932  
1.32840012  
0.632177998  
-1.817615369  
0.1549507168  
0.744182107  
0.313487361  
-0.5152192456  
0.3460804819  
-0.1525234997  
0.84967234  
-0.6569146533  
-1.72750804  
1.188324831  
1.326364401  
1.269316771  
0.1192037864  
0.6410949797  
1.146864326  
0.7159302061  
-0.6136193974  
-2.592321643  
-1.874566673  
-1.154586931  
-0.04322452601  
-1.285607176  
-0.2710590349  
-0.7711850672  
0.1085908201  
-0.06981362662  
-0.7857879301  
1.47120081  
0.7709103516  
0.9144501067  
0.9602668997  
1.473028478  
1.302019727  
-0.8536445665  
1.453795298  
-0.4503076986  
1.267682905  
0.8391881717  
1.812447653  
0.9691351442  
2.501915387  
1.741052269  
-0.5366771505  
-0.4902549905  
-1.298196802  
0.01370857809  
-0.9082045186  
1.725161261  
-0.6316158385  
-1.784519678  
0.9338778288  
-0.1633445476  
-0.04228515046  
1.392433998  
-1.493608  
-2.698317671  
-0.6740839737  
-0.914387986  
-2.035486435  
0.8439273134  
0.5768710211  
1.018929607  
1.720205921  
1.364993621  
1.751289543  
1.362027839  
1.551275536  
1.906042733  
-1.026339736  
-0.1493047981  
-1.620645009  
-1.158246873  
-1.773153766  
-2.225413841  
-3.332087603  
-0.5730823496  
-1.521947289  
0.3900885586  
-0.8712681507  
-0.08928248062  
-0.1427378767  
-1.08127328  
-0.4110808997  
-0.654443008  
-0.05395195297  
-2.191203967  
-1.750745668  
-0.8576132871  
-0.8679160368  
0.9987998634  
1.304689366  
-0.3429875105  
0.2369283606  
-1.826254632  
0.5414277937  
1.224797603  
-0.1517269175  
0.5688973889  
1.448076652  
-0.07813173287  
0.9362297256  
-0.2601115583  
1.545997224  
1.624246062  
1.580588987  
0.7321911519  
0.8583368577  
-0.2189590938  
-1.049601051  
-1.717796311  
1.730228193  
0.1727971643  
1.929362924  
0.4232490462  
-0.5393730571  
-0.3755038112  
-0.374631898  
1.396275721  
-1.445677649  
0.3762643418  
0.02010627626  
-0.3808115608  
-1.018825424  
0.4846470522  
1.397926535  
0.1395929124  
-0.3719383192  
-1.672669081  
-0.6399405429  
-0.9113038483  
0.9845588547  
-0.6035514598  
-1.746813408  
-0.3589402132  
0.3514235625  
0.2475573776  
-0.9653423424  
1.862922612  
-0.4230975161  
0.8700531423  
0.9990041558  
1.097863247  
-0.9546571446  
-1.679355292  
-0.8063690151  
0.03575226335  
0.4387068123  
0.8418145594  
0.1009869135  
-0.6195589802  
-0.7203111487  
-0.1579524456  
-0.9153035173  
-0.2831165821  
-0.5255127716  
-0.7059650117  
-1.271656264  
-0.01860903696  
1.315988906  
-0.5278062144  
2.282326712  
-0.4286625051  
0.1200956099  
0.2669273417  
-0.7939762942  
0.3632822956  
0.6472215775  
0.5548202799  
0.3597674681  
1.493492782  
-0.2393772067  
-0.228094764  
0.6177499837  
0.2952904021  
0.682247631  
1.333110413  
-0.2645128569  
0.6594347901  
1.334697528  
-1.158783778  
1.527540885  
-0.1915898217  
-1.235108562  
-0.2369057627  
0.7220041526  
-1.17764346  
0.6644925831  
-0.1003483199  
-0.4676877868  
-0.2287463328  
-0.6908494535  
0.5176841733  
0.3810647209  
-0.1634232797  
-0.04442488662  
0.2189974982  
-0.1742187778  
-0.9130629749  
-0.4291148489  
0.03613473623  
-0.5933491531  
0.2136537222  
-0.02809694342  
-1.070111211  
-0.1259645884  
-0.8450148004  
-0.4641745073  
-0.03685560053  
-0.4658923268  
0.3196951617  
1.109202375  
0.490997257  
0.3273873332  
-0.6774286059  
-0.5771337583  
-0.8641409241  
-0.007146603287  
0.23027145  
-0.3301045491  
0.9147208042  
-0.589090595  
-0.884498421  
0.8217904118  
0.01412480604  
0.1585010577  
-0.7280098676  
-0.005845080042  
-0.03186841473  
-0.6624389653  
-0.9428428812  
-0.6894221226  
1.296892747  
-0.08338435274  
0.2267451623  
0.6784389502  
-0.2163199809  
1.378552006  
-0.3738872711  
0.009855592559  
-0.4283363103  
1.182325282  
0.9367516939  
2.021944636  
-0.1329346717  
-0.4936885385  
-0.4755645718  
0.08123567225  
0.1409482811  
-0.1290506909  
1.218084703  
-0.5178636229  
0.331917216  
-0.02482062824  
-0.511850778  
-1.609825604  
-0.9554406362  
-0.06728556415  
1.586937361  
2.112366857  
0.04372580053  
0.8799710555  
1.039682537  
1.630512489  
0.1179780067  
1.988481754  
-0.9036137111  
-1.618558298  
0.2409954451  
0.02608469351  
-1.176927382  
0.3554990009  
0.02560731282  
-0.4655001833  
-1.700338999  
-0.5163560599  
-0.3986306299  
-0.3735849653  
-0.06565702072  
-0.7743698493  
-1.58299273  
0.1837927608  
0.9424282238  
-1.080775915  
2.08426965  
-1.214563757  
-1.034496869  
0.001373288124  
-0.58879301  
-1.211777123  
-0.8636874627  
0.02282380977  
2.256962771  
-0.2019766948  
1.185210298  
0.5533275638  
-0.2672161867  
-1.309545549  
-0.6405286542  
0.02861178737  
2.237258266  
0.4169474312  
-0.1379068659  
0.6208602596  
0.4077792947  
-0.2656818589  
-0.6203721499  
0.8160296468  
-0.2509651504  
0.2472298745  
-2.356451983  
-1.742566432  
1.14307185  
0.1162510527  
0.09236086267  
-0.03247420248  
0.3963470415  
1.787896867  
-1.175582217  
1.435635299  
-1.690436238  
-0.720439255  
1.014569634  
-1.094203411  
-1.271870185  
0.8047346225  
1.049949592  
1.747193396  
0.1984785826  
1.457479156  
-0.9885359577  
-0.926992174  
-1.411900177  
-0.6804546089  
-0.6624512146  
0.9377729385  
-1.198800251  
1.223853136  
0.5110839548  
-0.6655774301  
2.081192786  
0.891876373  
1.421091456  
-1.95582445  
1.200719962  
-0.4075799336  
-0.7668225107  
-0.4863840548  
-0.8565673424  
-0.3498913413  
1.381701432  
0.6137863486  
-0.1878894464  
1.203591193  
1.787778033  
-1.13627989  
-0.4160500667  
-0.7216107397  
0.9213075426  
-1.503179533  
-0.3518391925  
-0.1991798253  
-0.5653603405  
1.542196808  
0.4359341479  
-0.9007707738  
-0.7023723426  
-0.1774536681  
-0.6280156842  
-0.446503817  
0.6763605951  
0.9851759127  
0.8378304837  
1.698113041  
0.06958774195  
-0.8974863188  
-0.3176445318  
-0.2372071782  
-0.3254176749  
-0.1156563805  
1.836758253  
-0.287731927  
-1.201266054  
-0.337161374  
-0.4821283668  
0.4502669804  
-0.4674019584  
-0.5309976123  
-0.9438302606  
0.0247146647  
-2.381922606  
-0.1925640509  
1.179368935  
-0.9359767271  
-0.1633953729  
-0.8363174809  
-0.4001476897  
1.218877433  
0.8313006746  
0.4320714212  
-1.674044643  
0.1182475129  
-0.1209719982  
0.3701243068  
-0.5918007207  
0.1165162097  
2.277356334  
1.458214869  
-0.228220045  
-0.38620162  
1.315211835  
0.06036743648  
-0.2015141372  
-0.9012233315  
-0.8209144676  
0.2009344179  
0.1989599618  
-0.1568347232  
1.656458173  
1.27363528  
-0.5487631107  
-1.556315893  
0.4926388236  
1.962606004  
1.662221166  
-1.339766129  
-1.081618754  
1.566964175  
0.1697463515  
0.3576305447  
-0.8330518374  
0.4856032118  
1.609151577  
-0.5793268407  
-0.1550475474  
-0.07323402836  
-0.5805742456  
0.2108106573  
0.9676199845  
0.1101979654  
0.3208920571  
0.5501294117  
1.715889526  
-0.2761907099  
-0.5728032519  
-1.156238743  
-2.329659266  
0.7993522186  
-0.7918731399  
-0.4682384952  
-0.2378584884  
-0.5629252954  
-1.4584273  
-0.07863908338  
1.386061985  
-0.8072151165  
-1.275234336  
-1.082120756  
1.682347799  
-0.7370845903  
-0.154890933  
0.3094481055  
2.3854738  
0.3502086132  
-1.314665321  
-0.2302428294  
-1.761995456  
-0.5836549271  
0.04258437872  
1.257767419  
1.294406292  
0.4073310212  
0.355040409  
1.721943667  
-1.414932314  
-2.043299856  
1.151480334  
-0.1073522855  
-1.242281594  
0.2534062805  
-0.2183444576  
-1.684363567  
-0.1096321499  
0.4614126106  
-0.7581571981  
-0.7681348278  
-1.404848587  
0.8123444934  
-0.1853883042  
-0.4069763237  
0.4126235026  
0.8078030909  
1.357039729  
-0.6339956063  
-1.775888945  
0.9511390144  
1.178457885  
0.7842696991  
-0.8205943831  
-0.7249898325  
1.142837132  
1.318891315  
0.2369860697  
-0.7822428547  
0.9483255628  
0.4354976756  
1.051307687  
-0.6714052358  
0.2622576067  
-0.3916564222  
0.8279609408  
-0.3357188047  
1.499380133  
0.08268088029  
-0.8623667086  
-1.090022671  
-0.6836976362  
0.1004340556  
-1.942193428  
-0.4858131903  
0.03985377306  
1.827004861  
-1.218302437  
0.1277260919  
0.7850849331  
-0.2888136779  
0.8150003761  
0.7987225034  
-0.07606557939  
0.5347743415  
-1.2464092  
-0.5594308422  
0.4868299407  
-0.9412447641  
0.6781712396  
0.2548745751  
0.2338805991  
0.729927451  
-1.487361281  
-0.7761199585  
0.545722841  
1.348756867  
0.5975408912  
0.5658245461  
-1.024414015  
2.337429063  
-1.030094811  
-0.2130169014  
-0.2759199162  
0.135368548  
-0.2659581311  
-0.929280979  
-0.1766800718  
-0.08383708145  
0.5507602007  
-0.5845885574  
-1.491102767  
0.9308985546  
-0.1399533465  
1.522465076  
0.7401751749  
-1.86977501  
0.4670798508  
0.6303247901  
0.2522312151  
-1.184573475  
-2.259368315  
0.08240446426  
0.7160425923  
-0.260072168  
1.423634014  
-1.531655454  
-1.991516311  
-2.695343436  
1.643834203  
1.885226462  
0.5442710346  
0.3285667389  
1.967487904  
-0.2349649976  
0.489695203  
-1.345659902  
0.447778316  
1.107060388  
1.773727444  
0.8115726569  
-2.686591624  
-1.26726545  
-0.4573655676  
-0.1107047918  
0.1810107655  
0.7689764608  
0.4511922037  
1.174388103  
-0.8429743868  
-1.783103967  
-0.3507334865  
0.2042692846  
1.330105693  
-1.083863837  
-1.876234317  
0.4171168219  
-0.3056930064  
-0.7904557498  
1.200475715  
0.4453154856  
0.5020450923  
0.6092874975  
0.2391601941  
