-1.198703971  
0.2662252137  
0.9970577064  
-1.07756025  
0.01204942414  
-1.066081353  
-1.187491039  
1.766522786  
0.6808669648  
0.9130216228  
-1.507382182  
-0.2106762756  
-0.09376183333  
-0.8378983448  
-0.737355689  
-0.3665372414  
1.199841744  
-0.4845232741  
-0.2518644817  
2.215390817  
-0.9635247831  
0.5564111938  
-0.006136927787  
0.8689162449  
2.226923456  
1.624923728  
0.5150406959  
-0.4930315615  
1.248597834  
-1.271472071  
-0.3715494292  
0.5012601833  
-0.9164405296  
1.677630842  
-0.1520623987  
-0.6551813546  
-0.4138990134  
-0.2675610531  
-0.7446334627  
0.5535705256  
1.995884085  
1.025488574  
-0.7055960685  
-1.434063256  
-0.5151726626  
0.09130411268  
-0.07102058385  
-0.07445495276  
0.5094067948  
-0.2296867609  
-0.9415924489  
-0.9154204359  
1.822451986  
0.0369534517  
0.6646144967  
-0.07505600696  
0.1214207586  
-1.447431491  
-0.2415964684  
0.02470093234  
-0.04817942646  
0.1106179549  
0.01578954216  
-1.473698078  
-0.2635245269  
-0.3783278793  
-1.444821618  
-0.6792892825  
0.4907352048  
2.081809049  
1.20440926  
-1.029522562  
-1.520277592  
0.6689038127  
-0.3491750668  
-0.192620516  
-1.203722077  
0.7487608032  
-1.134497657  
0.6917219764  
1.423452137  
-1.01268039  
-1.101032179  
-0.01794226642  
-0.251356291  
-1.537387519  
0.2563105616  
-0.02484591358  
1.537771506  
2.468620612  
-0.8048948681  
0.5468894113  
-1.326145826  
-1.250954379  
-1.052316069  
-0.7712557228  
0.4182897277  
2.227344551  
1.250120456  
-0.2886676846  
0.8777959444  
1.860739981  
-0.1754995603  
0.5452259228  
-1.153750854  
-1.583944985  
-1.49644859  
-0.1424201813  
1.408614153  
-2.140770262  
1.016280192  
0.3171224311  
1.269087553  
-0.07152940138  
-1.884490301  
-2.046954478  
0.793353203  
-0.09992300266  
0.3321540642  
-0.8912266189  
-0.3968033216  
-1.333702375  
0.6112911715  
-0.3345971229  
-1.773082748  
-2.013050535  
0.02069172689  
-1.60807891  
1.993393821  
0.2344117669  
1.358215478  
-0.7223796178  
0.8150754693  
0.6195130807  
-0.07366482079  
0.5330138655  
0.9985628853  
-0.4423969365  
-2.136910618  
-0.7554103037  
-2.312218381  
-0.2357304161  
2.431234163  
2.797096692  
1.907215023  
1.082278248  
3.432688456  
1.11210179  
2.714098739  
0.2361104774  
0.01926452845  
1.875831246  
-1.41361682  
0.6895583192  
-0.4342400992  
0.1598531512  
-1.537717606  
-1.422988047  
-0.5994205581  
-0.5834951982  
-1.017942935  
-1.515290178  
-0.4832946753  
0.4118177165  
0.2228866196  
-1.219337489  
-0.1443276034  
-0.1009848694  
-0.6708876215  
-0.1164761259  
-0.7177576622  
0.2503936753  
0.164631664  
-1.366999715  
-0.6618086317  
-1.036825204  
0.5957912091  
1.315378418  
1.386141489  
0.6024073332  
-0.5934071098  
-0.5513709146  
-0.5880769933  
-0.2241094247  
-0.8331016173  
0.7867558833  
1.058369421  
0.3608302433  
-1.032473095  
-0.514766205  
-0.8619859511  
-0.4036823982  
-0.82115555  
-0.9767898552  
-1.972989748  
-0.5765384812  
0.08536256631  
-1.191707776  
1.121505095  
-0.1510344193  
-0.6907959155  
-0.1535333478  
-0.995894004  
-0.4228234581  
-0.8226224216  
-0.2698201289  
0.6106639562  
-0.2870697122  
0.5466704389  
-0.09492743413  
0.424882862  
0.7269214993  
0.8627995818  
0.2388154279  
-0.1073901563  
-0.6844155482  
0.8836595491  
0.2443443898  
0.4262147181  
0.1713475883  
1.669192977  
1.181822264  
-0.384739703  
1.749101924  
1.190785623  
1.158048925  
-0.5927644103  
0.7169088077  
1.504594847  
0.6442316589  
-0.7756062462  
-0.3638566109  
0.260890022  
-1.009299961  
2.263469753  
1.594191538  
0.6787927039  
1.687303173  
0.05428634581  
-1.125499935  
-2.011706524  
-1.879126513  
-0.07620495426  
1.420624033  
-0.09013517427  
-0.8710769271  
-0.81256313  
-1.865645548  
0.02478720828  
0.2833285405  
-0.9150499108  
-0.5603535074  
0.7993117611  
-0.378455291  
-1.021209229  
-0.0778787012  
-0.8373110323  
0.5035656436  
1.510218026  
0.3728511237  
-0.3180141419  
1.45853442  
1.534673698  
-1.241516366  
-0.6307886423  
-0.6668445348  
-0.0348133682  
-0.5551937726  
0.3753117881  
0.5014541108  
0.09237779854  
0.2182914319  
0.6991772352  
0.1117706406  
1.464652886  
-0.1053090736  
0.4773548789  
-0.1685699835  
-0.2280081957  
0.2440492859  
-1.30005968  
-0.4404782714  
-0.5317544376  
-0.3335235361  
0.2837680888  
-0.4790871976  
-0.2647805851  
-0.6450166041  
0.4215864421  
0.1222860386  
0.5639867332  
0.9777787145  
0.4599997772  
0.4752673564  
0.2357489124  
-1.07578209  
-0.1066867546  
0.761507706  
0.5565487833  
0.9956196701  
0.844977964  
0.9399302756  
0.713543345  
-0.7601559942  
0.02620291256  
0.7485320429  
-1.910014415  
-0.1233893664  
1.439077771  
0.7033029071  
0.8373075498  
0.6080904457  
-0.3916851545  
-0.526264333  
-0.2214498138  
-0.2472136202  
-0.181502096  
0.3487661184  
-0.04904731625  
-0.1312772143  
0.2396149285  
0.3349055805  
0.1527805673  
0.1148035081  
-0.9322259027  
-0.889953685  
-0.7549277444  
-0.7975775455  
0.1437393562  
-0.0832833173  
-0.1841019678  
-0.5390730377  
-1.107165435  
-1.281515684  
-0.09441559587  
0.05717064851  
-0.6569436352  
0.1691169022  
0.2208304433  
2.005206176  
0.5370365728  
-0.1129984768  
-0.2029658474  
0.2972635324  
-0.1184068873  
0.08028724095  
0.945108588  
-0.1870004394  
-0.5178712285  
-0.9295894598  
-0.557068199  
0.3924051413  
-0.1944268489  
-0.6809116023  
-0.1342747711  
0.2746481236  
-0.5830366813  
0.3707329131  
0.8958135161  
0.3845656988  
-0.6420628498  
-0.1982010347  
-0.290994785  
-0.07645734072  
-0.1412662211  
-0.2117000745  
-1.549201565  
0.5116792028  
-0.09576159269  
0.7794977506  
0.1652363954  
-0.4456865035  
0.5986385292  
0.3903371359  
0.8979487619  
0.3316327341  
-0.2088179709  
-0.6350032857  
-0.6782588599  
0.02706713207  
-0.3216419617  
0.503979549  
-1.308236717  
-0.1007677865  
-0.3922790059  
-0.8183760314  
-0.03257132197  
-0.208677509  
0.5629681508  
0.9916284085  
0.2575445179  
0.3619053803  
0.9639989348  
0.7158820622  
0.9911048699  
-0.5119968196  
-0.4046897008  
-1.116778471  
0.2160273231  
0.2445916193  
0.1598722859  
-1.389360365  
-0.392306953  
-1.126179404  
-0.5410998625  
0.3198351076  
-0.2927880196  
0.6914369433  
0.7163031989  
1.426317577  
0.7822650776  
-0.1631189147  
-0.1295510111  
-0.7978284269  
-0.5605472327  
-0.8433878411  
0.4503413185  
-0.2169021126  
-0.4586033236  
-1.307981347  
0.3273948328  
0.8628339055  
-0.8121571057  
-0.2108256882  
-0.3718358458  
0.03319181448  
-0.4517329664  
-0.2846143444  
-0.3260052935  
-0.2566011607  
0.1203369941  
0.1044377471  
0.6781881572  
0.5311243595  
1.239256648  
-0.1911157607  
0.4597305347  
0.7308507615  
1.111748211  
0.6131405602  
0.8520054215  
-0.3760518905  
-0.2549960718  
-0.7435659379  
-0.403382965  
-0.3719018824  
0.6083240274  
-0.487209498  
-1.111140927  
-1.36172129  
0.1426349954  
-0.2455873883  
-1.492669765  
1.803571122  
0.2505838024  
-0.4329786715  
1.309305725  
0.580819063  
2.902884762  
-0.2750340982  
0.2523824762  
0.6763411497  
0.1193281276  
0.04236542572  
-1.022641883  
1.466829404  
1.258153634  
1.55298712  
0.1604912846  
-0.303415654  
-0.2124274173  
-0.8394797399  
-1.249647118  
-0.9601511673  
-0.4858727486  
-0.01969746115  
-0.7741807408  
-0.3803607976  
1.413877874  
1.907481003  
1.431365572  
-0.2559171769  
-1.563370467  
-0.591816794  
-0.9024565493  
-1.197991291  
-0.3814073533  
-0.6293092038  
-0.2435080823  
1.018069384  
-0.5191012965  
-0.9860126375  
0.6151363553  
0.1950043126  
-0.5549250431  
0.1584289086  
0.3793132888  
-0.2502807672  
-1.155569312  
-0.2905122945  
1.152622346  
0.7986804302  
-1.161467623  
-0.5163318974  
1.851499067  
1.264770743  
2.628488471  
-1.001519768  
-0.6550159509  
0.1560908318  
-0.3467364494  
-0.5481091977  
-0.7197253345  
-0.7442354534  
-0.3584829127  
-0.642586742  
-0.7457752838  
-1.967693541  
0.3111841505  
0.4442613245  
-0.5406071732  
-1.40643217  
-0.07486466431  
-0.8110049609  
-0.8435964466  
-0.9935590306  
-1.185258343  
0.3431339028  
-0.9348727158  
-1.609903271  
-0.3458327052  
-1.069098794  
-1.379722417  
-0.6319568364  
0.4996248064  
0.7181473256  
2.12025997  
1.599752127  
1.484111989  
1.995921675  
2.579549558  
1.361456828  
0.7763342559  
-0.6398620588  
-0.6449033278  
0.6449868865  
0.8523139929  
0.9549188995  
1.471396702  
0.3519470901  
1.510840621  
-0.1661714267  
0.3405184638  
0.1822123123  
0.4179035851  
-0.9554973365  
-1.687965532  
-2.293327916  
-1.388195835  
-0.9823409863  
-1.816517404  
-2.055887623  
0.2628173763  
0.2203867972  
1.156000335  
1.475409823  
0.2342997844  
1.043540039  
1.836663038  
0.9580209477  
0.7677504073  
1.035378544  
0.5950493269  
0.07321936112  
-1.208794444  
-1.038209702  
0.8623869533  
-0.537082509  
-0.2561537971  
0.7671658856  
1.018612684  
1.274452183  
0.9395899076  
1.464824045  
0.7758926106  
0.6339300633  
0.4390292637  
-1.082335842  
0.6328337669  
0.1996950381  
0.01252476956  
-1.130793376  
-1.310051375  
0.2965748962  
1.197285047  
-0.1306673827  
-1.103291974  
-0.2774853237  
-0.01465964932  
0.1081421409  
-2.090703274  
-1.415385878  
-0.7665515049  
1.582872971  
2.417441626  
-1.511641422  
-1.324385632  
-0.410747076  
1.589441907  
-0.2784677031  
-1.088507543  
-1.312164647  
-0.5936157681  
-0.7143203162  
-0.3470827733  
-0.1757643567  
-1.055056968  
-1.290395145  
0.111114564  
-0.6231992767  
0.5696829072  
0.2868790717  
0.6215602874  
-0.8754622014  
-0.511783126  
0.9906500217  
0.3695179371  
-0.5105695902  
-0.3525531413  
-0.7210028002  
-0.03001147431  
0.8827510068  
1.837213571  
-1.084214835  
-0.4918868465  
-0.1822696794  
2.247017419  
1.303164332  
1.569518625  
2.140509056  
1.053313183  
-0.1293255  
-0.6274493906  
-0.5381806486  
-0.01609940189  
-0.4465564216  
0.7802575965  
0.07075891742  
-0.7583896452  
-1.284781985  
0.4438465824  
-1.017846152  
-2.471430995  
-1.498925049  
0.3101479738  
-1.113231531  
-0.7702692652  
-1.750671535  
-0.9692943685  
-1.380215012  
-0.02613741932  
-0.5394900374  
-0.1137747921  
-1.12131975  
-1.439912097  
0.1681342419  
0.6230954241  
1.10941856  
2.204477148  
2.533867797  
2.429235022  
-0.949319457  
-0.9878412395  
-0.3002068662  
0.3469416989  
0.5632069011  
0.5208889245  
1.071670375  
1.139177832  
-0.4298041541  
-0.9564690082  
-0.1297434964  
-0.0006511724347  
0.3469918105  
-0.5379928862  
0.1856428135  
0.06413470577  
0.9697617555  
1.092605033  
0.6729192339  
0.8513798572  
-0.2875948015  
0.1759697333  
-0.7408140854  
-1.550178998  
-1.115674623  
-2.679425608  
-0.2585804531  
0.9928580753  
-1.89276535  
-2.011733189  
-0.05285162138  
1.157594556  
0.7045267345  
0.6506003976  
-0.3452621454  
0.2959884035  
-2.783823922  
0.693530389  
-0.1303362149  
-0.7466145465  
-1.258838295  
-1.220058338  
-0.1151879384  
-0.1231354113  
-0.3529623873  
0.2553211647  
0.8354457802  
1.917144712  
2.152669442  
1.489917726  
1.104865001  
1.618661234  
1.683768732  
2.966938631  
0.6412172561  
1.179227338  
2.096212217  
1.659362998  
-0.4564675409  
0.3434379888  
1.324439218  
0.3513149609  
0.2729115011  
-0.7225216163  
-0.5179077744  
-2.11642847  
0.1397794448  
-0.4704635446  
0.2828149153  
0.1475646753  
-0.867433756  
-1.006716401  
-0.793616627  
-0.553092748  
-0.04118908786  
0.2372073489  
1.365053775  
0.7693141192  
0.1925026364  
-0.03070060873  
1.636247732  
1.01531441  
0.3336904577  
0.298382475  
0.5469557488  
-0.2692359502  
-1.134865137  
-0.7702946761  
-0.5657877743  
-0.4949819357  
0.7188684761  
1.831150476  
-0.9530943963  
-0.8915101518  
-0.6538806541  
1.063361581  
1.283921325  
-1.291762871  
-1.46000066  
-0.5085246607  
-3.290280609  
-0.5034611672  
-0.4015274735  
0.4747784707  
0.2542264778  
-0.07658086153  
-0.8211843056  
0.3489341652  
0.7991854162  
-0.9090332009  
0.1903498725  
0.8822419935  
0.07254665231  
-1.850647786  
0.4728027123  
-0.6389621901  
1.133238268  
-2.436956994  
0.5502841351  
0.8692554408  
1.358410771  
1.507193439  
0.838116092  
1.118722932  
1.295651082  
-1.361271996  
-0.9051049469  
-1.995478783  
-2.023267014  
-1.074064738  
0.5368656094  
0.8319282449  
1.63226978  
-0.1205190051  
0.4625246726  
