1.109161855  
1.211453379  
1.323964947  
-0.432755514  
0.2860926367  
-1.669774591  
-0.7360129246  
-0.5669543424  
-0.4804981362  
0.7603648483  
-0.6455649512  
-0.6023226907  
-0.3826404306  
-0.6857822502  
-1.040308097  
-0.6211235568  
1.825059084  
0.3617084875  
0.1532752654  
0.2965500392  
0.1205897858  
0.6800433444  
-1.211937928  
-0.3561159507  
-0.2959121935  
1.049407151  
-0.1811714078  
0.2101143038  
0.7756488378  
1.818151583  
-1.365294579  
0.5260619115  
-0.288850989  
-0.2904354874  
0.104251169  
0.4792843053  
-0.8872869836  
-0.3012002083  
-2.166187445  
-0.1565992143  
1.995642552  
0.7042287537  
1.222261577  
0.429438458  
-0.4411337096  
-0.7262899891  
0.8667539702  
0.8951221645  
-0.4264759895  
-0.6884861591  
0.5916499496  
-1.001215655  
-0.3905615061  
-0.3682579326  
0.7107494394  
0.3004538656  
0.6399168035  
-0.6486206373  
-0.8733641454  
-1.732664469  
-0.3528216127  
-1.083752188  
-0.633705324  
-0.02422060449  
-1.262654894  
-0.7723993361  
0.3147194215  
0.3731418593  
0.1409382732  
-0.5562723031  
0.9438193089  
0.6507524707  
-0.3912825307  
0.9867175553  
-0.1064762163  
0.5807298399  
-0.1191500477  
-0.8420718507  
-1.699963859  
-1.019272507  
-0.4767348852  
0.02927955367  
1.296564186  
0.818216787  
-1.559901293  
-0.1784143513  
0.6896471605  
0.1175319554  
0.2048914632  
-0.4288084667  
1.795718972  
0.1544289991  
0.2176499367  
-0.1958496539  
-1.446467607  
0.5762020569  
-0.4490796138  
-1.165266833  
0.5147976895  
0.4540695269  
1.402814796  
0.434907016  
0.01899503589  
-0.2348183911  
-0.6505052666  
0.8683671399  
-2.128934305  
0.7534649173  
1.00111725  
2.180481249  
0.8853779519  
0.07607209782  
0.5564923664  
-2.172254634  
-1.118467706  
-0.9948048122  
-0.1147366675  
-1.294881169  
0.7067670231  
-0.4941160652  
0.2987916208  
-0.6388292351  
-1.010424537  
2.99942639  
-1.013998278  
-0.8023875302  
0.180297609  
-0.1345134624  
1.959972931  
1.152480069  
0.7653256911  
-1.303493884  
-1.041121157  
-1.424832054  
0.229906233  
0.3405080196  
0.2100245436  
-0.726164233  
-0.17137117  
-1.649357723  
-0.804430525  
0.8797270501  
0.707261219  
1.906303254  
1.052243518  
0.7367624104  
1.500729737  
1.255540977  
0.2401103218  
1.43939841  
2.009224525  
-0.6844045741  
-0.5846613692  
1.153703793  
1.140104704  
-1.062222242  
-1.117668037  
-1.916129717  
-0.2811498787  
-0.7083280951  
-0.6390308425  
0.1977017243  
0.1910928246  
0.9340789417  
1.776858211  
-0.2052655125  
1.216517279  
-1.101666203  
-0.4371096587  
-0.159275019  
-0.7241724136  
-1.537127089  
-0.6048443105  
0.03755940225  
-1.585759404  
-0.8053006287  
-0.1930451728  
0.9823652833  
1.411813984  
0.04199323444  
-0.6287745276  
-0.2543659203  
-0.9124911176  
0.4932309191  
-0.6748816617  
0.2284776365  
-0.6878986928  
0.701502805  
0.9094449549  
0.2032846124  
-1.957787036  
-1.302810715  
-1.600556253  
1.044015036  
-0.9369350967  
0.2234551784  
0.8857877039  
-0.9354025671  
0.26615168  
-0.3689929052  
-0.4596836577  
0.7758935428  
-2.36699192  
-1.293486587  
-0.2994188961  
1.855974408  
0.1887907668  
0.5656310762  
-0.5963532842  
0.1345869369  
-0.4608929404  
1.487339086  
1.023120756  
1.24510655  
-0.8636055336  
-0.5853817374  
-0.9785584268  
-1.550687821  
0.3312326835  
1.186235745  
1.361356652  
0.7608415293  
-0.3485718726  
1.238597127  
0.5382153359  
0.02670269577  
1.626053167  
1.590376873  
-0.1799647205  
0.5628709742  
-1.307565737  
-0.8481570612  
1.041862034  
1.586323196  
2.227714682  
-0.6697013818  
1.936057355  
1.87456026  
-1.216024993  
-1.422746654  
0.5219039996  
0.5864819488  
-0.4205308672  
-0.7464367874  
-0.0558291906  
-0.3903252704  
-1.387708036  
0.3757244126  
1.073975716  
0.5256008327  
-0.1169234302  
-1.010925789  
-1.011399775  
-0.3626348638  
-0.4515179233  
-0.7486916756  
-0.4026473616  
-0.6085536358  
0.2629565442  
0.4547177773  
0.464319781  
1.939856107  
3.05104935  
0.6212855626  
-0.2770900532  
-1.072705361  
0.7265294443  
1.406706298  
-0.2582550991  
-0.378766063  
-0.4241033142  
-1.464556736  
-0.4085265946  
-0.9327853021  
-1.6304878  
-1.030850992  
0.2741856878  
1.247927551  
0.2699462855  
0.214460607  
0.2974239058  
0.7137353231  
-0.3518988518  
0.2075477007  
-1.16693666  
0.7686667671  
0.3876038192  
-0.7704158674  
-0.6762933475  
0.4617004864  
1.489267947  
1.012515259  
0.3314100605  
0.8118183842  
-2.425845911  
-1.038755767  
-1.271903217  
-1.092241839  
-0.4358426201  
0.5432341141  
0.4739988455  
-0.5551199555  
-0.7433771878  
-0.5505341927  
0.6072236109  
1.400615193  
0.6645033116  
0.1268293141  
0.05909847532  
-0.6414121171  
-1.836485676  
0.7370083775  
-1.20964215  
0.8204675941  
0.7163521215  
-0.1920125293  
-1.282690098  
-0.6899683872  
-0.3723994662  
-1.814344837  
-0.5175360898  
0.1542964211  
0.2378686282  
0.8673217404  
-0.8494604362  
0.4978376773  
0.4811588138  
-1.03611713  
-1.894698577  
-0.5985882698  
-0.1606019904  
0.7646930324  
1.347350327  
0.8599510257  
0.4698386784  
-1.302104737  
-0.1072483254  
0.06014215601  
-0.4128825795  
-0.1422599378  
0.294107683  
1.294935142  
0.4606250862  
-0.7584105851  
-0.1211391929  
0.1881806993  
1.124263627  
0.1317401606  
0.2384653447  
0.2824443967  
1.005625873  
0.8373856926  
1.508801954  
-1.282767236  
-0.4780251648  
1.108495824  
-0.877690435  
-1.780424634  
-0.2741837189  
-0.8117215264  
0.847138981  
0.7097227833  
0.9989844636  
0.7944149024  
0.6813470325  
1.46072559  
-0.1594156429  
-0.6561404209  
0.6117777323  
0.06129367439  
-0.5979648532  
-0.3849412659  
-0.3111284373  
1.43069967  
0.2895514411  
-1.321063987  
0.1690629885  
-0.3610548214  
0.05097517479  
0.9984478909  
-0.6057356552  
-0.137863998  
0.5070633765  
-0.664983218  
-0.3031187671  
0.5011005063  
1.282345816  
-1.882442333  
-1.238973703  
-0.6228462003  
-1.078263092  
-0.3548615589  
0.5601873813  
0.1857864194  
0.1077894223  
0.7645750368  
-0.1058352275  
-0.1744125667  
0.3577057357  
0.7301639793  
-1.30753805  
-0.005686471469  
0.4382272764  
-0.3052663829  
-0.8283319278  
-0.2114453865  
1.128625863  
-1.562915792  
-1.19696451  
-0.6688383578  
-2.465216916  
0.5653934386  
0.9255861521  
-0.7424932738  
1.467490127  
1.638621853  
1.085641453  
1.371757104  
-0.1966551959  
0.698790826  
-0.9365890219  
-0.2337763422  
-1.344032789  
-0.4152124812  
0.9497458271  
0.04831375015  
0.6775730679  
0.9544747133  
-1.394096587  
-1.032892576  
0.9504573812  
0.6796989094  
0.7584262328  
-0.9365641996  
1.110404343  
-0.7597007003  
-0.3625409403  
-0.7693182874  
-0.1649200175  
0.4988539231  
1.032596314  
0.4572373868  
0.360332648  
0.4214095931  
-0.4066770319  
0.23861048  
-1.06464412  
-0.611260992  
0.6317612076  
2.925261139  
-0.4775929271  
0.1527224075  
1.725255438  
-0.05663953474  
1.075663443  
-0.009780830508  
1.376481658  
-1.501371613  
0.09279409934  
-2.302618302  
1.382937746  
-0.8402637782  
-0.8480133135  
-1.113562844  
-1.180211036  
-0.4008789294  
-1.635812654  
-1.317938682  
1.158300349  
-0.617244045  
-0.3576591509  
-1.620557514  
-0.002126366971  
-1.000649841  
-0.5654047805  
0.3283977099  
0.6790680766  
0.9714814805  
1.17195091  
1.887874656  
1.177682361  
2.077805635  
2.047924252  
-0.1778734956  
-0.7264883142  
0.1708908117  
-1.380256671  
-0.8157082598  
-1.181109284  
-0.1028529908  
-0.2451132912  
0.1118353104  
-1.590715711  
0.6771454365  
0.7373108725  
-0.04777064397  
0.5159249467  
-0.1875135815  
0.8555662114  
-0.620306203  
-0.7856277823  
0.3754372812  
0.04500470969  
1.323130557  
0.7296838088  
0.1551027859  
0.4618404651  
0.4321169427  
0.2108563433  
-0.6974721694  
-0.6855867509  
0.5728581901  
-2.373015406  
-0.6739575223  
-0.8947708177  
-0.934014695  
0.1705759083  
-0.002617159495  
-1.205278604  
-0.4275440811  
0.8587466319  
-1.830733721  
-0.2192362286  
-0.1639620368  
-0.4895509517  
0.979709222  
-1.852055114  
0.1239778631  
-0.5217154682  
-0.2776693654  
0.9485101568  
-2.063114237  
-1.475443439  
0.7603387104  
0.9433107442  
1.889563439  
2.374854159  
0.8418398951  
0.6421062315  
-1.21317801  
-1.044290585  
1.351562774  
-1.053154319  
1.446549921  
-1.652214091  
-0.2657159916  
0.7541639532  
1.752471663  
0.1825265081  
-0.6025790051  
1.034839657  
1.464729335  
-0.2731538245  
-0.4475790534  
1.574837102  
-0.4458992846  
-0.806685947  
-0.8664257449  
-0.8417529959  
-0.9681408361  
-0.3499696887  
-2.201110288  
-1.775791546  
0.9865880694  
0.9415109895  
0.5628309031  
0.9230480352  
0.5889865397  
2.581409603  
1.043027939  
0.3564911355  
0.4296983912  
0.5326081021  
0.2825955489  
0.1695567014  
-0.9806251754  
0.9576989097  
0.2110144437  
-2.172950208  
-0.2660764892  
-0.6680575671  
1.449736244  
2.083809158  
0.438201361  
1.2666978  
1.539666468  
0.1547771276  
-1.25555652  
-0.3057344828  
0.1947150594  
-0.0360622925  
-1.700617987  
0.136039135  
-1.794372234  
0.3972593529  
-0.02469298541  
-1.294662281  
0.7380566335  
-0.6976509351  
-1.020772292  
-0.3979650545  
-0.7709735105  
0.2955318248  
0.1110479748  
2.490751946  
0.329245437  
-1.149219701  
0.5302176402  
1.495918178  
1.138776415  
-0.2939772832  
-2.01196554  
-1.29601782  
-0.1034384999  
-0.4394559919  
-0.1482567679  
-2.007997955  
0.7185477037  
-1.417102392  
-0.6640384581  
-2.382962864  
2.250028687  
-0.4103373826  
-0.9135983353  
1.687763809  
0.65703945  
1.158547271  
-0.3883488464  
0.4990254434  
0.7060389927  
1.734372635  
2.068939349  
2.050633167  
1.215488264  
0.5790509438  
0.7013583366  
-1.788871383  
1.049972364  
1.689751531  
1.491374682  
0.9549165829  
1.881254048  
0.3489984958  
-0.221577641  
-0.6041922688  
0.1976780165  
-0.9282904541  
-0.2811412421  
1.61376309  
-0.9542626792  
-0.2657310432  
-0.8880168562  
-1.199922971  
-0.218367221  
0.4791573378  
-0.07730978081  
-0.5601344721  
-0.5683057443  
-0.2486867091  
-1.338536091  
0.07323436897  
0.6245845805  
-0.409941911  
-0.9703504655  
-1.269768419  
-1.904289438  
-0.0366663082  
-2.679743332  
0.04530390236  
-0.03175637708  
0.8681727264  
0.8904997543  
-1.963622964  
-0.7831606305  
-0.7125571019  
0.1883177379  
0.04072715176  
0.4991972676  
-0.5968441227  
-1.722311989  
-1.359239222  
-1.617100459  
0.001450499438  
0.3046102169  
-0.4671943885  
-0.5300076677  
0.4067222719  
-0.8520663262  
-2.066447747  
-0.7557012149  
2.476541335  
0.03468716114  
0.6653879878  
0.8912450954  
1.566457525  
-1.450965054  
-1.208801466  
0.6059202774  
0.5818612785  
-0.3115834897  
0.06204477941  
1.394929164  
-0.5502966383  
0.930631827  
-0.3104900071  
0.8385724225  
-0.717939088  
0.3687060022  
0.6028762526  
0.2423231883  
-0.4854239882  
0.4411581684  
-0.548972084  
1.844913118  
0.2789187404  
0.08528625558  
-0.3507427625  
0.3730466401  
-0.4200732576  
0.939689266  
0.1671951197  
-0.5713392897  
0.1889523216  
2.117202294  
1.903947867  
0.03813248696  
0.2752888106  
0.01250522523  
-0.4725220501  
0.1978389094  
0.1736448457  
1.726044444  
-0.745636768  
0.1609545864  
1.034648908  
2.025148435  
-0.9016426885  
0.4239223391  
-0.4498865294  
0.2848558181  
-1.489210387  
0.3624210416  
-1.974403243  
-0.8657605258  
-1.366334616  
-1.354772499  
-0.8446126764  
0.261375848  
-0.1024878357  
-2.33125431  
-0.4632856104  
-1.143355497  
-1.021850493  
-0.6160623076  
-0.2096360107  
0.6365133299  
2.5411698  
0.907548878  
1.537110995  
0.6651053793  
0.6282400621  
0.9538782528  
0.1066995375  
-0.191834178  
0.2585625595  
1.160942432  
1.817087886  
0.6277884393  
0.08912595929  
-0.9675401767  
-0.2459518837  
1.309408334  
0.3577629103  
-1.272076292  
0.2176831608  
-1.361380711  
-0.6088429003  
-0.8593167754  
0.06919101733  
-1.269626946  
0.02045822221  
1.22419558  
0.2315583372  
-0.1358024983  
0.223931926  
-0.9685418438  
1.323867956  
-0.6959244073  
0.4153560602  
0.5232057761  
0.6185933307  
-0.9518694167  
-0.353167728  
1.809497619  
-0.1482238371  
0.09641171162  
-0.757745208  
1.358737893  
0.1313693967  
-1.314751631  
0.2632078716  
0.8388297752  
-0.5551562342  
-1.499467592  
0.5703181428  
-0.1292252674  
