2.854822079  
1.158587209  
0.4744500057  
-0.07983949491  
-0.452143277  
-1.46290182  
-0.485363749  
-0.159754913  
-1.944120802  
0.9541786502  
-0.1908408828  
-1.413693151  
0.04565743977  
-0.1837817598  
-0.8524969106  
-1.267669247  
1.623924422  
-0.4345386921  
-0.9891943128  
1.551027475  
-1.231556296  
0.5320468463  
-1.228592854  
0.3503982893  
2.055565136  
0.6769919358  
-0.2755353823  
0.7915906138  
0.7633066229  
0.852021032  
0.5593987269  
-0.8815021104  
-0.777446034  
-1.25456875  
-0.1050466795  
0.3141429  
-0.2125072424  
0.2823992325  
-1.050501815  
-0.690731759  
1.079532681  
1.460750189  
1.510013639  
1.050204601  
1.088459805  
0.1798054789  
-0.5188156554  
-0.1403981608  
0.4650790664  
-0.1048605546  
-0.8543043032  
-1.413239756  
-0.3003816053  
-0.1021736889  
-0.9173441609  
0.5766593705  
-0.2886296199  
0.7677583715  
0.7097355713  
-1.746651068  
0.4607452736  
-0.1256066427  
-1.154472906  
-0.8200885012  
-0.3100750943  
-0.09233533005  
-1.023106048  
0.2753512932  
1.22196601  
1.267572619  
0.5958351186  
-0.2869926999  
0.7521974572  
1.376280527  
1.887141434  
-0.1669475051  
0.6867247985  
-0.08964548869  
-0.6167085833  
-1.436374205  
-0.4861280008  
0.229105131  
-0.4224379844  
0.5154521405  
-1.449178216  
-1.554231401  
0.7679870233  
-0.9983255544  
0.2820355054  
0.03834302998  
1.088505747  
0.2005548884  
-1.77135939  
-1.045824712  
-0.4294623705  
0.3376477443  
0.6824848766  
0.6171371208  
-0.3299628227  
-0.8859465458  
-0.3275495396  
1.446089396  
0.7932108026  
-1.998899505  
-0.1083227563  
-0.1667751549  
-0.29686194  
1.047358546  
0.2775171168  
2.452458915  
1.204541724  
1.57612054  
0.5449744772  
-1.152431954  
-1.073722609  
-2.067746937  
1.119406746  
-1.610668773  
-0.6827520101  
-0.2785560713  
-1.126978835  
1.301132961  
-1.008014598  
-0.6288090601  
-1.243166692  
-0.1345878803  
-0.8322653365  
-1.34505998  
0.9942965105  
2.245369743  
0.3874701606  
-1.003465826  
-0.8688186901  
-1.154353843  
1.096834164  
-0.3493165229  
-0.1968762914  
-0.8928349645  
0.533057282  
0.7683209716  
-2.151211219  
0.4910773905  
2.379040097  
2.257183134  
0.4908989097  
0.6171445129  
-0.3595431274  
1.898723904  
1.588287027  
0.7095766624  
0.8025846786  
1.507247392  
1.590277677  
0.6227850132  
0.6202720382  
-0.4881120054  
-0.1565771248  
1.137818725  
0.4485880586  
1.450464096  
-0.5472521488  
-0.08324033991  
0.2002164941  
-1.774524589  
-0.4645356922  
-0.9041056359  
0.6831117682  
-1.057216924  
-1.315710277  
-1.725533519  
-0.5877359622  
-1.310632025  
-0.1002332414  
0.5934854836  
-0.7903466449  
-1.15745541  
0.2378184792  
1.145261686  
1.311380241  
-0.4465966753  
0.03089143838  
-0.4929607773  
-0.814204356  
0.1308819733  
0.1057322423  
-0.7710985967  
0.5998671694  
-0.985355104  
-1.036328135  
-1.536328017  
0.762450385  
-0.4571973991  
-0.5694011386  
-0.4054073339  
-0.3603048394  
-0.1186981964  
0.2203861816  
-0.900511285  
0.2019298037  
-1.38832497  
-1.012589556  
0.5423509755  
-0.3121030292  
-0.7494759375  
-0.03429128013  
-0.4550398708  
-0.4066201504  
-1.483040845  
0.3042694186  
0.8466044233  
-0.6705400055  
3.125306683  
2.046520521  
0.03274862434  
0.08058968025  
-1.420694224  
-1.630431011  
-1.102982268  
1.193226222  
1.29878125  
2.307628555  
-0.5175482838  
-0.5371141033  
0.293662879  
0.5977823107  
0.5299757675  
0.7411356877  
1.802605404  
0.8743193832  
2.46675714  
-1.922923671  
0.8018824901  
0.5180763299  
-1.513003845  
0.4422515275  
0.6228739815  
0.06082946668  
0.5816781343  
0.2857165574  
0.2262287464  
0.743554315  
-1.325527212  
0.887574771  
1.730976145  
1.06230441  
-0.06854189665  
-1.020427721  
-0.8314635541  
1.105095723  
1.30010377  
0.5652449895  
0.3790739453  
-1.835226815  
-0.8106578841  
-1.175952532  
-1.666687864  
-1.706770026  
-0.06528361017  
0.916020221  
0.9944417091  
0.2445285314  
1.926607037  
1.347948862  
1.397236547  
0.6561762934  
-0.5303533637  
0.1423592142  
-0.4836851732  
-0.2427232914  
-1.643253789  
-1.380694476  
-1.141097128  
0.2442353133  
-0.06503053557  
0.1815098615  
-0.4036949458  
0.7907324378  
0.9258781961  
0.620897117  
-1.34932233  
-0.7316882596  
-1.252080453  
0.3321303355  
0.3435207878  
-0.4631387933  
-0.01512919952  
-0.7218310949  
-0.08263719401  
0.3556631819  
-1.062938396  
-0.6719935897  
0.3762365077  
0.7181586884  
0.3378090975  
-0.8235794325  
-0.2766323265  
-0.08483697082  
0.1379464004  
0.3396562517  
-0.1561041779  
-0.9218841111  
0.4103188863  
-0.007233884597  
0.2874784472  
-0.5453043964  
-0.2809372936  
-0.6768363909  
-0.0166602523  
0.4205609092  
-0.4560197285  
0.2652542586  
-1.466808274  
-1.144986319  
0.8772386547  
-0.464056846  
0.3475077873  
-1.502464507  
0.3001634826  
-0.6462939818  
0.4692548182  
-0.3262247999  
1.128990043  
0.3430817461  
0.04584860442  
0.8860686365  
0.02861865398  
0.4841811791  
-1.047223556  
0.2542252982  
-0.03824580672  
-0.2927021738  
0.7859734796  
0.02131722493  
1.497522426  
0.7275103059  
1.376489048  
0.5853477251  
1.663203667  
-0.4135418048  
0.7139546355  
-0.02804934421  
-0.6914635921  
0.3447883888  
-0.5129881487  
0.1216824012  
-0.3067301165  
-0.8984246465  
-1.080314718  
-0.6841287931  
0.1261857908  
0.5585548006  
-0.7296447056  
0.7661186917  
-1.701672589  
-0.03074372192  
0.4687687374  
0.05443378909  
0.2728989248  
-0.875612328  
-0.4682208414  
-0.7388110767  
0.09833416772  
-0.1783613868  
0.4899487417  
0.9405187321  
-0.6086203424  
0.2868348347  
-0.7049880671  
0.4766822252  
0.335211315  
1.454080888  
0.1397925793  
0.0875830936  
0.2921825181  
0.7822986649  
-0.07605115028  
0.02500607965  
0.4463488845  
-1.323904848  
-0.3324930879  
-1.122293164  
0.3527917489  
-0.44326779  
0.5097340993  
-0.403071877  
-2.090936913  
-0.1198455593  
-0.06830310152  
0.009568000023  
-0.2842781444  
0.1640549285  
-0.5855742954  
0.3872915326  
-1.099905761  
-0.5080853321  
0.130857318  
-0.8527331776  
0.6901876053  
-0.0484604685  
0.8634437822  
0.8332012098  
0.1743880121  
0.5238655  
0.02134335813  
0.4073465936  
0.002846022084  
0.9138853974  
0.2767456069  
1.340626177  
-0.5968512578  
0.1918824842  
0.7747817243  
0.5467438587  
-0.9129326282  
1.740110018  
0.07664217539  
-0.8922055005  
0.5581451439  
0.3472095268  
0.298935707  
-0.2723252917  
-0.2972087525  
-1.563527254  
0.00911990613  
-0.4090255632  
-0.9109692442  
-1.132492487  
-0.2547200275  
0.04318631884  
-0.5349893807  
0.4038791809  
-0.1821926426  
-0.5624240394  
-0.6071867053  
-0.6348221515  
0.5834451902  
0.761375871  
1.484235084  
0.9116746386  
-0.4675832149  
-0.5537815477  
0.02283252029  
0.7186574117  
-0.04964782656  
-0.232337853  
-1.972694575  
0.09467039179  
1.008010204  
-1.176374882  
0.4254566322  
1.306996603  
-0.5115057799  
0.6690994239  
0.03031727878  
1.781582083  
1.073359301  
0.3851137981  
-0.5814260256  
-1.202418632  
1.160818926  
0.4617483173  
-0.2774366451  
-0.904701264  
0.9758599998  
-0.3269236848  
0.7629299079  
1.426479158  
-0.002840108522  
0.4448737695  
-1.529365955  
-0.7141923564  
-1.589692642  
-0.4812076105  
-1.431634031  
-1.496746653  
-0.5868527733  
-0.8255751398  
1.782234204  
1.438891944  
2.042159007  
1.949018939  
2.423603442  
0.5164140087  
0.1561694845  
1.392745903  
-0.133024298  
-0.03326526331  
0.3416992716  
-0.3194798852  
-1.326400089  
-0.133708035  
0.3345043585  
-0.3566486149  
-1.745224881  
-0.6408032875  
-0.7766323584  
-1.515446623  
-1.205072345  
-0.6736679692  
-2.242792987  
-0.1610257117  
-0.09392567124  
0.5202613005  
1.588439625  
1.912069775  
1.969406392  
1.454933753  
-0.04890496467  
0.2398534187  
-0.6764229426  
-0.4820631524  
-1.4125639  
-1.48644152  
-1.542410362  
1.372305576  
0.4823422447  
-0.3871036527  
-0.42874365  
0.6864829351  
-1.396151305  
-0.3335219058  
-1.683965767  
0.1679591474  
-2.085422444  
-0.3175130611  
-0.2568475855  
0.4867073493  
-1.211554914  
-1.150150005  
-0.6855437241  
-0.2946353213  
-1.01048377  
-0.3877652587  
-0.2324867177  
0.7882130006  
0.8259440402  
1.720314149  
0.9556365204  
-0.003377454993  
-0.3063443939  
-0.870609105  
0.8592484027  
0.7074058047  
-0.1076744793  
-1.206957678  
-0.6026428429  
1.61634544  
1.318309346  
-0.1078463342  
-0.3121703361  
0.6550648648  
1.703922806  
0.7423741303  
0.05415397317  
0.248392809  
0.3358095197  
-0.7382013752  
-0.2961845339  
-0.4934978408  
-1.466669936  
-1.358522351  
-1.473666067  
-0.6492246068  
0.8734456485  
0.8497430421  
-0.5349028532  
1.784938125  
0.6303760015  
1.41761505  
1.23810519  
1.432918175  
1.33108526  
1.090010478  
-0.01709817844  
0.4591529353  
-0.4897243657  
0.7197071426  
-0.6966348014  
-0.01441454306  
-0.4212950799  
-1.087717743  
1.609760758  
0.6492806394  
0.4696331407  
0.9271125398  
1.720498869  
-0.08862051635  
-0.9854521738  
0.2019000249  
-1.018884091  
0.5800042998  
-2.230360646  
-0.5096776226  
-0.2687975535  
0.5966114858  
0.01894224576  
-0.04426810731  
-0.9514593381  
-1.471938563  
-0.03749454929  
-0.7396326557  
-1.347282514  
-1.029374741  
0.2988904555  
1.535567523  
1.830120148  
-0.5591615645  
0.6311916299  
0.3381929036  
-0.3468436582  
-0.04712672649  
-2.116574732  
-0.4376156912  
-2.291756685  
-1.229089493  
0.7952647229  
-1.019060548  
1.2390057  
-0.1037471554  
-1.765579798  
0.06965415387  
2.618807077  
-0.5582706992  
-0.2318625745  
0.6771092043  
1.194486614  
0.661833805  
1.437992651  
1.26822494  
0.09042193455  
0.5076527288  
1.442413442  
1.244060436  
1.417384441  
0.6874428953  
1.967595616  
-0.3549783482  
1.40564687  
1.380551301  
0.6858603003  
1.257906572  
0.07841533915  
-0.004492148351  
0.253969092  
0.2410993671  
-0.8972366691  
-0.2093382192  
-0.9323454664  
-1.612789718  
-0.4968151514  
-0.5377965205  
0.9972449926  
0.2564739788  
-0.135991483  
-0.874058623  
-0.2514957097  
-1.77102348  
-0.08754208763  
-0.4662861292  
-0.6397943667  
0.22224042  
0.4118627044  
-0.1642589123  
-1.549666176  
-0.56220467  
0.6968823911  
0.1499909617  
-0.1729535816  
0.6732229624  
-0.5361635369  
0.6602184935  
-1.317296808  
-0.447716632  
-1.150489356  
-0.4543930883  
-1.966768036  
-0.6827121521  
-2.335617294  
-0.01850583621  
-0.742057591  
-1.50303169  
-1.546497136  
-0.1276808694  
-2.876656672  
-1.873564085  
-0.2859819751  
-0.3038483248  
-1.208865691  
-0.4510448096  
-0.7182437122  
-0.228387096  
1.946833138  
2.152001296  
1.591030186  
-0.01968338428  
0.6389417061  
0.05686674149  
0.5622264185  
-0.04197183405  
-0.02985510787  
1.063654979  
1.070823274  
-0.1552209186  
0.3436831948  
1.417184218  
-0.7164761558  
0.6211469438  
-0.2060352741  
1.724142753  
0.3509844248  
1.022161125  
-0.6948483295  
0.8386236917  
2.049813349  
1.239030956  
1.317204553  
0.3954212835  
-0.3020562996  
-0.3580082308  
-1.167856059  
0.1082794221  
0.2268950156  
-0.2839473941  
-0.0771410095  
1.313872127  
0.7611683519  
-0.4523401708  
-0.6749351578  
-0.281707796  
0.4970834632  
1.528236709  
0.4587984142  
0.4209280974  
-1.238458666  
1.415401058  
1.314972177  
0.4492072715  
0.8932453939  
1.357485252  
-1.002514773  
-1.055937195  
-1.532867287  
-1.165446387  
-0.5555564937  
-1.070266699  
0.98648604  
-1.256231081  
-1.006452782  
-1.758243535  
-1.000280965  
-0.9147264486  
-1.629811522  
-2.565883094  
-0.7257626427  
-1.052141843  
0.5314908926  
2.396672533  
1.027180826  
-0.2649285334  
-0.1848784707  
-0.04988339351  
1.1012127  
-0.5339301329  
-0.1956357318  
-0.9439852612  
-1.312449624  
0.6788183061  
2.021612879  
0.8507651495  
0.5608209682  
-0.2959967659  
3.643298322  
1.162710405  
0.1052916726  
-1.004623738  
-1.124160604  
-3.164992892  
-1.71182321  
-0.4995849689  
-1.28834362  
0.3899839924  
1.292139144  
0.9348459752  
-1.016655584  
0.116277018  
0.27864085  
-0.362941116  
0.4616250176  
3.695543534  
0.8795782383  
0.8921463983  
0.2712217106  
0.7176535834  
1.769426731  
-0.01715199989  
0.2657059141  
0.2594998453  
-0.8295942982  
-0.2142679567  
0.07080659145  
0.3045129467  
0.8440688698  
-2.327131521  
-1.361131818  
-0.3617232381  
-1.504070469  
