-0.951325234  
-1.693196412  
-0.3876030206  
0.7214406117  
1.236257646  
0.9140199144  
1.113299039  
1.613644784  
1.365991471  
-1.626941234  
-0.7015904415  
1.075416625  
0.687550713  
1.578496785  
1.950024371  
0.1803407615  
-1.709046976  
-1.014331473  
-1.387995522  
-1.790742119  
-1.386278039  
-1.005887465  
-0.3154940934  
1.181460445  
-1.646925364  
-1.074130541  
0.5572850421  
0.5976687962  
-1.818104174  
-0.8914896964  
-0.4979098774  
-0.7446377334  
1.112155667  
1.270686413  
-0.1717393727  
-0.1269393663  
-0.1519409857  
-0.5591945956  
1.608327696  
1.917663674  
-1.849803595  
-1.129470443  
-1.188247032  
-0.7037383332  
-0.5849801728  
0.2829812936  
0.4314326839  
-0.1983227352  
1.209970959  
0.6480051637  
0.2538245305  
-0.2710855109  
1.147447664  
0.6564281584  
-0.9039780236  
-1.626585556  
-0.02088924916  
-0.133393549  
0.2201168165  
1.413600807  
1.316322156  
0.9631175021  
1.05606262  
1.063350234  
1.052567409  
1.1383534  
0.8850986904  
0.6819173416  
-0.4121905272  
-1.787540795  
-0.9521867099  
0.1972606514  
-0.9234778215  
-0.8043008035  
-0.6083849025  
-0.2495191535  
0.3106668662  
0.4238895383  
0.3254410995  
0.6516346847  
0.2512569678  
0.0645708834  
0.5046439829  
1.231411397  
0.9709587218  
1.058894016  
-1.173284809  
0.628492477  
0.009079526097  
0.9860916142  
-1.446351235  
0.06664470444  
1.191780366  
0.592668433  
1.464412455  
-0.3004621231  
-0.1017398669  
1.108180415  
-0.669576254  
0.004176499407  
-0.8728023885  
-2.15217181  
-0.3546764445  
0.5220835114  
-0.381191798  
-0.5384904307  
0.06209557549  
-0.9786951717  
-1.506880902  
-1.117029445  
-2.299650472  
-1.836881782  
-0.7890454914  
0.3164831535  
0.664399605  
0.8208719681  
-1.01728883  
1.42597721  
1.796426644  
1.53012191  
1.897175901  
0.2570402052  
-0.1546148742  
1.211765733  
0.8491675128  
0.9831370614  
1.123298545  
1.297637567  
-1.863877385  
-1.595445249  
-1.80259144  
0.01195764607  
0.6002767101  
0.6643704542  
0.1115494626  
0.4783753408  
0.183459451  
0.5705729536  
0.4401224318  
0.5652549325  
0.4860307519  
-0.001451809562  
-2.645199275  
-1.597051936  
-0.7801405939  
-0.9962991658  
-1.902869673  
-1.834720524  
-2.040222828  
-1.27688198  
-1.707037109  
-2.591139716  
-1.48718236  
-0.9293598962  
-0.3595874571  
0.2519979771  
0.3805621871  
0.4851821509  
0.3201838612  
0.6705615601  
1.137068668  
0.7412895312  
0.2173073574  
0.3046725114  
0.7738805702  
0.5093568131  
0.5728316863  
1.206733868  
0.6028351923  
0.5607693749  
1.177100174  
1.125736094  
1.144272928  
0.3531782236  
0.4517471986  
0.9161153021  
-0.5080588663  
-0.6185994301  
-1.602238987  
-0.8533462877  
-0.3712583391  
0.2182064154  
0.437454177  
1.076069242  
0.8529347318  
0.6636816806  
0.8815289661  
0.5774766269  
-0.4211088357  
0.9788987865  
0.455327272  
0.5376661143  
1.082898427  
0.6467327799  
0.2271776974  
0.2695229618  
0.2069649823  
0.452322648  
0.01355179322  
0.6073762528  
0.2179625189  
-0.4979250416  
-0.03202547332  
0.2103151475  
0.7166886  
0.4255743102  
1.133832715  
0.8843793414  
1.522108015  
2.060885191  
-0.4708256984  
-2.562162881  
-1.685779494  
-1.571921011  
0.7368285926  
0.7947916032  
1.795199839  
1.055414348  
-0.4113785558  
-1.750607843  
-1.008967209  
1.112434068  
1.175755223  
-1.848064784  
-1.535166985  
0.3020347132  
-0.6319339008  
-1.883399757  
-2.250524046  
-1.546141491  
-0.1282174622  
-0.6639033184  
-0.7234422673  
1.574568183  
-0.9139192212  
-0.1668789704  
-0.6770452741  
-1.888938599  
-1.507316103  
-0.8737585806  
-0.1510003327  
0.01915258877  
0.1031602092  
-1.645774061  
-1.573990688  
-0.6115832743  
-0.01527035803  
0.5060923116  
-0.4607209401  
-0.3838452258  
0.1016159411  
1.01246267  
1.041083039  
0.7113367929  
0.6688777581  
1.275042425  
1.231034525  
1.27358987  
-0.4959149399  
-1.183014751  
0.5265964866  
-0.7710506279  
-2.09474964  
-1.662800803  
-0.6202110712  
-0.6260417986  
-0.2203808712  
-0.2588386898  
0.5090402476  
0.5006859639  
0.7191494999  
0.6424812583  
0.3464523115  
0.1727477439  
0.5479213073  
0.1814297585  
-0.2495371966  
-1.863985842  
-0.9912035733  
-0.4471089758  
-0.2130435548  
-0.2212010823  
-0.6103110583  
0.1247281574  
0.3069462174  
0.1289425337  
0.1730241219  
0.4458445307  
0.9529226037  
0.427802308  
0.3673120874  
0.5789617901  
0.3857009693  
0.7835867471  
0.8514163871  
0.5471880526  
-0.06987203462  
0.2665933761  
0.09240959827  
0.09448800159  
-0.06227854809  
0.150955226  
-0.1691994186  
-0.4661993566  
0.3144098467  
0.3327993225  
-0.269767896  
-0.171056576  
-0.2134058737  
0.155415383  
0.3128842907  
0.8725764393  
0.6398625123  
0.5649557712  
0.4930508765  
0.1570332721  
-0.07693291  
-0.1544255227  
-0.1125244116  
-0.03184148379  
-0.5363176299  
-0.3664958777  
0.4218600011  
0.08579309177  
0.3109270065  
0.06117583529  
0.2099045786  
-0.2365223719  
-0.2841128186  
0.2173042415  
0.2617207172  
-0.3642377842  
0.3968391097  
-0.1553493594  
-0.1083412073  
0.03650703036  
-0.1475366226  
-0.1739376357  
-0.5789417954  
-0.1887128459  
-0.151130059  
0.04651668109  
0.2957578584  
0.2305205331  
0.2692686247  
0.1779901705  
0.1890571388  
0.1678424988  
-0.0003716368218  
0.3888665244  
0.5710081687  
0.3235287373  
0.3750227965  
0.08347952904  
-0.4196004433  
-0.6136404308  
-0.2606513126  
0.008588171637  
-0.132871309  
0.2630406917  
-0.02496535147  
-0.09285363265  
0.2173133163  
0.3083422231  
0.09409490126  
-0.09501538957  
-0.2483826383  
0.3316179527  
-0.2490244034  
0.06737116734  
-0.02495677352  
0.2180635946  
0.1080570981  
-0.1247719014  
0.008778981176  
0.1464042088  
0.3734692597  
0.2242236938  
0.1130352159  
0.04321061606  
-0.1053444853  
0.3195361288  
0.03970568758  
-0.4663480239  
0.1462389783  
-0.1084717666  
-0.03296626254  
-0.1002301952  
-0.5618596509  
-0.4352713927  
-0.4875658496  
-0.1680919759  
-0.3096634193  
-0.1508653137  
0.1683357666  
0.06747859372  
0.381908009  
0.142701872  
0.5380657762  
0.1239249457  
0.367373919  
0.2045113341  
0.02877858967  
-0.3560799387  
-0.3909677128  
0.0646827463  
-0.534526781  
0.03878883994  
-0.2830826151  
-0.2083840025  
0.1643491194  
0.1438754528  
0.2905299219  
0.5626720093  
0.4611359988  
0.3498635145  
0.2675884066  
0.1065510407  
0.3131657839  
0.6883665185  
0.4902603024  
0.7722108694  
0.7071617269  
0.4092332171  
0.1013628337  
0.5530140922  
0.7795691939  
0.6653400657  
0.654659166  
0.3663014809  
0.3638599864  
-0.02530838108  
-0.210401079  
-0.4474294084  
-0.4228454966  
0.2275518664  
-0.07382305736  
0.09484707934  
-0.1067512327  
0.1410223562  
0.3477037521  
0.3348561932  
0.5467968446  
0.7926123153  
0.4884170084  
0.7340996632  
0.8781098428  
1.014703522  
-0.6613350699  
-1.101127594  
-0.007615244735  
-1.041042414  
-2.648739716  
-1.489243381  
-3.058332721  
-0.9698538928  
-1.074098748  
0.1807709751  
1.04542566  
-0.1239174756  
1.05790919  
0.6198226757  
0.1245064833  
-0.566597534  
1.050126507  
-0.8171216351  
-0.7931063234  
-0.9871269406  
-0.3106651741  
-0.3901065175  
0.007477403422  
-0.6399184713  
0.2223061257  
0.3161238006  
0.4418960313  
0.9103157243  
0.9784792096  
1.391787065  
-0.7361291519  
-2.919898884  
-2.539624897  
-2.698653481  
-2.042942374  
-0.3929232234  
0.8978082097  
0.4632573152  
0.9360792593  
0.8511747877  
0.4338172298  
1.16065066  
0.6596587698  
0.6658607974  
0.2858264276  
0.8068992985  
0.3893044246  
0.6886490433  
1.197628705  
0.8641712249  
0.6608119196  
1.20596245  
0.9726032182  
1.606492401  
0.9235071094  
-0.01704026143  
-2.255338741  
-1.664574392  
-0.1982021177  
-1.269537747  
-1.181579163  
-0.3716934735  
0.4505379395  
-0.482861866  
-0.158795581  
1.0468887  
0.1441618347  
-0.2190774181  
0.6086579642  
0.9092303961  
0.73653285  
0.5000271531  
-0.7132906387  
0.1100545671  
0.1484257977  
0.4983559347  
0.7234567983  
0.2069659077  
1.394651076  
1.472146682  
1.072154968  
1.007136283  
0.1337849771  
0.4702056547  
0.7910478577  
-0.8866043227  
-1.214141224  
-1.482758195  
-1.898488388  
-1.805544829  
0.4227614406  
1.686439347  
-0.9123804918  
-0.8346802101  
-1.15825852  
-0.4148858761  
1.734485043  
2.05470548  
-1.412895215  
-1.456917571  
-1.130298307  
0.4219536987  
-0.5142641953  
-1.625152169  
-0.9028769075  
-0.07942445164  
-1.863551445  
-0.5546065478  
1.080233618  
1.001516608  
2.333816322  
2.26804234  
2.113814661  
1.967621871  
2.180670341  
-1.41937904  
-0.9630614213  
-0.7217538665  
-0.5824205874  
-1.051125809  
-1.115502828  
-1.353563414  
-0.8883150669  
-0.7951941506  
-1.147966149  
-0.7880846201  
-1.050118448  
-0.9449167332  
-1.05963318  
-0.8710156051  
0.1948806622  
-0.3081968941  
-0.7029100519  
-1.131696877  
-0.7397451838  
-1.234584413  
-1.399238593  
-1.121568465  
-0.9153858109  
0.9779763172  
0.8156200639  
0.738732814  
0.7796043247  
1.396074144  
1.573057857  
1.613473446  
-0.8048269816  
-0.6720759011  
0.9810154998  
-0.01929102947  
0.9480623798  
1.502115515  
1.21865198  
1.195332489  
0.7233095118  
-1.684148009  
-0.7491460088  
-1.503412584  
-0.7285885933  
-0.6017584719  
0.4140777462  
0.08984857592  
0.6310097865  
0.4494282616  
1.206690894  
1.054596968  
1.745187474  
0.5013808494  
0.8310774786  
-0.07129589277  
0.648378464  
0.6438830526  
0.3649823185  
-2.102696781  
-0.4369694302  
0.6075765837  
0.5650845223  
-1.049184757  
-0.7760055674  
-0.553069213  
-1.062764689  
-0.7016253831  
-1.055504901  
-0.8635148582  
-1.036457122  
-1.075889837  
-0.7227465266  
-1.158934658  
-0.7902538627  
-1.17047647  
-1.428239671  
-1.389948267  
-1.1888945  
-0.9520797515  
-0.5633230495  
-0.2496075583  
-0.06146572727  
0.04476597458  
-0.2259315926  
-0.303154856  
-0.1982735679  
-0.164081498  
-0.8984573116  
-0.4856594139  
1.247186769  
0.8654576849  
0.3020441979  
0.05875326856  
-0.05316414945  
0.6651800931  
1.340297111  
0.1988585052  
-1.672399854  
-0.9056444711  
-0.003967793279  
0.1117292834  
1.075858714  
1.430593466  
1.870030039  
2.513083909  
2.437654266  
-0.3355923076  
1.018216266  
0.4832691986  
1.418879666  
0.6931253862  
0.4477967111  
1.260625015  
1.297478257  
1.165564474  
1.672912373  
1.485020031  
0.9376658751  
1.223066467  
1.797996048  
1.559235194  
1.680608357  
1.821335682  
1.699156022  
2.123183351  
2.013506976  
1.924126691  
-1.176901908  
-1.772104974  
-1.454919668  
-1.210112011  
-1.177567079  
-1.727958232  
0.5248035526  
-0.3891704559  
-1.177843867  
-0.7149523688  
-0.6870442862  
-1.182402746  
-1.34902654  
-1.461755636  
-1.447192013  
-1.574584021  
-1.436966942  
-0.7316592816  
-0.6471501321  
-1.726399699  
-0.7733471481  
-0.9126439512  
-1.402568461  
-1.638792208  
-1.51760307  
-1.111247004  
-0.7115233813  
0.1845621752  
0.08104754969  
-0.4908051521  
-0.5423806013  
-1.101741172  
0.4121492063  
0.5361122991  
-0.0762118139  
-0.6836769409  
-0.1268765698  
0.6804681702  
0.1150202819  
-1.050237609  
-0.6871864982  
-1.152700718  
0.3068148377  
1.95298157  
0.3505657547  
-1.352867563  
-0.7384880794  
-1.488630043  
-1.210618576  
0.51212503  
1.480326095  
0.666228146  
1.183050667  
1.249564419  
1.192177573  
1.639564306  
1.400649005  
2.423179148  
1.769781658  
1.809437344  
2.450788346  
2.431790812  
1.84120815  
1.387941747  
2.09890169  
1.413452326  
-1.996454592  
-1.503961477  
-1.509564499  
-0.7961183697  
-0.5622358811  
-0.67320179  
-1.021667918  
-0.2669899249  
-0.296846627  
-0.07684955465  
0.3871716528  
-0.9005987713  
-1.545917657  
-0.1186711081  
-0.9440800482  
-1.468475623  
-2.029202192  
0.03614394307  
1.698119769  
1.169662479  
0.3154673849  
1.093880129  
2.046240824  
1.493104276  
0.7722095269  
-1.668170569  
-1.520974779  
-0.7526577897  
-0.1725266478  
0.09357264344  
-0.05710474969  
-0.9341582548  
-1.299519227  
-1.421632708  
-0.7821294724  
-0.7943239875  
-1.090227284  
-0.9478269023  
0.4778573727  
0.07283220515  
0.03284660295  
-0.2028436309  
-0.1215207624  
0.04912083237  
-0.02014466654  
0.4407404921  
1.559090784  
1.633688816  
-0.06889692307  
1.29590541  
