-0.9860339186  
-1.897715828  
-3.184656346  
-0.7324302391  
-0.2651922127  
0.7995806017  
1.704258725  
0.494731514  
-1.074806251  
-0.5946378715  
0.8897699909  
1.256928148  
1.535387616  
2.230630046  
0.2600526689  
0.2323643402  
0.8890408429  
0.5672536447  
0.1337352549  
0.3097815548  
-0.6325292862  
0.3190575403  
0.5882278651  
0.3991191257  
-0.2780507225  
0.1821521335  
-0.802839736  
0.5655782573  
-1.06355527  
0.9010949112  
0.2828263797  
0.3171496547  
-1.180708977  
-0.04938433602  
0.603775499  
-0.8804268344  
0.3571592997  
-1.449964884  
-0.1821328073  
0.5569700828  
1.93185628  
1.352692265  
-0.6079472051  
-1.710525001  
-0.6536050452  
0.385723219  
-0.4220213151  
-0.3887967808  
0.03702646781  
-1.204755456  
-1.671693793  
-1.689645305  
-1.803841463  
-1.289021141  
0.002530416379  
0.1076601753  
0.1472720426  
-0.1732752561  
0.9829176926  
1.012816014  
0.4723264083  
-0.2756047148  
1.603322592  
0.02184454636  
0.6700886733  
1.940307294  
1.11634416  
1.217665914  
0.3713844102  
0.5688903526  
1.032716598  
0.2461568052  
0.2712909235  
-1.209037242  
0.7409248197  
-0.7788888881  
-0.883896073  
0.7758970364  
-0.3694420472  
-0.999954434  
-0.2678047181  
-0.7892536472  
-1.048118243  
-0.3123197132  
0.9165666805  
0.8097662243  
-0.01063793986  
-0.6387534676  
-1.090563317  
-0.5587646119  
-1.137638372  
-0.4083064452  
-1.254432573  
0.2210668435  
0.1816783286  
1.694279655  
-0.6316343292  
-0.07843538383  
0.9486012218  
-0.4386376458  
-0.6968604215  
0.5125027203  
0.5399046063  
0.2463254261  
1.400199374  
-0.1187214271  
-0.2832208071  
-0.1175717016  
-0.1567325964  
1.248395487  
0.594336714  
0.4031905127  
-0.2034636086  
0.1599789136  
1.120536235  
1.17554254  
0.1312380776  
0.5652951341  
0.340012667  
0.1962610641  
1.668253092  
0.8782489911  
-0.1161727115  
-0.7813238153  
0.5915295715  
-0.1209603076  
0.151959895  
0.4289614433  
-0.1333074654  
0.3093125692  
-2.176532059  
-2.616018081  
-1.372583212  
1.556921912  
-0.8643465826  
-1.748816934  
-2.86921477  
-0.1159687879  
1.075513022  
1.861843263  
-1.30001258  
-0.5189330104  
0.5562476439  
0.5632875809  
0.4038495354  
-0.8307169167  
0.2533655654  
0.17367443  
0.7236352675  
0.8569246336  
-0.4692600209  
0.1645897989  
-1.172640287  
0.6306250873  
0.4256762069  
-0.2372524938  
-1.291425271  
0.3813752532  
0.05331867584  
1.163714897  
1.0069548  
0.1750970972  
0.9236831063  
1.963505842  
2.220601982  
2.12537123  
0.1568789908  
0.0890877995  
0.467552925  
-0.259008497  
0.3931670222  
0.06227297185  
-0.7825334188  
-0.7524365115  
0.02429411431  
-0.7588781414  
-0.277301469  
-0.7272070081  
-1.096156485  
0.5068885382  
-0.957632411  
-0.3768621202  
-2.249400351  
0.627333856  
0.1016109713  
1.322119452  
0.8808652603  
-2.868670975  
-0.2605835683  
-0.405257668  
-0.005511283263  
0.6730871301  
-0.3329396449  
-0.5560170951  
-2.814375737  
1.066474019  
0.7956661898  
2.075033006  
0.9430921674  
-1.744923952  
-0.9993402201  
0.4017002476  
-0.2617672903  
0.09545512601  
0.3020989004  
-0.7312251947  
-2.288890169  
-0.1974247347  
0.1021842167  
-0.9530695422  
-0.0770984167  
0.1741197396  
-0.5496387438  
-0.8991689992  
-0.4310064889  
0.2674812475  
1.13544155  
0.7676156629  
-1.086504867  
-0.1223752428  
-0.1059864695  
1.776098412  
0.9364725692  
0.2699844069  
0.5516181614  
0.07746356494  
0.8737678632  
1.077293083  
1.884077759  
0.6782060591  
0.09636280469  
-0.9415475882  
-0.08387636815  
-1.04244902  
-2.839357718  
-1.151261996  
-0.6210015833  
-0.7936509115  
1.74357303  
0.4102214448  
0.9941533732  
-0.401822009  
0.7506662148  
0.5192685907  
0.9238460247  
0.8043154116  
2.123383137  
0.3443469822  
2.034323386  
1.137019092  
-0.006200372452  
-1.247200083  
-1.227522723  
0.4608620476  
2.114442987  
-1.903005527  
-0.006599259729  
-0.102236335  
0.01120309658  
2.616957343  
0.6249277808  
-1.001213801  
0.8324368349  
-0.1188630681  
0.1916886474  
0.3074696354  
0.2052828685  
0.3859898526  
-1.267387362  
0.08462134745  
0.8535654566  
-0.8385626848  
0.6636671475  
0.2312874224  
0.3373784987  
-1.698739114  
-1.271949907  
-1.862620491  
-0.2516951865  
-0.1965745003  
-1.698881477  
-0.5287475373  
-0.7832995328  
-0.6355976988  
0.09272009804  
0.3497921199  
-0.05915031618  
-1.125136207  
0.1113322164  
0.5927943171  
0.9203753729  
-0.3204981963  
-0.15651701  
-0.6422649259  
-1.348875197  
-0.1199652797  
-0.4693961024  
-0.8709195535  
-0.543622817  
-0.4995116824  
-0.3955185721  
-1.953571709  
-1.903342312  
0.9406397343  
-0.4866506601  
-0.4301867539  
-1.733398922  
0.6323647846  
-0.5552899025  
1.955878307  
-0.05560119616  
-1.993838459  
-0.01573729238  
-0.1020555428  
1.915919631  
2.073550988  
1.085952577  
-0.01333388525  
-0.2765318749  
0.4216242719  
2.092392812  
2.424809503  
0.3754378058  
0.5282651666  
0.7767557018  
0.08440575017  
1.263157225  
-0.9484343048  
0.461958333  
-0.2458509268  
0.6169059327  
1.444666379  
-0.671094999  
0.1724624529  
-0.1304241524  
0.1516669005  
-0.0566280092  
-0.6455619307  
-0.5415369998  
-1.710892751  
-1.388063837  
-0.2472242323  
-0.1462017254  
-0.5706223608  
-0.4783294227  
-2.601481751  
0.5490270806  
0.4713716348  
1.578281985  
1.899185278  
1.662204823  
0.3568782335  
-0.08612877819  
0.2122868525  
-0.06774842422  
-0.4785160462  
-1.857945016  
-0.642267336  
0.6420719956  
0.5424993201  
0.0486227844  
0.2696372816  
0.5376879602  
-0.2997877925  
-0.839974028  
-0.3112636602  
-1.110210342  
-1.08750905  
-0.1551441943  
-0.7652033068  
1.045617271  
0.05259120364  
0.619076074  
-0.378379505  
-0.3884679537  
0.2677715021  
-0.34565896  
1.074265418  
-0.5963028604  
-0.6523481781  
-0.06904180897  
-0.7552201617  
-1.209612114  
-1.040764257  
0.186038743  
0.001549907257  
0.1955558017  
0.447080599  
1.069670222  
0.02290807985  
-0.5945544351  
0.5231288265  
-0.3609499838  
-0.4538057112  
1.038043394  
-0.1784161537  
0.9990223439  
0.9626827534  
0.7629405866  
0.2557266116  
0.9556081445  
0.3448434082  
-0.248110314  
-0.01502853987  
-1.724043859  
-0.2644369035  
-1.615359805  
0.349035356  
-0.4797427173  
0.4060248254  
-0.3048406162  
1.21981864  
1.700909287  
1.688063148  
1.81942421  
0.1302480819  
2.808120646  
1.215018701  
0.1455899689  
-0.06814445286  
1.124908672  
-1.079339228  
-1.925819661  
0.02018091572  
-0.9997693824  
1.533478805  
1.362688661  
0.2061407418  
-2.144521167  
-0.002950826934  
-0.7334361151  
-0.13147906  
-0.898598502  
-0.0147034207  
-0.4938603545  
-1.135761135  
0.04606890469  
-1.068156882  
-0.03147576244  
1.399704638  
-0.06931610712  
-2.182146668  
0.597744009  
-0.02289041326  
-1.207920311  
0.8888629143  
-1.047691233  
-0.1914644832  
-0.2204715837  
-0.6947168556  
-0.4701756163  
-0.1488611743  
0.3346435632  
-0.3413006963  
-0.891562983  
0.06102820558  
-0.02184135684  
0.06292241405  
0.438140061  
0.2485406685  
-0.7247324225  
0.465391568  
-0.2556218159  
0.5630737955  
1.168159919  
-0.4695264927  
-0.08753064668  
1.550154598  
0.6127347999  
-1.090880232  
0.3951552083  
-1.332177474  
-0.9722858032  
-0.4627406735  
0.6454677254  
0.09703313822  
-0.3626345149  
0.9946358025  
0.06953818003  
0.3308033883  
-0.2585308659  
-0.7538582816  
0.03041808831  
-0.699295588  
0.4841165043  
1.429618825  
-0.3212060507  
-0.7677080714  
0.4580244435  
-0.4177215763  
-0.7311487282  
-0.1088005941  
1.12607354  
0.4621624967  
0.1810653884  
0.6157635935  
1.669506088  
1.006032671  
-0.279429111  
-0.3085712397  
-0.3394609219  
0.03820429824  
-0.411021925  
-0.9745448936  
-1.415212392  
0.7538412954  
-0.5548005721  
0.5333863998  
0.3280275021  
-0.8026757192  
0.3867583221  
-0.5934155043  
-0.7068426204  
0.05472433343  
1.598091549  
0.7385441781  
1.809207236  
0.341765909  
0.5876798882  
1.210862738  
1.060975374  
0.4354061564  
0.891755508  
0.2754062127  
0.6096205542  
1.209606274  
0.3152875476  
-0.03923016801  
-0.3431227105  
-1.740405335  
0.4291475763  
-0.3525226987  
-2.539100181  
-1.727774833  
-0.271371844  
-0.9477162246  
-0.3232607802  
-1.104769922  
-1.501458172  
-0.1779051408  
0.2594469206  
-0.8553044692  
-0.8961967983  
-0.0608119663  
-1.665798366  
-0.3730691679  
-0.2222888519  
-0.7981171835  
0.1972732937  
0.30473227  
0.4343174616  
0.3668559387  
-0.07200402869  
-0.1481570463  
-0.04637285573  
1.122192773  
0.7714918269  
-0.439767096  
0.5896081001  
-0.2228775942  
-0.5820909249  
0.1210220854  
-0.8574108647  
-0.6386345696  
0.5903248215  
0.9324373231  
-0.3890052052  
0.34568354  
0.8081045426  
-0.3817042538  
0.6044893678  
1.881312542  
2.0693854  
-0.1299795064  
1.693124972  
0.7782313799  
1.272762247  
0.9430489805  
0.4142396933  
-0.4354204938  
0.1635538886  
0.6561060597  
0.8756644391  
0.8873446298  
-0.1741897311  
-0.5994511889  
-0.4902805576  
-0.7550078929  
0.4239398679  
-0.8124435385  
-0.2749782808  
-0.09089150674  
0.1585339329  
0.8666330718  
-1.179399395  
-0.5611305323  
0.3648467094  
-2.047495642  
-0.1909712308  
-2.994678682  
-0.902980512  
-1.382543002  
-3.296318807  
0.05098331359  
0.01465861559  
-0.5804302762  
-1.211574188  
-0.5975995882  
0.685310867  
0.03983146756  
3.658465802  
0.8408551784  
0.7873774328  
-1.513388166  
0.09587207529  
0.1887872207  
1.692817961  
-0.203964022  
2.939514953  
0.6538376745  
1.101817786  
1.261333318  
1.772552888  
0.3903037381  
-0.4228845447  
0.5050743932  
0.1235048265  
1.686101165  
0.2850957467  
0.138221559  
-0.2666709553  
0.7793131072  
0.1038751272  
0.2691887668  
-0.06728761868  
-1.317666993  
-1.207414812  
-1.46642064  
0.3445322762  
0.4780646987  
-2.335159848  
-0.7287812173  
-1.606209098  
-1.293467431  
-0.005329158594  
-0.7427012731  
-1.124271533  
0.2470859311  
0.3978231386  
0.5558599184  
-1.040593075  
-1.013021904  
0.1348046264  
1.352002183  
0.1178213914  
-0.09497688534  
-0.266043113  
0.4255067882  
0.3657319094  
-0.009187576522  
-1.058534148  
0.2296137647  
-0.8673538301  
0.9458551203  
-0.2617062974  
-2.078477849  
0.9367748575  
-0.5501780999  
1.057139361  
0.7663718364  
0.2598323354  
-0.6981221833  
-1.381912065  
0.4450253154  
-0.2827040388  
0.06687452451  
-0.48019348  
-0.8751849569  
-0.08208315634  
1.898864625  
1.922615654  
0.6288008832  
0.07773146959  
-1.382173966  
0.4355186695  
-1.349666373  
1.1966557  
-0.01799524396  
0.1234152037  
0.4456964456  
-0.2634092809  
0.7564911315  
0.003970761111  
-0.2936968364  
-0.3766603391  
-0.349823628  
-1.000750716  
0.2472006543  
0.02828669136  
0.3217037374  
-0.6459730059  
-0.4008597918  
-0.3088430447  
-0.7428905163  
0.9734463825  
-0.08290155393  
1.186442091  
0.158064628  
-0.1772220536  
0.9292107262  
1.225988994  
-0.05986268559  
0.4890995675  
-1.051650316  
0.07605159039  
1.918894889  
0.3239332247  
-0.4182425349  
-0.1678094197  
0.7050523045  
0.05822984551  
-1.316193523  
0.1079642477  
-0.4457079364  
-0.5303689613  
0.2905420064  
-0.2642997067  
-0.3291549061  
0.08879795854  
1.211337394  
-0.2199661864  
-0.1158991706  
-0.1072171098  
0.3382168455  
-0.8003752765  
0.2049023877  
-0.03352111704  
0.04856743606  
0.8425844784  
-1.216540258  
-0.720549688  
-0.189041829  
-0.3772622782  
0.01740096972  
-1.397584057  
-0.7777067208  
-0.1048108056  
-0.2161803487  
0.5536282103  
-0.4823959639  
0.9772285198  
0.2470950585  
0.4756690583  
1.805779565  
-0.5139051236  
-0.8504926828  
-0.842966578  
-0.6237758829  
0.1013361143  
0.07585039962  
-0.3249955135  
0.783391427  
-0.5290449877  
-0.4481310177  
0.5472055891  
0.5290313631  
0.4053826783  
0.6295651206  
-0.6276321126  
0.3284239307  
-1.136819844  
-0.361230702  
0.1857188897  
1.266698347  
1.263567511  
-0.3936917466  
-0.6217242986  
1.298577442  
0.4290649439  
-0.9817498638  
-1.327364762  
0.2379392223  
0.8089326674  
1.002115321  
1.090778533  
1.339585412  
0.5990621797  
0.06307548115  
0.5404240557  
0.3519201433  
2.132404911  
0.9636113641  
-0.5433289267  
1.546122886  
1.30202679  
0.9298412267  
0.8928939514  
0.4745582439  
8.008797715e-05  
0.5683754582  
-0.7524559502  
0.8628674825  
0.1899533732  
1.183067873  
0.5573979919  
0.2207233178  
-0.3495666458  
-0.7383118155  
-1.063835904  
-2.963098407  
0.3114770528  
-0.7927668285  
-1.658858907  
-1.430301391  
-0.632594219  
-1.556140008  
-0.1258681507  
-1.505302062  
-1.046401987  
-0.007599019729  
-0.8491000784  
-0.2539425047  
0.5112334703  
0.2348050797  
-3.551083935  
2.084201635  
-0.3947724911  
1.018019609  
2.154694121  
1.899502064  
-0.00313980526  
-1.028518998  
0.7269164399  
-0.8508553615  
1.762176089  
-0.3237656634  
-0.8103705915  
-0.6861086824  
-0.6174698284  
-1.675354771  
0.4406051931  
-0.4200834524  
-0.5751209316  
-0.5849651859  
0.9846788404  
-0.376052184  
0.7427440247  
-1.275599847  
0.8838848604  
1.146898939  
0.07291510206  
1.642194581  
-0.8668374355  
-0.5392295509  
-0.04512453648  
-0.9720763196  
-1.341500782  
-0.8293462892  
-1.035489872  
-0.08995562112  
-1.383939907  
0.7123575509  
-0.3955670943  
-0.08847704535  
0.7387025503  
-0.3359198563  
0.4579799572  
0.4820980011  
-0.2326409602  
0.7368624488  
-0.5332308879  
0.04046604585  
0.07499647107  
-1.673139129  
-0.3156599998  
-0.1378095378  
-0.03538713731  
-0.441561969  
-0.5093432201  
-0.2272863839  
-0.3055277711  
0.4423321819  
0.2220383444  
-0.3419741817  
-1.411945558  
0.1281383044  
0.7672194749  
0.5234295783  
1.001522096  
0.2785620456  
0.1020488655  
0.9824918428  
1.287017854  
-1.244175594  
-0.8196769582  
-0.0994998909  
-0.8992943614  
-0.4411347495  
-0.2700392523  
0.1571742242  
-0.601532936  
-0.5167502432  
0.2154461386  
-1.2129882  
-0.8347255961  
-1.124147281  
-1.405666115  
0.5568294791  
0.8290587967  
0.6803739656  
0.06314156821  
-0.716536365  
-0.1557701238  
0.01431774826  
1.514590416  
0.03716734662  
0.02899394159  
-0.7335665354  
0.5998188491  
0.9820340162  
1.359787501  
1.265505956  
0.8636453216  
1.616144114  
2.001587011  
0.270442681  
0.4609483621  
-0.3487771212  
0.1596005203  
1.179865578  
0.1341568533  
0.6268641051  
1.639318903  
0.2278092558  
0.4185838549  
0.5523450869  
0.05695739271  
1.043680979  
1.085371752  
1.023672326  
0.687286115  
0.9632576487  
0.9064218179  
0.5392175798  
0.1234362545  
1.275690011  
1.214157821  
1.047095254  
-3.231655697  
1.000991351  
-1.066130787  
-2.433623307  
-0.477568764  
-0.4258224191  
-0.4207607232  
0.8187929875  
0.3948075833  
-1.354716494  
-1.088270037  
-1.065107785  
0.3070092238  
1.026487005  
-0.7194978592  
-0.08041662999  
-0.3701715629  
1.653718041  
-2.01015468  
1.973738605  
-1.097838034  
-1.206861679  
0.2309396651  
1.31397574  
0.02985459054  
-0.04873678431  
-1.403532106  
-0.6242639493  
0.4294612312  
1.21163212  
0.09801311101  
0.2174366125  
-1.741906164  
-0.664379916  
-0.824012239  
0.3122208026  
-1.218125558  
-1.017158711  
-1.874869554  
0.6324002609  
-0.1354679436  
0.1832102265  
-1.455370317  
-2.102972384  
-1.927387863  
-0.1208805969  
0.3894189587  
-0.1803539469  
-1.378042973  
0.2711550229  
-0.4485979364  
-0.2944383606  
0.3382107788  
0.5271156208  
-0.1497413271  
-0.1254278174  
0.1116184121  
-0.09243714468  
0.07400174944  
0.8063622355  
0.4711969575  
-0.4276293582  
0.8051443022  
1.27103447  
0.5889154418  
-0.4160484412  
-0.2214294084  
0.152966927  
0.05784288016  
0.7207394374  
0.07201047644  
-0.3021198573  
0.3041241696  
-0.09771698229  
0.2799088395  
0.02408874564  
0.00983845042  
-0.7503100555  
-0.6001213787  
0.4251758614  
-0.3447069785  
-0.6382481169  
-0.3843822243  
-0.4545210145  
1.105551701  
0.4398577384  
-0.2123805296  
-0.2979072358  
-0.4753621889  
-0.1256099594  
0.3932238461  
0.6024933266  
0.05537146329  
-1.100809786  
-0.7693392004  
-0.5221422423  
-0.287039829  
-0.05048255177  
-0.1373286934  
0.1030575832  
1.732112451  
0.08141760893  
1.362994195  
0.4753873751  
0.9211035295  
-1.201891111  
0.01712256641  
0.8842608494  
0.7610360522  
-0.8061045469  
1.117176575  
0.09943457701  
0.5506377706  
0.4857481109  
0.9629324134  
-0.3295727289  
0.5261353985  
1.654056092  
0.2496130901  
0.8160275702  
-0.4463614483  
-0.02412731933  
1.025163156  
-1.092773843  
-1.910784556  
0.1755151437  
0.05415127172  
-0.311967671  
-0.6439841204  
0.1851672189  
1.064228622  
0.6626151474  
-0.2402625116  
1.388269664  
1.161224443  
0.8249859854  
0.6685265684  
1.001621672  
1.95477856  
0.49660481  
-1.72970701  
-0.7611643892  
-1.401876706  
-1.348455932  
-1.991031282  
0.1589185122  
0.02246079814  
-1.055999021  
-0.9956916114  
-0.2675905385  
1.914668249  
-0.09564516114  
0.5514265556  
0.7233627113  
-1.71283711  
-1.328755711  
-1.015433466  
-0.7342700346  
-0.8567849022  
-0.7669946995  
-0.649261677  
0.6295258145  
-0.5226356451  
-0.3148926141  
-1.267845779  
-0.3726786285  
-0.2244689452  
0.5648853622  
0.4888514864  
0.223504347  
0.443376897  
1.048195086  
0.9536145657  
-0.4937248131  
-0.5713500011  
-0.1801618173  
0.6470262225  
-0.07755758295  
-1.135899827  
-1.36861445  
-0.380378327  
0.3593010159  
-0.7290236942  
-1.192092939  
-0.6039623613  
0.1074200823  
0.1829287736  
1.294676978  
0.8543923945  
0.4964241994  
-0.7653024799  
-0.2926301625  
0.8275230073  
0.9839716389  
0.06032635537  
1.323911175  
0.7150208193  
0.04435268358  
-0.6402468091  
0.2610958213  
1.423707148  
1.263120418  
2.005579515  
-0.1990458321  
-0.1111532901  
0.3062859675  
-0.0001248862274  
-0.2340865772  
-0.4723363528  
0.09026347271  
0.9348752485  
1.091892754  
0.301919895  
-0.2551890897  
0.0535110255  
0.6320073841  
0.5800150942  
0.4677914804  
0.698881882  
1.589630163  
-0.6404787941  
-0.1915543987  
1.069488381  
0.4386537844  
-0.3085213743  
0.7522649712  
-0.9851796767  
0.987727821  
-0.5326994654  
-1.674486274  
-2.362086648  
-0.8095994381  
-0.9938846  
-1.200533955  
-2.161344778  
-1.466781621  
-2.29859137  
-0.6066037107  
-0.4070181675  
0.1597238985  
1.003922747  
0.5597110255  
0.4369876368  
0.3654928739  
0.319027168  
0.1858371777  
0.5690951061  
-1.160561504  
-0.07199483419  
-1.013397813  
0.5410017027  
-1.034961697  
-1.295754876  
-0.8742072114  
0.4953629721  
0.3798635051  
0.4761658709  
0.4409569076  
0.4461143968  
-0.01956190154  
0.6490519579  
0.6102890827  
-0.3677110186  
0.2740632881  
0.5242610941  
-0.9141502079  
-0.04259921588  
-1.489350643  
0.8828857567  
2.757232443  
1.757894443  
0.0193512232  
-0.2054612187  
-0.3389777207  
0.1932557653  
0.2315441863  
0.4365395331  
-0.5341468243  
-0.7269647945  
0.6490409678  
-0.09599600375  
0.2835651063  
0.3370967765  
1.088307819  
0.2366785266  
-0.2733697497  
-0.3814312065  
0.0595047441  
1.533111891  
0.232647225  
0.648649648  
-0.2192384466  
1.161991014  
1.107458788  
1.201989485  
0.07064396911  
0.4775875004  
0.9460944554  
0.5504566383  
0.2449243859  
-1.273433741  
1.55523405  
1.271132614  
-0.6364532636  
-1.609655144  
-1.505073796  
-0.2023583557  
0.1565758707  
1.568061306  
-0.7915656251  
-1.19496213  
-0.3129672723  
-0.5868949477  
0.6976927698  
-0.5185052661  
-1.125399886  
-0.9357594217  
0.4357379615  
-2.379928845  
-0.1915089455  
-0.1550198154  
-0.3792183666  
1.166185264  
1.16208082  
1.192023551  
0.08389730472  
-0.5520877397  
-0.3827857176  
0.1937223709  
0.1765707397  
-0.7165852195  
-0.4952548107  
-1.502443873  
-1.551935326  
-0.9365452221  
-0.7479880026  
-1.325569535  
-0.3835490679  
-1.1141757  
-1.6272318  
-0.08044680452  
-0.1498723769  
0.3140360332  
-1.600832007  
0.2530761957  
-0.0108960745  
-0.1289838057  
0.5866222032  
-0.6351417478  
-0.3494900948  
0.7932605281  
0.6829586382  
-0.7807625794  
0.6932001827  
-0.007923544993  
0.7617503902  
1.137131467  
1.504174945  
1.601884269  
0.4598344758  
-0.1788721013  
0.6308387809  
-0.3827438212  
-0.05912327828  
-2.04061578  
-0.1574046501  
0.8335907483  
0.5865013022  
0.673005654  
1.00835008  
-0.1570124802  
-0.3337064753  
0.1497032272  
0.3337547727  
-0.6230284016  
0.1554136115  
0.8273359343  
1.038238023  
-0.5637845785  
0.8892847458  
0.07156940634  
0.3489663285  
-0.3688924088  
-0.1614111834  
-0.2155602716  
1.209266654  
0.8073046346  
1.012162986  
0.1715658766  
0.2134050672  
-0.01302022835  
-1.361812988  
-0.5430034136  
-0.5403039319  
-0.4482600425  
0.3218331673  
-0.9449209133  
-1.516609048  
-0.9959398207  
-0.2122684635  
3.028389435  
1.159653848  
-0.1998367864  
-0.3793848631  
-0.1801891891  
-0.9432855736  
-1.033028417  
-0.9485471772  
-1.539568659  
0.4354883697  
0.1071270634  
-1.612347792  
-0.1313652103  
-0.1781586853  
-0.07147770243  
0.8996545314  
0.9781151571  
0.9873038619  
0.5308136124  
0.5290698689  
1.110594128  
0.0057243693  
-0.3667934542  
0.4538568277  
-1.257122669  
-0.1509815596  
-0.3729229316  
0.5386014765  
0.04850608927  
0.5893239538  
-0.3241664344  
0.04973391536  
-0.5907192258  
-0.6754319845  
0.638779603  
-1.210726681  
-0.09619690274  
1.13535757  
1.217086501  
0.9394346392  
-0.2041118957  
-0.06284757079  
-1.576854375  
0.5957716908  
1.259757021  
-0.206919026  
-0.6131022696  
-0.3069826911  
-0.05993256421  
-1.60313212  
-0.2478334585  
-0.3588580946  
-1.060540388  
-0.3445523434  
-0.1745112603  
-1.023284268  
-0.3855348836  
-0.006751317092  
0.1030217163  
-0.3139687865  
-0.05422688506  
1.676901869  
0.3070114182  
0.0008507848598  
0.06743889697  
1.000778016  
1.072010343  
-0.5114366093  
0.425262729  
0.8462334745  
0.5413047642  
1.29923506  
1.13042238  
-0.2538658463  
0.07040423399  
-0.3763170097  
1.587628743  
1.349629619  
1.145608541  
1.547983716  
0.6092715262  
0.5208524338  
-1.880961987  
-1.313673282  
-0.03516407846  
-1.667431137  
1.26339515  
-1.232325462  
-0.7523091926  
-1.603715487  
-1.893705373  
-1.230237229  
-0.4183499179  
-0.4863479122  
0.01191411847  
0.6222571397  
0.4694423263  
-0.3822696183  
-0.9766965957  
0.2323842846  
1.496473755  
0.7735476248  
0.109452278  
-0.4185669996  
1.454930399  
0.09455915675  
1.265283146  
0.204780007  
-0.01333243881  
0.8670394414  
0.2140713503  
-0.04609140461  
-0.272274591  
-0.2174441429  
0.8565032392  
1.64741842  
0.6809844819  
-0.5267139832  
0.7010639914  
-0.9575372108  
0.3442332698  
-0.2091930289  
-0.3962094415  
0.7499920588  
1.100370245  
1.8799247  
-0.2979179554  
-1.587433649  
-2.274357161  
-1.926386968  
-0.9212252733  
-1.225920324  
-1.947062703  
0.06377011163  
-1.167203368  
-0.6355198447  
1.626323835  
1.313499896  
0.4685895506  
-0.8073112639  
-0.08173209097  
-1.821247949  
-1.548332193  
-1.540597187  
-0.3372614315  
1.081901879  
-0.5268310384  
-0.2665531564  
0.291703192  
0.7117851987  
1.475920179  
1.233408829  
1.24716709  
0.9929474556  
1.117039643  
1.019292071  
-0.3468922307  
1.63206306  
0.3846703236  
-1.570909951  
0.3144837483  
-0.4084081288  
-1.335361626  
0.2821391039  
-1.440696179  
-1.349369997  
0.223878357  
-0.5383811774  
-0.08042033327  
-0.5441866769  
-0.665277836  
0.225706167  
-0.3431785584  
0.9858351361  
0.06103942853  
-0.05962639857  
0.4356981868  
0.9202690188  
0.02712964912  
0.1982826086  
-0.503366275  
-0.3928836455  
0.6317895256  
0.5671308976  
0.2355669481  
1.345362385  
-0.7759640272  
0.1616723035  
0.8868845277  
-0.05867024215  
0.3715791142  
-1.841598156  
-1.98977368  
-0.9119797007  
-1.66168257  
-1.376912903  
0.1336292408  
1.431068345  
0.3213351414  
1.387512991  
0.4276217338  
0.2772568788  
1.339314912  
1.251213343  
0.5198881386  
0.9291917189  
0.3112180941  
1.867417765  
0.3775696991  
0.6499244343  
-1.157750811  
-2.136136643  
-2.374821398  
-1.406861638  
0.3217430521  
-0.05364190292  
0.4809234821  
-0.508222626  
1.385128205  
0.1433845342  
-0.783310672  
-0.8830666057  
1.098355792  
0.6549544812  
1.380804024  
0.8915754223  
-1.362235025  
-1.326399261  
-1.764814752  
-0.3743027998  
-0.5928877345  
-0.8214839058  
-1.164507123  
-0.586952325  
-0.9070439537  
0.5910650007  
0.05977154419  
0.1908498744  
1.72354375  
0.5153919053  
-0.2161548051  
0.1367317952  
0.02522289815  
1.131532956  
0.5038109682  
1.205791521  
0.4917219574  
0.3014248519  
-0.6781125803  
0.1828770139  
1.17468127  
0.1266683908  
0.5863673703  
-0.09783359387  
-0.2250842909  
-0.5169458226  
-0.3547745884  
-0.1681652336  
0.5398210987  
0.8898087941  
0.2197379247  
0.7813303992  
1.276838834  
-0.8310178396  
1.254681961  
0.743067208  
0.04934703257  
0.3802736512  
0.9998416843  
0.05344080055  
1.281859692  
0.5233679263  
0.3986164076  
1.897300145  
0.4474866111  
0.2030814634  
-0.9344033264  
-0.5576458019  
-2.301179043  
-0.6561050407  
-1.378401207  
-1.877813658  
-1.578928579  
-1.636677701  
-2.100316281  
0.3923693838  
1.323835632  
-1.643055477  
-1.183682034  
-0.004081404987  
0.8455053643  
-1.046971388  
-0.7349965332  
1.573818387  
0.1211531756  
0.9231064999  
0.4432084325  
-1.045929512  
-0.4683065158  
-0.4457948413  
-0.229885405  
0.1564584344  
0.5809189188  
0.5574633648  
0.3270478923  
1.208553075  
1.326166342  
1.314813009  
1.809903154  
3.188077741  
-0.4365666735  
-0.03760807148  
-0.2363365288  
-0.7007438894  
-0.5754695822  
-1.38341951  
-0.680847092  
-0.790865895  
1.440813672  
0.02570552937  
0.1441083271  
-0.7229720317  
0.637886742  
-1.021907536  
-0.8464601288  
-2.385098702  
-1.002792715  
-0.01712794288  
-0.1846419767  
-0.4572387351  
-0.7010597036  
-0.3691466245  
-0.5143295617  
-0.4760481553  
-0.9993248983  
0.06885349205  
-0.3212172788  
-0.51247101  
0.384474409  
-1.641263941  
1.013293253  
-1.281524381  
-1.611145935  
-0.4781170052  
1.550172935  
0.4702794527  
-0.6083420064  
0.1671579025  
1.562732524  
0.1077958119  
0.8707449397  
0.1223241269  
0.3952967789  
-0.2515126637  
1.463310396  
3.017004266  
-0.8729381051  
0.711521617  
-1.612345512  
-0.4569625839  
-0.103140461  
-0.5717263557  
-0.597374885  
-1.226122855  
0.5349664993  
-1.206717747  
0.1609362783  
-0.0538178252  
1.583602947  
1.138700295  
0.5638378872  
0.2195098772  
1.442062012  
0.2672723509  
-0.3160303002  
-0.1570650245  
0.3984588322  
0.8472930098  
-0.514015195  
1.390343915  
-0.125017637  
-0.8504711424  
-1.158318418  
-0.2705071605  
-0.01861674496  
0.5955589673  
0.01717183971  
0.4181392361  
-0.2300116539  
0.05336614969  
-0.5726706595  
-0.8349255868  
-0.850117099  
-0.2328107717  
-0.3018729409  
-0.4286972657  
-0.4471141395  
-0.9449591019  
-1.14046746  
-0.1951998654  
-0.6662472566  
0.324674372  
0.3264331789  
-0.3249149113  
0.8788126626  
1.384356701  
0.6726753578  
1.519854956  
0.5440646696  
-0.07044193248  
0.8578121942  
1.682039137  
0.8065605092  
-0.7899862531  
0.906160909  
0.6083067718  
0.252648862  
0.02199657176  
0.8009437958  
0.2177588938  
0.2105944899  
0.4852443559  
0.7230815023  
-0.3632219516  
0.4362444909  
2.104228843  
1.680408518  
-0.5799161028  
0.6546658959  
1.354246554  
1.442598745  
1.645109173  
0.5726911211  
-2.684034778  
-1.862556904  
-0.2454726661  
-1.456849805  
-1.58447932  
-0.8770734447  
-2.248079286  
-1.375089412  
-0.9175738091  
-1.542497291  
-1.14262675  
-1.427673839  
-0.3166963442  
-1.26513479  
-0.3386920124  
-0.05912303  
0.4419941877  
-1.157420443  
-1.071539255  
0.02943044162  
0.617916665  
0.2047592537  
0.1001247959  
1.0425472  
-0.0239976495  
0.7242839036  
1.258454132  
-0.3640683039  
-0.5867898147  
0.6807849438  
0.2430655484  
0.818462012  
0.009096271199  
1.001205858  
-0.1392383308  
-0.5919172621  
1.203291082  
1.719663536  
1.793093139  
1.152849615  
0.3575884809  
-0.1615937711  
0.02441231872  
0.9948946422  
-0.09738823468  
0.6563493758  
-0.5878070555  
-0.247456529  
-0.5446939271  
-0.1916066338  
0.4905572685  
-0.5417570847  
-0.3610024334  
0.8896071573  
1.417567044  
0.2627186441  
1.794873401  
0.6225634794  
1.437554217  
-0.3991256282  
1.217739857  
0.6053579354  
-1.513156162  
-0.5534184771  
-1.839704846  
-0.1882406958  
0.9309590893  
-0.6355184146  
-0.2479559025  
-1.59018088  
-1.437526104  
-1.136665515  
2.52113202  
-0.6126981327  
-2.43597124  
-0.9892346384  
-0.01412936355  
-1.555471833  
0.1476863991  
-1.064929756  
-1.103778259  
-0.9299286105  
0.6335485905  
0.5878395071  
-0.3986695058  
-0.7909024641  
-0.4954596523  
-0.8132480026  
0.6377398241  
1.098731762  
-0.06769613244  
-0.673671653  
0.5967162322  
0.8992924019  
0.6489323879  
-0.506362316  
-1.177695223  
-0.5695805375  
0.961801056  
-0.344123875  
-0.1229097483  
0.2270754789  
-0.2103074643  
-0.4930716938  
-0.1412374756  
-0.005879061287  
0.3778174033  
0.7414917839  
-0.3702355083  
-0.2313273815  
-0.5389322789  
-0.05946407453  
-0.6102233429  
-1.062462395  
0.1733449688  
-0.785184929  
0.3181720687  
0.335232284  
0.7283483739  
-0.7048778027  
0.3243945443  
0.8791763549  
1.409062594  
0.4962096461  
0.6850519119  
1.166336717  
0.4716144683  
-0.007074592332  
-1.131099503  
0.1673817458  
0.60603119  
-0.0593447659  
1.982713735  
-0.2377218713  
-1.281975885  
-0.9277773943  
-0.4577608363  
-0.5414637329  
0.07107307732  
-0.6741812407  
-0.6135140897  
0.1069252501  
0.2742369968  
-0.6188548391  
-0.4879901847  
1.318118568  
-1.380556432  
-0.1579348459  
-0.2546873282  
1.01539439  
0.7716867528  
0.5637063515  
1.538333995  
-0.3480873212  
0.04764590731  
1.385295921  
1.51851526  
0.2272973149  
-0.2641299381  
1.618887857  
0.7207022082  
0.03673770346  
0.630628986  
1.624028643  
0.9600897241  
0.7029818414  
0.08596036788  
-1.177098422  
-1.112550431  
-1.419646676  
-1.300118102  
0.05494610381  
-0.02047873939  
1.033597894  
-0.1972284539  
-0.851255754  
-2.691806631  
-0.9845180313  
-0.9982873041  
0.04081644308  
-0.3428877685  
-0.4536131006  
0.9423074089  
-0.8349589675  
-0.6084702432  
0.1460013117  
-1.034234702  
-0.261570716  
-1.177123523  
-0.7897036993  
-0.3736282689  
-0.3629066337  
0.1373558227  
0.00696696086  
0.9662385411  
0.1380970435  
1.002286247  
0.0713134265  
0.1435434552  
-0.4403291432  
0.5365835794  
-0.05670786368  
-1.28273131  
0.01006961104  
1.253976009  
1.774388281  
0.5225057691  
2.711101212  
1.045127793  
-0.2105963402  
-0.2350144494  
0.3054942891  
0.5444866326  
0.2010374247  
-0.3525524902  
-0.1543268258  
-0.3732768524  
0.2694266496  
-0.9835669866  
-1.030172927  
-0.4048924211  
-1.085914659  
-1.430362096  
-0.2558687289  
-0.4848805095  
0.05620701989  
0.049362891  
-0.07418743328  
0.5290108396  
0.4434153054  
0.01630045859  
-0.4298541263  
-0.4888798196  
-0.1216491699  
1.052990182  
-0.257180512  
0.6474856001  
-0.7324922003  
-0.6582292058  
-0.8817823668  
-0.4178046095  
0.7048228768  
0.3951848972  
-0.1082310228  
0.860202368  
0.1589492365  
0.3089885293  
1.164663951  
-0.4167881767  
-0.3497478721  
0.2989400995  
0.2565209142  
-0.1802190922  
-0.4577829595  
-0.001548906305  
0.3535114942  
1.175736324  
-0.2088266515  
-0.2416273306  
-0.1156460211  
0.7928154043  
0.4745295477  
-0.4734532597  
-0.4631102311  
0.8353143499  
0.508963089  
-1.031150347  
-0.2733909062  
0.1314241344  
0.7060706331  
-0.8872942995  
-0.00951203008  
1.406132763  
0.06016298142  
1.28013308  
0.1993121907  
0.8208811688  
-1.293102248  
-0.09332900192  
-0.358630171  
-0.6098304967  
-0.06459903674  
-0.3704051748  
0.1171910572  
-0.5177786122  
-0.5841502966  
0.4616424658  
1.160198411  
1.023788135  
0.730089561  
-0.2004522148  
-0.08382112812  
0.08040428077  
0.3504097535  
-0.3139526091  
-0.9872362651  
-0.2312215579  
-0.2065443169  
-0.8838231372  
0.7091600815  
-0.3929632889  
0.4768279571  
0.2765055678  
-1.080733679  
0.02792772494  
1.602383912  
-1.183953922  
-0.9933980976  
-1.302267128  
-0.9093794269  
-0.212475803  
0.2047523486  
-2.356946347  
0.7200292266  
0.9171431369  
0.4023955934  
-0.7588327956  
1.309023605  
-0.6744235995  
0.2724037514  
0.1244628996  
1.492177066  
-0.5317837017  
-0.7884469256  
-0.1005415249  
-0.1286792583  
-0.7805678281  
-0.5252033081  
0.1455781909  
3.170974904  
-0.4054989096  
-0.7253482966  
-0.5876637217  
0.7682146944  
0.430929404  
-0.79341885  
0.1277445601  
-0.0377370446  
0.05531735839  
1.517424714  
0.2592593883  
-0.02661066937  
-0.2630376365  
-0.320499268  
0.470876692  
1.251497724  
-0.3287576532  
-0.4210455296  
-0.375741751  
1.883588581  
0.3491469062  
0.9596966518  
-0.8600188763  
-1.506470607  
0.9406836163  
0.437527964  
-1.818635883  
-0.0960505248  
-1.175561292  
0.08194135306  
0.1818550964  
2.771341048  
-0.008491834685  
-2.200213988  
-0.5022928837  
-1.635696441  
0.1903218585  
0.7137242013  
1.636552726  
0.5055915957  
-0.6080958315  
-1.524417195  
-1.048331117  
-1.618572596  
-1.061690187  
0.1911782764  
-0.01804539529  
1.520020105  
0.983574409  
0.7052118003  
-0.8830153758  
-0.6038040748  
0.330915228  
2.009206186  
-0.3761674507  
-0.3418062384  
0.0591374428  
1.787422322  
-0.6471015095  
0.1316530628  
-0.8461753517  
-0.5464232036  
0.6549171913  
0.2015502693  
0.9230245866  
0.4061810438  
0.01453825729  
0.197798475  
-1.484596062  
-0.3224613461  
0.7199621876  
-0.563767515  
-1.043877256  
0.3027815418  
0.5607652803  
2.222895015  
-0.1857195926  
-0.1639364161  
-0.01647077244  
0.05652589666  
-0.3162008795  
0.1034307604  
0.6657915507  
1.370459772  
-0.4734102911  
0.4108211135  
0.1671397409  
-0.4036730074  
-0.3279689757  
0.9270323355  
-0.1136203376  
-1.054211852  
0.2563739605  
0.1730976298  
0.6268554031  
-0.3927544108  
-0.1910017169  
-0.3397010585  
-0.2421772068  
1.255943939  
0.7903651683  
0.1455749321  
-0.2982240533  
0.5715464395  
-1.136033101  
-2.130499135  
-1.241242589  
-0.1862545775  
-1.406922166  
-0.2820827521  
-0.6720679412  
0.7248462331  
0.5249186706  
0.1113437556  
-0.05144495601  
0.1745877015  
-0.9748377221  
0.5000308762  
0.3865201041  
-0.5274842883  
0.5972240034  
-0.04055255778  
-0.07443723822  
-0.001925074978  
-0.5651500921  
-0.8157861106  
-1.580117882  
-1.119185174  
-1.01678474  
0.0239349285  
1.36267262  
0.6350594119  
-0.1705355635  
0.001031110008  
0.7444495225  
-1.612703967  
-2.557020157  
-0.01458001183  
1.372978835  
0.6339597416  
0.9208509728  
0.1907665063  
-0.4471157909  
0.7552975263  
1.727011466  
0.6411490521  
0.882453151  
1.546070861  
-0.375468279  
0.3807057685  
0.7484134783  
0.6195089728  
-0.5166187481  
-0.4490839288  
-0.1821403058  
-0.05301084812  
0.08091292503  
0.5527557672  
-0.2203554251  
1.496906082  
0.9714952584  
-0.5388477422  
-0.5694752812  
-1.118248815  
0.4067211534  
0.7719676755  
-0.4520190768  
1.437164697  
3.183122537  
0.6415104126  
-1.80254557  
0.4816657729  
0.3411127105  
0.2007294899  
-0.993678547  
-0.5065851243  
-0.7338788684  
-0.579348414  
-1.136012221  
-0.5959771707  
-2.09700804  
-0.8003034665  
-0.794472209  
0.05501281793  
-1.495267501  
-0.5495931503  
1.782561731  
-1.365245762  
0.341074102  
0.5085216352  
1.059226429  
-0.4782170595  
-0.1818670808  
0.216670171  
1.275829664  
1.933597797  
2.180786472  
1.412778794  
0.9769030177  
1.604551778  
0.1646711685  
0.1306097666  
-1.286870122  
-0.7654434869  
-0.2938031013  
-0.7989605963  
0.4317796961  
-0.04392133265  
-0.9125611114  
-0.6659779647  
0.3161847037  
-0.5706282265  
-1.394537568  
-1.579905425  
-1.241213491  
2.045759308  
-0.3577904999  
-2.281841863  
-0.8121602274  
-0.8796743006  
0.3182027531  
-1.168107784  
-1.843222541  
1.478928535  
-0.1359172617  
-0.5648486371  
-0.3270881637  
-1.316253885  
0.4735016326  
-1.281361869  
-0.4374792795  
3.443606932  
-1.42444108  
-0.4879536901  
0.6136431637  
0.6439633608  
2.128506313  
1.359626713  
-0.02603322132  
1.000046896  
1.018420688  
-0.4079008774  
-0.9012970955  
0.3401757868  
1.219733341  
0.5616263238  
1.323722938  
-0.270450451  
0.889913139  
-0.606475871  
1.427476142  
0.7886477244  
0.3631707358  
-0.2735395644  
0.2961304377  
0.480914232  
0.4228171645  
-0.359411493  
-0.3903710005  
-1.151049855  
-1.501629595  
-0.5853698495  
0.2618854939  
-0.7842970685  
-1.497410699  
-0.5535226183  
0.5711900075  
0.8124045661  
-0.9449364436  
0.8331705339  
0.4775051937  
0.2510170346  
1.368896509  
0.1865984445  
0.8550056163  
-0.7914966284  
0.2151789268  
-1.029871628  
0.823092636  
1.0474082  
0.5179221812  
1.544658727  
0.5591602508  
1.181397788  
0.3546306899  
0.4284916253  
0.2584526623  
1.154781366  
-0.2378705201  
-0.2770004555  
-0.9254723387  
-0.9761598786  
-1.433023287  
-1.018395212  
-1.902819779  
-0.5011744286  
-0.7449059989  
-0.7101949164  
1.066819235  
-0.5814357663  
0.6124252183  
0.1444528747  
-0.7476127288  
-0.7876420636  
-0.1093571283  
-0.4260025357  
-0.3012869547  
-0.833614614  
-0.02787485643  
-1.913305339  
0.02031611063  
-0.9167330646  
0.2753223492  
-0.2940110139  
0.7772200903  
0.5960073558  
-1.174340098  
2.001672571  
-0.7454480368  
0.2943078223  
1.276762663  
-1.45938019  
-1.138514015  
-0.9443849467  
-0.4234313842  
0.3182408322  
-0.349698148  
0.2487085188  
0.4678066667  
-0.2992364141  
0.5540286082  
1.75075607  
-0.6239813372  
-1.878340311  
-2.597221293  
-1.459496304  
0.4716928945  
-0.4190067409  
-1.08454371  
0.9610808774  
0.07563117706  
-0.31777333  
0.5157926306  
-1.757577918  
-1.095649292  
0.4853802705  
-0.8198867288  
6.088785141  
1.226359358  
-0.4059710199  
1.077053635  
1.474365738  
1.48388647  
1.186390531  
1.888470057  
0.8972099601  
1.181439502  
0.8346316651  
2.373740179  
-0.740886609  
-0.2838047874  
0.05839579871  
1.576295372  
1.760556707  
-0.1267357201  
-0.004669897191  
-1.895434002  
-1.869858346  
-0.9898479988  
-0.8729461135  
-1.376312594  
-0.8957381258  
-0.09101732617  
-1.280079005  
-1.388801796  
0.03724189501  
0.7721693248  
-0.1328715428  
0.2171684645  
0.2870524634  
2.745384646  
0.07437270343  
-0.8667037781  
-0.8981778109  
-0.7261481698  
1.502085553  
-1.243544841  
0.7812214408  
-0.1283963485  
-0.1449490948  
1.137708242  
-0.9901017914  
-0.3100430353  
0.6894017469  
-0.3815535294  
-0.2588746042  
-0.0750326584  
-0.8536945501  
-1.516434289  
-1.937519236  
-1.968289179  
0.09714714022  
-0.5027516221  
1.253558671  
0.08052280066  
1.169586085  
0.1754563591  
-0.1566607771  
1.307704754  
-0.443597147  
0.8480508538  
-0.341731038  
0.5475021043  
0.3601133259  
0.3455798872  
-0.5985305388  
-1.08032151  
0.2928443506  
5.716376152  
0.8488342889  
-1.186473133  
0.1140341208  
-0.8926205393  
1.96331792  
2.648199698  
-0.7613180591  
-2.197976684  
-1.48307888  
-1.400436796  
-1.025575456  
-1.988836356  
-0.653343681  
-0.9212877343  
0.699507201  
-1.382019591  
-1.608568997  
-1.394234608  
0.9110724721  
0.7958870209  
-0.5112202937  
-0.440584117  
-0.4576537028  
-1.204457559  
1.632903337  
1.634882311  
1.432796278  
-1.293640522  
-0.9451296179  
-0.5809664286  
1.369653209  
-1.017466754  
0.2087556074  
-1.076887259  
1.876356068  
0.3095081951  
3.885920364  
-0.3217812899  
0.2236934915  
2.738053104  
1.980050905  
1.935909115  
0.5729322447  
-1.319736639  
-1.073965841  
-0.8154964468  
-0.5436348177  
0.5071860728  
-0.3082354147  
-0.002387286285  
0.3240336309  
1.452113318  
-0.19232542  
-0.3393067723  
-0.4771719566  
-1.153184891  
-1.142560406  
0.6028964306  
0.5779796477  
1.108339881  
-0.06679584028  
-0.1771519734  
-0.01149589946  
-0.8007469999  
-1.133480816  
-0.6342651124  
0.2443824101  
0.0732226835  
-1.187439178  
-1.317947389  
-0.397479949  
-0.1877038566  
-0.2001255231  
-0.0857948129  
0.02177283363  
-0.6428473206  
0.6052943427  
-1.00281812  
-1.558406618  
-0.3418139578  
-1.459606078  
-0.8387930426  
0.9268326516  
1.135030294  
-0.3969622836  
1.330558156  
-0.5004752146  
-0.2300621334  
0.4751559103  
4.899677154  
1.203323059  
0.2545560717  
0.8677204441  
1.799510228  
5.553927062  
-0.2308774926  
-1.974878361  
1.107093066  
-0.9742183235  
-0.2600676622  
-0.5186706917  
-1.198258072  
-0.0871147514  
-1.412335877  
-0.5431747517  
-0.5805893915  
-0.06861405492  
-0.3762877081  
-0.266791389  
-0.6628509086  
-0.239494442  
-0.9261580823  
-1.074000086  
0.3653336095  
-0.4377328974  
0.6244775124  
-0.6523087075  
0.9172092704  
-0.0397683665  
0.7902527693  
-0.4805036407  
0.5937143352  
-0.5238995911  
-0.3228700674  
-0.5972913294  
0.2929641496  
-1.27049577  
-1.231871839  
0.4549644589  
-2.002389335  
-0.4014450235  
-0.5999282826  
-0.6876647696  
-0.251011296  
0.1673672522  
-0.3798638138  
-0.5958727091  
-0.9423143512  
-0.6198254089  
-0.1043339971  
-0.5535484615  
-0.7693797208  
2.334286725  
0.6168501865  
-0.05411770629  
0.1965505426  
1.738459272  
1.35552961  
0.550864472  
0.4143957495  
-0.568320812  
-1.906302781  
-0.1994261942  
-0.04278545323  
-0.1952839475  
3.899397125  
-1.684530456  
0.01794645026  
-1.489642879  
-1.800339306  
0.3096165919  
-1.049284769  
-0.3981373125  
0.910965705  
2.204137806  
0.553997199  
0.1137528775  
-1.66700813  
0.04612221378  
0.2165362385  
0.3534701027  
-1.511452988  
-0.1782898423  
0.07165739944  
5.528043203  
-0.4267037633  
0.0866552086  
-0.252519939  
-1.060499971  
-0.157591971  
-0.7678838347  
0.5159762882  
2.055588041  
0.8978121628  
-0.5885496265  
-1.580479789  
-1.034306177  
-0.9397862794  
-1.803654551  
-0.6096450588  
-0.4070059102  
0.2732204106  
0.3787729614  
1.024790124  
-0.09143164726  
-0.4674647428  
2.246023741  
-0.06373472414  
0.8656096073  
0.3957929117  
1.615116186  
0.6310509432  
1.350793021  
-0.3616162749  
0.3503805083  
0.7620760956  
0.6264837503  
-0.5738749502  
0.2554801591  
-2.041465147  
3.906560644  
0.01822779159  
-2.330335454  
-0.131729974  
1.023870437  
0.3604612879  
0.03682193131  
-0.7809188214  
-0.4407918893  
-0.4399601738  
0.5851087248  
1.848512204  
3.572681786  
0.2310765202  
-0.4578385299  
-0.5537431285  
-1.006024186  
-0.4034646687  
-0.9340115493  
0.5449229392  
0.6163615501  
0.01101776664  
-0.1129482725  
-0.2323780639  
1.933166086  
-0.3951597085  
-0.07314479809  
-1.388126567  
-0.6289846805  
-0.4533240589  
-0.377468725  
1.05996269  
0.2258707697  
0.5451419652  
1.103971089  
1.153979787  
-0.171638132  
0.6580483893  
1.337037246  
0.5485354702  
0.4199576862  
0.07465785929  
-1.639767978  
-1.640633147  
-2.238466682  
-2.389341076  
-1.67577177  
-1.111478167  
-0.6864838031  
-2.176432817  
-1.868688961  
-1.677720514  
-1.247694262  
0.06149877331  
-0.834964543  
-2.464734578  
-2.531366503  
3.858450005  
1.045613814  
-1.194058301  
0.1825016485  
-0.850738914  
-0.5897717217  
0.283626577  
0.1627172931  
-0.4229100925  
-0.05280763072  
-0.7257503622  
-0.9619024619  
0.3376262882  
0.9058080771  
-0.2570577881  
0.03475933113  
-0.7973560756  
4.449185183  
-0.4491329324  
-0.7141875585  
-0.2062097463  
0.5369398321  
2.312273784  
1.192410968  
-0.5494431877  
-1.625704258  
-0.01602200567  
-0.6436845078  
3.256803348  
0.5643142935  
-1.333628104  
-0.3240467827  
-0.06918880336  
1.505854355  
-0.8809867603  
-2.075784668  
-0.4580032612  
1.257278831  
0.886896806  
3.664785764  
-0.6486361167  
1.167738741  
-1.572379521  
-1.265497512  
1.809553534  
-0.006189370899  
-0.7823792912  
-0.046266343  
-1.682165401  
-0.5133419609  
-1.366950574  
2.00236358  
-0.1747252259  
-0.3284808537  
-0.1980170876  
-0.7147624664  
-0.6444729244  
0.887767125  
0.3357774572  
-0.02250781447  
0.1655439996  
-0.3027715852  
0.1232289086  
0.5476808568  
0.6199415041  
0.09815522818  
-0.02504135323  
0.7307782344  
2.249399256  
1.788478687  
0.5136798936  
0.5097281204  
-0.8950361118  
-0.7451479396  
-0.6167520405  
-1.025950926  
-1.288659058  
-0.7357469314  
0.9322144757  
0.4710802493  
-0.05281770498  
-0.364227576  
-1.271175513  
-0.571352686  
-0.6895960229  
0.5739175654  
-0.589190798  
0.0107540106  
-0.7027287358  
-0.4934313031  
1.482103858  
0.1064358071  
0.4859109166  
-0.2122216312  
-1.504505435  
-0.583954023  
-0.7166815429  
0.1936390298  
0.5599769103  
-0.8743076988  
1.504641422  
1.734068879  
1.42827653  
1.705103088  
3.311932939  
-1.29957374  
0.1164463699  
0.1024743783  
-0.3015064717  
0.8504907915  
0.06872061646  
1.323345369  
1.740746838  
1.234430029  
-0.5199971655  
-1.469755437  
-1.372845134  
-1.765777169  
-1.048435668  
0.04047973667  
-0.8705837113  
0.1093032953  
-1.832481354  
-0.5743722909  
0.3494077424  
0.04137912172  
0.7275469056  
-0.188287067  
0.7103232318  
0.5509946668  
1.702527657  
-0.2934940446  
1.420428672  
1.218172936  
-1.140922022  
0.851736975  
-0.1005807364  
-0.3776918863  
0.2897643919  
-0.2063742091  
-0.7579611616  
0.6301557917  
0.3696377236  
-0.2692195571  
0.6972168701  
-0.7049353323  
0.225728361  
0.0208201046  
-1.086398475  
0.2659387062  
-0.9160670973  
-2.105547089  
-0.009022292435  
-0.8291048968  
-1.115884854  
-0.3495188929  
-1.002334144  
-0.3943226694  
-0.9356118899  
-1.494307803  
1.584225572  
2.467009515  
-1.062462005  
-1.465825138  
-1.029768503  
-2.198816225  
2.06110865  
-0.8824753417  
-1.26037127  
0.2008406077  
-0.1649046059  
-1.465970044  
1.658335447  
0.6941195154  
-0.1728526502  
0.6605040693  
1.482244755  
3.460431686  
1.011101051  
-1.164694769  
0.9771211168  
1.259522388  
2.610808112  
-0.5644643812  
-0.8497269739  
0.4596381751  
-0.1450598434  
0.0647318854  
1.722969102  
-0.8142993614  
-0.7577317353  
-0.1692341422  
-0.746095266  
-1.206443386  
-0.4873633399  
0.2990943321  
0.8356099541  
-1.074670774  
-0.4726199382  
-0.9774600561  
0.07411575594  
