-1.061054949  
-1.416275974  
-2.651967186  
-2.020969101  
-1.084585482  
1.64885126  
1.943610686  
0.3190430291  
0.06114486657  
-0.6744601097  
0.8377787537  
1.357408307  
2.126485229  
2.3286675  
0.8117423552  
0.6601910691  
-0.04738241618  
-0.2352579214  
0.7780179014  
-0.1702677451  
0.2554792013  
-0.3414450068  
-0.3043162234  
0.08325074048  
-1.303950945  
1.089737251  
0.1919790368  
-0.8002962091  
0.08238610915  
0.4277782449  
0.108908363  
-1.985305191  
-0.225537621  
-0.4923689046  
-0.4849101781  
0.3395035218  
-1.086140924  
-2.607760438  
0.003761377995  
-0.4751710479  
0.7879601567  
2.010147739  
-0.4112660256  
0.02002122698  
0.5564789618  
1.136899229  
-0.2461976787  
-1.401146011  
-0.7939195027  
-0.8469803538  
-0.09481151391  
-0.3979372183  
-0.647025286  
0.08118312222  
-0.5361607205  
-0.7637827923  
-0.8888660072  
-0.1406291999  
-1.36670804  
0.5064477483  
0.2086575058  
-0.01733577427  
-0.2580633181  
0.09941611922  
0.343357442  
0.9525057104  
0.8124530144  
1.372512689  
0.7742281564  
0.2164456169  
1.274920283  
-0.2016253456  
0.04269446905  
0.3730052771  
0.1524837291  
-0.7209509954  
-0.1816332723  
0.3338990118  
-0.09411324728  
0.1823772434  
-0.1175240506  
0.2897821377  
-0.1082360431  
-0.3509005565  
0.4300834935  
0.6067209015  
0.2000618706  
1.532213176  
0.6572357455  
-3.775101417  
-1.810546491  
0.2606210889  
-0.07174702574  
0.458224996  
-0.9973402514  
-0.3540349997  
-0.8273583625  
0.07379369884  
-0.401861653  
-1.498191573  
-0.3742955988  
-0.2730641903  
-0.213155781  
-0.6345012324  
0.5309200472  
0.170474251  
1.359118936  
0.3142644005  
-0.5813278037  
0.456963424  
0.5852312288  
0.4912177104  
-0.7213377746  
-0.04615210936  
0.8541470961  
0.7185733552  
0.05588258099  
0.9644288952  
0.9615526084  
0.9577230974  
-0.2618796329  
1.64080203  
0.9701929374  
-0.02723820787  
1.488796125  
0.8969194209  
0.8787431753  
1.774182316  
-0.1208297353  
0.09683960451  
-3.460694452  
-1.153766128  
-0.8619915926  
0.673420367  
-0.815060262  
-2.30293329  
-0.6783824338  
-0.4287751361  
-0.2506640632  
1.334742711  
1.407491921  
0.6898516628  
0.06786498026  
-0.3732008947  
-1.567019766  
-0.5853862312  
-1.228799429  
-0.1257563884  
-0.03280900355  
-0.08510369924  
0.449296844  
-0.6005400693  
0.2904714443  
1.176406105  
0.07409747848  
0.3376605398  
-1.521127259  
-0.2574880498  
-0.1639762709  
0.09710210188  
-0.1647154894  
-1.67057048  
0.58999305  
2.074347089  
2.259752  
1.623718504  
1.105820902  
0.8527819789  
-0.05814216527  
-0.01499617767  
-0.6360210204  
-0.6766416647  
-0.1149699639  
0.06486718591  
-0.7267479612  
-0.3040285292  
0.3909207933  
-0.3487411815  
-0.05755802263  
-0.2592110012  
0.3480943961  
1.549275793  
-1.675364385  
-0.9923831266  
-0.7625433854  
-0.4165571996  
0.07033784103  
-0.2890511332  
-1.328899627  
-1.103498575  
0.1125602653  
0.1436078583  
0.4939037281  
0.5516624356  
0.2286054528  
-0.006292027291  
-1.37964174  
0.477768289  
1.479445836  
-0.8770826889  
-0.9085248659  
-0.7834661799  
-1.024320686  
-0.2960450775  
0.1716480448  
0.2034782453  
-1.115043382  
-0.2825811443  
-0.5072054653  
-0.2761902653  
0.2365766291  
-0.8700257019  
-0.5106674155  
1.101475137  
-0.3658610814  
-0.1613253837  
0.1905879208  
0.7235936441  
-1.489376431  
-0.3292249013  
-0.3634273964  
0.4694729384  
0.7255181007  
-0.03706773507  
-0.2569424838  
-0.2187590724  
0.2747742034  
0.190031085  
0.8590631083  
-0.9335009882  
0.3887330339  
0.6271636637  
0.6119155144  
0.8506272066  
-1.701468428  
-1.879574132  
-0.3608879691  
0.6063982607  
1.051952999  
0.007219194073  
0.314214347  
0.7211611832  
0.8222881052  
1.5105825  
2.166858574  
-0.2297403386  
0.7461852738  
0.2709959099  
1.518678572  
2.367871832  
-1.535165792  
-1.141188455  
-1.786072397  
1.176258897  
1.762797555  
-0.7470318265  
-0.1528770244  
-1.003032735  
-0.730138044  
1.686399866  
1.254682113  
-1.56608656  
-0.2720791493  
1.282361237  
0.8048106244  
0.2506662691  
-0.6405734305  
-0.7097393595  
0.4608713868  
-0.296913181  
1.060719476  
0.6597338548  
-1.10574796  
0.5526013541  
-0.4508759287  
0.4803054103  
0.3701630814  
-1.540570412  
-0.410129501  
-0.6132992923  
-0.5209083126  
-0.6103720651  
0.1989234214  
-0.39631281  
-0.1940918164  
0.2523616099  
0.6083600526  
0.1962541084  
0.5881948918  
1.52729915  
0.3151037707  
0.6803120304  
1.061766721  
0.6730157945  
1.275519818  
0.1913757375  
1.016071553  
0.2480415894  
0.7610999535  
-0.6140698133  
-0.6038730648  
-0.9061486913  
-3.852250636  
-2.814285985  
-1.18916903  
-1.288418768  
-2.428463363  
-0.8347754064  
-1.364624363  
0.747071008  
-0.6069628556  
-0.5618786884  
-2.297255917  
-0.9693242462  
-0.05867233559  
1.057733337  
-0.04068247379  
-0.02446600844  
1.243160791  
-0.1943536841  
2.971834391  
2.045742168  
0.629778745  
0.1984984437  
-0.1134562154  
-0.6193214062  
1.358454863  
1.193691857  
0.1580499735  
0.5433029561  
0.4757829744  
1.546326279  
0.08437210334  
1.922092278  
1.487111291  
0.5979637233  
-0.9319826921  
0.3019634303  
0.4684158505  
0.4200877073  
-1.665312629  
-2.869133395  
-1.26894542  
-1.539461468  
-1.746735609  
-1.494185633  
-0.6805734139  
-1.483799611  
-0.2520785029  
0.5871800814  
0.8474964816  
-0.4857085182  
0.0129669371  
-0.06619678601  
-0.4284383418  
-0.8848319633  
-0.3244525864  
-0.5178334602  
-0.4039965363  
0.004984426801  
0.8963855409  
1.585357408  
1.123936349  
-0.4539149259  
-0.6768127475  
0.5137756919  
0.190709777  
1.314332099  
-0.4763203145  
0.7270740555  
0.7221945786  
1.072736565  
-0.0862732889  
-0.6669508587  
0.4445982708  
0.5607012847  
0.8523055983  
0.01506947574  
0.509958437  
-0.05829084666  
0.4451464695  
-0.8761588562  
-1.062467464  
0.1097609316  
0.3399778963  
0.6863983401  
-0.7096563789  
1.721006966  
-0.1944622788  
0.2924823203  
-1.704695951  
0.8475783044  
-0.1735184733  
0.7505615865  
0.4214485121  
-0.7780507679  
-0.2938138923  
0.6308403153  
-0.1295402663  
2.042530279  
2.568756902  
0.9834506083  
0.9763108543  
0.1255151811  
-0.1655469403  
0.5768096655  
0.8297315683  
-1.147203815  
0.7062135896  
-0.1943139674  
-0.1329413838  
1.483525437  
1.203260795  
1.537174952  
0.41000221  
0.7003778803  
1.520889254  
1.243218135  
0.5465444813  
1.942716271  
0.2153013169  
-4.591913736  
-4.505259083  
-2.565537254  
-1.758170943  
-1.720130857  
0.3514513056  
-1.782557967  
-1.545879212  
-0.7988354938  
-0.4553624517  
-0.04451958666  
-0.2456840949  
-0.7090094294  
-0.6271983325  
-1.466587971  
-0.118057568  
-0.2448012658  
0.8091395974  
-0.364011107  
-0.7457384885  
-3.837527083  
-0.9414289148  
-1.815480203  
-0.2769971537  
-0.188675931  
-0.6293646338  
-0.9093328262  
-0.1510409796  
0.5956956937  
-0.09323535493  
-0.05924312288  
0.9457975687  
-0.369729367  
-0.3858536507  
0.7362796121  
0.1065567587  
0.5015710377  
0.5420626967  
0.9733523428  
1.206839926  
1.977461508  
1.218041242  
0.8895472907  
-0.1407549659  
1.189830056  
0.3399438967  
1.329914386  
1.451099695  
0.9405321309  
1.137256658  
0.3308009375  
-0.2011693392  
0.144850242  
0.8562205765  
1.230830005  
-0.7500441753  
-0.2657729923  
-1.132737766  
0.1690101508  
-1.308563298  
-0.6075543302  
-0.3195851458  
-1.34515489  
-0.1755910231  
0.06809710813  
1.233629375  
0.05340464367  
-0.0499929233  
-0.5363445391  
-0.3125488089  
-1.314530015  
1.180988043  
0.7378905331  
0.2264146759  
1.303515695  
0.01603057504  
1.73336018  
0.07540893042  
-0.5524661916  
-0.3077493412  
-1.117659776  
0.05393465702  
0.2764473796  
-0.2167543259  
-0.3608976318  
0.1553630003  
0.6434919523  
-1.022619632  
-1.465881905  
0.2344909097  
-0.1753618239  
-1.175784493  
0.2207723809  
1.489256095  
1.811202692  
0.6432972361  
1.929839545  
0.7463550282  
1.364960446  
1.012303308  
0.7683034216  
0.7345680654  
0.3794647655  
1.193087473  
1.46821883  
0.6832485619  
-0.3595628816  
-0.416821862  
-2.832466958  
-1.037133951  
0.4052974573  
-1.944377281  
0.1118760251  
-1.269622003  
0.1217822587  
-0.8370680367  
-1.504937671  
-1.594477035  
-3.927466943  
-1.795679665  
-0.8203058968  
-0.3297036894  
-0.5664076609  
-0.4401811946  
-1.778564171  
0.4779282577  
-0.2949643798  
0.8219376217  
0.6793026363  
0.5595810323  
1.353325492  
0.3730658846  
0.3999995727  
2.515002725  
1.136759282  
0.8217618228  
1.218289595  
0.5657044727  
0.8061401994  
0.7297048987  
-1.420274917  
-0.4191433602  
-0.4704896652  
0.1372474562  
-0.2474996156  
-0.2604741936  
-0.08328652159  
1.419585265  
0.1156883444  
0.8372134801  
1.760697349  
0.4684903544  
0.8692286401  
1.839051706  
1.559405284  
0.6130270774  
0.5080843962  
-0.9557413958  
-0.8557786858  
1.212666916  
1.118107457  
0.8972158882  
1.419708325  
0.3084612255  
0.4765349045  
-0.1998583239  
0.07229029095  
0.7312856859  
-0.2784645967  
-0.2512789502  
-0.4897300444  
0.6672722308  
-0.3641550861  
-0.1300175117  
0.9373228603  
0.5854579225  
-3.652824748  
-1.802514772  
-1.782510856  
-0.961080524  
0.1007427559  
-3.169115326  
-0.9710612811  
-1.417469036  
-0.6847989457  
0.8293241841  
-1.206990853  
-1.620353182  
-1.101397169  
-0.4061820056  
-0.447496248  
-0.7559323431  
-2.850075857  
0.2242454244  
-0.2612768179  
1.455401214  
1.935252962  
-1.31525277  
0.5726357916  
-0.4706434558  
0.6970193802  
1.757798049  
0.8245970439  
0.5880468759  
0.1332596441  
0.464912348  
0.9322796975  
-0.2466942309  
-0.3011972041  
0.2211495932  
0.9071180948  
0.9493708162  
0.4153454418  
-3.182980858  
-0.4808844845  
-1.506879477  
0.171113303  
1.573933829  
2.012257632  
-1.465882346  
-0.3309445079  
-0.1340904288  
-0.2279665635  
-1.142581262  
-0.5700180096  
0.3629389581  
0.463276055  
0.1786139264  
0.9328757913  
0.08018475996  
-1.105300496  
0.9659196606  
0.2764697554  
0.4163286649  
0.6559673814  
0.7085303756  
-0.8260686162  
0.1659660375  
0.09562203251  
-2.222237279  
-0.87783769  
-0.1639479994  
-0.152518745  
1.527612028  
-1.835701694  
-0.8881536477  
-0.1913951033  
1.375461285  
1.252344373  
-2.590564686  
-1.92007986  
-1.469089475  
0.5830583727  
1.208154366  
0.1624885948  
-0.7990667659  
1.128089695  
0.3112131807  
2.934860149  
0.9046440791  
-1.474284607  
-0.2449832175  
0.3690590287  
0.1374268746  
0.4186914648  
0.2014168469  
0.1331315083  
0.6220947174  
0.7562666484  
-0.6626609005  
-0.6078388585  
0.4049217616  
0.5416017235  
0.2214976113  
1.176310232  
0.8583959585  
0.210942944  
0.7364550221  
-0.4790582939  
-0.1205036512  
0.1591838598  
-0.7601608186  
1.90738223  
1.559114743  
1.381522136  
0.5624159502  
0.2986081126  
-0.2654394475  
0.4015922908  
1.093610581  
-1.285358331  
-0.4984082153  
0.9531652309  
-0.1702225542  
1.081425776  
-1.147262396  
0.09735547961  
0.1620760502  
0.06183178373  
-0.4389732979  
0.1462690988  
0.04656392841  
-0.3649450027  
-0.3629803068  
-0.6416530931  
0.00382968006  
-1.140459559  
0.1622436701  
0.4459843131  
0.418268297  
-0.7505869415  
-1.936358587  
-0.639833534  
-0.1089415753  
0.4055627784  
-0.1979502116  
0.06739516441  
0.305114367  
-1.204622493  
-0.9426033879  
-1.398571376  
-1.126558426  
0.38512578  
0.08744190113  
0.4258058996  
0.386134541  
1.126417584  
1.872602027  
0.8782303106  
1.656389491  
2.036280469  
0.3227435197  
-0.9654571062  
0.3214149621  
-1.559624357  
-1.371138871  
1.12210491  
-2.080727052  
-1.094432555  
-0.6873181266  
-0.06976300878  
-0.38524021  
-0.6804540355  
-0.1299512458  
0.5113710579  
-1.014146786  
0.3095399478  
0.1681127446  
0.3220098888  
-0.9116245641  
1.3205248  
0.782409126  
0.01488646631  
0.1302112282  
-0.1086332888  
0.3222418882  
-0.2998173966  
-1.100692614  
-0.8304112442  
-1.086750863  
-0.3217689909  
0.05471147259  
-1.268677191  
-0.2987577612  
0.8041624858  
-0.04959654607  
1.278426858  
1.028269208  
0.6322996855  
1.098097704  
-0.4591365849  
1.058452902  
-1.031872193  
0.588750631  
0.7926872686  
0.5678872364  
0.2692473638  
0.5603805214  
0.06286114917  
0.8921775878  
0.8691591747  
0.4554625693  
-0.2074701378  
-0.2188171655  
-1.427617038  
0.102097532  
0.5510307556  
-1.342792142  
-3.405529131  
-2.07587026  
-2.336454669  
0.3488407476  
-0.09560250362  
0.07667775081  
-1.219912455  
-0.9029780437  
-0.008661657429  
0.01814607519  
-0.0497692394  
-0.5497487883  
0.3762197329  
1.239885794  
1.405252956  
-1.959108807  
-0.2056985762  
1.235728524  
1.144916185  
0.7761198356  
0.6343322343  
1.097907144  
0.006286983329  
1.744336374  
1.916739702  
1.252858195  
0.3752996099  
0.9713521897  
-1.196345543  
-0.500306349  
-1.450120272  
-0.5801593285  
-0.5214880752  
0.05732771412  
0.1865934511  
1.34133061  
-1.334320775  
0.8997923632  
0.9118684635  
1.597776124  
1.293448213  
0.7889187101  
-1.189249688  
0.8907528246  
1.078575713  
-0.6167849168  
-0.8620869348  
-0.1143342583  
-1.244379586  
0.2792028408  
0.5266394527  
-0.8786300428  
-0.06807676016  
-0.4144017684  
-2.067756308  
-0.2912065703  
-0.7817210637  
0.3135306371  
0.5885520412  
-0.2187389733  
0.5903063854  
0.7428845421  
0.9774634518  
0.1059220528  
-1.571730475  
-0.1753012995  
-0.1378984788  
0.5926331717  
0.2164435337  
-0.003092066844  
-0.004954504199  
0.09374825777  
-0.2096457588  
-0.9801863423  
-0.3527329644  
0.5496207089  
-0.3766437683  
-0.5782086615  
0.06268203668  
0.7272358336  
1.051435489  
-0.3411155172  
0.8165438484  
0.4969271628  
-0.1546366395  
-0.543281698  
0.6510897997  
-0.4773259588  
-2.27770029  
0.0715423816  
-0.4974926724  
-0.9853438746  
-0.5079474145  
-1.445824832  
-0.5445780837  
-0.5159622637  
-0.02161025762  
-0.785406359  
0.5330399924  
0.7271310512  
-0.2967251991  
0.05829804994  
-0.7910959238  
-0.2278124398  
-0.07353660519  
-0.06334402244  
0.9156294464  
-0.3140035387  
0.1763720048  
0.1530284232  
1.259283363  
2.200992248  
1.247332374  
-0.4650518531  
0.6010660128  
1.042434337  
0.6331250045  
0.4342826357  
-0.06981282213  
-1.476075192  
-0.1072497739  
0.7632549842  
0.4261699391  
-1.063993588  
-0.4279139828  
0.3094157149  
-0.8855762383  
0.737245715  
-0.6248978027  
-1.470100999  
0.1443866638  
-0.1345400917  
0.1252233677  
1.947014569  
-0.5330295887  
0.3945057153  
0.05488633862  
-0.2550912574  
0.5016333344  
-2.430508957  
-0.5757893181  
-0.2826294648  
-0.5526186606  
-1.963892459  
-1.133005853  
-0.1972998245  
0.8697865722  
0.6001050973  
-2.209367035  
-0.4685487085  
0.7007708609  
2.092215001  
1.321722013  
0.4491835861  
-0.1393874149  
1.727365998  
1.343631323  
-0.6401531597  
-1.657251998  
-0.9569051961  
0.4735651688  
0.4694363625  
1.223924807  
0.4877329396  
-0.0868130569  
-0.308490396  
0.8445566068  
1.540102658  
1.78333994  
1.427449976  
-1.122106996  
-0.3526687286  
-0.1303549792  
-0.1292881585  
0.9862421214  
0.9206706757  
0.7907130096  
-0.3521896576  
0.8373483669  
1.464429422  
0.7578698632  
-1.065464485  
0.1220048194  
1.075814107  
-0.195581316  
-1.296753129  
0.2372928948  
0.1384290228  
-0.8805688053  
-0.2526834055  
-0.2607345963  
-0.7554465955  
-0.5701400469  
-0.7243548044  
-0.323267522  
-0.9405088201  
0.6547761618  
0.3200252507  
0.4318729611  
-0.02154815124  
-0.5075386729  
0.686094883  
0.4355147509  
1.149543652  
-1.178135368  
-1.651117146  
-0.3984314864  
-0.8196804494  
0.1015418543  
0.0001054743619  
0.5222831349  
-0.2293593122  
-0.402612674  
-0.5951520165  
-0.8095871015  
-0.1919565155  
0.3008701846  
0.3989208472  
0.3579366873  
0.2566967271  
-1.482676811  
0.2952577395  
-0.08876320094  
1.083319234  
-0.06253880872  
-0.806899309  
1.193584289  
-0.7737135557  
-0.8765547749  
-1.820847329  
0.023739403  
0.5889402256  
-1.396364498  
-0.7231035128  
-0.05953263723  
-0.1547329875  
-0.7203617639  
0.3645096605  
0.6827621713  
0.7267643846  
-0.1319930588  
1.113549944  
0.6200206264  
-1.186610462  
0.2648862324  
-0.05052637928  
0.2930034185  
0.2817742294  
0.98340653  
-0.51159913  
0.3545369731  
0.5164843098  
0.6667061921  
0.5213043713  
-0.3318012237  
0.7653854716  
0.2696890643  
0.1019677245  
0.4268905039  
1.095195016  
-1.302567859  
-0.3725224205  
-0.7331748331  
-1.050504647  
-0.6783488402  
-1.032462477  
-1.487947155  
-0.4430228222  
-1.495651625  
-0.3277010204  
-1.342726534  
0.6968281337  
0.3112970771  
0.2475810575  
-0.2901644565  
0.1968585198  
-0.3060768868  
0.7609064521  
0.2459531821  
-1.572866914  
0.4916833768  
-3.788137736  
-0.0751358038  
-0.09990176413  
1.605958309  
1.586822638  
-0.03427809436  
1.59356877  
0.1675289581  
-1.050130332  
-0.4542555502  
-0.2283630213  
-1.481068919  
-0.1171612347  
-0.7791141614  
0.4091638456  
0.379523371  
-0.6736509736  
-0.0619397913  
0.4087139864  
0.3631603282  
1.876632514  
0.8268576403  
1.706135925  
1.88607918  
1.426032097  
0.7649984366  
1.364714827  
1.234844511  
1.139336154  
0.8584252462  
0.03130441144  
0.2980535116  
-1.385711423  
1.034695773  
0.06986284978  
1.550308519  
-0.2348443558  
0.5174191511  
-0.4799777155  
-1.224626897  
-0.6035123806  
-0.7048385469  
-0.5482172174  
-0.5942983285  
-0.4613942656  
0.3852647167  
0.3118412581  
0.6610795011  
-2.382422539  
-1.152920385  
0.5520572676  
0.7404483238  
0.3381915114  
-1.087236559  
0.2692892679  
-0.4709878238  
-1.337652196  
-0.9360164864  
0.8080592643  
1.128258806  
2.043578494  
0.6931277067  
-0.9093167209  
-0.9496024251  
-0.01936832947  
-0.7989394096  
-1.478351383  
-0.03506136233  
0.3644326143  
0.5470961391  
-0.2972404183  
-0.07901915627  
0.2291912268  
-0.4250620809  
-0.033051149  
-0.5504162018  
1.485368293  
-0.6052928174  
0.1022009251  
-0.07158266471  
0.2631629653  
-0.1731061034  
-0.2290446831  
0.01416125031  
-0.4113270374  
-2.459932414  
-0.6304083162  
-1.326974367  
0.5543880585  
-0.1384216151  
-0.6091583811  
-1.022433615  
0.02260230872  
-0.6830082329  
-0.4320513055  
0.3446256846  
1.358165176  
0.8521324118  
2.194946807  
0.2335645268  
1.827953407  
2.209450432  
0.2571454826  
1.03141199  
0.8269795428  
0.9690318661  
-0.8983454866  
0.5771898883  
-0.4236857448  
-1.219308897  
-1.378926776  
-1.093137412  
0.9275990813  
1.919197693  
1.107555643  
0.2508935429  
-0.2400490281  
-0.5419807411  
0.2425834873  
1.426371781  
-0.9586312746  
0.2934900661  
-0.5540016008  
-0.06148244275  
-1.408832351  
-1.943621628  
-0.4681975309  
-0.2095186526  
0.9066974054  
0.3225420646  
0.5526390291  
-0.9495533123  
0.1764161321  
-0.8576251067  
-0.08285044282  
0.3344040671  
-0.9279558824  
0.3313142223  
-0.3772017773  
0.5867821365  
0.500186322  
0.5088468404  
-0.6058710468  
0.3685637445  
-0.5817712027  
-0.7969927367  
0.6963366915  
0.9195020482  
0.9662679496  
0.3594944023  
0.4363289172  
0.5820777604  
1.069045119  
0.07821724354  
-0.3044817396  
0.7267325014  
0.9716216874  
1.341118369  
0.4448383161  
-1.749012762  
-1.747631168  
-3.169727954  
-0.4836114207  
-0.2095484139  
0.7646002383  
0.4614043216  
-2.798868373  
-0.7454140297  
1.46264645  
-0.01361490924  
0.07107189094  
-0.4183526801  
0.8651411558  
0.763898759  
1.744354352  
1.074937192  
0.3036152221  
-1.734406298  
-0.2730330917  
0.03716537751  
0.80913951  
0.7168634178  
0.02408734917  
0.6442686291  
0.5453736957  
0.6159644869  
1.641077688  
-0.1416436357  
-1.402331127  
0.2358252352  
0.689127996  
0.343782122  
-0.828200392  
-0.3121747223  
-0.7020627172  
-1.344669211  
-0.3993253383  
0.7001273474  
-0.5774130844  
-0.2483867558  
0.8665788906  
0.573797909  
0.06792019019  
0.3008734907  
0.0191770801  
0.05999043642  
0.32838505  
0.5494633761  
0.7810262779  
-1.043027083  
0.2325967092  
1.303757578  
-1.255356266  
0.09438659045  
-0.3114056865  
0.2021738491  
0.4209144113  
0.07135348901  
0.6952240918  
-0.1502222503  
0.4664935097  
0.01398237371  
-1.085350319  
-0.059422344  
-1.458872515  
-0.7726104978  
0.1951639383  
-0.802307072  
-0.3795136593  
-1.487779254  
-0.6542543758  
0.05261758421  
-1.267649309  
0.6309406821  
-0.4508924885  
-0.9729041221  
0.8868326065  
0.02200972472  
-0.5431917666  
-2.071502718  
-0.8681692141  
-1.100989315  
0.604833148  
0.04120556205  
0.03453070412  
-0.3097642388  
-0.8065093018  
-2.589009938  
0.1161782435  
-1.881657656  
-0.3491186827  
0.7639306353  
0.7112374744  
1.535310112  
1.474166903  
1.177581962  
-0.01994717316  
-1.069355139  
0.6680104192  
0.5750674627  
2.621720948  
0.4370664471  
0.06460153094  
0.5111232952  
0.2149119183  
0.8094697005  
0.841622357  
1.13238664  
-0.7619788608  
-0.08854165504  
1.271952964  
-0.6513824065  
0.2326136599  
1.249838233  
1.046171886  
0.5127152823  
0.5495643297  
0.5123502297  
-0.7467298908  
-0.3958960774  
-0.9503918922  
-0.8455129079  
0.1098390099  
-0.3379653081  
0.07064152091  
0.624658445  
-0.6914629614  
0.5172118016  
0.1733705368  
0.2773484542  
-0.1198371141  
-0.2351195435  
0.2136183088  
-0.09381290437  
1.002613375  
-0.4024031834  
-0.1526645713  
-0.7219392103  
0.8265911232  
-0.4691630077  
0.09968398898  
0.3194546718  
-0.1195806508  
0.4738415142  
-0.4092386739  
0.5133931331  
-1.032204999  
-0.2716197227  
-0.517618753  
-1.977140437  
-1.422809438  
-0.7267786518  
-0.5566893583  
-0.05548220251  
0.5741232879  
-0.0152980655  
0.3546990675  
-0.8602426569  
0.7288633935  
-0.5612705576  
-0.7867857015  
-0.7026519342  
0.9862993435  
-0.4327043692  
0.30228764  
-0.1306721382  
-0.5396188815  
1.306193505  
-0.5907529027  
-0.708981366  
0.115061286  
-0.03516926387  
-0.3123069507  
-1.16100941  
1.32445628  
1.978178398  
1.15643194  
0.4467874632  
-0.8610956243  
0.5399521227  
-0.6674905565  
-1.322806836  
-0.2600821288  
0.7618717008  
-1.663498001  
1.197306751  
0.2564141454  
0.6967398552  
-1.16954015  
0.0617204357  
-1.247053393  
-0.5605009071  
0.5290087671  
-0.7062565628  
1.255466277  
0.7962345562  
0.5634961042  
1.362765483  
0.5585751879  
0.5402437209  
0.244381849  
1.458810665  
2.709217156  
0.4737198762  
1.009211821  
1.47535784  
-0.6684750748  
-0.1680176097  
-1.099824127  
-0.2077937137  
-0.9518071237  
-1.248731352  
-0.1559753446  
0.8912645688  
-0.1467608704  
-1.394900901  
0.4659253846  
-1.230570442  
0.6397275386  
-0.8390798623  
-0.4675059048  
-0.7418866678  
-0.1962553574  
-1.282547569  
-2.474494616  
-1.082680613  
0.1453680873  
0.4136148027  
0.6499707529  
1.49869932  
0.5084116105  
-1.408545321  
1.20023761  
0.559438615  
1.705285317  
0.4722966163  
1.285953367  
0.9711870641  
-0.07030502278  
-1.035156736  
0.2065315169  
-0.0466470087  
-1.251472683  
2.184420975  
1.687779908  
-0.5392054839  
0.9189304583  
1.086935357  
1.192072619  
0.8055777568  
1.023951719  
0.6597685402  
0.1383194552  
1.078414418  
0.3071626683  
1.448406982  
0.7276365747  
-0.1723987622  
-0.001102725665  
-1.606124456  
-1.730014245  
-0.8623715217  
-1.144703268  
-0.9243070308  
-1.122995411  
-0.7666264945  
0.5367212081  
-0.7650459464  
-1.630633052  
-0.5246038488  
0.1972238508  
-0.9079661633  
0.02318672751  
-0.2524622128  
-1.037953085  
-0.04914343954  
1.542985112  
1.911797515  
0.2070286207  
-0.08327719038  
-0.04500977378  
-1.137178256  
0.4180019621  
-0.1242514227  
0.4392074423  
1.139318881  
0.958281691  
-0.2896643583  
-0.7818386907  
-0.1895532142  
-1.233238068  
-1.55120822  
-1.478837581  
-1.520025995  
-1.293616505  
0.2943045875  
-1.510012395  
-0.2291971679  
-0.01104023317  
-0.4094833316  
0.8973392748  
0.2521775279  
-0.4995261795  
0.4427950867  
0.6106793791  
-1.90796883  
0.3683529159  
1.005824153  
1.795260065  
-0.1261226997  
0.4311669185  
-0.6994399013  
-1.102713522  
-0.7565727908  
0.2940104861  
0.7295695519  
1.527137059  
-0.8837804551  
0.7237880929  
-0.6012485706  
1.392219071  
-0.1437064054  
0.4252721301  
0.6239048573  
0.2780066937  
-0.105616286  
0.1127103122  
-0.4977360169  
-1.543509671  
-0.4295507528  
-1.065010192  
-0.08747382784  
-0.8285328464  
0.3812537813  
0.8838417798  
-0.152444201  
0.2678839791  
0.2304152901  
1.430035013  
-0.783237546  
-0.6304542099  
0.5747442368  
-0.0007381789094  
0.01394049261  
-0.3179763715  
1.918697345  
-0.01278953318  
-1.250546923  
-0.7537428142  
0.2380552994  
0.9480020955  
-0.02088445979  
0.09152616181  
-0.3474908169  
0.4277699814  
0.6884982111  
1.644130502  
-0.1059023601  
-0.2965498631  
0.8397775757  
0.830274646  
1.151649743  
-0.3315453021  
0.3191478331  
-0.4144415945  
1.037086859  
1.818997568  
0.3106189768  
-0.1435682233  
0.1769130555  
-0.2066174439  
1.591463806  
-0.4568353438  
-0.4906679052  
-0.4307448648  
-0.3607255718  
0.169277025  
0.585638702  
-0.5080160329  
-2.345468263  
-1.943162268  
-0.6069539933  
0.06990233338  
-1.016713701  
0.03110561345  
-0.8732282988  
0.5048935267  
1.726866002  
0.7059157696  
2.266113809  
-1.12919043  
-0.4180133604  
0.7412893398  
0.6811266705  
1.898689169  
0.2055335588  
0.2084578461  
-0.3860654285  
-1.542768275  
-0.7254353446  
-1.620305108  
-0.09536710031  
0.8294592659  
0.5915376089  
-0.05656291614  
0.6797387664  
0.4058415472  
2.017623681  
-0.4304137191  
-1.246170896  
-1.881326672  
-2.112920592  
-0.8144589602  
-1.314077069  
-0.7253938843  
-1.493477693  
1.136799912  
2.123062258  
0.278698909  
0.3229434484  
0.06348505968  
-0.5610234678  
-0.4958804793  
-1.244054513  
-0.8735055727  
0.7739896194  
1.990090685  
-0.05189670074  
-0.8041142846  
-0.198873961  
-1.197716381  
-0.9923964395  
-1.338191213  
-0.4602600704  
-0.8377074347  
-1.209136955  
-1.695710461  
-0.1916193474  
-0.733086371  
-2.555558646  
-0.8579270444  
-1.224079263  
0.02975979888  
2.626986411  
1.646065127  
1.915100083  
3.371349997  
0.8644462139  
0.8847096368  
2.130699884  
1.822461004  
2.529401298  
3.522487086  
1.732595439  
0.2672579603  
-0.3203751647  
0.6216374497  
-0.8694323904  
-1.415424683  
-0.35377577  
-2.080069438  
-1.117793071  
-0.8551702979  
0.04169941614  
-0.2442658241  
-0.6857298717  
-0.4664706702  
-1.737880416  
-1.755408498  
-0.5206246423  
0.04994109118  
0.04211092088  
0.06046419406  
0.9500800283  
1.88998785  
-0.2508479462  
0.475346356  
1.090890524  
0.2983213945  
-1.184734029  
1.36829928  
-0.6947068663  
-0.6451173291  
0.679935622  
-0.2822352366  
0.6972226581  
-0.1675590513  
-0.2514325577  
-1.27945617  
-1.047945853  
-1.544753194  
-0.9625873625  
-1.020356892  
0.1030271229  
0.5048378389  
-1.231016071  
-0.1168825876  
0.07895014354  
-0.3724746443  
0.04648578457  
0.03227387552  
0.2453581517  
-0.518845116  
-0.1984105873  
0.5729500056  
1.197911942  
1.132864331  
1.119101489  
0.4081654545  
1.719243904  
1.312098673  
-1.140045979  
0.03291569172  
0.5709352135  
0.06210193103  
0.2914149188  
-0.4490099525  
-0.5909111946  
1.31657645  
0.755924672  
1.341413932  
0.05738919099  
-0.5751134106  
0.09900946609  
0.6475356499  
-0.1497964763  
-0.2394913544  
-0.1985383228  
-0.2842250221  
1.229384844  
1.619200541  
-1.031504363  
-1.450547969  
0.7108211959  
0.5428945316  
0.7712667551  
-0.2327671583  
-1.75707555  
-0.1009585782  
-0.80338492  
-0.7732058893  
-0.3619337144  
-1.002352424  
-1.276263378  
-0.9355515761  
-0.002452984074  
-0.07298836278  
-1.039266872  
-1.002560189  
-0.2734263203  
0.07589702069  
0.5493350242  
1.065325506  
0.548334786  
0.2457730051  
0.7002636043  
0.5463995006  
-1.050114178  
-1.72145395  
-0.8509895815  
-1.060068055  
0.1949663727  
0.4649570482  
0.1504454848  
0.6123394288  
-0.07035475823  
0.2364860235  
2.369197668  
0.7508482231  
0.4671773117  
0.2310331768  
0.1039460773  
0.2174786769  
0.203351423  
-0.1804647017  
0.1825726094  
-0.3830632654  
-1.012692038  
-1.483149176  
-2.417592164  
-1.816694819  
-2.141003109  
-0.7948825085  
-1.479399363  
-0.7839753049  
-1.679155728  
-0.2590034383  
0.916930632  
0.5907908786  
0.2405984187  
0.3045179582  
-0.4559296813  
0.3111274409  
-0.5783268566  
1.244388251  
0.4043263624  
0.4990501636  
1.921660614  
0.5185980079  
0.4333200434  
0.9278310119  
1.309634787  
0.9569404174  
-0.93923681  
0.6822986107  
-0.3685510383  
1.166437604  
1.892672293  
0.7210754728  
0.8236448081  
-1.155468459  
2.799479834  
0.7629693227  
0.8765030607  
1.394807671  
0.9419679361  
0.2887715409  
-1.025218251  
-0.2559283234  
-0.1205582092  
-2.199462644  
-0.4295871395  
0.19872286  
-0.2718419109  
1.021786492  
0.5199303789  
1.360799486  
0.1268170404  
1.138586483  
0.411985865  
0.9158857512  
0.007124124677  
-0.7801157183  
0.5004815194  
0.6095221622  
0.1341070466  
0.8610424567  
0.4798119935  
-1.722360045  
0.05022910491  
-1.254884547  
-0.3699254172  
0.6832569197  
-0.33521691  
-0.5214079219  
-1.480845685  
-2.093842698  
-0.205352734  
-0.74896364  
0.05958549245  
-1.59442372  
0.06605171534  
-0.9545958868  
-0.3817567406  
0.6942753197  
0.2416198097  
0.1793267529  
0.7175451894  
0.7586590365  
-0.6372705276  
-0.6703763622  
0.4795817742  
0.1304977565  
-0.2961094459  
-0.2445859897  
-0.6893982902  
0.5608098535  
-0.7717412796  
-0.005167137939  
-1.511356583  
-0.3282549132  
0.03013531821  
1.3691845  
-0.9113067831  
0.5522922332  
0.2611615391  
-0.5711093872  
0.1423526334  
-0.9616000342  
0.2304796114  
-0.3882945893  
0.192977998  
0.1206457964  
0.4598372162  
0.0691093645  
0.1463899643  
-0.3239928646  
0.06210424877  
0.00378809991  
0.8193353745  
0.2806045071  
-0.2048388508  
0.413029681  
0.5012707193  
1.358331466  
1.277795061  
1.457903622  
-0.02868694313  
-0.01983141387  
0.2019198411  
0.2955719224  
-0.2536329704  
0.1164832913  
-0.08427503252  
-0.02327736709  
0.2025522192  
-0.8922305835  
-1.592477274  
-0.6708622219  
-0.6571109277  
0.5711048988  
0.2380873868  
-2.386528301  
-0.4230987374  
-0.1399619162  
-0.2949199674  
-0.262748708  
-0.2425629238  
-0.558987228  
-0.5944616445  
-0.8920719375  
-0.6058835024  
-0.05141920471  
1.005140312  
0.414444703  
0.4224745685  
-0.107528692  
1.55123927  
-0.1465486776  
-1.060140758  
-1.132885992  
-0.7040205988  
-0.4251338977  
-1.510390699  
0.01955065693  
-0.4544981936  
0.1628269592  
1.029066741  
0.44275402  
0.717307612  
-0.07774771217  
0.8509947225  
1.024921187  
0.2294152888  
1.742578631  
0.2723819761  
0.5912796718  
0.5000667808  
-0.6219585518  
0.2538689132  
-0.8566459221  
-0.2945159928  
-0.3670958538  
0.8146896029  
0.7865424231  
-0.610781428  
0.8496343151  
0.6236947528  
-0.07634289883  
0.8333645826  
0.6507813065  
0.5228184677  
0.2735615499  
-0.9207140725  
-0.8124850104  
-0.04705449968  
0.743240398  
-1.441915701  
-0.08919317059  
-0.4689924104  
-0.006034063683  
0.291560427  
0.9111809717  
0.05906045294  
0.8336238998  
-0.8618836202  
0.3431464756  
0.427772172  
0.0204725579  
-0.7590279971  
-1.07892941  
0.6193380521  
0.2710717539  
0.1806273025  
-0.1652641683  
-0.03084286173  
0.386575298  
0.5240188577  
0.3423126284  
-0.4462703526  
0.1954986993  
0.8118535207  
-0.8977049176  
0.0280319686  
-0.5337120581  
0.831270954  
-0.3965942819  
-0.8597242457  
-0.6184170883  
-0.9856501915  
-0.0472749276  
-0.7550060545  
-0.1452004464  
-0.07303367102  
0.6725901884  
0.6596011468  
0.226123421  
0.3955765047  
0.3742063627  
-0.2523666787  
-0.8583505837  
-0.4559568808  
-0.7965847671  
-0.6934930107  
-0.8973126694  
-1.012075974  
-0.7844074134  
-0.2752077573  
0.2043825793  
0.7775303992  
-0.004934765508  
-0.6737879887  
-0.9049231256  
0.5091531877  
-1.14558272  
0.2138814948  
-0.09284527988  
-0.8067114104  
-1.023492182  
-1.140861735  
-1.356134738  
0.5825685343  
0.2644575684  
2.08769706  
1.583881257  
-0.1127624889  
-0.02557561244  
2.428666978  
1.518790424  
0.3641028715  
0.2260216631  
-0.6600161834  
0.05282987907  
-0.3681862269  
1.862917393  
2.796116196  
1.377586182  
0.07578248048  
-0.1624929445  
-0.7112664946  
0.04830588715  
-0.9449840774  
0.07745032914  
-0.8969188272  
-0.8933006129  
-1.013702994  
1.753964829  
0.3351813653  
0.01548993402  
0.1981006461  
-0.02095070275  
-0.218422803  
0.8666696273  
1.570514365  
-0.1693527233  
-1.050260732  
-2.088599327  
-0.6623458708  
-0.7287582896  
1.363020552  
0.7909865358  
-1.236310318  
-0.1776740959  
0.2530994695  
1.970987871  
0.0454468446  
0.3888419388  
0.4262805857  
-0.3739495886  
1.589722183  
0.9818109739  
2.370778226  
0.2560529748  
-0.02697067594  
0.153418066  
1.443630694  
0.009800939415  
0.06327219053  
-1.691897346  
-1.252324297  
-0.7139839258  
-0.7569176985  
-1.275038646  
1.003496527  
-0.8514907388  
-0.713290535  
-0.2252797283  
-0.6541786817  
-0.4055107735  
1.091527357  
0.7158645413  
0.002758066041  
-1.348063691  
-0.3346571946  
1.014693799  
0.6857497758  
1.180294898  
1.580073967  
1.008437667  
0.03393693898  
0.005826000003  
-1.196652489  
-1.635376446  
-1.477254124  
-0.5561754927  
-0.09049577657  
-0.1043445747  
0.207794684  
0.9690498395  
-0.1584797038  
0.205851491  
0.3568248338  
0.05080457318  
1.096172248  
0.4669588411  
-0.1697406302  
-0.2917192666  
-0.8028925729  
-0.801842123  
-0.4013535332  
-0.5018296543  
-0.2357720405  
-0.5122912448  
-0.5630974053  
1.204760775  
1.546318237  
0.6917548175  
-0.774546142  
-0.9520930134  
-0.6154512977  
-0.8298410994  
0.4962237366  
0.3475035997  
0.8707906165  
0.245950118  
0.6355832445  
-0.1611771144  
-0.0803844284  
0.9715080913  
-0.5105180217  
0.4605568876  
0.5420555174  
-1.141106452  
-0.209316302  
0.2769424414  
-0.7811303808  
-0.1482605767  
-0.8362092306  
0.2141695924  
-0.1411846348  
1.153064896  
0.4566087346  
-0.06775462623  
0.1969625937  
-0.001679535273  
-1.518814824  
-0.3213647129  
-0.7490623192  
-0.8101733253  
-1.240417935  
0.4122898551  
0.110331045  
0.5200064948  
-0.03973795361  
-0.8403913431  
0.9017479145  
-0.1260999766  
1.247033517  
1.038248807  
-0.03342077584  
0.9055521508  
-1.421369181  
-0.09983199452  
1.144272458  
-0.2375489553  
-0.1115706614  
-0.7287961998  
0.06403004199  
0.5733198822  
-0.9986226906  
-0.2330648487  
0.4562055283  
0.7133440583  
-0.233701723  
-0.9504930277  
-0.6328725449  
0.1440475023  
-0.410999178  
-0.786713198  
1.127812257  
0.1683554749  
0.8049053493  
-1.418678441  
-0.5949818108  
-0.5379914063  
0.2612495092  
0.7234537149  
0.2950646691  
-0.5923967197  
-1.183806214  
0.12804217  
0.03333646351  
-0.6374646244  
0.3170177125  
-0.4563158497  
-0.7945863774  
0.3183214462  
0.07816565559  
0.7468135836  
2.114405052  
-0.4000528133  
0.3378346527  
0.02356788793  
0.1570942976  
-0.8544612524  
0.2203936256  
0.5628727989  
-0.1559965416  
1.195204287  
3.076934618  
0.1953655236  
0.1811718264  
0.9071827634  
2.574228165  
2.411861753  
0.1963580769  
0.08562152295  
-0.8419081561  
-0.3063122814  
-1.73264147  
-1.532385959  
-0.9671903393  
-1.696903278  
0.2730980372  
-0.5730625364  
-0.9274474035  
0.5388652059  
0.4604266253  
-0.949619183  
-0.536277761  
-0.7414888821  
0.007635922425  
-0.9020861505  
-0.4558393132  
0.4660742276  
0.5994221096  
0.691352446  
1.220304303  
-0.1714439841  
0.5961637138  
0.2802728759  
-0.7546304105  
-0.5052966191  
-0.9856548634  
-1.694335384  
-1.527585443  
-0.3770784602  
-0.5409605681  
-0.9160251156  
-2.724446176  
-0.2979582065  
-0.409720233  
-0.7252509171  
-2.056152201  
-1.891221075  
-0.2850624359  
-0.4649853893  
0.377749885  
0.9433508191  
1.364260542  
0.4513063275  
1.64523765  
-1.055329632  
-0.4271820599  
3.259939033  
0.9491263845  
-0.1874957533  
-0.7821604541  
-1.298747629  
-0.7766954593  
-2.490015147  
-0.7830770595  
-1.450595308  
1.250222303  
2.193159916  
0.1279961038  
1.270857275  
0.3336847798  
-0.07195767435  
1.132178194  
2.048275248  
1.2658546  
0.03737571764  
0.3941557827  
2.899615558  
3.89031398  
0.2444197742  
1.250369765  
-1.061088458  
1.206764441  
1.44472248  
1.08423533  
2.006412227  
2.293808646  
0.3069219285  
2.253434107  
2.982782457  
-0.3028899803  
2.09350571  
0.5644446385  
-1.469698387  
-0.8357458824  
-2.084365607  
-1.769230411  
-1.362147691  
-1.385106218  
-0.9044096461  
-0.02403756735  
-1.622470557  
-1.330561377  
-0.9094485914  
0.1183703867  
-0.3181841512  
-0.3940413875  
-0.01329329044  
-0.3143575556  
-0.8969804784  
-0.3961139513  
-0.7152725333  
0.1259693243  
-0.165263648  
0.723470822  
1.509865909  
1.935122561  
0.4422159942  
-0.2233807294  
0.4923381694  
-0.3147050298  
0.6306445434  
-0.9277599494  
0.1051816313  
-0.9270297094  
-1.886646918  
0.04802442505  
-1.845027056  
-1.608116116  
-0.9003012742  
-2.722662784  
-0.5653477586  
-0.9671278688  
-0.8277116113  
-1.892098954  
-0.4487879477  
0.2225877122  
-1.351314907  
0.09280388117  
0.7492388807  
-0.3438155839  
-0.4372914559  
0.293672257  
-0.6643380316  
-0.8233336075  
-0.8858562735  
0.9532975329  
0.1444888947  
0.1103342197  
0.1168511284  
0.03024327989  
0.2425717485  
0.4839012675  
-0.5182195532  
0.5169748876  
0.8923752508  
0.9751932015  
-0.6735100801  
0.4727686868  
-1.28769726  
1.290458165  
0.08530823163  
0.6600552119  
-0.4364812908  
1.740911035  
1.029566044  
2.176834004  
0.5642641364  
-1.348798165  
-2.432380048  
-0.4010379287  
1.327843989  
-0.3479220439  
1.30093665  
-0.01721101355  
0.9955364142  
0.6751949941  
-1.248792632  
-0.2413467718  
-0.1673177103  
0.1671122046  
1.200488509  
-0.842037877  
-1.349682892  
0.3289195239  
0.8863415894  
1.583610719  
-0.06358857958  
1.254520946  
1.619434173  
1.464298968  
0.7314470232  
1.595540349  
-1.066169871  
0.9396454403  
0.05031181185  
1.75124413  
1.283866129  
1.52654919  
-1.432965583  
-1.685416282  
-1.891197858  
-1.918680009  
0.139710221  
-0.6171061082  
0.04133789234  
2.30482789  
-0.2122738988  
-2.787609498  
-0.2988314118  
0.6627011403  
0.3968147797  
0.1889429088  
-0.303442122  
0.1868774076  
-0.1475251087  
-0.3580647739  
-0.6983907303  
-0.6043065514  
-0.5668961591  
-0.5536538348  
-0.552471184  
-1.136113959  
-0.1450770544  
0.1338280009  
-0.3170033416  
-0.48765583  
-0.1938725474  
-1.12383314  
-0.5681908214  
-1.295072561  
-1.081604567  
-1.232386195  
0.0005810190473  
-0.6089102497  
0.08721766721  
0.5286607135  
1.119000795  
1.168497747  
0.5288383081  
1.770703148  
1.100206703  
0.9088588353  
0.8530131537  
0.008257905676  
-0.1502000332  
-0.7902909783  
1.398696659  
0.8599931199  
-1.791318832  
-1.118308666  
-1.653040938  
2.136692988  
0.9120009633  
1.099391602  
0.90018289  
1.209585241  
-0.8640106006  
1.385356787  
-0.9683659114  
-1.757969711  
-1.018586504  
-2.61433735  
-0.4225740482  
-0.3330219335  
-1.515235863  
-0.7364343293  
1.777228018  
0.4490452267  
-1.198446166  
-0.7850240727  
0.5345630766  
0.164956325  
-0.08151427612  
-0.1333838626  
-0.679517417  
0.08926011525  
2.05077622  
1.798272363  
1.40079699  
-0.6541891009  
0.6035230165  
0.05210024373  
1.250963024  
-0.227938256  
-0.3346459534  
-0.5982553647  
0.4185131681  
1.360095833  
2.384267989  
-1.102449007  
0.2133849643  
1.053192125  
2.519479887  
3.97947237  
-1.500203851  
-1.628514262  
-1.866326234  
-0.4544488284  
-0.5449825278  
-1.379880015  
-1.502852054  
-0.7126632951  
0.05114750884  
-0.3040562265  
-0.8350712671  
0.2430052475  
-0.3080503229  
-0.6912820943  
0.05165060043  
-0.5646240287  
0.4095995443  
0.1947376039  
1.090271576  
-0.5298993111  
-0.2275787507  
-0.2197406918  
-0.04369023583  
0.5333171087  
0.3236236564  
0.2885615103  
0.2957421152  
-0.4130038064  
0.3796223465  
-0.5079087761  
0.8617163042  
0.516825592  
-0.5193517109  
-0.4141553345  
-0.4399348761  
-0.7903350722  
0.1321757867  
-1.362282129  
0.06984890563  
-0.5745577198  
-1.540315058  
0.9199325945  
0.9369733354  
0.3153074286  
0.3042038051  
-1.167822009  
0.2517672713  
1.640724331  
2.160604577  
1.161809822  
1.9986852  
2.883597655  
3.679356334  
-0.4082883761  
-1.010906393  
1.166891487  
0.7115973636  
0.03074269738  
0.2923045408  
0.4878775761  
-0.7467485023  
-1.181314288  
-0.8415402716  
-1.369178659  
-2.541636301  
-0.8707149297  
-0.516056751  
0.6285459337  
-0.200243864  
-1.124286973  
0.3759621466  
-0.3579497948  
-0.2726612666  
0.83447486  
-1.421398114  
0.4244559211  
-0.9126665091  
0.3092212097  
-0.6846680325  
0.2242345659  
-0.59332799  
1.048991019  
-0.1389021067  
2.181242188  
-0.4142371466  
-0.2489278035  
-1.493398647  
-1.549415895  
-0.1718897994  
-0.9604039221  
-1.159965191  
-0.466739837  
-1.086989694  
-1.923395634  
0.1312948749  
-1.218017938  
-0.7084830683  
-0.296546319  
-1.270233346  
-1.094066109  
1.808140472  
1.994721051  
1.24261204  
1.180113143  
1.047938669  
1.340244232  
0.4474450953  
-0.1357167889  
-0.5107533546  
-0.5895381731  
-0.5198038817  
-0.4717532297  
-0.8720604493  
2.409735392  
0.6825548781  
-1.253472699  
-0.6962886809  
-0.2801620574  
-1.145286811  
-1.746914209  
-1.392626331  
-0.2890544621  
1.904633574  
2.193212657  
-1.0096256  
-1.056503209  
-0.6990517883  
-0.5434704484  
-0.5581434994  
0.3806783213  
0.4686201117  
1.856872611  
2.402171124  
-0.2911766566  
0.0763701491  
0.2092143753  
-0.3088717677  
0.0162347246  
-0.1530653697  
0.9160754215  
1.001575107  
2.996914776  
0.2188348713  
-2.006653164  
-0.8539352502  
-0.2981658453  
-1.264646559  
-0.4952358672  
-0.06083454015  
0.002661074882  
-0.5154511977  
0.2766897223  
-0.6517620742  
-0.1672316835  
0.7258201477  
1.496206948  
1.503995628  
-0.3335686943  
0.07537029867  
1.626913397  
1.748436428  
-0.8740016427  
-0.4340801419  
0.2851419361  
0.3043626276  
-0.4241844957  
-0.242466566  
-0.4636639135  
-0.1675291281  
0.6000663903  
0.02767794379  
1.946738056  
0.7495056229  
-0.2128297405  
1.074558317  
1.250601077  
-0.6954061899  
0.6105604457  
0.842805887  
1.367933205  
0.8278704753  
-2.337140932  
-1.902939423  
-1.155261744  
-0.5046269328  
-1.570188284  
-1.802956046  
-0.4696373024  
-0.5609791064  
-1.17274217  
-1.045292469  
-0.5468010298  
-0.6062959258  
1.838401998  
-0.3300888482  
-0.5932544119  
0.0968402125  
0.006624033828  
-0.6905440206  
0.9158545713  
1.006159419  
1.401518838  
0.9911401785  
0.7570874128  
0.6804975914  
0.5108596228  
0.7167958659  
1.055434744  
1.919441542  
0.65817272  
1.517043104  
-1.895545892  
-1.32628625  
0.1936608119  
0.5552967459  
-1.13989122  
-1.779220412  
-1.25709466  
-1.495221471  
0.1180123992  
-1.392975875  
-1.33750569  
-0.581516458  
-0.7620356402  
-1.484486123  
2.569925335  
1.644840165  
0.4521551724  
0.02613757122  
-0.465553854  
0.2082091951  
0.1091848945  
-1.176736049  
-1.834561599  
-0.8217288271  
0.08805657156  
-0.5260048851  
-1.599411494  
-0.672268568  
-1.190697594  
-0.4444632653  
0.5384576426  
0.8763852854  
-0.7046630135  
-1.453545158  
0.9484700442  
1.671609981  
1.777397206  
0.7648834087  
-0.4363593943  
-0.2315457877  
0.421249594  
-0.9399357244  
3.360808709  
-0.9453600286  
0.05139826826  
1.447513764  
0.6441298126  
-0.7790468926  
1.013580996  
-0.1835018056  
0.6039743319  
0.5536653219  
1.179538557  
1.389116635  
-0.6433338258  
-0.1749230144  
-1.135014392  
-1.008994566  
-0.178213633  
-1.120964981  
-0.6118616939  
-0.448325145  
-0.8197010111  
-0.9043973435  
-0.4005737435  
0.841314474  
0.3936167722  
-0.3014135533  
-0.1788048205  
-1.001893515  
0.2137195199  
-1.069365211  
-0.8156186841  
0.4109296465  
-0.1074670228  
0.9154841296  
0.3657020439  
-1.012473122  
0.5223133581  
-0.6601019212  
-0.5715045915  
1.021371447  
-0.2408087688  
2.326079226  
1.377588322  
0.4500954457  
0.3366513196  
-0.08070536932  
-1.048642567  
0.2893908935  
-0.844023572  
-0.8897172632  
1.63113595  
-0.6637496578  
-0.3958083029  
-1.505639142  
-0.3619129806  
-0.6465363158  
-0.2740917598  
0.4174801207  
0.6009696349  
0.9274769273  
-0.8699991081  
-0.3536258547  
1.09300039  
1.504611921  
-0.1186336296  
0.1740076618  
-0.2780539481  
-1.028170183  
-0.007443780908  
0.2609220612  
-1.035440107  
0.3290198893  
0.2961207273  
1.836650341  
0.9867996133  
1.900192287  
2.196412474  
0.3400581642  
-1.493213056  
-0.492109687  
-0.9175715711  
-0.0168665726  
0.01557907981  
0.4443766374  
2.52692543  
2.356432918  
1.63263028  
-1.119805314  
-0.3068531413  
-1.116022582  
-0.851877432  
-1.098663854  
-1.194238257  
-1.317877524  
-1.486827698  
0.0842112039  
-0.6611871929  
-0.4847700172  
0.3092407726  
-0.8283848287  
0.7198062733  
1.772766771  
0.7598953462  
0.913088581  
0.6505032231  
0.1127334491  
1.388552966  
-0.5051048193  
-1.014816311  
0.8117437068  
0.5939181106  
-0.868331423  
1.120217131  
1.135834186  
-0.1207339356  
0.03526225648  
0.2697163269  
0.2338778042  
0.1513745829  
0.3465809548  
0.5661102137  
0.1308484165  
0.1273411208  
-1.633536798  
-0.4552676926  
0.118313043  
-0.2171058749  
-0.1244234787  
-0.4547750315  
-0.211636746  
0.601737928  
-2.064014801  
-0.5916104765  
0.8409695971  
-1.72919115  
-2.351609142  
-1.623904273  
-0.9178174256  
-1.081188636  
1.251298752  
-0.7409474735  
-0.766461513  
-1.318134814  
0.1276411638  
1.07386454  
-0.1413857909  
1.090475856  
1.719129764  
0.9030291412  
2.688351416  
0.7095380869  
0.5590544482  
-0.777757387  
0.9557419762  
0.7258357934  
-0.9959659359  
-0.552270544  
-0.03863012405  
0.2604315473  
1.361874874  
0.1319362222  
-1.301777164  
-0.3639228566  
-0.937456632  
0.4140653591  
-0.8335547205  
-0.6444608801  
-1.219427491  
0.7468488283  
-0.0549714413  
-0.185834875  
1.014313234  
0.03895831777  
