-1.222277454  
-0.2140170667  
0.660142901  
0.5029226665  
-0.3066302979  
-0.9350710841  
1.17071716  
0.1362457635  
-0.566534068  
1.25855048  
-0.5386956873  
-1.81596646  
-0.6768425406  
-0.4619736929  
2.259062398  
0.5785892436  
1.000863833  
0.4266071939  
-0.2785731489  
1.096241545  
-1.217840219  
0.6627465178  
-0.2940291553  
1.064671235  
0.4706629574  
-0.1560980479  
0.3017406795  
-0.08986517222  
-0.5210072281  
-0.5625969479  
-0.09194875681  
-1.225327808  
-1.247384014  
-0.6171249866  
-0.5685206836  
-0.2175108911  
-0.9823811446  
-0.1186199326  
-0.1015003925  
-0.2182339627  
0.6619264844  
-0.08629960604  
1.348658499  
0.06815338639  
1.304549358  
0.02524099372  
-0.5069590241  
1.320073905  
-0.7908723462  
-1.331202884  
-0.6881044917  
0.4095464332  
0.5729761717  
-0.9259584953  
-0.4985556687  
1.84648317  
1.705387714  
0.4285047085  
-1.082493562  
-1.368023226  
-1.238954087  
-0.02483465036  
-1.025520031  
0.670252417  
-0.1593253194  
2.486507348  
0.2944178848  
1.808006834  
-0.4921317874  
1.605260338  
-0.03553883451  
1.973149733  
0.6873602791  
-0.3679555109  
-0.4542276164  
-0.5901767358  
0.8155207218  
0.1097625905  
-1.216573262  
1.818053017  
-0.7103487662  
-0.2617836989  
-0.01717243541  
-0.9299163919  
-2.091629641  
-1.064137536  
-1.227601673  
-1.01140693  
-1.287000406  
-0.6904980749  
0.9431808825  
2.497113951  
-0.7912841157  
0.7164052886  
-0.04705916992  
-0.6194370231  
-0.1621859188  
-1.023254624  
0.4186729498  
-0.009108659693  
-0.9092855348  
0.8112422985  
-0.08849803554  
0.9077445918  
0.5613189746  
0.426399035  
0.6100610409  
-0.01224707803  
-0.07925424708  
-0.1674239591  
-1.327736062  
-0.1644429262  
-1.54711556  
-0.7045392078  
-0.9199426859  
-0.9036028991  
-0.06690604873  
-0.6190093325  
-2.165441339  
1.08974024  
0.4473781683  
2.095676393  
0.4574348884  
1.447351868  
0.2228698897  
-0.6082627687  
2.049636006  
-0.0002332567407  
0.2497746425  
-0.2431396054  
-0.2524392019  
1.22630821  
-0.6081387287  
1.348998257  
-0.08584202686  
1.274958772  
0.07009871157  
-0.2672592871  
2.156988951  
-0.07326789754  
-0.2530702772  
-0.5824444843  
0.2842833786  
0.4965959175  
-0.5872948469  
-0.4220919547  
0.1164820185  
0.606453042  
-0.1056494178  
-0.6450933833  
0.3431586968  
-1.075288398  
-2.380199765  
-0.5852899445  
-0.2645877838  
-0.6301365799  
-0.2000700793  
-1.873222236  
0.09812025001  
-0.7517833946  
-1.652485325  
-0.1991231622  
0.9476332935  
-0.3705769699  
0.1710173297  
-0.9361782472  
-0.03801498476  
-0.4570092829  
0.1288917999  
0.5017513183  
-0.388622977  
-1.498402284  
0.4088515767  
-0.7634805241  
-2.411559819  
-0.691021578  
-0.6909492998  
-0.7958492614  
-1.211590976  
0.09539234674  
-0.7872167289  
1.076809369  
-0.4597638532  
-0.8348121857  
0.4710218386  
-0.4361797914  
-1.203012226  
4.525445417  
3.339592252  
0.4763844588  
1.648672911  
1.869954118  
2.049367616  
0.9486062224  
1.118662139  
1.040981458  
1.325272816  
1.43041874  
1.909907228  
1.365472266  
4.650818744  
-0.07994492795  
-0.5265195634  
-0.3132030652  
-1.470225386  
-1.715420245  
-0.6395524634  
-0.9963454763  
0.771369181  
-1.055720045  
-0.3091284174  
1.650656808  
-0.1763195795  
-1.849327102  
-0.4856529538  
0.1468412775  
-1.085142521  
-0.02021075222  
-1.553471576  
0.4650975066  
0.1178748287  
-0.5616380158  
-0.2366910527  
0.8456857384  
-0.3192919766  
0.8923714982  
0.04682138079  
-0.3543441499  
0.400845828  
0.1128349664  
0.3979320611  
-0.9079028075  
-0.0007799497818  
-1.179762518  
0.04235273677  
-1.23919066  
0.5004871027  
0.1754787864  
-1.175191128  
-0.52754421  
0.2552256091  
-0.6276417716  
0.2848538787  
0.6027876357  
0.8183010314  
0.9220753158  
0.2933864514  
0.2789190741  
-2.566809354  
0.338823567  
-0.2171884692  
-0.3629239131  
-0.8102856361  
0.8695260648  
0.73890967  
0.1185683469  
-0.4873254115  
0.3947252825  
0.8724074705  
-0.7636014113  
-0.4371606481  
0.1460787177  
0.4942536265  
0.316210162  
-1.08255689  
0.3656671002  
1.174858265  
-0.4109446163  
0.3741271541  
-1.081852627  
-0.5437520326  
-0.3006984417  
-0.1260121931  
-1.624514409  
-1.677210515  
0.2424745956  
-0.5216831294  
0.5158088779  
1.523651167  
0.2318053068  
-2.526570879  
0.8275329134  
-0.645167242  
0.3463066986  
-0.1756113047  
-0.111655174  
0.5285039679  
1.124560388  
-0.3447290399  
0.007189417416  
-1.024713054  
1.483040124  
0.6788755991  
-0.2376490027  
-1.264671611  
0.2033917709  
-0.110593916  
1.768278109  
-0.7470578058  
-0.8797732485  
0.267203233  
-1.372750418  
2.245855878  
0.4109327482  
-0.416931056  
-0.1679567831  
0.5593376578  
2.611368962  
0.896823976  
1.418587023  
0.7281265999  
0.2229538578  
-1.28088952  
-0.9120849147  
-2.412840192  
-0.3879705973  
0.3857761944  
2.218178282  
0.5022147565  
1.666550819  
0.09877977638  
-0.4398749954  
-0.8429788221  
-0.6689119483  
0.3251529603  
-0.1945987785  
-0.312090939  
-1.328327884  
-0.5649211594  
-0.6853734209  
-0.9465289362  
-0.3538661039  
-0.4993168587  
0.3085336978  
0.451790159  
-0.1958703515  
0.179568907  
0.1118751608  
0.01928232953  
0.4746499342  
-0.06064865766  
1.368431491  
1.079152861  
0.7183331776  
-2.008856111  
0.03008579226  
-0.2524853163  
-0.2606979616  
-0.8472561404  
-0.3080320077  
0.3337007846  
-0.3676400506  
-0.425503619  
-1.454000367  
-0.2306709355  
-0.4328968313  
-0.6619861027  
-0.2740895705  
1.249397208  
-0.06688844467  
0.4281456746  
0.01665490714  
0.3046906811  
0.2032934763  
0.1455134455  
1.321528024  
0.1649858925  
0.2745292138  
-0.6586673099  
0.2563357915  
-0.5793384375  
-3.15852289  
0.4017650504  
-0.4156611031  
0.3626924288  
-0.02850676294  
0.5757061385  
0.342043074  
1.633006391  
-0.2402043745  
0.5760513814  
1.546098458  
-0.06648477895  
-0.1612681069  
-0.02681081807  
-1.029187355  
1.245448051  
-0.3398779167  
1.377103485  
0.3771877431  
0.2892293735  
-1.146046787  
0.471958346  
-1.150231944  
-2.14990422  
0.2816425775  
1.487198326  
0.06129478637  
1.045812138  
0.2761665458  
1.13211348  
0.4561013214  
0.3496770552  
0.009509211302  
-0.234381165  
0.5464275621  
1.946881136  
0.3470279579  
0.05611978179  
-0.3631640701  
0.3489756801  
-0.3928430596  
-1.160064286  
-0.04443674779  
-0.9223781294  
-0.7515792341  
-1.05988867  
