-0.8985897977  
0.02860426641  
-0.5760681314  
-0.1945485341  
-1.607438547  
-0.357834993  
0.7268234216  
-0.2738837288  
-0.01344522622  
-0.3683252232  
-0.5531912648  
-1.945735268  
0.3686646841  
0.6708443459  
2.844354195  
-0.2607344774  
2.071321883  
0.7902682684  
-0.02550082709  
1.481339473  
0.3854282659  
-0.3098472563  
0.5991644133  
1.549124588  
-1.265635222  
-0.1970844072  
1.287237725  
0.2084951097  
-0.941699573  
-0.0187812412  
-0.5421971766  
-0.4591168057  
-0.4255278559  
-0.5839306092  
-0.1654061148  
-0.1228097984  
0.6230282596  
-0.7373342741  
0.2521941373  
-1.370907089  
2.036869471  
-0.8753535856  
0.5009868362  
-0.3191303685  
-0.7778946247  
0.9502468557  
-1.798444968  
0.202292135  
-0.1085826861  
-0.4696546346  
1.677619775  
-0.4702877843  
0.01283507026  
-1.038017526  
0.2969122449  
1.570856444  
1.526783967  
0.8650528089  
-1.216059144  
-1.356300905  
1.321218562  
0.6950210698  
0.4939255712  
1.074066479  
0.5500504561  
0.947369347  
-1.507688327  
1.985078964  
-0.5133598776  
1.878145028  
0.1114465737  
1.559543286  
1.674765565  
-0.8395489058  
-1.054508282  
-0.943901142  
2.675525406  
0.5438560562  
-0.7383570973  
1.068234291  
-2.176032819  
-0.06349122019  
-0.9825728583  
-0.6544251829  
-0.4835258409  
-0.3709533611  
0.829446296  
-0.02807621812  
-2.286715576  
-0.1578816432  
0.2624751947  
0.8742284845  
-1.233770058  
1.22768542  
0.03760418634  
-0.426433633  
0.2624622244  
0.0364956765  
-1.463366078  
0.3806034742  
-0.7684393756  
1.842124212  
-0.7142379957  
0.0755538779  
1.400214497  
-0.09289332813  
0.3677790456  
-0.8504512285  
0.2536089765  
-0.3201882721  
-0.4496648294  
-0.0514316627  
-0.8262476665  
-0.1730026053  
0.3590885554  
-0.2414436918  
2.080763918  
-1.054034553  
-0.5473559352  
-0.8117410288  
-1.182775646  
0.6899734349  
-0.5061147291  
0.8385512787  
-1.775773779  
-0.7964803757  
1.038821208  
-0.9034448312  
-0.510101114  
-0.07875164668  
-0.885259334  
1.25383437  
-0.3400455651  
2.357480361  
0.6696933516  
1.697470672  
-0.8145327559  
-0.5910309362  
0.673625422  
-1.188772416  
0.623178243  
-1.283776604  
0.2758118767  
0.5484548453  
-1.145730113  
-1.339710949  
-1.143917515  
0.6695576972  
-0.013503622  
-0.2093265968  
1.206315891  
0.3415449123  
1.346483467  
-0.127499153  
-0.3522797914  
0.5518727192  
-0.452219994  
-0.2196066078  
-0.8299884566  
-0.8000356163  
-0.1677301535  
0.2736875945  
0.464203157  
-1.054809541  
0.2979198642  
-1.068462187  
-0.5804179927  
0.6022512771  
-0.4082389073  
-0.009597301969  
-0.5104337081  
-0.8055220731  
1.954688972  
-0.3775578247  
-0.8440436693  
-0.3743967925  
0.02201453808  
-0.5759956978  
-1.498879479  
-0.1552259421  
-0.4911237941  
1.138932479  
-0.3152583388  
-1.314157103  
2.064044715  
0.2125797339  
-0.36712804  
5.599921328  
1.579580011  
0.08337522048  
1.269855745  
0.2262731603  
-0.5911464146  
0.6461665557  
0.2523463219  
-0.2674025922  
-0.1386573344  
0.02471144275  
0.3057579055  
1.344558114  
1.459157086  
0.05321562584  
-0.05443501358  
0.4076808659  
-0.8546693141  
0.06984192011  
-0.2124753328  
0.2839370576  
0.8564495897  
-1.041918638  
-0.6218976335  
3.063109616  
0.5307704621  
-1.555951407  
-0.370696499  
-0.5995967505  
-1.470254039  
-0.3216162276  
-2.171905473  
-0.1429320955  
-0.5290640271  
-0.1918021043  
0.08731948187  
0.0403091372  
-0.4263086442  
0.5529649625  
-0.9837918954  
-0.7550329505  
0.1686854056  
-0.8433866836  
0.4179218978  
-0.4584394585  
-0.2957875912  
-0.8232452554  
0.6031851785  
-1.354281863  
-0.2319826973  
-0.3506412722  
-0.05953756533  
0.1825559429  
-0.2497911562  
-0.3563225346  
-0.5131189319  
-0.1918938408  
0.1533961062  
-0.8710665366  
-0.2045633862  
-1.077499722  
-1.149355427  
-0.4183467291  
0.2747112281  
-0.05465277665  
-0.9493647062  
1.75417633  
1.068919347  
-0.8351326103  
0.4957526045  
-0.8017611614  
1.222554346  
-0.1172436301  
0.07219496382  
0.4324707393  
0.08084682362  
0.8626914548  
-1.193439202  
0.01596428972  
1.222156945  
0.5640988403  
0.891251731  
-0.5688679564  
-0.2667204587  
-0.1992467781  
1.223130965  
0.5473082298  
0.3381928225  
1.429694468  
0.27432608  
1.827080377  
0.6196781344  
-0.8743825482  
-0.8429396774  
-0.3061450321  
-0.5937242579  
-0.6309221335  
-0.4184875713  
-0.7871003432  
-0.7448435886  
-0.1848132299  
-0.4920029999  
-0.4454844127  
-1.538965834  
-1.131255654  
-0.707890636  
-0.8061449313  
-0.5149873328  
-0.3734112975  
-1.108369454  
2.363045301  
-0.07222690641  
0.02413612331  
-0.399186128  
-0.8134414332  
2.047283497  
-0.3975332823  
0.4361918163  
-0.5490884327  
-0.06565367452  
6.109548322  
2.909920044  
1.142111109  
0.5670904633  
-0.9567748656  
-0.2268264489  
0.2592275106  
-0.5793703316  
-0.6346082214  
0.6635520222  
1.314959697  
-1.10459186  
0.1251167369  
-0.3232287389  
-0.9257340004  
0.4462863634  
-0.6348321721  
0.7978767316  
-0.6069230425  
-0.3243811184  
-2.178415005  
-1.070981239  
-0.6049336532  
-0.5586265343  
-0.463919364  
0.0786241713  
-0.9856868712  
0.2225266234  
-0.3757237567  
1.887048117  
-0.05901366515  
-0.2228970766  
0.6645303723  
-1.085571913  
0.5190665294  
1.427777969  
1.558709271  
0.9483088938  
-0.741564453  
-0.04689512654  
-0.6180783609  
0.5402773806  
-0.0348393423  
-0.3745432586  
-0.439944029  
0.2191081229  
-1.282431596  
-0.6057074874  
0.0763904345  
0.7912245565  
0.01338850266  
0.6062733201  
-0.5350334404  
-1.130287508  
-1.129124194  
0.08298445155  
2.270212925  
-1.299940712  
0.7489676117  
-0.1145397573  
0.4704626161  
-0.4725204762  
-0.8608052352  
-0.0375304175  
-0.604583353  
-1.320702513  
1.575185582  
-0.2900765034  
0.2230566543  
1.647515421  
-0.488529168  
0.05016699738  
-0.6287642178  
0.5036149116  
0.4125363505  
-0.6053916132  
0.4552505558  
-0.2264602108  
-0.8643041778  
1.948199154  
-1.012693512  
0.5995951741  
1.104998613  
-0.7349450875  
-0.5522701545  
0.9421058049  
0.2722137465  
-0.503623775  
-0.8854166528  
0.06731204466  
-0.07855849792  
0.8301623312  
-1.138997548  
-0.9926605989  
-0.1555002636  
-0.3059367733  
-0.8653445508  
-0.6385209843  
0.5607303425  
1.982155865  
-0.2380391827  
-0.7178509737  
-0.4913187741  
0.2201734087  
0.1930277293  
0.1079781553  
-0.3378027428  
0.2440672815  
-0.01001200856  
0.790828872  
