-1.492681484  
-1.115998401  
-0.6590388307  
-0.001344477246  
2.006393057  
-0.6825425652  
0.03173656195  
0.1314954033  
-0.1687595137  
2.238632306  
-0.7030696377  
0.8071641293  
-0.4274503075  
-0.4744000174  
0.6169787932  
0.7236642003  
-0.04963290556  
1.553199412  
0.0006757937617  
1.123949914  
-1.226528151  
0.5828025083  
-0.7475350859  
-1.526464254  
-0.1190242704  
-0.8801458379  
2.021695828  
-0.9353318247  
0.4443069618  
-0.9253865358  
-0.8171846897  
-1.348293952  
-1.348911936  
1.604954208  
-1.083703061  
2.056514524  
-0.615323896  
-1.035118121  
0.921942553  
-0.167422208  
0.2673491859  
-0.1034298551  
-1.100644767  
0.8698012284  
0.4789109627  
1.207817309  
-0.316366001  
1.289577467  
-1.202590725  
-1.472710827  
2.558464711  
0.5846543393  
1.95298169  
-0.3724460248  
-0.3873378019  
1.313626674  
-0.7808482168  
1.913646746  
-0.5489397155  
0.06770650906  
0.6323451189  
-0.650858365  
0.3481473783  
-0.3257035621  
-0.2024686889  
2.106914106  
-0.3084524418  
-0.522486685  
-0.5549053553  
-3.072848047  
0.03155023367  
2.195337584  
-1.274201314  
-1.196192129  
1.400596266  
-0.8300457844  
0.484656678  
1.313118962  
0.07078916119  
0.647045078  
-1.650015372  
-1.039816601  
-0.401172671  
-1.093973589  
-1.065370592  
-0.8041217706  
-0.2503996497  
-0.5624337522  
0.3177035119  
-1.282748264  
-1.727368825  
3.792706889  
-0.426412898  
0.5624396682  
0.07349100276  
-1.146358973  
-0.1386045168  
-0.9892097572  
2.049610397  
2.551594573  
-1.225812102  
2.684101481  
0.07811385776  
1.172560888  
-0.7285600347  
-0.003317077097  
2.302464699  
-0.08467847373  
0.4777736512  
-1.526159009  
-1.51385389  
-0.8036543743  
-1.876026089  
-0.2289044807  
-0.8813175349  
-1.406079303  
-0.3126599773  
-0.8910899855  
0.097833258  
0.5277520088  
-0.4930356254  
-1.315221734  
0.1257417337  
-1.109147718  
0.9216671248  
0.722243255  
-1.811731755  
-0.01169545917  
0.866955285  
0.3458939488  
0.6511068997  
1.894900937  
-0.1195327246  
0.5807611133  
0.4893895069  
-1.335750555  
-0.1317391074  
-1.256094092  
2.353481296  
0.1385765515  
-0.7551157323  
-0.2115444583  
-1.002168243  
0.7917764161  
-0.110685554  
1.215707727  
0.05551257466  
-1.678200681  
0.2861585244  
-0.06226228149  
-0.5065252375  
-1.080180747  
0.5306846696  
0.7419000094  
-0.3077559121  
0.7788570391  
0.4831496414  
0.9869483269  
0.5927076489  
0.06726453438  
-0.01688268332  
0.1787354334  
-0.7696562427  
-0.2273467032  
-0.5578657725  
-0.7072364152  
-0.796814102  
-0.05054405844  
-0.5144343562  
0.2542968096  
-0.5246215213  
-0.5509004122  
-1.051063838  
-0.4384732037  
0.5136096226  
-0.6231880446  
-0.8843798363  
-0.7552798124  
-0.4361956797  
0.1205625392  
-0.2437527903  
-2.016460219  
-0.2535023777  
-0.7805527426  
0.572720384  
-0.09581644427  
-1.210847638  
6.552253849  
1.896031017  
0.7121730424  
0.7044429392  
-0.07046431811  
1.790201195  
0.2662176855  
0.2835868216  
1.53298876  
1.086763058  
1.169416776  
1.138657495  
0.5360962011  
1.133801505  
0.3487694583  
-0.620114166  
0.3072408092  
-1.719455421  
0.1221308724  
-0.2983171978  
-0.5044055683  
1.408184355  
-0.4873658325  
-0.7431895161  
-1.383728614  
-2.215718748  
-0.1326546974  
-1.442225246  
0.02104563894  
0.08183707322  
-0.1754373623  
0.3645415675  
-0.3699575811  
0.3993434123  
0.1347601785  
0.01280072833  
0.3870387602  
0.2151683627  
-1.316992571  
-0.2199438493  
0.8636215248  
-0.9589669331  
-0.1290345526  
0.1616522216  
-0.6215673385  
-0.1577445397  
0.6508111992  
-0.1439114098  
0.6854726162  
-0.4232887458  
0.5724382282  
0.3942573256  
0.473833114  
0.1830807039  
0.475854229  
0.5886107011  
-0.7877967795  
0.5812225298  
0.306326958  
0.1584094433  
0.1733488943  
0.09191771226  
0.7019321027  
-0.380799632  
-0.2447771156  
-0.3657990365  
-0.3768713154  
0.8535866316  
-0.03482864703  
0.3509579276  
-1.043449565  
0.4797434953  
-0.6105775873  
-0.6412482753  
0.154762888  
-0.3443153649  
0.5185698452  
-0.3014041382  
-0.241084285  
1.001007713  
-0.6465642104  
-0.1880341974  
-1.179283936  
-0.4259004344  
-0.5740808033  
-0.5610034266  
-0.9129023153  
-1.613366154  
-1.440220585  
-1.061415891  
-2.039105267  
1.036359387  
0.7895064905  
1.106157051  
0.3964489093  
1.369284167  
0.5118978725  
0.3127668728  
0.292241236  
0.7752888648  
-1.236963251  
0.7257815481  
0.5247180872  
0.05749066183  
-0.06704210096  
0.360066666  
0.615700049  
-0.05688833875  
0.4103633969  
0.25304503  
-1.397682351  
0.484468305  
-0.892701104  
0.3172737513  
-0.3999152269  
-0.5541364789  
-0.3255989461  
-0.508534913  
-0.1333689126  
-0.4363606185  
0.8806763508  
1.631852162  
1.156430323  
2.618213843  
-0.0544510076  
-0.3624415672  
-1.021985116  
-1.032043703  
1.484665872  
-0.153767891  
-1.235508371  
-0.05164189872  
-2.017341319  
0.04544784678  
-0.3198029335  
-0.2855964625  
-0.2512601996  
-0.5841732627  
0.6492457529  
0.1214965371  
0.2184736491  
-0.8341009431  
-0.09999719188  
-0.6420411341  
0.06058151139  
0.9565339642  
0.05005588621  
0.01505517935  
-0.4109352256  
-0.7317229326  
-0.302658088  
-0.0338987212  
-1.100234188  
0.3274547843  
0.4619028537  
1.724110418  
-1.186160787  
1.67364337  
1.07410355  
0.9319854567  
0.6582364031  
-0.5663902666  
-0.3509989712  
-0.4308677246  
0.2226330682  
-0.08558835203  
0.6564551484  
-0.06937846978  
0.1523757465  
-0.258850669  
-0.2468513211  
0.1621311004  
0.7353013945  
0.5286804573  
0.6432444315  
0.1439724618  
-0.4430168337  
-0.305170376  
-1.725596906  
0.1912576831  
-0.6467466824  
0.3161784155  
0.09144683086  
-0.06641675378  
0.3793186051  
0.5606769303  
-1.643377675  
-0.4190549187  
0.5864923821  
-0.7759270616  
0.2166852475  
-2.259550428  
0.6718983709  
0.3067836982  
-0.5543670849  
0.3866594031  
0.7310736017  
0.5845495076  
-0.1916641858  
-1.878883192  
0.05270596211  
0.8249027086  
1.899354854  
-0.4484246108  
0.8748906851  
1.176831493  
0.1116405686  
0.3639660378  
0.7471866142  
-0.9193596303  
0.2504756688  
0.4771296142  
1.297630108  
1.257918811  
1.234224064  
0.8132189723  
0.7553698347  
0.4994857046  
0.2428812108  
-2.957156306  
0.4973210685  
0.4709252508  
0.08969976708  
0.04435119761  
0.1101130103  
-0.7956096628  
-0.5557932087  
-0.9876508197  
-1.408968401  
-0.5155510836  
