0.2638044313  
-1.196825444  
0.5024554191  
1.200947458  
-1.81471522  
-0.4235947518  
-0.7631248494  
0.5247422214  
0.498327229  
0.8508671215  
0.3586619453  
-0.7697851621  
0.01030631726  
0.308579207  
0.16168852  
-0.4031941425  
-0.08273410483  
0.4881601875  
0.4643176452  
1.168987108  
-1.043012786  
-1.839473236  
0.1058039382  
3.426600785  
-1.261198173  
0.01173415336  
-0.3254768287  
0.5240726802  
-0.1144331371  
0.1374869617  
-1.622160522  
0.7011555102  
0.423827382  
-0.9318600061  
0.5358485171  
0.6261605828  
-0.5868382193  
-0.2762095426  
-0.8442390643  
-0.1085953372  
-0.008009203948  
-1.051730049  
2.45358026  
-0.06989934475  
1.054282595  
-0.134578234  
1.845238548  
0.4329398378  
-1.594192766  
-0.9963085997  
2.025804096  
-0.1595189393  
-1.388302632  
1.014045  
0.03021691024  
-1.277173444  
1.166992275  
-0.2476529808  
-0.176758646  
-0.2186514185  
-1.424992419  
0.2530263586  
0.1893279321  
-0.0395408402  
-0.66487192  
-0.5954841733  
-0.7789167285  
1.774643851  
-0.08446642819  
1.347572797  
0.337480746  
0.4028032487  
2.356908735  
-1.295905163  
-0.6732722187  
0.4496005306  
1.751563891  
0.4158922316  
-0.7132956474  
0.9361540835  
1.004365494  
0.8728057991  
0.252221923  
0.2751526387  
-1.386496006  
-0.9979370537  
-1.606573247  
-0.8156440874  
-0.9016639641  
0.3853407539  
2.178175702  
0.1703403351  
-1.013114195  
2.184064359  
0.638324395  
0.7638055438  
-0.3388445454  
-0.3359773136  
-0.9322609522  
0.2808503489  
-1.109830508  
-0.7853614296  
0.5752489589  
0.8714129785  
-0.3675228134  
-0.6799064435  
0.2868246024  
0.3325177815  
0.4256150614  
-0.05368926836  
-0.6264317057  
-1.82092107  
-0.09461316242  
0.09584642624  
-1.216704559  
-0.7504990066  
1.356509598  
0.2664268163  
0.846557788  
0.6924464707  
-0.5628960635  
1.131180773  
-0.06661903995  
0.5889780256  
-0.0177596495  
-0.672139206  
0.911396893  
0.1477545629  
-1.268451896  
-0.2035786939  
0.5804194112  
0.2850694861  
1.092151158  
0.5896024626  
0.09106700033  
0.09717543479  
0.2368105933  
-1.030931864  
0.9410144306  
-1.040745927  
0.5508923908  
-0.4940596967  
0.807223912  
-0.6751835252  
-0.571235001  
-0.5959446126  
-0.675601681  
1.198934206  
-0.3201734282  
-0.1174077031  
0.258257766  
-0.7844519186  
-1.465641312  
0.7203234456  
-0.06856870058  
-0.3684252545  
-0.8274792472  
-2.527594686  
0.04276778031  
-0.4341643618  
-2.084157481  
-1.150033085  
0.6841400111  
-0.3134081654  
-0.007989834061  
-1.069757249  
0.7377056363  
0.9677460845  
-0.01722928052  
1.411440711  
-0.5563105135  
0.1847895015  
2.538746031  
-0.2645790353  
-0.9625769455  
0.9939404457  
-0.3208863711  
-0.2556757223  
0.1263057082  
0.4081346318  
-1.093304302  
1.077209201  
-0.5549513991  
-0.5592361241  
3.760442754  
0.6467523731  
0.7039196986  
1.921260087  
0.5935929334  
1.210204813  
-0.6806272309  
0.378108692  
1.367206454  
-0.1994979077  
-1.574235926  
-0.5433088295  
-0.7687842121  
0.7586659703  
-0.5195728256  
-1.28623143  
1.458580439  
-0.07677385699  
0.9154913485  
-0.09715527707  
0.3513478599  
-0.9402433322  
-0.2467170001  
1.27424374  
0.9580962428  
0.524035415  
1.45044246  
1.274360993  
0.9108065064  
-2.113031474  
-0.3301056262  
-1.63496356  
-1.295757806  
-0.5192464876  
-2.145184606  
-1.702856327  
-0.5546000575  
-0.1504308616  
-1.345960716  
-0.7753642068  
-0.5397822098  
0.1774820128  
-0.7551629882  
-1.43228353  
-0.1766583963  
-0.1590853726  
-0.04631844797  
0.3094962926  
-0.09095271409  
-1.181803246  
-0.3671425959  
0.7815751938  
0.1049715214  
0.08038848901  
0.2049625894  
-0.8616905567  
-0.8684709811  
0.8723318037  
1.076335929  
1.237706734  
0.3363036852  
0.1293480981  
0.3059588711  
-0.8371431352  
-1.600761981  
-1.473075887  
-0.3299757  
0.1008389524  
0.5003746582  
2.899471207  
-0.334396377  
-0.436433672  
-0.8697677434  
1.220965212  
0.8185712148  
-0.02988100785  
0.198076542  
-0.3429219106  
0.2011240468  
-0.3173649066  
-0.5276343353  
-1.13908315  
0.5546634252  
0.5590262478  
1.693864792  
1.618368462  
-0.04294350794  
-0.723630248  
0.9125548537  
-0.3492204704  
0.1329191802  
2.642604019  
0.2820150975  
1.564103527  
-0.06244946995  
0.6616181086  
0.5348184923  
-1.545429653  
0.3016068809  
0.3307771986  
-0.2072225138  
-1.747086832  
-0.9412682119  
0.3221329534  
-0.6809995857  
-0.06675060865  
-3.541640204  
-0.9639094674  
-0.9049908889  
-0.4785383307  
-2.444646866  
0.6789983847  
-0.481562769  
1.71864095  
-0.4092193783  
0.5217409848  
-0.03009752024  
0.3148053013  
1.384404503  
-0.005362232783  
0.1533211847  
-1.076419457  
0.3857081221  
2.890993167  
1.041476399  
0.3181163426  
-0.0986157577  
0.5592180449  
-1.611734799  
1.726272995  
-1.447961908  
1.042138685  
1.317375943  
0.5593841015  
-1.54586665  
1.037048727  
0.2892409655  
0.5919498609  
1.441907482  
-1.057445788  
2.084142373  
-0.7998927242  
-0.7358177427  
-1.886860027  
-1.963777363  
1.594999407  
-0.7313969742  
-0.09053556343  
-1.802099221  
-0.7930736256  
0.2882651486  
-0.9128122422  
0.3833050595  
0.176370295  
-0.6590555101  
1.584086986  
-1.292995623  
-1.858371929  
0.9936795715  
1.188443692  
-0.6604797016  
0.7071170581  
-1.276666825  
0.8463127945  
1.546032888  
1.048947715  
-0.4587328794  
-0.4811345082  
0.3598951694  
-0.8473235062  
-0.3657309423  
-0.5486240563  
-0.04948011255  
0.7560556636  
0.06326877046  
0.1777964181  
0.8634405221  
-0.3210076719  
-0.1863182406  
1.798663433  
0.1296489429  
2.33988835  
0.1545832936  
0.4131715972  
-0.4047151727  
-0.3084882636  
0.8464457122  
-1.46648469  
0.3353561169  
-1.914037754  
-0.601858282  
-0.865273617  
0.5145051045  
-0.3367493157  
0.3670808204  
-0.8086320976  
0.3572273666  
-0.7309075138  
0.1491941902  
-0.09794404243  
-1.227040327  
-0.2681002568  
1.292053062  
-0.9909068084  
0.1193687148  
0.6481935513  
0.6488067612  
0.1783592362  
0.6886213873  
0.3902358657  
-1.738910633  
-0.7497179009  
0.7499404738  
-0.5503667308  
-0.2512311695  
-0.7799376573  
-0.03384484779  
-0.9557981084  
-0.5985305765  
-0.3785108768  
-0.09992914605  
-0.2221114402  
2.416304536  
0.888400136  
0.2557742257  
-0.5213749637  
-0.04994363398  
-0.8375467169  
-0.3342543063  
-0.3839130023  
0.1021601093  
0.7860840506  
0.728308492  
