-1.096178117  
0.8319249413  
-1.032169912  
-0.3726218994  
-0.2421988378  
0.4531643212  
0.5537447764  
0.7139852494  
-0.8502769652  
-0.7237854482  
-1.534199614  
0.6745617849  
0.4752944558  
1.118469574  
0.9196771923  
0.8701036874  
0.3755509053  
0.9228525313  
0.8825890597  
-1.804193766  
0.55741298  
1.132475428  
0.3341634433  
0.9079790829  
0.6834261905  
-1.200878973  
-0.8429245627  
-0.4022676208  
-1.269495954  
-1.707072344  
-0.4191189717  
-1.096642941  
-1.656029158  
-0.7413507201  
-0.1186886239  
1.075108164  
0.5780576983  
1.996226028  
0.4532125955  
0.7652397826  
-0.5614892001  
-0.3410593363  
-1.356493924  
-0.843850162  
-0.26558496  
-0.6765927933  
-0.3306435732  
-1.388950651  
0.7109675235  
0.8359749324  
1.353908377  
0.2841432431  
0.5216608832  
0.3438888674  
1.187987039  
0.5632788832  
-0.2384607822  
0.5990255511  
-0.7432563712  
-1.184128917  
-0.778153475  
-0.5443541029  
-0.3534719512  
-1.368398582  
0.6350452459  
0.1591123279  
-1.586712217  
-0.6850375724  
-0.4882324124  
-0.3532389996  
-0.2693556766  
-0.7846370911  
-0.7498293222  
-1.026889741  
-0.4626910625  
-0.1917253694  
0.05878940559  
0.6799918092  
-0.06035215399  
0.3124808199  
0.03972130987  
-0.2025716404  
-1.05738758  
-0.07671681112  
-1.075087854  
0.00782100601  
-0.9997119663  
-0.429777741  
1.518805819  
0.4935151119  
1.226679941  
0.9484750818  
-0.3459467494  
0.6916764343  
0.04038200657  
0.9497628036  
-0.5796028006  
-0.2933497823  
0.4227495308  
0.2251283402  
1.101468652  
-0.143564689  
-0.7063592558  
-0.2557231208  
-0.1023480967  
-0.258085965  
-0.4319919262  
-0.6140113657  
-0.009357453616  
-0.7714874908  
-0.34622269  
-0.252594381  
-0.0348872783  
1.632757271  
-0.7577741586  
-0.449392876  
0.1244428343  
-0.1799097081  
-0.3436261976  
-0.9910700216  
-0.7938027187  
0.1872088181  
-0.07214742123  
-0.07902484854  
-0.08482211637  
0.297136677  
-2.449022354  
-0.3047424541  
0.1052398621  
0.2395708616  
0.4301946036  
1.240416357  
0.5366704932  
1.067370363  
1.622834954  
0.5831799628  
0.6828041383  
1.197016061  
1.081916871  
0.7123604349  
1.497850299  
1.521891419  
1.204865848  
1.266286193  
1.091249432  
0.8795534381  
0.960700565  
2.052093667  
1.220947076  
1.346250457  
1.645993196  
1.502588327  
0.5674019293  
0.5029535785  
-0.5071207263  
-0.545029719  
0.4824439866  
-1.508113889  
-3.916755041  
0.7185315285  
0.476392714  
-1.488483675  
-3.182930905  
-1.899804579  
-1.071775669  
-1.936433202  
-0.1585649846  
-0.3171096183  
-1.998310594  
-0.9282923572  
-2.386957413  
-1.493396072  
-2.165360631  
-0.178222072  
-0.06207976718  
0.9258479666  
-1.568004116  
0.9303415232  
1.234371554  
0.7128239212  
1.60991735  
-0.2700304743  
2.196321373  
1.452358125  
0.6825671825  
1.582657298  
-1.975636291  
-0.4631707936  
0.6822994897  
-1.415301171  
-0.1492155754  
0.5275328604  
0.4958929779  
0.5921357147  
0.7484014526  
0.4420305833  
0.7640903893  
0.5696251579  
1.299561224  
-0.7426769148  
0.5693817017  
1.173301814  
0.4998185366  
1.749007572  
2.363083439  
2.159684182  
1.105858125  
1.7214688  
1.529189493  
-0.8200752723  
-0.8830170547  
-1.165579469  
-0.3739930101  
-0.34314367  
0.8123220603  
-1.727451676  
-0.7826632698  
0.5239627386  
-0.5592794515  
0.2191889727  
-2.592960501  
-0.6135519069  
-0.9407103886  
-0.4040708497  
0.5095703757  
0.3445139835  
0.6105879892  
0.315438829  
-1.253193613  
-0.5615081603  
-1.146805317  
-0.1859712172  
0.4218687643  
-1.374240094  
0.2134723104  
-0.7479717816  
0.0004665409903  
-0.8968284897  
-0.4227652394  
0.01643119172  
-0.3284463135  
0.2338588253  
-1.34924254  
-1.260088122  
-1.279860201  
-0.8663196779  
-1.276865458  
0.1208986312  
-0.1332884972  
0.7142019545  
1.222611461  
0.8903206533  
-0.3521885832  
-2.691601179  
0.4243128992  
0.153848205  
0.3768267988  
0.5310704911  
1.673049399  
0.2952540942  
-1.584989743  
2.107874323  
0.5603669678  
-2.601850983  
1.561043508  
1.703509723  
0.9865196332  
1.523148864  
1.590348636  
-0.9780378008  
-2.118041307  
-0.5793591895  
1.280893515  
0.9741971828  
1.371587335  
0.6634896687  
1.933420729  
0.04396050274  
1.611871843  
1.579968146  
-1.641361314  
0.5320471828  
0.6832916415  
-0.7254007767  
-0.60796789  
-1.996091056  
-0.6196658968  
0.3696604813  
-0.8292043051  
-0.2922414886  
-0.8849676596  
-0.4529572791  
-0.6049075182  
-1.089637044  
0.2627077495  
-0.9930395018  
0.3155141245  
-0.8350728351  
-0.5525368212  
0.0007318708095  
-0.4909261799  
-0.1132565532  
0.452005913  
1.211209339  
0.4885964865  
-0.2931980728  
-0.5073164873  
-0.2671569238  
-0.4115884164  
-2.268436246  
-0.4944023685  
0.5508449716  
1.049246556  
0.5940965221  
-1.310105528  
0.5431896046  
1.022383571  
0.9898201028  
0.5000638601  
1.783967655  
0.733480273  
-0.2124467407  
-0.3560281737  
0.1956199198  
1.057416183  
0.08492459983  
1.417271765  
1.554138754  
2.35037793  
0.5916285437  
-0.5074697797  
0.3720635467  
-1.017433508  
-0.8206305786  
-0.8088720088  
0.584996653  
-0.2206854729  
-0.4528637352  
-0.4228035252  
1.839802865  
0.05760280867  
-0.1978252884  
0.03673003132  
-1.160760918  
-1.027827285  
0.01981021023  
0.3950843576  
0.3484087717  
-1.317644933  
-0.05013807891  
0.4730990926  
-3.362545275  
-0.8858468978  
-0.9770312749  
-0.4521544197  
0.2557743665  
-0.9164823817  
-0.652996482  
-0.651337678  
0.3801752506  
0.3556742965  
-1.087814139  
0.489846674  
0.1025929324  
-0.08766265201  
-0.6672752968  
-0.9062036069  
-0.2191122409  
-0.5599094175  
-1.300191049  
-0.3493364676  
0.7752941638  
0.5768095136  
-0.9067481947  
-0.809283274  
0.2601072926  
-2.987932106  
1.646558811  
2.291695766  
0.763569076  
0.4372338071  
0.5915905695  
-0.3142182052  
-0.5838102056  
-0.5463814483  
-0.01595904183  
-0.762235234  
0.09755980055  
0.6209165342  
0.2332076673  
1.061027873  
-0.370727477  
-0.3452992989  
-1.888217215  
0.2476820101  
0.1196694981  
-1.541442679  
0.4163894123  
1.001759404  
1.223110332  
-0.1691433474  
-0.8451802663  
-1.222928329  
-1.129005305  
0.01359889704  
0.2737162067  
-0.6251325651  
0.1390911258  
-0.270170396  
-0.2415195052  
0.05230094566  
-0.2058891866  
1.115779823  
-0.03756776067  
-0.521984023  
0.6485727943  
1.01466828  
0.4165554276  
-0.1833605696  
1.498710959  
0.1119595522  
0.2805819448  
0.7048604688  
0.7888769265  
0.2537293872  
0.4114082437  
0.1458498679  
-0.1887564935  
1.034474879  
-0.1184975853  
0.6471498533  
-0.4950576815  
-0.03965594738  
1.100241998  
-0.1975233009  
-0.7359862882  
0.7340694078  
-1.338769161  
-0.8812807269  
-0.7439833604  
-1.666012788  
-0.7236518803  
2.253153273  
0.753236787  
-1.141774815  
1.547583531  
1.343857599  
0.4174339851  
0.92116224  
-0.2202495463  
-0.1486353481  
0.4648384698  
0.7664865901  
0.4083174917  
-0.1638227995  
0.5912584713  
-1.644839192  
-0.9559277439  
1.04744495  
0.4907280622  
0.7655319199  
-1.710784631  
-0.9798846957  
-1.41446505  
-0.375743182  
-0.8024417383  
0.820180441  
-0.6745196183  
-0.302948843  
-0.3146323765  
0.2691090129  
-1.257881404  
1.359414892  
1.767808012  
1.986746928  
2.681390507  
0.7530862864  
0.9404222088  
1.736430263  
0.1222164766  
0.2980294187  
-0.9870028689  
0.0131925036  
-1.951007911  
0.5691618245  
-0.2927615331  
0.6695087199  
-0.4187515883  
-1.206604703  
0.5233663505  
0.1721502917  
-0.495684009  
0.3274338503  
-0.5760751209  
0.4205583488  
-0.5182619491  
0.6438975947  
-0.8751145965  
0.8891512804  
-1.100450806  
-0.7143748804  
-0.1012320004  
-0.3156195317  
0.6955623403  
0.4907221633  
0.3616891896  
-1.281268204  
0.3014294124  
0.2011680224  
-2.106198263  
0.1673401963  
0.8501611506  
1.055187781  
0.4673440438  
-0.2509395413  
0.1319219719  
0.6591597284  
-0.03349954349  
-0.453582686  
-0.892258866  
0.8089873706  
