-1.256601135  
-0.6154321184  
-0.7970066563  
0.1937734563  
-2.740346259  
-0.10614107  
0.9068625345  
0.9147377063  
1.188113577  
0.8358311373  
0.4120005391  
-0.227565537  
-0.1675976573  
0.4400430486  
0.6208346861  
-0.4667273833  
0.2251692022  
1.54987775  
0.7593178199  
1.792657528  
0.8738003231  
-0.3015687517  
-0.7369755204  
1.010163476  
-0.1829848577  
0.9501952721  
-0.1904715109  
0.7113788825  
-0.8797660749  
-1.078454083  
-0.9675326539  
-1.025128039  
-1.052293759  
-1.500490412  
0.08548436799  
-1.200745992  
0.2096179233  
-1.812502728  
0.465611603  
0.5857294774  
2.104123842  
1.300460319  
1.018648037  
0.585257781  
0.8870072096  
-0.01143756714  
0.3518967301  
-0.1866994786  
-1.694594923  
-0.8342223514  
-2.46754731  
-0.4021973861  
-0.1928506024  
-1.552405437  
-1.223316369  
-0.3790337179  
-0.631519394  
0.4473204902  
1.633001448  
0.6657918181  
1.405942714  
0.2343096463  
0.2588839419  
1.984401738  
-0.1635655775  
-0.3895622585  
0.228527945  
1.294116986  
2.237268658  
1.265541871  
0.8602646709  
-0.3388680362  
-0.8811970571  
-0.1017076143  
0.6527292655  
0.5561903926  
0.5035435815  
-0.5843115953  
-0.1404783215  
-0.5684948116  
-1.430008954  
-1.159671222  
-0.4025598947  
-0.3520200238  
0.8637414634  
-0.09801217478  
0.09109624089  
0.01011841366  
0.1369691769  
-0.4879242789  
-0.001200368573  
-0.09658815086  
0.355048705  
-0.05642074355  
-0.1394982268  
0.4598453533  
-0.3596730692  
-0.4235182363  
1.390457497  
-0.6306003386  
-0.5639643696  
0.1327796131  
1.078922672  
-0.5951369847  
-0.2050197702  
-0.6116769509  
0.175618265  
0.5671200246  
-0.2821433243  
0.1433849816  
0.0365805453  
0.1988817873  
0.04521319214  
-1.125707605  
1.324593141  
0.2074675589  
-0.4829839379  
0.06570427533  
-0.9907512579  
-0.05567181409  
0.04596095338  
-0.003798913525  
-0.65803203  
-0.406717348  
0.1345346625  
-0.07166083195  
0.5679253021  
-0.9010902322  
0.3510658174  
0.1177354034  
0.5187445794  
0.09233692471  
-0.2081679663  
-0.9641911777  
-0.2489866154  
-0.6833945417  
-0.1760960088  
0.2168031312  
-1.048439135  
-0.8072224493  
-1.45893063  
0.09735331806  
-1.571261349  
-2.065601941  
-0.837470448  
-0.8014871591  
-1.281640291  
-1.295169374  
-1.10973849  
-1.469185185  
-1.819490173  
-2.331414106  
-1.261273552  
0.1542675693  
1.270954774  
1.622021197  
1.512863406  
0.8466417438  
-0.6728244592  
-0.1047879908  
0.7566153488  
1.714093634  
1.550423696  
1.463257531  
2.1507807  
0.3812194007  
1.36672178  
1.765973537  
1.168374432  
1.289551619  
1.558733778  
2.919630698  
2.142432131  
1.393378019  
-0.3721130062  
0.7002826663  
-0.005326757072  
-0.5607076825  
0.09241485916  
-0.965736556  
-0.01696732642  
-1.453159837  
-0.6340804749  
-0.4367475194  
-1.924763467  
-1.407697968  
0.6052995846  
0.9042562021  
-1.413958811  
0.7577255618  
-0.4155294245  
-0.1584507293  
-0.7208359328  
0.2253770614  
0.2699325951  
-0.5545258251  
-0.3300277731  
-1.075580562  
0.2305085927  
-0.8803051184  
-1.651300388  
-0.59361302  
-0.6281859297  
-0.9955379457  
-3.347582957  
-0.8460918137  
-1.575184148  
-2.435027197  
-1.032147235  
1.143956593  
1.38036818  
0.2046801732  
-1.588268108  
-0.5543593144  
0.4459815084  
0.6918583799  
-0.490730149  
1.299962562  
1.064208648  
1.063011413  
0.04150566599  
0.8607998762  
0.4347462792  
0.9477245836  
0.04127333106  
-0.01141360695  
1.120425851  
0.6236295225  
1.252035084  
0.7916324284  
0.1359362772  
1.436914391  
1.074496374  
0.2747337938  
1.382742615  
1.161773098  
1.761530557  
0.2574002997  
0.8353547366  
1.117883573  
1.013429359  
1.578812137  
0.6128922904  
-0.07278981849  
1.931643934  
0.001518632679  
0.3452876743  
-0.4990302255  
-0.3177090405  
-1.0883327  
-0.3784629277  
0.5272269331  
-0.03208894805  
0.2864077205  
0.7952064412  
0.1778310507  
-0.1133282001  
-0.3575901095  
0.6411109316  
0.2272168857  
0.2883643531  
-1.051887307  
-0.5312841081  
-0.3337507782  
0.05055884464  
0.1004044062  
-0.1316389653  
-1.756325588  
-0.5192485706  
-0.3815591209  
-0.6297313201  
-0.1740029499  
-1.333663313  
-0.5250722855  
-0.1612085288  
-1.466370501  
-0.2531640314  
-2.5119238  
-1.579898972  
-2.801705716  
-0.5111755359  
-1.503748536  
0.5201243311  
-0.04773854544  
0.4563074091  
-0.5442880661  
0.7240556971  
1.668949407  
1.64133193  
1.576899408  
-0.3651604576  
0.6016914148  
0.1652192393  
0.3801632036  
1.077359474  
0.1441202086  
0.9196161203  
0.4627052399  
0.1350732889  
-0.2608944138  
0.7163560609  
-0.1359329031  
0.8129579342  
-0.7683286203  
0.2842165699  
0.2433112705  
1.134868613  
-0.0837601034  
0.8826016913  
0.9422970705  
0.0344543231  
-0.5588255195  
-0.0350384124  
1.694888287  
0.1362512032  
-0.0815614568  
-2.607776782  
0.1077203549  
-0.7503548791  
-1.608257582  
1.743363188  
-1.14475585  
-0.004425144777  
-0.1500596028  
-0.6591006499  
-1.462752027  
-1.244109195  
-0.6786386158  
0.3199929318  
1.375058859  
-0.2400167403  
0.7823705319  
1.62767969  
2.128841429  
0.4144565177  
0.5830710692  
-0.1059316879  
1.201176663  
0.6971623187  
-3.825553805  
0.6862522411  
-3.368799791  
0.3224844164  
0.542446832  
0.9167871927  
0.505035981  
0.785603615  
-0.1767113073  
-0.1529935053  
-0.04096645288  
-0.02451187146  
-1.208204245  
-0.2374626457  
1.49564071  
-2.342390497  
-0.345687422  
-0.4347698671  
0.09804093874  
-0.8517520095  
-0.1822677133  
0.06621757526  
0.2085759724  
0.6415845145  
1.237507687  
0.6173601238  
0.7228377476  
1.173996229  
0.5650112279  
1.280119556  
0.8739871704  
1.519525573  
1.074058537  
-1.190938766  
-0.457878506  
-0.3795804258  
-0.2628136738  
0.640957122  
-0.1285158604  
0.4855287861  
0.09340419118  
0.07354999633  
-0.7689089336  
-0.9993822217  
-0.2335590309  
-0.6173824943  
0.7687113531  
-0.2668166548  
0.4411369113  
0.2858037973  
-0.5666402622  
1.328164424  
0.359968277  
-0.2886491705  
0.7563577694  
-0.429815508  
0.3457658652  
-0.004812807445  
1.138780266  
0.3422081942  
0.5011951207  
0.8010945312  
1.903542162  
1.781143496  
0.8456345073  
2.280766906  
1.377849907  
0.4107649679  
0.3446812068  
1.163235175  
1.216331658  
-1.069184685  
-0.4851843324  
-0.6688103846  
-1.085641684  
-0.09885636892  
-1.039362896  
-1.666270786  
-1.817012651  
-1.487505496  
-2.293231381  
-0.5055320636  
-0.4623687917  
-0.9363515063  
-1.662299823  
-0.7035242753  
-0.8519140284  
-0.7428407558  
-1.611034423  
-0.9262538242  
-0.3809260038  
-0.990529436  
0.3481202602  
-0.5951704722  
-0.5986458237  
0.4463104043  
-0.1581288808  
-0.05140595955  
2.455355261  
0.9609457364  
1.069759552  
1.037303895  
1.238990473  
-0.2050950229  
1.289172783  
1.16413565  
-0.6615563737  
0.6260706665  
-0.9927681365  
-0.5652136674  
1.465748296  
-0.4380876966  
-1.574721433  
-0.4655196966  
-0.704500824  
0.004503197998  
-0.7401709166  
0.6026852332  
-1.597633884  
-0.07335240636  
-0.9783211024  
-0.02769912348  
0.1309503267  
-0.4990188395  
-0.7424758258  
-0.3597414228  
0.3940658567  
-1.795274791  
1.608283062  
1.240317782  
-0.2577657628  
1.713975116  
-1.656129285  
-0.7323453305  
-2.247005654  
-1.542286147  
-1.551619503  
-1.331356642  
-1.889648869  
-0.2235892846  
0.2563729724  
0.3676183803  
0.281294782  
0.4441480104  
0.6764784423  
0.2748495796  
0.2113525569  
-0.5730494124  
1.306047898  
-0.8103696395  
-0.7777031607  
1.365510816  
0.3854334888  
0.2719737358  
0.5102096737  
-0.2098990843  
0.3516046699  
0.6169445403  
1.188539036  
0.6611086447  
1.490053137  
0.6992330176  
0.7730098876  
0.2868471752  
-0.0965880186  
-0.07716205523  
-0.2600365754  
0.9155989451  
-0.2977432966  
-0.08429673613  
0.1749817256  
-0.801648187  
-0.3445568581  
-1.973534536  
0.03036962062  
0.6396569545  
-0.6048784947  
0.1306569862  
-0.1724170981  
-0.5689793613  
-0.1348810318  
0.4723216972  
