-1.498111237  
0.1588122382  
0.5202033391  
0.1166408386  
0.7110686314  
-0.01694367043  
-0.02104261533  
-0.2036990822  
1.351616582  
-0.176645811  
0.2849490116  
-1.193880495  
-0.003181672102  
-1.257220989  
-0.2265025019  
0.6326642411  
-0.5190752706  
0.3288866508  
-0.314162515  
0.6950632886  
-0.5102397049  
-0.1290147692  
1.040146806  
-0.3197632848  
0.9419639284  
0.893858254  
1.543468658  
0.8066889366  
-0.09294422779  
-1.01834312  
-0.9995144679  
-0.5818571807  
-0.4718562922  
1.933317732  
-0.4299159358  
-0.06579930192  
-1.753782842  
-1.574554215  
-0.5795273217  
-1.549629941  
2.328761964  
0.8771349069  
0.5967765963  
-0.1071258499  
0.6327276547  
0.1396077598  
-0.5093218218  
-0.4527150239  
1.231879356  
0.5536846517  
0.5212647515  
-0.1384467869  
-0.02789435742  
-0.7160204927  
-1.256355229  
0.8581099289  
0.4726774375  
0.0785810875  
0.04543993109  
0.4712949982  
0.1354866256  
0.7568761475  
-0.132970569  
2.326025004  
0.4669376184  
-1.124934251  
-0.7701598885  
-0.2270207655  
0.1621298643  
1.741623367  
0.1447539433  
-0.5385655535  
-0.3567176388  
-1.831280094  
-1.416747984  
-0.2826062539  
1.530410876  
-0.5683092406  
-1.049402847  
1.587930364  
-1.106119123  
-0.7733178525  
-1.342277416  
-1.113589566  
0.7657237079  
0.387015149  
0.2611484238  
0.05268318813  
2.786502754  
0.06564518331  
-1.256378551  
-1.250650726  
-0.1689534009  
-0.8001477393  
-1.032854874  
-1.029184119  
-0.1709866119  
-0.7333619662  
-0.1239101156  
-0.2154920785  
-0.9810064384  
5.38300287  
1.028186218  
0.8777130444  
0.02771976926  
-0.748223774  
0.990004744  
-0.7013623011  
-0.2365631807  
-0.5168082925  
-0.9471821526  
-0.8402549722  
-0.6118965259  
0.7300538536  
1.51344758  
-1.268342256  
0.6663051078  
0.01012959962  
-0.8388415265  
-0.1718191194  
-1.104883516  
-0.2961011129  
-0.9010247966  
-0.6436051085  
-0.214844894  
0.008868339694  
3.570168179  
-0.2393614716  
0.1505692538  
0.4772040185  
0.3121181997  
0.4819408596  
-0.003722556346  
-0.2219186979  
-0.4795806252  
-0.6254706123  
-0.4116771955  
0.009906667304  
-0.2205269641  
-0.4477932071  
0.1816251039  
-0.695277646  
-1.828448122  
-1.233394732  
-0.2431283352  
-0.5654411213  
0.2305835746  
-1.160001008  
-0.1592690581  
0.1579970562  
-0.8081178899  
0.2803289912  
-1.600291657  
0.6487761044  
0.03375062146  
0.5420977541  
0.7019074866  
1.740291253  
0.7483256746  
-0.346409897  
0.3103145689  
0.1658970353  
0.3819255053  
0.7337230782  
0.7694031269  
1.02348585  
0.7495748876  
0.1735354412  
-0.01806754137  
0.4787097446  
0.5205039087  
0.8049879542  
0.2739506151  
1.139992775  
0.1315090438  
-0.6973375075  
0.1856998883  
-0.427192706  
-0.9445429084  
-0.8833388039  
-0.1424830558  
-0.3844508629  
-0.9712504684  
-0.1006393074  
0.06663130125  
-1.854324518  
1.412599269  
-0.0616672245  
0.4338257778  
-0.1309720205  
-0.319766323  
-1.039550079  
0.8781154696  
0.8960046331  
-0.5822964571  
-0.171837786  
-0.9352915793  
0.5289912374  
0.2172520056  
1.596197264  
-1.037209284  
-0.1419178748  
-0.3598530065  
0.3842023536  
-0.02270122734  
-2.236925035  
0.007866035509  
-1.008797177  
-0.3134584769  
0.8316928457  
-0.4321139644  
0.03236004201  
0.9624440394  
-0.624659319  
0.008485100691  
0.844186155  
-0.1897051855  
0.8667182277  
-0.623601307  
0.2212569522  
0.386691156  
-0.2658220518  
-0.02191572317  
-0.4203082841  
-0.8102197523  
-0.4309642495  
0.2471995295  
0.04253322348  
0.1781627771  
1.144598713  
0.3573224472  
0.17039616  
0.316283079  
-0.3022961912  
0.4747725941  
-0.08452331482  
0.8450770185  
0.253994343  
0.8427844169  
0.7107676736  
0.6082906191  
0.4499469917  
0.3699663874  
-0.06989652111  
0.7131306017  
0.1688801339  
1.336873692  
0.1262093248  
-0.3245998525  
-0.8103497722  
-2.055247301  
0.2138952208  
0.5511543171  
0.6595542882  
0.1502388831  
-0.2489714687  
-0.3326031357  
-1.468538652  
0.7466387378  
-1.136372084  
0.7694986134  
-0.5265474594  
-0.2789863933  
-0.3652468009  
-0.319489296  
0.1496166434  
-1.048361347  
-0.7931325061  
-0.8653308277  
1.340749804  
1.403109237  
-0.3641021953  
1.103786144  
-0.7661488028  
-1.019724333  
-0.4631112512  
-1.259053371  
2.006289445  
0.03957885598  
-0.868858938  
-0.9183500601  
-1.189915209  
0.3991540194  
-1.498523093  
0.03212074183  
1.193985459  
-0.2332178933  
-1.090615733  
0.1496216864  
-0.7986655683  
0.1687230814  
0.7073253588  
0.367099147  
0.4178365163  
1.094155462  
-0.9265087638  
-0.9819995151  
-0.6090095691  
0.5728556857  
0.6139422999  
-0.511624098  
-0.1106302212  
-1.194104756  
-1.023474879  
0.598960899  
-0.5546070102  
0.2502766321  
-0.1391405849  
-1.017082174  
-0.5839079889  
-0.05907025622  
0.6589519611  
-1.279260893  
-0.5787854323  
-0.6303921058  
-0.6899925366  
-1.153462347  
-1.634867448  
-0.9998900273  
-0.8561573724  
-0.8406593079  
-0.84825518  
-0.3960226697  
-1.098445971  
-2.201477348  
-0.5942679032  
-1.984311927  
-1.050866568  
8.109438119  
1.8185168  
3.083746461  
1.255803712  
1.830016093  
3.828184911  
0.596679894  
0.2905290169  
1.939374397  
0.7314030127  
0.1146394184  
0.7015408313  
-0.1768277143  
0.5485913726  
-0.5127355864  
-0.6141388973  
0.1989990064  
-0.5437290608  
0.8005176833  
-0.2218168533  
1.834402052  
-0.3355791946  
0.8287974836  
2.94344541  
-0.4709061289  
1.620949224  
0.4244082958  
0.745366218  
0.6467136829  
0.4040995188  
2.000319662  
-0.319151771  
-0.4867818834  
0.6106667124  
-0.3352085152  
1.666954707  
0.03919169933  
0.8971955648  
1.855147197  
0.9427866534  
1.804665943  
1.292736678  
2.036306141  
1.742616559  
-2.440753175  
-0.2645247215  
-1.308326281  
-3.004065386  
1.214243223  
-2.077254561  
0.8029282275  
-0.3748379046  
0.02537294898  
-2.715371697  
-1.824317245  
-0.9801818242  
-1.198626142  
-0.3660012286  
0.2542001106  
-0.5593235108  
1.551114075  
-0.1279132111  
-0.6071600296  
-0.5952650069  
-0.5985919222  
0.9396330752  
-1.099295281  
0.2201498432  
-0.06224937388  
-0.7076747976  
-0.18905587  
-0.1714074334  
-0.01987992816  
0.1357135404  
-0.1166010226  
-0.2751160321  
0.1621833605  
1.187505857  
-0.0683564835  
0.386589201  
-0.08405925165  
0.4044535476  
0.6131673918  
-0.4488484984  
0.8329189667  
-0.7265654279  
-0.3967382382  
-1.48533014  
-1.321747031  
-1.20254682  
-1.782113031  
-0.5685363121  
-1.129226941  
0.2952309668  
-0.9503554752  
-0.8100868884  
0.1825000191  
0.1393158981  
-1.014607203  
-0.5953599089  
-0.2147568813  
-0.3294088801  
-0.8191910174  
-0.2484533466  
-0.7661870985  
-0.5362721516  
0.6705637242  
0.654799734  
-0.01305396328  
0.7672411682  
0.5718933188  
2.267709373  
0.1190799839  
0.7011625042  
1.232059656  
0.09468757636  
-0.3531109486  
0.0373341441  
-0.8463343416  
-0.872503716  
-0.4252111382  
1.799990338  
0.6259100564  
0.6537690829  
-0.124412042  
-0.499978901  
0.3568989835  
-1.614747671  
0.40010456  
0.2523344513  
0.4663486007  
-0.5944333659  
-0.01614195358  
1.097789975  
0.2923075684  
-0.2706968941  
-1.59935756  
0.08388836718  
0.5682262883  
-0.5689780934  
-0.08731416684  
-0.2067107514  
-0.759494407  
1.392407183  
-0.9444343143  
0.3016769781  
-0.3651150246  
0.3002804069  
0.7290214285  
-1.061859714  
-1.399273667  
0.3013780785  
-0.1758793748  
0.3421831672  
0.8745742927  
0.4847624109  
-0.8503043358  
0.2407956708  
-0.5052390689  
0.8443408169  
-0.800295021  
-0.0428106736  
0.156284677  
0.5244094912  
0.1243270346  
0.3151902841  
0.4187500535  
1.175926821  
0.1936287657  
0.9743063388  
-0.2925545628  
0.3575792078  
0.5610522593  
0.6152034852  
-0.3306623279  
-0.5228328437  
-0.1356978167  
-0.4085572782  
-0.2114785085  
-0.6791709895  
0.4219827168  
-0.01671842285  
-0.4561605855  
0.3360616089  
-0.6399021926  
0.5289609994  
1.080829429  
-0.05583918366  
-0.5811717081  
-0.0005712135209  
-0.6529883306  
-0.4402221332  
0.3012588337  
