-0.6419435273  
-0.02288665245  
0.4692576566  
-0.1514019405  
0.8367583912  
0.1490718488  
0.3526473191  
0.6879295812  
-0.9577810054  
-0.4564003247  
-1.643201141  
-0.9021672362  
-0.1524671349  
0.4572522051  
-0.783064609  
0.1298320465  
0.2171112644  
-0.6803677127  
0.2538687433  
-0.3072931273  
0.9282233144  
-0.1152838707  
-0.7135357346  
0.30224218  
0.6776285561  
0.9829439157  
0.3657705489  
0.9738911923  
0.147714829  
2.531056801  
0.3016078022  
1.406162124  
-0.2297076308  
1.958115494  
-0.4868916645  
0.2231961997  
-0.9941409797  
-0.4318216416  
-0.06582307896  
-1.371564758  
-1.165928917  
0.5117767191  
1.196728099  
-0.1401556811  
-0.5121435058  
0.6100350342  
0.5897275677  
-0.4486330365  
0.7642437061  
-1.429976051  
0.7331663592  
0.2262640785  
-0.1181557834  
-0.7087612538  
-0.9181164689  
-2.264761738  
1.943654819  
0.4182746833  
1.252506291  
1.212267204  
0.4089821353  
0.2191806295  
0.8450488291  
-0.8748276525  
1.365594285  
-0.2013470134  
1.903938141  
-0.6877986924  
0.5076567754  
-0.5201938702  
0.05100911884  
-0.09552588438  
-0.5334836042  
0.1002946776  
-0.3140525083  
0.04907930237  
1.524443485  
0.3369076491  
-1.000044003  
0.2597174377  
0.03382892845  
-0.04853888939  
-0.2870105413  
0.1811196475  
-0.6212093559  
-0.724702022  
-0.8019362566  
-0.1973125846  
2.714315756  
0.005712987595  
0.09099645833  
-0.5398177069  
-0.07689526991  
0.1664291242  
-0.6889837065  
-0.6307070991  
0.6442247351  
-0.4912346863  
-0.1328527269  
1.053595466  
-0.6285482521  
-1.211205698  
0.1248598023  
0.3287010479  
0.3342148767  
-0.1976336685  
-0.4788012445  
1.210456385  
-0.2749337818  
-0.06016013356  
-0.1989862222  
1.723245069  
0.8219465966  
1.815460134  
0.6420139803  
0.9872463331  
0.2255603811  
0.226618887  
-1.924632147  
1.239031364  
0.1892452116  
-0.1440262057  
1.683653784  
-0.6627727082  
0.5857395631  
-1.179611587  
-3.354440573  
-1.975052747  
0.600821149  
1.773116632  
-1.151589048  
-0.7218645793  
-0.8598995098  
-0.5997494545  
0.7172146756  
-0.4240715702  
-0.3690542097  
-1.842159458  
-0.2762427249  
0.6774374967  
-1.364591067  
0.3889694908  
0.7604195874  
-0.2627451575  
-0.7380653502  
-0.9199509249  
0.2747581976  
-0.7202724299  
-0.2126425134  
-0.5273720789  
-0.2750824672  
-0.9302637244  
0.4441693108  
-0.2831202483  
0.08151221458  
0.8854988592  
0.6757490035  
1.833040365  
-1.928051865  
-0.05960216433  
-0.008766321515  
0.2799985879  
1.317842155  
0.3118236018  
1.016913427  
-0.7770408248  
0.1851623688  
1.668940941  
0.8581343936  
0.4865235405  
1.098489512  
0.3130834317  
-0.1197471957  
0.9068584546  
0.4677164  
0.3095759269  
-0.25905304  
-0.8378342982  
-0.9895845377  
-2.353786003  
-0.7966998286  
-0.5242141162  
-0.8208791952  
-1.153025364  
0.5665196885  
-1.653113187  
1.267353145  
0.602710297  
0.418405195  
0.5621902409  
-1.842038846  
0.5478352846  
1.419332403  
-0.2944399443  
-0.4040713326  
-1.524343341  
1.023048352  
0.4826621428  
0.6868171542  
-2.798893991  
-0.9047640001  
-0.6442590278  
-0.3549219306  
0.381972297  
-0.5360210417  
-1.133330643  
0.7664871685  
-0.1688949999  
-1.262047857  
0.317362784  
1.324293649  
-1.34324224  
-0.04528021103  
-2.000369917  
0.4381879701  
0.0169292413  
-0.807968976  
1.601148249  
2.401520346  
0.1832443502  
0.6322459706  
0.4506540257  
-0.4960338067  
-1.311670181  
-0.6102440707  
-1.360762852  
-0.1496098843  
1.197303161  
1.072781461  
2.125664429  
0.06567138344  
0.451111559  
2.613706899  
0.4376160733  
-0.963921703  
-0.3377933865  
-0.4236179349  
-0.2088786803  
0.00910659872  
0.1296975662  
0.2090361807  
0.3558954374  
0.43492555  
0.5941268643  
1.511601703  
0.5968038933  
1.77776055  
-0.1357122056  
0.05063660034  
-0.919563152  
-0.03751357353  
-0.2955205593  
0.5574143552  
-0.5710967413  
1.288534949  
0.7361494922  
0.2732877266  
-1.116233048  
0.4503287615  
0.5529211289  
-2.613985903  
-0.05884832655  
-0.06915971044  
-1.364609166  
-0.6275567191  
0.554792523  
0.1431059189  
0.6843058974  
-0.5904289067  
-1.232662899  
-1.00877695  
-0.03506769582  
0.198169614  
-1.583214895  
-0.5119322002  
-0.7248120905  
-0.3181079452  
0.2504787006  
-0.05360787235  
-0.9386456169  
-3.336592565  
-0.2963920847  
-3.000205187  
0.4409374486  
-0.6157855964  
-0.005206008804  
1.622502064  
1.909322336  
0.69803323  
0.902519237  
-0.7002392521  
-0.1968240327  
2.425651882  
-0.1350399752  
0.298484167  
0.6363508992  
2.102258494  
0.3096957589  
0.2505040879  
0.8597668981  
-0.3508379207  
0.2886643027  
-1.406660126  
0.3805430465  
-0.3624379739  
0.1249236264  
1.771902607  
1.134354181  
-0.6155040178  
0.2994706961  
0.6842666862  
1.268471207  
-0.5611825316  
-0.4448367566  
0.2954270005  
-0.01634742157  
1.362235787  
-0.5087285932  
-0.06286949288  
-0.6910528039  
-1.031427687  
-1.354980648  
0.5071486956  
-1.931376696  
-1.372928307  
-0.6838215012  
-1.150000804  
0.5131195822  
0.9222029567  
-0.6881716185  
-0.4385175227  
-0.9036796663  
1.278909452  
0.1961342763  
-0.1533972441  
1.832653952  
1.312983277  
0.1978094415  
-0.5558283169  
0.5135863123  
1.057282276  
1.367749723  
1.052608832  
0.9214940666  
-0.6095256333  
0.443499163  
-1.5798523  
-0.8512539482  
-0.8961355587  
0.2830518983  
0.8513975781  
-1.246399491  
0.377743837  
-0.2326116634  
-0.3242128096  
-1.022675222  
1.671688617  
0.8959449051  
-0.6871393401  
0.6923693633  
2.280830529  
-1.601857542  
-1.063311243  
0.7719993688  
-0.8377522635  
0.9982014724  
-2.246593926  
-1.129191547  
-0.1330909962  
0.1657074225  
-1.066169833  
-2.350040073  
0.1935775511  
0.8120005137  
-0.1642959948  
0.6210167679  
-2.378510511  
0.3815399087  
1.306630004  
0.8853150498  
0.7055527199  
0.6756826292  
-0.3920383349  
0.1818159431  
1.634705735  
1.771107078  
-0.4248549095  
-0.11857352  
-0.5598109309  
2.164918942  
0.746112947  
-1.455010873  
0.2582957142  
-2.198798594  
0.3706755137  
1.689568062  
1.36632707  
-0.5343018894  
-1.193911072  
0.1075499678  
-0.6143991369  
-0.4503295796  
-0.8159922195  
-0.5935857553  
0.7713335824  
0.7474078605  
0.1544378569  
-0.3502812781  
0.03378587802  
1.104486345  
1.28282241  
0.06617712476  
-0.3579058742  
-1.599523166  
0.01128842463  
0.1493553202  
0.8513305889  
0.7515719091  
0.4599371375  
0.9649815502  
0.4241838836  
0.2348716418  
-0.1102992383  
-0.5599724398  
0.03902567329  
0.1984378748  
0.1104257131  
-0.3652369931  
-0.1248471785  
-0.7082684785  
-0.7887893078  
0.6478917653  
0.0495684855  
0.1979767388  
-0.1726022385  
-2.172252826  
0.1633281481  
-1.483996144  
1.159743633  
1.556233969  
0.06230727724  
0.6651261357  
0.2030918219  
-0.4195731992  
-0.6776727211  
0.04200379333  
-0.5924929405  
-1.065667756  
-0.8774888143  
-1.845597759  
1.096003688  
1.710242301  
0.6855541985  
-1.335829339  
-0.5652193003  
0.4867451685  
-2.522652424  
-0.8778035339  
-0.9807016817  
-0.9635843139  
-1.750009715  
1.042425678  
-0.481420788  
3.682019338  
0.2771577469  
0.428351327  
1.828388951  
0.7506246886  
0.09618268405  
0.6997467543  
-0.7040411844  
-0.624090163  
0.9420685419  
-1.315368339  
-1.504289475  
-0.05923430702  
-1.304123201  
-0.9044848526  
-0.3094788491  
-0.01844099115  
0.4579634035  
0.4335447658  
0.06976387276  
-2.32661648  
0.1316051509  
1.36606683  
-0.4480246025  
-0.606360987  
0.4655026342  
1.043981229  
-0.08264129228  
0.8551130939  
0.1165442344  
-0.9608528286  
0.3055147141  
0.4143011704  
0.4043278832  
1.004556597  
-0.4387090678  
0.409020785  
-0.1322766909  
0.8017922694  
-2.331294405  
-0.212111137  
-0.07172077755  
0.04173247273  
0.2363512819  
-0.2682755867  
-0.1321718884  
-2.673633579  
-2.03942878  
1.023743597  
-1.590759273  
0.1179160854  
-0.4181729988  
0.7611740311  
1.333391724  
1.2484349  
0.9844325236  
-0.1601786189  
0.7390017124  
