-2.052529901  
-1.26670457  
-0.902470374  
-0.5324245679  
0.9708634668  
0.5744459051  
-0.6709880645  
-0.5979977344  
0.422977614  
0.02871607161  
-0.1262401221  
1.38497112  
0.4123236012  
0.4865640739  
-0.4079027193  
-0.02677418118  
2.355585375  
-0.1971116349  
0.1619459262  
-0.1637619076  
1.205957511  
-0.9088164218  
-0.2334889385  
1.291849126  
0.8426978496  
1.080192175  
-0.3818041511  
-0.4765932529  
-0.6862085661  
0.1785814556  
2.074642626  
-0.3053682746  
0.5312782709  
-0.4312354148  
-0.2378978729  
1.069578445  
-0.9929014438  
0.2591253201  
1.625809575  
-0.4243511963  
-0.8232844112  
2.241464694  
0.06182598392  
2.023885317  
0.1841092295  
-0.9532221284  
0.4930600835  
-1.174660717  
-0.3476578765  
3.107452093  
-0.6932991336  
-0.6067758435  
-0.3941013754  
0.360097352  
0.7612933882  
0.1319903298  
0.83193675  
0.189160667  
0.4014535377  
-0.679119522  
-0.4164502483  
0.6716720623  
-0.9092469553  
0.001896694219  
-1.112147144  
0.1015476145  
1.704917535  
0.4248681096  
0.2882667616  
0.07364293964  
1.401186237  
-0.1088049626  
-1.643294935  
0.1529726817  
-0.5104002898  
-1.015459023  
-0.7556676162  
1.792119906  
-0.1670413179  
0.5471395325  
-1.632037721  
-0.2312085689  
0.5408140202  
-0.5948568022  
-0.08981162607  
-0.2735265957  
0.09828628163  
-0.8447201545  
1.211549562  
-0.4854088087  
-0.6107658259  
-0.5083663256  
-0.7644133575  
0.2760657494  
0.4711320396  
0.2459566099  
0.3089756779  
-0.2459141016  
-0.2432016302  
0.6118548114  
-1.323557928  
-0.5009572585  
-0.4182962273  
0.081855264  
0.4474036053  
-1.871365622  
0.7981567967  
-0.4333613722  
-1.002839625  
0.4205221315  
0.05165237646  
0.5005875466  
-0.8529219814  
0.271816641  
-0.6537353468  
-0.1327545577  
-0.4393527286  
0.9875229845  
1.127712616  
0.8482161291  
-0.6099636647  
-0.7534416562  
0.7433077404  
-1.670994891  
1.639530784  
-0.1145418056  
1.021065828  
0.9522873548  
-0.5886494757  
0.7228461609  
-1.078019509  
-1.105975011  
1.666746035  
-0.01592343653  
0.7712296881  
0.6202379312  
0.3452440776  
0.7442222005  
-0.8520545322  
0.6139705184  
1.213263859  
-0.6145922725  
-0.5046691238  
-0.5096629365  
-0.7823162825  
-0.959988739  
-0.1916171542  
0.6703483239  
0.6833052716  
0.09170162827  
0.6091268395  
-0.3283180562  
0.3889264861  
-0.01057139358  
-0.3056558213  
1.118596164  
0.3792415954  
0.3143896318  
0.5160906482  
0.06977718887  
-0.0006915258856  
-0.506003477  
0.3551557618  
1.777020183  
0.6336634377  
0.1691275453  
-0.4150379752  
-1.383788371  
-0.7384931151  
-0.8192561686  
-0.4557673798  
-0.367856849  
0.8494608611  
-1.496035987  
0.04290728173  
-0.6204804525  
1.341067862  
-0.8417935338  
0.5135354352  
-0.4573361587  
-0.5917874626  
-1.281720833  
-0.635173003  
-0.5438352425  
1.348245506  
-1.091689423  
0.1090377985  
-0.147949192  
1.379925313  
0.8174409816  
-0.1121925063  
0.2692581554  
0.814452949  
0.7826306642  
-1.029646633  
1.064355253  
0.647836871  
0.8273331157  
-1.176650489  
0.4216067724  
0.8628012658  
-0.06262425678  
0.141853472  
-1.672329238  
0.6448444866  
0.1464199023  
-0.06857903153  
0.6991568813  
-0.1287941782  
-0.7535050984  
-0.3481032259  
-0.4437569461  
-0.2296737068  
0.1471942476  
-1.121882993  
1.983880422  
1.440845456  
0.1822543853  
0.1657205184  
-0.4722792913  
0.7297380458  
0.5085396774  
-1.614111637  
0.3796422092  
-0.0682635259  
0.07730164992  
-2.650961837  
-2.801258028  
-0.03445682644  
-0.8315140303  
0.3778662186  
0.0338550405  
-0.9492395018  
0.8912179315  
1.370972084  
1.144460854  
-0.879231205  
-0.4024396079  
-1.567255088  
-0.8098410941  
0.1842899831  
3.072511423  
-0.1233216335  
-0.2362558091  
-1.410195491  
1.838831121  
0.3087375498  
0.3057617327  
0.3699259074  
-0.2816009098  
-0.3078304939  
0.2775451833  
-1.477050492  
1.371033216  
0.3953700729  
1.822218116  
-0.390575407  
0.4571502957  
-0.7117132982  
0.2376525444  
0.1911335721  
1.593618138  
-0.1278344284  
0.4190028602  
0.4088508263  
-0.5381460315  
0.01275857439  
0.8154639432  
0.4127986254  
-0.8081615036  
0.207316123  
-1.306497945  
0.6465476066  
-0.009169777491  
-1.679166767  
1.070656185  
-1.597136723  
-1.832972638  
-1.295916456  
0.5089583913  
0.1907959023  
1.006109873  
-0.197090954  
-0.007137024403  
0.1684868578  
0.3381644969  
0.3046972007  
-0.3938752916  
-0.0136559946  
1.930459437  
-0.5183460541  
-0.1505514683  
0.3409047872  
-1.709694741  
1.264454041  
0.4060250272  
0.29722814  
0.6612308192  
1.460727151  
0.138212427  
-0.04061199508  
0.0485893765  
1.134628854  
-0.7698520875  
-0.383091301  
-1.800584956  
-1.85304309  
-0.2024960179  
-1.449167742  
-3.109665225  
-1.824119819  
-0.9916809049  
0.1010355707  
0.3958049812  
-0.4001517688  
0.003944344542  
-1.258455496  
0.4660305544  
-1.372488836  
0.82870443  
0.600478827  
3.637741622  
0.2672757063  
0.3330529752  
1.026546819  
-1.657627856  
-0.7444112161  
-0.004194959648  
-0.01553273162  
-0.07654222471  
0.3490743602  
1.326029698  
-0.3249655768  
3.096033307  
0.02688384775  
0.7290216423  
-1.299577582  
1.656709602  
0.7515264001  
0.07255971528  
-1.298533255  
-0.8523246656  
0.7109321755  
-0.3791810074  
0.2014448322  
-0.3442346763  
-0.3162696573  
1.321842181  
-1.155037027  
0.1129966833  
-0.4434598011  
-0.3861199997  
-1.050210488  
-1.141277476  
0.386237719  
-0.690323538  
-1.17596575  
-0.6467196206  
-0.478748429  
1.868722488  
0.541231149  
0.5573804037  
0.01505943565  
0.3666402886  
1.048039448  
0.3056863043  
0.05319676852  
0.8052680736  
2.507859589  
0.1521333344  
0.7626809265  
-1.221379353  
-1.018862423  
0.6846010665  
-0.5122022633  
0.1574613393  
0.1795718913  
-0.316853723  
-0.2275993724  
-0.8767208053  
1.760361811  
0.5023800901  
-0.09692235611  
0.519076769  
0.4556118137  
0.6503149032  
-0.3821702803  
-1.195274948  
-0.9340480278  
-0.6596798922  
-0.09566672358  
0.6410902135  
1.535372067  
0.4064052965  
1.000275896  
0.9108657049  
1.807630271  
0.4753410317  
0.3191186836  
0.8119991366  
-0.1760640372  
-0.5732816546  
-0.0856766029  
-1.312658293  
-0.7996278535  
-1.874765472  
1.35425823  
-1.591794816  
0.4705013744  
-1.290106893  
-0.1176813599  
-1.305416981  
-0.2844156495  
-0.8407376436  
-1.395958785  
0.459805911  
-2.191141152  
-0.4443186909  
-0.2677373372  
2.507633972  
1.701452299  
2.566902996  
1.796791543  
1.154339717  
1.609441998  
0.8232603616  
0.8372807724  
0.4224598405  
0.3568547185  
0.3516886898  
-2.168292119  
-1.158619415  
-1.901027158  
-0.7006750467  
-0.2799993109  
-2.139435088  
-0.9465944381  
-1.876925168  
-0.8344937983  
-0.3600523435  
-1.42548392  
-1.294272956  
0.3563886778  
-0.7001302717  
-0.9853052282  
-2.340829083  
-3.09369065  
0.3645410638  
1.528703701  
-0.9277685516  
0.1132573835  
-1.004856625  
-2.094465879  
-0.4894637668  
0.9903735286  
2.128574392  
0.9239031748  
0.7480363779  
0.725423155  
-0.6126519271  
0.289682303  
1.920741894  
0.1535463614  
0.08564574813  
1.122756941  
1.150583154  
0.05972772629  
-0.9586705285  
-0.06391643237  
-0.1220652553  
-0.6736337977  
-0.8445193834  
0.9648524494  
0.09660417255  
0.565656719  
-1.555884275  
-2.415696394  
0.104178415  
-0.4943833769  
0.7180796063  
1.308706549  
-0.1271725699  
0.5753569978  
-0.2918479247  
1.038872543  
0.3259150142  
0.1903682131  
-1.853117359  
-2.675885795  
0.7624070389  
0.1741814838  
0.6828857173  
0.8073552885  
-1.067143328  
-0.2782863617  
0.2127867282  
0.6002878995  
1.456397081  
-0.6614049124  
