1.36160316  
1.514335824  
1.147410832  
1.277459322  
-0.6253127815  
-1.579548205  
0.8322460494  
-0.7564862824  
-0.896160232  
-1.293016008  
0.6184867969  
-0.3674911764  
-2.568404631  
-1.664935421  
0.7842121457  
1.694815248  
2.166636078  
0.9224173077  
-0.7665000531  
0.07612095846  
-0.7053774581  
-0.5671095179  
0.1106911659  
-0.703532629  
0.02215129812  
-1.197494559  
0.2650431165  
-1.4604066  
-0.8723702612  
-0.05780750897  
0.4621479669  
0.07022014878  
0.2134161781  
0.3161557556  
0.6305443985  
-1.6263339  
-0.05461424903  
0.1512789296  
-0.7111190995  
0.8195226301  
-1.172246381  
0.7696836355  
1.22601715  
-2.344661247  
-1.185838643  
1.019365814  
0.5138653806  
1.865984137  
-0.4501875175  
-0.92107124  
-0.4903049073  
-0.586401701  
-1.223561363  
0.48430631  
-0.002546030637  
-1.972213472  
2.047495851  
-0.8513931507  
-0.2117035804  
1.121446816  
0.8269315595  
0.5611426532  
0.6079765375  
-2.171097629  
0.4579658071  
0.7940070297  
0.6907283772  
-0.3425681055  
-0.5540498587  
-0.4033412671  
0.6383932407  
1.132221597  
1.956945575  
0.6786787975  
1.162276501  
1.175354448  
-0.5195723029  
0.5755677904  
-0.01876484489  
1.238841906  
0.3913381224  
1.40809471  
1.097315485  
-1.031145907  
0.5242151283  
0.3601514182  
-1.103497011  
-1.231727587  
-2.304491749  
-0.7327937379  
0.2622736454  
0.6228290338  
1.023309915  
-2.435762267  
0.8080176616  
0.8105537631  
-2.42264556  
0.7284628989  
-1.163571338  
0.4695470531  
0.8369459033  
0.8053856203  
0.0229179279  
-0.7548635009  
2.393107557  
0.1544450896  
1.852682682  
0.0524550336  
0.1466617629  
-1.470057353  
-1.211329796  
-0.5003904262  
-1.807721711  
0.2424064405  
0.5601730122  
0.9664998388  
-0.9848475263  
-0.5593989819  
-0.4157859763  
-2.11374662  
0.7465942796  
0.07789140041  
0.4985815595  
0.6315756936  
-1.485208042  
-1.853946707  
0.8942300611  
0.3441415494  
-1.701669066  
0.2176880853  
-0.01573675834  
-0.8006014085  
0.1742481576  
-0.5612296336  
0.3658127467  
0.8684843225  
1.7020376  
-1.412329845  
0.6768407279  
1.116801028  
-1.733196428  
-0.07716184994  
1.112565866  
0.220267006  
1.755398132  
0.490468526  
0.8280081772  
0.9657526353  
0.9537302727  
-2.224950862  
0.4206909677  
1.852818016  
0.6372895645  
-0.41221177  
-2.555225712  
-0.6936796988  
1.417810781  
0.6525725407  
-0.3860051676  
0.5049496952  
1.194669724  
0.1171561438  
0.1105526135  
1.345392348  
-0.7651803637  
-0.8275790173  
-0.2977428662  
-1.751900963  
0.4446390094  
0.2726263549  
-1.323089517  
-0.4975439637  
1.23102923  
-0.7712418177  
0.002873957494  
1.039263964  
0.6801108317  
1.432948077  
-0.4932726219  
-0.8781565938  
-1.391718316  
-0.6658289437  
0.5260988401  
0.2848802092  
-0.03245117147  
-0.879737553  
-0.6800811199  
0.3866907242  
0.7170894695  
-1.334108603  
0.1676274105  
0.8279099906  
1.140821191  
0.5282810294  
-0.5142902526  
-1.67887226  
-0.01630366848  
0.7880884794  
-0.2953645762  
-0.5658968984  
-1.683940004  
0.7200415144  
-2.243724666  
1.115341308  
0.4811628124  
-1.946263028  
-0.03224031298  
-0.3293606448  
0.7123900093  
1.090964841  
0.5354600812  
0.7313827742  
2.380512762  
0.7489518388  
0.05161375598  
-0.7177568097  
-0.5942259018  
0.6221434728  
-2.096381617  
0.8484519815  
0.1629262889  
1.37729263  
0.3327549262  
-0.288867899  
1.121504244  
-0.1215291958  
-0.8434160257  
-0.02481550381  
-0.6837009581  
-0.4896252462  
-1.519134813  
-0.03863380039  
1.697017909  
-1.263473056  
0.5719346196  
-0.07876843469  
-1.105179204  
-0.04860663464  
-0.5641954923  
-0.2390165436  
-0.8997873429  
0.7982822617  
0.9961087142  
1.365076464  
0.6213394073  
-0.7567435554  
0.2119318512  
1.095755653  
-0.01344438967  
-0.5478277939  
-0.6313787704  
1.721967679  
-0.9640842065  
0.9507419499  
-1.020864364  
-2.400327765  
-0.2244048425  
0.9161987679  
-0.3800880267  
0.09757899231  
-0.6747938602  
-0.9954209458  
-0.2104073489  
-0.5620010478  
-0.8662130039  
-1.319952982  
-0.4372559666  
-0.4550131266  
1.071927721  
0.338615046  
-0.7543342746  
-1.961348632  
-0.7625380535  
-0.5952940232  
0.4816539255  
-0.7975393201  
-0.2829458191  
1.101471361  
0.6610968027  
0.5320926183  
0.3767781817  
0.3542295336  
0.7104182728  
1.004848822  
0.1692831466  
1.49258696  
-3.075398326  
1.424403258  
0.692847727  
1.963573366  
-0.6742972583  
1.869407648  
-1.284906576  
-0.01653664106  
1.272411471  
-0.9519614487  
-0.4579272091  
-1.322616663  
-2.262645303  
0.08217836749  
0.4189483591  
0.1112066487  
2.362807843  
0.7594276535  
0.2157555929  
0.6195584249  
0.4805096609  
1.648883062  
-0.3113834711  
-0.08460552709  
1.824149673  
-1.218631856  
-0.3076181054  
0.5039676285  
2.089539977  
-1.886891261  
0.4757009922  
0.8330086936  
0.9694412627  
-1.43240072  
-0.2260825318  
0.6632537707  
0.4992397652  
1.376910275  
0.08772234894  
0.2085646445  
-0.8081942069  
-1.075974314  
0.02089856154  
-0.7940475554  
-0.5495995142  
-0.5984535205  
-0.5787469764  
0.5159820878  
0.7775546128  
1.266322708  
-2.900981286  
-0.2346175778  
0.4384746094  
-1.615780427  
0.6493899272  
0.5741020225  
-1.003806587  
-0.7363613313  
-0.1109933356  
0.3557049868  
1.558772326  
-2.106784864  
-0.7561997035  
0.5612054031  
1.034564265  
0.673664896  
1.578586203  
-0.05258035774  
0.08698051971  
0.5720701909  
0.3899253731  
-0.3045315256  
-0.6738810243  
2.044280329  
-0.9877651922  
0.6443141231  
-1.104692393  
1.129321573  
0.7599523575  
-1.035496191  
-0.2171332287  
0.07225604629  
-0.6439897292  
-0.2279412735  
-0.5497763225  
0.05339559382  
-0.09689767967  
-0.09468572258  
0.4224464664  
-0.6805040145  
0.3943187142  
-0.5674078991  
0.5903394052  
-0.3013934967  
-0.8700721228  
0.4502714204  
0.01178685068  
0.6332797845  
0.2007962043  
1.286616604  
-0.3396009332  
-1.162236154  
0.1621780012  
-1.834811492  
-1.501890947  
-0.5269884528  
-0.6359791217  
0.3270008665  
0.2964238461  
1.495330229  
-0.6327825946  
-0.7005850054  
0.3970316466  
-0.8395098266  
-0.8004912619  
-0.1863840294  
-0.06361252707  
0.5483090423  
-0.3677791563  
0.2962443968  
-0.04353892258  
1.237869697  
0.6426747008  
0.4826384073  
0.8779359768  
0.8509584495  
-0.09322194423  
-0.1183235251  
1.52533265  
-1.831912517  
1.646159275  
1.327518969  
0.4139969848  
-1.563468571  
0.3828631264  
-1.335282076  
-0.5982127113  
-2.627074332  
0.8837751087  
0.1625177386  
-1.82082809  
1.387685073  
0.8723528817  
1.280787335  
0.5123565223  
0.5942546942  
-0.1827983473  
0.1338316706  
-0.3860729175  
-0.8782662928  
-0.7322085671  
0.8385967079  
-0.2727049468  
0.1532243821  
0.1266414795  
0.4267672513  
1.697175748  
0.269857811  
0.8425201834  
0.2732228208  
0.07581187765  
-1.154359066  
-0.4720642668  
-0.3753578516  
1.015122006  
0.3080196111  
0.2370201736  
0.6790805386  
-1.374718843  
0.6455212627  
0.2594646162  
1.686005986  
0.004673229195  
-0.0833787056  
-0.7225571505  
-0.5132413581  
-1.094995598  
-1.502589872  
-0.6562703486  
-0.1572756007  
0.4314626281  
0.1332651004  
-0.5895572268  
-1.554033289  
-0.2292067206  
-0.09366853273  
-0.7651012279  
0.701697226  
1.115457056  
0.52271479  
-0.4958468331  
0.4875706454  
-0.1174208646  
0.2966954397  
0.02303248452  
2.04379918  
-1.683825329  
-0.08686571652  
0.4427732118  
0.4172740663  
0.2138299885  
-0.8422331569  
1.268690334  
-0.3555524703  
-0.7911626719  
-0.5884597345  
-0.04484566763  
0.6880567158  
0.4936970733  
0.1679099433  
-0.7986024138  
0.003102022023  
-0.01585777077  
