2.088330926  
-1.474120988  
1.30181052  
1.481961695  
-1.39514412  
-1.192400398  
-0.220847861  
0.3924273074  
-0.3172939082  
-0.1655036975  
-0.008143512625  
-0.5480904529  
-1.280151275  
-1.08540158  
-0.6317635909  
0.8349984443  
0.9784706654  
1.941032031  
0.3009280719  
-0.1246617882  
0.02864854306  
-0.2062124926  
0.08064344827  
-0.02745888054  
-0.4117185194  
-0.2506737745  
-0.625539059  
2.314423762  
-0.7815124485  
-1.094836956  
-0.6632112262  
-2.024044761  
0.04835660543  
0.3089036242  
-1.070245683  
0.5608278144  
1.571780927  
1.135604939  
1.850058396  
1.286743297  
0.8896785147  
-1.875990103  
0.6879108868  
-1.660126756  
0.7643099232  
0.2798239598  
-2.359035941  
1.136943967  
0.9637485997  
-0.7836750888  
0.7346887211  
-3.054584521  
0.2213559523  
1.593400626  
-1.192644748  
-0.2251753469  
0.3577564148  
-1.09740031  
0.4658043711  
-1.9536498  
0.3839596456  
-1.932451175  
0.2820210884  
-1.588824118  
1.070478518  
-0.3207975694  
0.1791927376  
-0.5618554874  
-1.980073784  
0.4920392193  
-0.3949091715  
-0.6681124319  
-0.2631202694  
-0.7482680383  
0.8040594713  
2.141347106  
0.04998360341  
0.1570727741  
-0.2947207462  
0.3081783687  
0.7377960378  
-0.82245764  
0.4127943258  
0.02722633242  
-0.7326045625  
0.9156418944  
-0.001328447902  
-0.7322739304  
-0.1006729757  
0.07599236673  
0.7688340634  
-1.243730754  
1.311768848  
-0.944323584  
-0.3878775115  
0.7203240087  
-0.5309343706  
0.335928583  
0.9697444142  
1.153085602  
0.4591891051  
-1.112809029  
0.262897703  
2.017063862  
1.696226492  
0.9500159574  
0.9165800854  
-0.9216045419  
0.4130720654  
0.4258205194  
0.1332986273  
0.7100998945  
-0.9902030859  
-1.154456567  
0.5260723974  
-0.3302413784  
-1.325037396  
0.6826678414  
1.232290894  
-2.368178513  
0.4837361494  
1.603718848  
-1.554502604  
0.3259266059  
-0.8863809129  
-0.2084767862  
0.9423550324  
-1.194464217  
-0.2218301134  
0.7780508807  
0.4305906886  
0.4539792153  
-0.0009319008325  
-1.418892283  
0.8099759998  
-1.09658085  
0.5026255457  
-1.93352324  
0.720492641  
1.324712098  
-1.334908315  
0.10952349  
-0.7739881686  
1.733111356  
0.8562392346  
-0.3308891384  
1.251135166  
0.1183291898  
1.219151081  
-1.281540214  
-0.451555772  
-0.4670289349  
0.03093522274  
0.358123719  
1.064054474  
-2.327240233  
-0.05170633057  
0.1446013748  
1.196617992  
-0.2805268666  
0.09411815919  
-0.6767474323  
-0.3842814234  
1.375512525  
0.6228344074  
-0.42376209  
0.1062711945  
-0.3803342865  
0.7247128524  
0.2263974869  
0.2754766583  
-2.237183027  
0.6488772608  
-0.3709402621  
0.4453480974  
0.7911478181  
-0.1812615626  
1.511853482  
-0.2189195434  
0.196929675  
0.2803734068  
-0.2247543399  
0.9186860346  
-0.1283459286  
-1.067485301  
0.4904045804  
0.08103235818  
-0.5957474172  
0.1665441379  
-1.735016737  
0.6166608945  
0.08415128062  
1.912510263  
-0.4091889776  
-1.050418266  
-0.9793579771  
1.20818156  
-0.06888180885  
-0.5250984465  
0.9622287085  
-2.596698013  
-0.6395927237  
-2.538880176  
-0.2404953189  
0.2029043625  
-2.628238832  
0.3070946845  
1.264392474  
0.5241247816  
0.2241258082  
0.3467781434  
-0.775812733  
1.659357258  
1.256438619  
0.05524554917  
-0.2353958576  
-1.540327119  
0.1602445238  
-1.93289146  
0.08560404063  
0.8495006109  
1.38209998  
0.8046811704  
1.023103143  
0.2028045824  
-0.7250898347  
-0.9263733035  
0.9627126461  
-0.4368257144  
1.213885448  
-0.1023861606  
-0.4775628769  
0.1654612733  
0.5540408308  
-1.018685668  
0.1514714581  
-0.3516225699  
0.735111108  
1.793942245  
-0.4968368064  
0.515630677  
-0.5085996045  
0.1275381742  
1.274127475  
0.3800960405  
-0.9824351133  
1.372774446  
-0.4147357109  
-0.5826663168  
-0.2926415751  
-1.20255812  
1.11252831  
-0.3175168718  
1.078846981  
0.08446430737  
-1.089722115  
-0.1644898261  
-2.247728277  
-1.018723645  
1.195813235  
-0.8035261197  
0.2223952094  
0.6057271829  
0.169098776  
-0.9664891241  
-0.6133863235  
0.189120111  
-0.8847259403  
1.088989873  
0.4346950602  
-0.9968835049  
-1.243784659  
-0.4366717264  
-0.2909004945  
-0.5938671594  
-0.9094369629  
0.2295331913  
0.8181608282  
0.1347753508  
-0.1271321992  
1.596947078  
-1.066668304  
0.8278908042  
0.7112643399  
0.5900075196  
0.4030125347  
-3.235535796  
0.8630409  
-0.4916549765  
2.785640107  
0.2709028349  
1.247137811  
-0.7766683135  
0.5190306872  
0.4982528902  
1.005420164  
0.4600161198  
-1.956384226  
-1.441996171  
0.1151678791  
-0.3203428013  
-0.1220914861  
-2.591579606  
1.410994857  
1.484855065  
1.281967365  
1.323207919  
0.7695457469  
1.0666228  
0.4729625457  
1.222582148  
-0.1724063214  
0.713858674  
1.601511706  
1.775656853  
-1.786889618  
0.09302881765  
0.6567616935  
0.4977609925  
-1.494192039  
-1.711883356  
-0.4570691163  
-0.4000041037  
0.5893109209  
-1.228482708  
-0.7313550804  
-2.383765795  
-0.2887087958  
-0.3775489602  
-1.389698056  
0.1834136637  
-0.9527928922  
0.7474772371  
-0.6530767668  
1.46654058  
-0.4631193423  
-1.109525704  
1.233919025  
0.240135881  
-2.135362983  
0.9550970156  
0.6009017909  
1.074056298  
-0.2217562026  
1.085415112  
2.090213645  
1.237261113  
-1.411888896  
0.1354238338  
-0.8656022235  
0.4922514185  
1.220075108  
1.099655235  
-0.737722463  
0.04940107426  
-0.02740533781  
0.4989976103  
-0.1061527831  
1.775221416  
-0.623555333  
0.722831674  
0.1993561237  
-0.7175052947  
-0.917883631  
0.4320595167  
-1.087156553  
0.1852165738  
-0.8535500853  
-0.774242148  
0.3969241854  
-0.007334846078  
-0.8305653622  
0.3081898461  
1.65930711  
-0.4873211363  
-1.334682958  
-0.3666621653  
1.019286897  
0.2975303867  
-1.027485826  
-0.1441642514  
0.6737930904  
-0.7698781686  
0.9672409544  
-0.03699761088  
0.009135637962  
-0.04053473945  
1.176695923  
0.173369956  
-2.311305231  
-0.2618907875  
-0.4476948638  
-2.189397591  
1.693164808  
-0.06842467368  
-0.8267332275  
0.8701634078  
-0.4462918725  
-0.2125337711  
0.538394781  
0.5448594918  
-0.7599277473  
-1.319933528  
0.3033962973  
0.05674994876  
-1.093212412  
-1.771266853  
1.478167575  
1.797009685  
0.3849273577  
-1.070006529  
0.3816582438  
0.3364568131  
0.8151171921  
0.7470330046  
-2.488051915  
0.9974067231  
0.5415346872  
0.8009844083  
1.055651148  
0.6975136186  
-0.8617598411  
0.1166946785  
-0.6726429883  
-0.1748418645  
0.5550975546  
-1.040205296  
1.808826193  
1.039402231  
1.36278378  
0.6142609505  
0.61043526  
-0.05209744118  
-0.1826309787  
1.288941006  
0.23497801  
-2.747067705  
-0.1256760739  
1.089090166  
0.3923965844  
-0.05172410337  
-0.224313515  
-2.296984717  
0.5027822419  
0.5057601577  
-0.9428233961  
-0.4178663062  
-0.601947216  
-0.1357800993  
0.299005094  
0.5568667844  
-0.0267067561  
1.02929973  
0.347878898  
0.03925252291  
0.1549161586  
1.082880401  
-0.3319155855  
0.9456012717  
0.7963067568  
0.5937705745  
-1.713042613  
-0.338965617  
-0.7176437669  
-0.4721501653  
-0.9305141295  
-0.2985488661  
-0.1542452022  
-0.5536805623  
-0.09563555677  
0.01732451781  
-0.6989604507  
-0.7039577236  
-0.3376939982  
0.5339344517  
0.1128929814  
-0.5012245934  
0.02689199027  
-0.6314568664  
-0.2775018003  
-0.1548166971  
2.183047104  
0.20082653  
0.07940308072  
0.7393940586  
0.00608143181  
0.4254011535  
-1.349177629  
-0.09295600858  
-1.675861016  
0.2254398073  
-0.1510884055  
-0.1905320394  
0.8502082075  
0.9534434554  
1.342185029  
-0.4401129147  
-1.008130678  
0.4020975219  
