0.9873184136  
0.3413190886  
0.8090652473  
1.282060648  
-0.2335834063  
0.706629889  
-0.9356370525  
-0.255835088  
0.5176230075  
0.1392173868  
0.06631749048  
-1.979022845  
0.04642789933  
-1.165031689  
0.8339575662  
0.07871847178  
-2.308361323  
1.003906127  
-1.192404798  
0.7761449259  
0.8691877192  
0.07171395227  
0.80414287  
-0.7646388065  
0.09447377708  
0.04816745212  
0.2354444906  
0.3616167479  
-0.3263267954  
-0.07123055266  
-1.164324019  
-0.6557659379  
-0.2524056179  
-1.905518817  
0.07499226288  
-1.440891893  
0.5342821364  
-0.08978373783  
-2.823870271  
0.5503244414  
1.356878516  
-2.438704435  
1.23499346  
-0.7065076448  
1.126708411  
1.03601443  
-3.276259434  
1.130301436  
-0.2621370687  
-3.217681076  
-0.05389937536  
-0.2947769932  
0.2706722766  
0.4742964766  
0.08770289758  
1.772728115  
0.05891394588  
0.6483473161  
-1.926220965  
-0.1688446767  
1.479118509  
-0.8827587648  
0.786649113  
-0.8243885839  
0.9196389239  
0.5992847703  
-1.048669196  
0.1589733507  
-0.7793462769  
0.4632699642  
-1.99124695  
0.05952067419  
1.045691833  
0.3197388419  
1.594155026  
1.001467521  
0.129683775  
0.1369558348  
-0.2270689577  
0.9164898627  
1.194107886  
-0.2679062158  
0.1865891691  
0.0961717626  
0.418687622  
0.5304981546  
-0.5834230301  
-0.08663003226  
-1.355666112  
-0.4000252665  
0.2408490433  
-0.1425301931  
0.4299345914  
-0.4939902639  
-0.1174290549  
0.1921068733  
-2.292137443  
0.2154442875  
-0.7501355674  
-1.577295381  
0.7554393935  
0.5326786314  
0.1486810459  
0.2081629518  
-0.8938515783  
1.285693224  
-0.05146251917  
0.6238989751  
-0.06040613228  
-0.05904156879  
0.0315238575  
0.05856421035  
-0.752593211  
-0.1271165431  
0.3439653371  
0.3029995314  
-0.02617563736  
0.1556720732  
0.2391660576  
-2.405362754  
1.350315846  
1.337620453  
-2.47170671  
1.964010332  
-2.004429182  
0.4361300303  
0.9301481743  
0.3057068685  
0.3901286059  
1.102863233  
0.3383499967  
1.021201311  
0.886117017  
0.7301919358  
-0.5468335958  
-0.03188123711  
0.8825579015  
-1.501442568  
-0.01241265916  
0.2813344015  
-0.9761300558  
0.9614492995  
0.5292013413  
0.4568629074  
-0.7431950673  
0.3206849268  
-0.09311585917  
-1.21528468  
-0.2347763818  
-1.785479974  
-0.03158498144  
1.01819346  
0.6215760332  
0.1540643949  
1.189158378  
-1.13547294  
0.5930456295  
1.085339149  
0.1238824635  
0.4792565127  
0.6999351652  
-0.511094845  
0.3485580321  
-1.400852671  
-0.5158725092  
-0.5236025935  
-0.6855221588  
0.2927851498  
0.2340511708  
-0.1811834304  
-0.1976908944  
-1.180972671  
-0.04206392324  
-0.07869669342  
0.5658039041  
0.3164105301  
-0.8681103762  
-0.2706018475  
-0.09426835005  
-0.7630837112  
-0.3419438892  
0.3068604867  
0.2967529821  
-0.06026238019  
0.225664833  
0.5483068695  
1.20261779  
-0.4284299116  
0.7579692441  
-1.206042626  
0.4484964844  
0.9315212383  
-0.7836727979  
0.1305125705  
-0.7891412463  
-0.4576275785  
0.2646046388  
-0.5992555697  
0.4054122573  
1.662005715  
-0.6387119756  
0.5524529175  
-0.6204174703  
0.5850458149  
0.6446056218  
-0.8067922414  
1.203381101  
1.008897999  
-0.2382634006  
1.179159181  
-1.454626451  
0.6449572508  
0.9778943669  
1.302073542  
1.420746089  
-1.118451692  
-0.08245773405  
-0.01297284599  
-1.11948841  
0.3268446238  
1.175980314  
-2.050486099  
-0.09800941324  
0.409368659  
0.129316846  
-0.3570473289  
0.4422934295  
-0.3597897588  
-2.256439518  
-0.5067976744  
-0.9412491127  
-0.7140808653  
0.4780247117  
-0.7951791664  
-0.2300939336  
-2.031468099  
-0.2012152077  
-0.3519898148  
0.147755972  
0.3153315681  
0.4250440585  
-3.649308125  
1.394098468  
2.080858996  
0.8578947913  
0.3635485684  
0.3527882287  
0.6964234843  
0.4404949645  
0.7544583039  
-0.6120447589  
2.831929946  
0.6824585817  
-0.07062853433  
0.2126507122  
-2.067035905  
-0.008962507702  
-0.466813611  
-0.2918997219  
-0.3755593872  
1.041901181  
-1.329694358  
0.01477706513  
0.1617448463  
-0.107623444  
-0.667466065  
-0.4361082267  
-0.2638018681  
-1.565296664  
-0.8356401432  
-0.02657815324  
-1.641692027  
-0.3006889498  
0.09725404668  
0.2877017786  
-2.898257929  
0.6969759244  
1.648276815  
-0.08523112075  
-0.1374635527  
-0.7825010581  
0.6315762742  
0.6602330857  
-0.03719570701  
0.8954763572  
0.9999884715  
-1.073951467  
0.8763260078  
0.8837391457  
-0.8032422888  
0.7156997314  
-0.205172065  
-0.503849594  
0.3666160862  
0.2463829956  
0.9439358746  
0.7358300892  
-0.8412646312  
-0.7861460521  
-0.3812707979  
-0.4195960785  
-0.821059174  
-2.471219721  
1.042109303  
1.257576732  
1.028208284  
1.518917547  
2.039049224  
1.318781221  
1.491230487  
1.344709036  
-0.02675013475  
0.4016368279  
0.9134525233  
1.642926383  
0.6039561561  
1.673425578  
1.52624502  
2.008855269  
-1.824568821  
-0.4179330396  
-2.793262588  
0.2942675071  
0.5926298814  
0.2203357079  
0.02972560743  
-0.4670390823  
0.1444055807  
-0.3336122129  
-1.662513984  
-0.6083375543  
-0.4082035786  
-0.5809999887  
-1.008008258  
0.7770518396  
0.6350883349  
-1.309972168  
0.7523257691  
-0.3662171399  
-1.000027732  
0.6347695136  
0.6839799512  
-0.9604822189  
1.139969666  
1.416795462  
1.831426796  
0.8350532588  
-1.022184905  
-0.4292185122  
0.03474085619  
0.4129766062  
0.6358510772  
0.3852036478  
0.2912287264  
-2.374880008  
0.8025414593  
1.358728799  
-1.008464973  
0.2630412728  
-0.2693870961  
0.3823886664  
-0.3655786248  
-0.6835929592  
-0.05963437917  
0.2038986392  
-0.4534099571  
0.2012562387  
-0.5291923752  
-1.318461477  
-0.002402051351  
-0.4747688409  
0.3712011189  
-0.1144642696  
-1.557497687  
-0.01585176779  
-0.009720326187  
-0.3172497373  
0.1839700047  
-2.252105386  
-0.5825512289  
0.4358756466  
-0.6285820795  
-0.926824516  
-0.1093786291  
-0.2734559078  
-0.513535554  
0.3980956362  
-0.1412515479  
-0.1914065165  
-0.8353770684  
-0.9258389998  
-0.3942802223  
-0.6942006147  
-0.7151075878  
-0.4431075109  
-0.361441468  
-0.3648555573  
-0.9412130056  
-0.2674292499  
-1.19705316  
-1.212967005  
-0.5817729347  
-1.192081516  
-1.161497906  
-3.350354593  
1.773397518  
-0.3815914722  
1.907199186  
1.549510989  
1.091218788  
1.931865631  
1.096124838  
1.647302922  
1.2807367  
1.35271423  
0.1298433545  
0.9803753705  
1.574372297  
-0.1990349846  
-0.364208942  
-2.146995664  
-0.322534566  
-0.6999308468  
-0.2723074744  
1.046483095  
1.347766565  
-0.698100058  
1.144143417  
0.4477497792  
1.06878241  
1.142168007  
-1.039711111  
1.452888819  
1.664995769  
2.150127433  
1.372889559  
-1.360983702  
0.3258000124  
1.217039056  
0.920847787  
1.34130021  
1.488720468  
-0.1324481424  
1.639729691  
0.8906057363  
1.364530689  
1.280311363  
-0.7133453595  
-0.1635997443  
-0.4240598833  
-2.863301134  
1.01136345  
1.122218851  
0.62271575  
-0.9924590651  
-0.4145365843  
0.08681517746  
-0.2257419044  
-2.593484606  
-0.04132736444  
0.7947767464  
-0.9906288534  
-1.183664236  
-1.001310797  
-0.7226815198  
-1.132697277  
-0.6774822416  
-0.6721230157  
-0.3430188863  
-0.1212561555  
-0.2394093768  
-0.7270148945  
-0.02989717513  
0.05951828443  
0.7692016677  
-0.4475695867  
0.2344182742  
0.07841154691  
-0.2578087148  
-0.03072186087  
0.2999338346  
0.2977333816  
-1.195106724  
0.1312227041  
0.04971500359  
1.1777549  
1.799931805  
1.169418381  
1.567353277  
-0.1802473018  
-1.041789753  
-0.06923651999  
0.1002102405  
0.1318485232  
0.3242783642  
-0.5834231285  
-0.4778384356  
0.01197525611  
-0.8966771958  
