1.542664413  
1.593719074  
0.1234535472  
-1.602008677  
-0.6660253526  
-0.9403838981  
0.1396356221  
0.3320274982  
-1.041270101  
-0.4238327732  
1.284524743  
0.6123108263  
0.8207494211  
1.128018998  
0.1585435601  
0.1765935464  
-1.071250706  
-1.743638756  
-0.8094945517  
0.9474371102  
0.9956321807  
-1.208852909  
0.4894024245  
-2.045791289  
-1.246515021  
0.8995659527  
-0.1004073977  
0.2040299478  
0.5000323815  
0.6298867138  
0.3377086414  
0.2309063558  
-1.736792153  
-0.529497376  
-0.3642977413  
-2.457000113  
-0.732523877  
2.048239767  
0.9994584221  
-0.771737305  
1.039804401  
0.7112377926  
0.5291312785  
0.2836744535  
0.8857483148  
-0.8032175822  
-1.479441733  
-1.205628331  
-3.080914009  
-0.4208719677  
0.3914428098  
-0.4757663758  
-0.5136366444  
-1.451547632  
-1.843499513  
0.249049447  
-0.248658661  
-1.063391287  
-0.2539995615  
-0.7922570155  
-1.394693089  
-1.804997963  
0.5468933147  
-0.5148240784  
1.036414637  
1.431116605  
1.404414201  
0.7827245222  
1.210742592  
-0.534721865  
1.299302584  
-1.110279601  
-0.1471371739  
1.689140209  
1.834027675  
0.4398579582  
1.543887821  
-0.1661970786  
-0.9932485822  
0.4306826275  
1.086298337  
1.008981649  
1.434601343  
-1.258936647  
0.02569493169  
1.468844755  
1.664676131  
-0.8013690536  
0.9425613364  
1.238064399  
0.5242679566  
0.7615704116  
0.3306074063  
0.2922550632  
0.2309868414  
-1.64880118  
-1.418221374  
0.46422528  
1.173848995  
0.9172003462  
0.3826234174  
0.7661626699  
-3.154285965  
-2.170576251  
-0.3511894964  
-0.3288421851  
-1.53780757  
0.4582336178  
0.6969163622  
-0.2672277726  
0.4784923369  
1.025940078  
0.3555968688  
0.01144909711  
-1.73034015  
-0.6076530905  
1.456082146  
1.000991461  
0.7410429072  
-0.2199599577  
1.021566589  
-2.11318964  
-0.223668986  
1.533092827  
0.9621184818  
-1.62901869  
1.22876502  
0.977637691  
0.9680327244  
1.339638704  
1.164319477  
-1.579153566  
-0.3600012312  
1.031867968  
-0.4307667138  
0.6738459166  
0.5730174407  
1.151537553  
0.5310631664  
1.150566716  
0.6622107842  
0.2092594162  
1.438122688  
1.995064314  
2.006486966  
0.3014967513  
1.779531174  
-2.772869952  
-2.368607756  
-1.502543835  
-1.328869856  
-1.806977764  
-1.029868757  
-2.981672219  
-2.334794086  
0.931966018  
0.9834687522  
-1.570627761  
0.8968250965  
-0.3378188545  
0.3764222707  
0.07968753663  
0.8743544768  
-0.1898653749  
-0.7190822525  
-1.178212217  
-2.264854142  
-0.9471593875  
0.2499568841  
0.6887222677  
-0.5217725566  
-1.411321153  
-1.302970478  
0.9525236667  
0.00978632883  
-0.9881321837  
0.3781986853  
-0.8162524717  
-1.949551497  
-0.3236324304  
0.8210999438  
1.034950701  
-0.7542719225  
0.585041594  
-2.008666808  
0.2796977528  
1.43435646  
1.278146354  
0.7067553335  
0.8006307648  
-0.7048413084  
-0.1148218469  
1.006223666  
0.817098304  
0.2530513303  
0.4440970057  
0.8509219656  
-1.027564002  
0.848031133  
0.7075949884  
0.8822562126  
-0.4225272326  
-1.22256805  
-1.777494532  
-0.9823169688  
0.668926855  
0.6402609669  
-0.8705225114  
0.1383414582  
-1.554391317  
-2.29445887  
-0.4635362428  
0.8939574968  
0.6237768344  
0.3288442356  
0.5595506486  
0.5630944558  
0.1451580561  
0.6277852197  
0.1793693618  
-0.8465718824  
-0.03742302868  
-0.9082450054  
0.5834063872  
1.157608935  
-0.007104126883  
0.8832152654  
0.3046904523  
0.7637118199  
1.592636143  
0.8213480323  
-0.7874036638  
0.3168503552  
-0.6943083824  
0.3139119003  
0.03418508065  
0.136137404  
-1.051810025  
0.3029493759  
-1.764800342  
-1.65234357  
0.7211618427  
1.598609986  
-0.09022325879  
0.8918436325  
-1.821632838  
0.4631052328  
1.369398172  
-0.1211257337  
1.311552584  
-0.06944581885  
-1.126073085  
-2.837907727  
-0.516431071  
0.65534326  
-1.143387624  
1.126864379  
-1.93662273  
-0.02228544285  
1.168467093  
1.26321797  
-0.3166005093  
0.9389425606  
-1.736197173  
0.1756182478  
1.258711645  
1.924419281  
0.4710705141  
1.534062376  
0.1713082272  
-0.3639958817  
0.6681480189  
0.6853616755  
1.138147929  
-0.4840023363  
0.3496683284  
-0.1251806004  
-0.5023280177  
0.6765707778  
0.5708428185  
-0.3439088532  
0.1395735405  
-1.723695364  
0.5273010879  
0.9700730865  
0.7414377067  
0.5113729632  
0.9483493555  
-4.297855784  
-2.001251346  
0.3114595953  
0.1178412991  
-1.451305348  
-0.309626313  
0.05385106367  
-0.6931966956  
-0.1558230463  
-0.2158195671  
-1.251184475  
-0.228672293  
-1.380069488  
-1.367318237  
0.9493335333  
1.260951162  
-0.1151426906  
0.6127743617  
-1.913267392  
0.4075714431  
0.562631105  
0.5222907775  
-0.4727371319  
1.320388519  
-0.9331072528  
-0.09157627778  
2.290203068  
1.664614084  
0.2941528969  
0.4270441828  
0.3639395769  
1.442522992  
1.106614001  
0.4440646916  
-1.885705673  
0.2394779468  
-0.1987725117  
0.2958739282  
-0.1008713207  
0.00344711149  
-1.52727479  
0.4594014991  
-2.69597918  
-0.0222754186  
1.543258957  
1.202218217  
-0.8954653841  
1.030389278  
-0.2103812827  
0.1277253947  
0.7977733981  
1.404932874  
-0.2623855352  
0.5595948454  
0.3411397867  
1.6287624  
0.732655671  
0.9097678706  
0.4926211117  
-0.279930849  
-0.632335978  
0.358598037  
0.6006744086  
0.3989923179  
-0.4918362323  
0.3848719823  
-0.9016042893  
-0.1680349012  
1.069122672  
1.14264645  
-0.3634884835  
1.504032936  
-2.183897531  
-0.2287389654  
-0.4707658959  
-2.832438014  
-0.4828363903  
-0.8291704218  
-1.79157551  
0.9222326684  
-0.1038172091  
-1.169413479  
0.3423238058  
-0.2864992324  
-1.170802732  
1.458410034  
1.957141085  
-1.089691823  
1.07918006  
0.6472616556  
0.4223426867  
0.436110421  
0.3803520372  
-1.318533933  
-2.40830658  
-1.544918302  
0.1080577321  
2.079884967  
0.5661433395  
-0.7949392551  
0.1892741785  
-2.965321113  
-0.01477422897  
1.021514636  
1.233385078  
-1.594921332  
0.2823635446  
-0.3279993267  
-0.05557168208  
1.128857713  
0.530524021  
-0.9278247232  
0.4798704163  
-0.04158515253  
-2.486033504  
-0.4396850164  
0.4309203415  
-0.6947131571  
0.4566598483  
0.2619033011  
0.6392489178  
0.6187541797  
-0.03627529916  
-2.335627415  
0.002235353957  
0.1913149153  
0.4127754429  
-0.2333569696  
0.1467577668  
-0.349618331  
0.7476989213  
-0.5798323126  
-0.1247807326  
1.357766905  
1.883381513  
-0.8381161618  
0.5283532566  
-1.025861972  
1.411634089  
0.8273624773  
0.9061017887  
-0.3913070051  
0.2373078259  
0.05337745764  
-0.1137757237  
-0.0751396709  
-1.428669656  
0.1705281417  
-0.6129229658  
-0.5184014968  
0.6480929859  
0.5454868784  
1.039839659  
0.1865778727  
0.3218564  
0.1761819605  
-0.06547539633  
0.2589771008  
1.245409026  
-1.460966725  
-2.422395385  
-3.389674991  
-0.9740517667  
1.08807199  
1.844049853  
-1.098673028  
1.254333019  
-0.5169060697  
-0.126621696  
1.597762093  
0.7773324064  
0.7973847947  
1.038399354  
-0.6712761317  
-0.8223762148  
-0.3177042166  
-0.2286119608  
-0.3811473413  
0.259904377  
-1.309555891  
0.07166072982  
1.516550173  
1.669950277  
-0.3364994132  
0.6141316009  
-0.1770718885  
0.07033735574  
0.7585511498  
0.4287632041  
-0.3924222849  
-0.1389142443  
-0.4991383553  
-0.6790004089  
-0.2712008319  
0.4244426168  
-1.421172827  
-0.1476902568  
-1.309879688  
-1.052390696  
0.02542815273  
2.002284697  
0.2589421779  
0.0266009733  
-1.241045073  
-0.2284886008  
1.456923254  
1.123758176  
0.7289814672  
-0.923387103  
-0.04728393957  
-0.3959957592  
-0.3774344386  
0.3261849654  
-0.7390890326  
-0.4924291368  
-1.790667669  
-0.1421209071  
0.7481729631  
1.324719248  
-0.4210975198  
0.3936468414  
-0.3384685152  
-0.001359967111  
1.649562512  
0.4835352322  
0.5284771829  
-0.01433580129  
-0.2808550141  
-0.6313761805  
0.8060053835  
1.511294718  
-0.231145159  
0.4426236791  
0.2753151486  
-0.5767243966  
0.6366848333  
1.214985909  
1.564939947  
0.5084557671  
0.5722108444  
0.5594102246  
0.697542808  
0.1011420343  
-1.822224078  
0.4628867427  
-0.6814670593  
-0.1894648303  
0.4435149398  
1.418255066  
1.046239056  
0.5861430609  
-0.2725096439  
-2.945716275  
-0.7189165647  
-0.5088716772  
-1.129478361  
-0.4824496437  
-1.706829549  
-1.150412862  
1.115354227  
0.7781214997  
0.02164685445  
0.2537210024  
-0.6524357878  
-0.985456347  
0.5772269189  
0.4651837776  
-0.2156840049  
-0.09561347863  
-0.8959436654  
-1.085618923  
0.9546404992  
1.326999021  
0.1985955977  
0.6445510454  
0.02723418588  
0.1733057432  
-0.05845388091  
-0.543572472  
-2.117382782  
-0.5829320949  
-2.137707705  
-0.1915547446  
0.685340883  
0.8161236491  
0.3366401341  
-0.0494418975  
-0.9792849758  
0.2562978044  
1.314214619  
1.154334057  
-0.01783606628  
0.2400191272  
0.6251887737  
0.5259470065  
0.3261489229  
0.3325561155  
-1.728784947  
0.107422872  
-2.795544091  
-0.008134463242  
1.453061774  
1.790928959  
0.5643254451  
0.5728981057  
-1.053341725  
-2.363553342  
0.06871709174  
-0.1469187307  
-0.8551942853  
-0.05428931316  
-2.450706093  
-0.8355628651  
1.113140302  
2.120155133  
-0.3936243068  
1.088249739  
0.5898996413  
0.2005370553  
0.1406217846  
0.3331342731  
-1.557936951  
0.1233102693  
-1.070364641  
-0.132031105  
1.488191391  
-0.2513552418  
0.7477995177  
-1.558744172  
-0.4149279256  
1.425522067  
1.250675379  
0.7260442085  
0.3512072745  
-1.313579178  
-0.639912122  
1.284370315  
0.6519893827  
0.3304646141  
0.4385956984  
-2.513068012  
0.08648840402  
0.6810062856  
0.9149130237  
-0.5623012773  
0.1953780561  
-0.4069291847  
-0.01682189751  
0.4711486466  
1.607410017  
0.2360151517  
0.5640714263  
-1.703235428  
-0.2458809288  
0.5571688153  
0.5520203226  
0.9006858049  
-0.7257611107  
-0.1035486642  
-2.399767645  
0.2671244966  
1.289983848  
1.528541187  
0.07193428079  
0.7902722298  
0.2972543424  
0.5670305892  
0.04877033993  
0.3351374717  
-0.7424122122  
0.2076623385  
-1.120721301  
0.09437122254  
0.8108970625  
0.9700004766  
-0.7940845282  
-0.3113317401  
-0.2896319068  
0.1465537481  
-0.4654151147  
0.1509536456  
-0.6387080993  
0.4789404822  
-0.7175745989  
-0.2429938134  
1.154151887  
1.505920344  
0.6824067901  
1.27793533  
-0.3881965784  
0.432580452  
1.577329724  
1.547224467  
-0.8342558759  
-3.421960762  
-1.978721529  
-3.185610356  
-1.38296542  
0.3967881698  
0.5441352368  
-0.3778871743  
0.1526609128  
-0.4526929848  
-0.5415010861  
0.4384615063  
0.2722929938  
-1.818525178  
0.4960979451  
-0.04878239653  
0.5131408869  
0.5182677439  
0.9868124414  
-0.2743692555  
-0.3314805435  
0.01487147067  
-1.178545153  
0.4232791667  
0.9458693457  
0.5532562768  
0.6770953707  
-0.09959832189  
-1.554140366  
1.312685194  
0.4474944042  
-0.1606073275  
0.6047963114  
-0.07365295178  
-0.1590799828  
0.08326589173  
0.6953115491  
-0.4167470003  
-0.2357118835  
-0.2736665599  
0.2690907194  
0.1875331959  
0.09927775966  
-0.08955275082  
-0.2051683935  
0.8119966092  
-0.4759587526  
-0.2690138375  
0.3145327478  
0.1901084771  
-0.2252294508  
0.5263394501  
0.2816610113  
0.08362217218  
0.2200875424  
0.08536425611  
-0.6158216373  
0.1309172538  
-0.4939640099  
-1.285572415  
0.5804325529  
0.9991556742  
-0.1748837766  
-2.449441579  
-2.133842388  
-0.4835016872  
2.200133186  
1.110079162  
-0.2172260841  
0.6272396101  
-1.455520797  
-0.4097886432  
1.073005307  
1.074599791  
-0.1099123858  
1.225699797  
0.3336655771  
0.171377956  
-0.1242853946  
0.1519801756  
-0.1120797044  
0.1430663974  
-2.226786374  
-0.4358220379  
1.001097174  
2.051699528  
-1.047466186  
1.278042161  
-0.6139824769  
-0.4289247004  
0.2793710679  
0.3686316886  
-0.6216248662  
0.1814876844  
-1.888429989  
-0.348479592  
0.9259339343  
0.5931604817  
-0.3690812103  
-0.9084155308  
-0.2527439113  
-1.353017912  
-0.3109163667  
0.7242233325  
0.5086021206  
-1.783403045  
-0.2897184356  
-1.146781171  
0.2152789599  
1.424339529  
1.177012387  
-1.401317466  
0.4477923854  
-0.5015942073  
-0.3480463912  
0.1704955601  
1.043585023  
1.300151288  
-0.5927967619  
0.9014293134  
-1.845565085  
-0.03321187118  
0.7282924537  
1.334125725  
0.6931900343  
0.4092888989  
-1.830902132  
-0.0882866642  
0.7147614591  
0.4355921042  
-0.05294947284  
0.5734725933  
-0.8795220929  
0.5581896197  
0.4872512023  
0.0578168269  
-0.7539567878  
0.8350038853  
-1.810973722  
-1.330137183  
1.420903056  
1.40243131  
-0.1285868546  
0.4921157539  
-0.8187348741  
1.033551717  
1.327525805  
0.1171384851  
0.2874608058  
-0.7348467552  
-0.9881378772  
-0.5224843288  
0.4167733352  
0.4143569971  
-0.3114295804  
0.5364537511  
-1.811242356  
0.1055205104  
1.386778549  
0.9965539692  
-0.4587448544  
0.554225853  
0.1920081703  
0.4696300219  
-0.07822095987  
-0.06954630251  
0.2595679302  
-1.125708079  
0.2464015051  
-1.265436884  
0.2518328447  
0.6229669223  
-1.058789805  
0.3170174724  
0.1653853342  
0.7822231112  
0.6134784724  
0.330928023  
-0.964047894  
-0.3818451632  
0.4142632338  
-0.002475636152  
0.05009888296  
0.7460120818  
-0.8028059995  
0.380757089  
0.4229003819  
0.07813202436  
0.9164179907  
0.4518780399  
-0.9591025869  
0.2318160515  
-1.233914189  
0.3695911006  
1.886622193  
-0.1939483964  
0.358062583  
-0.7121078683  
-0.3367906672  
0.5926156187  
0.4044623332  
0.4050462342  
0.374417237  
0.8118310455  
-2.001729033  
-0.2995649107  
-0.3706572795  
-2.04265315  
-0.7631041867  
-0.5646766757  
-0.9017412423  
0.4241929281  
1.374294103  
0.9858727907  
-1.145452566  
0.1371572454  
-1.549372887  
-1.408094786  
1.086986809  
1.232495856  
0.4609684944  
0.171278282  
0.02785520778  
-0.302726406  
0.2086182544  
0.1921878215  
-1.478552664  
-0.4401469662  
-0.1973737478  
0.07289292637  
-0.5385035845  
0.6500022513  
-0.2380787189  
-0.6541983263  
-0.1061355804  
0.4297837659  
0.1312876023  
-0.4107999881  
0.379479416  
-2.743310149  
-0.4815285064  
-0.454086181  
-0.3980607834  
0.9483116524  
1.258873164  
0.1743360461  
1.26016961  
-0.2670082879  
0.4576385359  
0.7084976059  
1.025061172  
-0.7429427371  
0.1391655544  
-2.910140012  
-0.256152858  
0.8879540561  
1.345105719  
-0.6706766138  
1.742101432  
-0.4847505997  
-0.3998670976  
0.8808352309  
1.584640463  
0.8746595563  
0.06848995268  
0.2435294302  
-0.01303786171  
-0.03407215481  
0.4514207066  
0.3539103527  
-1.008626181  
0.06367804926  
-2.671621637  
0.3945099835  
1.334967602  
0.8950029033  
0.4676043763  
0.7217839332  
-0.5570213396  
-0.5015500461  
1.639855406  
1.112416372  
-1.237793848  
-0.04950740304  
-1.729916504  
-0.5636129251  
0.7481269325  
1.569285061  
-1.09788278  
0.1435276482  
-0.4121072094  
-0.6605376896  
0.6566715856  
0.260471122  
-0.105103879  
0.2787991302  
-0.986359246  
0.437508625  
-1.838377642  
-0.1327065447  
-1.164476118  
0.3775494781  
-0.5437159473  
-0.587508072  
0.9125551115  
0.6380150328  
0.02925931607  
-1.086508201  
0.7549804815  
-1.372542504  
-0.360050923  
1.052429185  
1.495675769  
0.2517864362  
0.8531896318  
-1.528185042  
1.066345274  
0.7894557919  
0.1159202951  
0.04045988813  
0.144047652  
-1.431491401  
0.01758658272  
1.111479585  
0.9890796857  
-0.4869695858  
0.1272316623  
-0.8341341509  
0.1580895508  
0.458608532  
0.1712895643  
-1.153214521  
-1.68585227  
-1.313807257  
0.6282255822  
0.7983922414  
0.06137886669  
0.8866110349  
-2.081881906  
-0.8682135329  
0.704250406  
2.001819418  
0.6312101173  
0.2225871024  
-0.4612615814  
-0.8573809516  
0.5365537301  
1.493498898  
1.055687966  
0.5047046966  
0.3409455286  
-0.8030527162  
1.097766833  
1.464875769  
1.288906042  
-0.1666804013  
-0.3011217653  
-1.059031616  
-0.778883254  
-1.3149205  
0.1060230909  
-0.7597417258  
-0.9316531385  
-0.9891249705  
-1.28259862  
-0.6571339549  
-1.027398672  
-1.13443464  
-0.5336393922  
-1.880622359  
-0.09034328027  
0.1898787031  
0.906042288  
0.4322920317  
0.4457970507  
0.5342064086  
0.3450976164  
0.6691304503  
0.1971716554  
0.0117582317  
0.01328996402  
-2.162647059  
0.3428049765  
1.205938913  
0.947315441  
-0.8299440351  
0.4700107018  
0.1481043043  
-0.2354177477  
-0.1263905578  
-0.1842202314  
-1.50172314  
0.04964723944  
0.2236469271  
0.1313191347  
-0.1311242821  
0.03006669942  
0.2921421337  
0.2234166619  
-0.6318344078  
0.2490807173  
1.531588468  
1.621192344  
-0.2785539418  
0.404261288  
-0.06836935378  
-0.3598881971  
0.139377433  
-0.1708626719  
-0.1042219884  
-0.288095692  
0.4637600815  
-2.184970326  
-0.3912933682  
0.4502738059  
1.14599885  
0.4744369484  
0.4941794141  
-0.05893787335  
-0.1858319214  
0.3579251623  
-0.6937636541  
-0.4299092928  
-0.3333771483  
