-0.1622541072  
-0.2647377598  
0.4954655552  
1.795521941  
0.169688807  
-1.50915182  
0.2842965218  
-0.03378483418  
0.0336824615  
1.08999194  
0.5411634541  
0.4477600932  
2.467701725  
-0.7142748521  
0.03474984535  
-1.037899634  
-0.9291248158  
-1.975475995  
-0.09947899327  
-1.779717326  
-1.648986416  
1.26088847  
-1.010848163  
0.2411478763  
-0.2792442456  
-0.03062981094  
0.4347820473  
-0.4395679633  
0.01960843037  
1.200815372  
-0.2071211261  
-1.383053943  
-1.833646156  
1.146296116  
-0.525053508  
0.5359703834  
0.6770853704  
2.527428494  
0.3189983659  
1.431027398  
0.6054019415  
0.3802423276  
1.260003188  
1.003956913  
1.210608045  
-0.8933451069  
-0.2319918735  
-0.9212740696  
-0.9595042678  
-1.265325287  
-0.6164345816  
-1.813602715  
0.656223062  
0.5571265628  
-1.379465072  
-0.7504394072  
-0.3798796505  
-0.9726399291  
1.778755361  
-0.6561598306  
0.6031428939  
0.05432141946  
-0.2112438033  
0.8207917885  
1.121415164  
-1.15382146  
-0.4276092039  
0.5136970962  
0.1082500014  
-0.3200881493  
-0.1130088312  
0.1306117123  
-1.1227721  
-0.07316472614  
-1.014446841  
0.4133936132  
-0.9640762561  
-1.415092512  
-0.1852149853  
-0.4919059024  
-0.6493504394  
-0.9275606084  
-1.590186193  
0.7169330872  
0.09393270771  
-0.06451311002  
2.25502913  
-1.51329829  
-0.2614489924  
0.5114917745  
0.8216540522  
1.794106014  
-1.241808286  
0.8412737091  
-0.2391859445  
-0.05060476428  
0.07415973458  
1.01103784  
0.481915743  
2.356603766  
0.4167144227  
-1.483393517  
1.036729513  
-1.727983727  
0.738167596  
0.4456797737  
-0.2489495148  
-0.4016533294  
0.353684658  
0.2199319814  
0.01606077637  
-0.3661853487  
-0.2967955847  
0.1847098397  
0.3059681818  
0.8518286167  
1.093569464  
0.2521719966  
-0.4682763781  
-1.520084135  
-1.08532858  
-1.128825459  
0.1027950306  
-0.4475162945  
0.06485431172  
1.037730265  
0.02826735315  
-0.3288745973  
0.01542807611  
-1.726720063  
-1.211204061  
-0.8557979115  
-0.5399295679  
0.8355219274  
1.034725647  
-0.6937218855  
-0.1264458015  
-0.08951593232  
-0.8503696133  
1.592868552  
-1.397948497  
0.1069724591  
0.6484248444  
-0.2083862472  
-0.9717879697  
1.267712167  
-0.2140283457  
-1.775701971  
-0.1314136384  
0.9928619924  
-0.2350250809  
1.96105973  
0.9473751775  
2.334630399  
0.7234499479  
0.9957934748  
0.7711393465  
0.66491005  
-0.0312421325  
-1.165734421  
-1.281994355  
-0.429855554  
-1.292605587  
-2.237020382  
-1.30834661  
-0.6442911359  
-1.650177192  
2.523801395  
-0.7654907279  
0.4518968762  
-0.5571813426  
0.5400178954  
-1.179413344  
0.4064885788  
-2.014716049  
0.4818247433  
-0.428900964  
-0.7560398196  
-1.046570882  
-1.116416815  
-0.03303507409  
0.6353507178  
-0.257605804  
-1.727979074  
-1.285836071  
0.1068602996  
1.455719155  
0.06864474375  
1.214333421  
0.5347858841  
0.6601726051  
-0.1732255654  
-0.2536287223  
0.2341302424  
0.09626682366  
2.195414901  
1.292826396  
1.337937903  
0.3362985803  
1.242460294  
0.01096838717  
-0.8602447271  
-1.01942043  
0.3670416638  
0.009447552928  
-0.555906028  
-0.5976446916  
-1.445411005  
-0.2181022954  
-0.6401026382  
0.8953837169  
0.4477272114  
1.674109618  
2.601228464  
1.283662766  
1.09413442  
1.725865205  
2.279372362  
-0.90248109  
2.04788778  
-0.7487743429  
-0.3065271567  
0.4281404169  
0.5711194379  
-1.425929552  
-0.8308787851  
-0.2617964797  
0.7622244469  
0.3253955309  
-0.09394305996  
0.03329229921  
-0.5936017604  
-2.002215626  
-0.4829984779  
-0.6402911998  
-0.5825494312  
-0.5436530918  
-0.1173960859  
0.5406184983  
-1.408802327  
-0.2738374106  
0.7103056092  
-1.233390199  
0.6978526909  
-0.02977821536  
2.198000988  
0.2991150401  
-0.3656920434  
0.1877817446  
-1.328957218  
0.3061816218  
-0.4504713531  
-1.741672335  
0.4801781799  
0.2247220502  
0.4610327603  
-0.5600669718  
1.561674955  
1.66357449  
1.808618269  
1.917623006  
-0.3555035972  
0.5412372448  
0.04164347435  
0.931778346  
0.7604898033  
0.003550040401  
-0.4011259005  
-0.8827741657  
0.9748024749  
0.1320914096  
1.147914703  
0.3370542186  
0.6887648465  
-0.3882552812  
-1.447490969  
-0.5526069388  
0.1424826959  
-0.4693592958  
0.009968699487  
-1.011101892  
1.626864567  
-1.012144868  
-0.9613861827  
-0.8281207828  
-1.2834287  
1.911838607  
-0.7246518937  
-0.7836644717  
1.306358904  
-0.7084484336  
0.9725737746  
-0.6692114677  
-0.9081397724  
0.4837813803  
0.3129959043  
-1.882972028  
-1.54238691  
-1.212977627  
0.9063487962  
1.07256097  
0.4122055346  
-1.862066697  
-1.623687081  
0.5140176359  
-0.2043631429  
0.0578355787  
0.2382081467  
0.6503071201  
-1.08140889  
-0.05853757515  
-1.180256485  
-1.240195858  
0.4448188982  
-0.2336160712  
0.6105279273  
-0.8576743241  
0.8434130213  
-0.6326106776  
-0.5232026712  
-0.8657723001  
-0.6344755574  
0.401776318  
0.4565770427  
0.4232866662  
1.238077457  
0.2949397364  
0.9199185796  
1.647975835  
-0.2261832143  
-0.3269451327  
0.5303448905  
1.121954742  
0.1577319065  
0.03369735145  
2.256262694  
1.960795582  
-1.008314959  
-0.3565941355  
0.04085215975  
-2.047786446  
-0.7494985506  
-0.9952154285  
-0.5304313157  
0.64077421  
-1.098319471  
-0.04472185788  
1.122268347  
-0.4080976545  
-0.8488867212  
-0.5939818126  
-1.684393728  
-0.2247319853  
-1.317484031  
1.078993941  
-0.3056325129  
0.1213799888  
-0.3198988244  
0.3656162675  
0.4672532738  
0.8104482256  
0.3440440364  
-0.789016185  
-1.150040495  
0.4482133185  
-0.03967090413  
-0.5363296481  
1.248460321  
-0.3945713376  
-1.99934166  
-0.5636321038  
-1.540268729  
-0.926500228  
-0.8998724959  
-0.6789479282  
-0.613032858  
0.2597750507  
2.090042497  
4.575474839  
4.572168467  
1.40320081  
-1.233045279  
0.7621121445  
-0.735879436  
0.5501144516  
1.021238885  
-0.6167730846  
-1.066791553  
-0.1219785188  
-0.2118908194  
1.965296495  
0.5608606203  
-1.294953183  
-0.320615039  
-0.5992548191  
1.088392825  
-0.3142123659  
0.6632226957  
1.3136698  
-0.4698074334  
-0.6826913609  
-0.7719959177  
0.1328520054  
0.2399935238  
-0.5039035968  
-0.427725675  
-0.7765636562  
0.6005443116  
-0.7012571273  
0.4427814223  
-0.4100906563  
0.006467789332  
0.6503965427  
1.369972465  
-0.2230977906  
1.760179955  
-0.7860705781  
0.6815437583  
1.438896645  
0.6271750927  
-0.9551969285  
0.105161235  
-0.9318493001  
-1.394393439  
-2.430229562  
-1.408152311  
-1.309515234  
-0.8253633282  
-1.460513722  
-1.478626257  
-1.356700668  
0.3007637  
0.07936477522  
0.03752899883  
-0.02389670464  
-0.3292239903  
-1.088599342  
0.1459939245  
-0.9959972111  
-0.5126525896  
-0.4505515892  
0.6768371022  
1.560013733  
-0.2665030114  
-0.0693644274  
1.115038285  
0.9529251227  
0.1835740995  
-0.3462525682  
-0.830315071  
2.266028826  
0.5160735073  
1.174136199  
2.014067391  
0.8148619843  
0.3184153711  
2.153980326  
1.326239208  
-0.1802282437  
-0.3206486979  
0.4763504881  
1.103560509  
0.5117306169  
-0.4977299603  
-0.7014399344  
0.2414292136  
0.3178851202  
0.6496104901  
0.3121254558  
-0.01338807581  
-0.788876048  
-0.2657578273  
-0.5669013855  
-0.3114390031  
-1.520030114  
1.140850021  
-0.1664122573  
-0.5416657461  
0.9954857299  
-0.7636820428  
-0.6400793672  
-2.227025231  
0.1121388956  
-0.4936467317  
-0.8299980731  
-0.7640816913  
-0.7939939066  
0.3361414601  
-1.827353034  
-1.27481633  
0.05880870614  
1.129573401  
2.156228566  
0.7545838069  
0.3152507164  
1.387790468  
0.4126094992  
0.6339613847  
0.9371408094  
-0.2029214536  
-0.2908224897  
-1.395540055  
0.6862226634  
-0.3606859135  
-0.2845819557  
-0.6710001412  
-0.9814794019  
-0.5993964362  
0.7838456325  
-0.9432668949  
0.6397265847  
-1.235317873  
-0.4734497745  
-0.9760686322  
0.04747642351  
0.3847352739  
-1.138806585  
0.7839467585  
0.3865796226  
-0.7215278529  
-0.1508209113  
0.1141346041  
0.3555433782  
-0.2508856866  
0.7845594291  
-1.547984881  
0.02896983301  
-0.4584768241  
0.1370613164  
2.006175082  
0.6966197708  
0.4549494649  
-0.6927663229  
1.204662874  
0.7658016645  
0.3578593009  
1.183022859  
2.169091872  
1.463949223  
-0.4678704519  
0.8493334926  
0.66994414  
-1.239441515  
-0.3402822442  
0.02547188519  
-0.7397476508  
-0.09461934545  
-0.3681860989  
-0.9030625924  
-1.326120861  
0.09633949069  
-1.269094279  
-0.4641610797  
1.971421129  
-0.045635432  
0.02184929917  
0.8240298859  
1.197282764  
-0.0005338493852  
2.088180313  
-0.317682015  
0.3587925824  
-1.216028076  
0.3231611425  
-0.7327096412  
0.5487977949  
-1.497222814  
-0.6648437159  
-1.14684526  
0.09754114278  
-1.005364404  
-0.3451997037  
0.4644978058  
0.9116239305  
0.1707589558  
0.398419902  
-0.1384732765  
0.3128601387  
-1.384172661  
0.1858311361  
-1.537672918  
-1.321529477  
-0.3810924486  
0.2776083397  
2.628353075  
1.505548078  
0.5793512431  
0.2152664562  
-0.4921516423  
-0.01537934568  
0.1870184322  
-1.205791394  
-0.1672466953  
-1.586249423  
0.5093100154  
-0.01177887982  
0.2152320292  
-0.2861157284  
-0.4168378361  
0.2631928369  
-2.106715794  
-0.4331549799  
-1.792139387  
-0.5223592079  
-0.2204213418  
0.2842850011  
0.5760228512  
0.8268246983  
1.05375865  
-0.9861153523  
0.7156190565  
0.6359998453  
-1.046175684  
0.4995250359  
-0.1764330085  
1.455898987  
1.3856282  
2.002520803  
0.2910792911  
0.4544700585  
0.8665313856  
-1.556920127  
1.803747763  
0.4493768762  
1.515863965  
-0.2206547902  
-0.7441412755  
1.267471113  
1.013565911  
0.5993492994  
-0.151198125  
-0.4320805068  
-0.1393607817  
-1.258511203  
-0.8162847023  
-0.5569469767  
0.1509174237  
-0.4644695346  
0.03096092078  
1.026997847  
1.063679467  
-0.08946238161  
2.044275305  
-0.3246853011  
-0.07857042618  
0.6001529562  
-0.5903132428  
-0.3355888811  
-1.360540745  
-1.192706188  
-1.555521919  
0.09883888041  
1.120140946  
-0.08870860886  
1.531387873  
-0.9775322692  
-1.126024312  
-0.2511463459  
-0.4821452227  
-2.042360367  
1.533492385  
1.996791491  
0.9066121792  
-1.127278855  
0.7889616173  
-0.08805409259  
0.7124594991  
1.079490407  
-0.2340890452  
0.9089818944  
-0.01247468794  
-0.2862307827  
-0.2908023596  
0.5634591891  
-0.124034192  
-1.529059119  
-0.995639481  
-0.6706709023  
-0.1430898638  
-0.2876452749  
-0.9179132873  
-1.167112086  
0.5829536954  
-0.4824155188  
-0.3949063618  
0.4074847609  
1.804649078  
0.3162429533  
0.7616701411  
0.4354186661  
