-0.6133863437  
1.280474649  
0.009551238865  
0.4383965853  
0.6097727597  
-0.1731896112  
-0.3032878373  
2.263682488  
1.606404888  
0.8171659366  
-0.452599348  
-1.29018532  
0.07451868298  
-0.8114680483  
-0.1130524473  
0.4572251809  
-1.372239204  
0.04882294267  
-0.05387035682  
-1.121378397  
-1.736971373  
-0.9456437492  
-0.7296969808  
-0.3097106378  
-0.1439919299  
-0.6839337878  
-0.5306895164  
-0.2836738082  
0.1585316751  
0.6469298298  
0.4861656617  
-0.1708809532  
0.2816826001  
0.4251187439  
0.9867013503  
0.7968303475  
-0.396003064  
0.05862690017  
-0.5043236261  
1.13061867  
0.4656355246  
-0.2016884443  
-0.1744635383  
-0.6680270167  
-0.1499832137  
-1.178149778  
-0.9248242066  
-1.166289954  
-1.336469619  
-1.131297515  
-1.163733196  
-1.171436362  
-0.06636281121  
0.2258396956  
0.3069192369  
0.5690684248  
0.07179899764  
-0.5588829661  
-1.189148807  
-0.3352119887  
-0.1322846312  
0.8180803799  
0.893699684  
-0.2403164045  
-0.2399142873  
1.02073989  
0.1230516983  
0.3520713026  
0.5532017234  
-0.2117213422  
1.18774643  
2.62669342  
0.2751665286  
1.251672376  
0.288085282  
-0.6366348248  
-1.086120842  
-0.2701111169  
-0.1487213664  
-0.989297842  
-0.4254496823  
-1.003170941  
-1.632406489  
0.4148214385  
-1.136435865  
-0.1765172402  
0.1043677144  
0.09575195873  
0.4788492767  
0.8502061211  
-1.617638187  
-0.3354184977  
-1.312664225  
0.3548438015  
-0.5416333031  
0.9702512001  
-0.4309315525  
0.2714317329  
0.3849363236  
0.2912095071  
0.4280213034  
0.01246860852  
1.251931406  
0.4852320569  
-0.3122233886  
0.3944959077  
-1.059098973  
0.943484036  
0.8049607337  
0.1052573363  
0.5273689099  
0.3750506768  
-0.1801576454  
-0.1552776189  
1.579584766  
1.555034918  
1.230429416  
-0.19625253  
0.9547763991  
1.090837227  
0.3550770712  
0.4287599805  
0.618429932  
-1.029541759  
-1.177594079  
-0.8160100654  
-1.009738864  
-0.6131709999  
-0.6572707433  
-1.105141866  
-0.8595360655  
-0.9391659706  
-0.06366272762  
0.5968548947  
0.7440383014  
-0.3194849141  
-0.3009609219  
-0.6380724867  
0.4379791219  
-1.229420822  
-0.4530144439  
0.499599312  
0.5693444808  
-0.3475084147  
-0.9937591603  
-1.023722035  
-0.8290179045  
-0.729294998  
0.9899646217  
1.175571029  
0.1044735256  
1.790830334  
0.5721692503  
1.219496236  
1.966593279  
0.6070844681  
0.320422846  
-0.08230017507  
-1.302289689  
-1.282019273  
-1.532686218  
-0.7899170975  
-0.5335058427  
-1.036548742  
-1.049186697  
-0.3955555466  
0.09678314619  
0.8872191442  
-0.1744168107  
0.4225091472  
-0.09065632  
0.7033147106  
0.1520272996  
-0.03916263751  
0.8100065625  
1.284772909  
0.9686750577  
-0.02188726658  
-0.3578314785  
-0.261302127  
0.1917841112  
-0.2854039979  
-1.024210521  
-1.08046239  
-1.181662704  
0.7385086671  
1.556043527  
-0.4733705207  
1.415682671  
-0.09779676717  
-0.4628522299  
-0.04838620433  
-0.2531591525  
0.7194416146  
-0.4205465895  
0.9962864419  
0.0636787662  
0.9850502238  
-0.4649497334  
-0.6819015254  
-0.6743937007  
-0.3387216659  
-0.543331244  
-0.7973537728  
-0.2260245259  
-0.5981559464  
0.1949739629  
0.04645183993  
-0.1730500912  
-0.03705470893  
1.291333101  
0.3685452331  
1.10196734  
1.25379049  
0.2495851288  
2.114327489  
-1.203036571  
0.9154772532  
-0.2302104612  
0.8967821738  
0.01357804614  
-0.2534265551  
1.057417451  
-0.4482243795  
2.221636104  
-0.4604889623  
1.092820358  
-0.8941400713  
-0.2351004213  
1.044291134  
1.157671856  
1.062494993  
-1.501447851  
1.378565001  
-1.59741031  
-1.578652036  
0.2404926282  
-0.0002935180495  
-0.1309257807  
-0.05891432057  
-1.563324724  
-0.01954099517  
-0.2535815869  
-1.078101316  
0.04294448051  
0.3841030521  
0.1670122697  
0.9641000446  
-0.5136480668  
-1.023082418  
0.5221302036  
0.7282618162  
0.5379673967  
2.117422143  
-0.2010444282  
0.6338286251  
0.6600614365  
1.594075748  
1.444236233  
1.177729913  
-0.4880278818  
0.8114260612  
1.880930616  
-0.2157068798  
0.3530966598  
0.8114722892  
-0.09372033485  
-1.952630132  
-1.172417317  
0.4781054525  
-1.9643016  
-0.8973355713  
-0.8677430829  
-0.4287888726  
-1.104187453  
-0.4909978215  
-0.8700017169  
-0.1128546878  
-0.8025734822  
-0.04691742209  
-0.3322882141  
-0.4153198784  
0.02681875356  
-0.5026834812  
0.7651986598  
-0.4498066966  
-0.8344178299  
-0.5995638076  
0.1575092135  
-1.403700344  
-0.1355774009  
-0.5834636201  
-0.7996483401  
0.02818313049  
0.2528876398  
0.709769613  
-0.4660555378  
0.5486168082  
0.4881914331  
0.0006649211526  
-0.8359073934  
-0.2270287717  
-0.8015055811  
-2.42231971  
-0.1806495537  
0.01307184389  
0.7108961332  
1.096045764  
-0.3912941507  
0.4413235078  
1.52361367  
-0.9299289405  
0.1635176872  
1.852681041  
-0.01263314165  
-1.59383598  
-1.738873753  
1.270029183  
-0.8959893046  
1.594799849  
0.2783734201  
1.050496261  
1.066605292  
-0.8084085677  
0.393995529  
0.7869287502  
1.216120715  
-0.6824641406  
0.5885962346  
-1.023201028  
-0.5144325737  
-0.443539105  
0.03920166028  
-0.8515495673  
-1.762159709  
0.8573354906  
0.8449112334  
-0.2437155227  
-0.4321381984  
-1.601132986  
0.9818679907  
0.4201504916  
1.220049511  
0.6364085231  
-0.6176871848  
-0.224571014  
-0.9847380243  
-0.6247488877  
0.9559429274  
0.73196249  
1.134201914  
1.427187791  
-0.608089368  
-2.072599957  
0.0255574481  
-0.1860153595  
1.447385641  
1.447483847  
1.25462686  
0.6211158631  
0.6894117234  
-0.6653149115  
-1.060977379  
1.279801993  
1.069290789  
0.8664591  
0.7112863889  
-0.6094745969  
-1.620118712  
-0.4261512018  
-0.2926525756  
-0.6228218288  
0.4165114652  
0.08975171522  
1.770756274  
0.3122048211  
-0.1603704113  
0.2174743565  
-1.514438285  
0.9660975794  
-1.157019078  
0.3911127712  
0.1616844777  
1.222927653  
0.9546040586  
-0.4290318943  
0.9381855679  
0.5434205921  
-0.4310039871  
-0.7460528474  
0.3171101273  
-0.1871803919  
0.8812848763  
0.3610385808  
-0.879369499  
0.2763320989  
-0.8941914697  
0.4935405385  
0.06467600789  
0.455280373  
0.2703206301  
0.1432405012  
0.2755772462  
-1.322059677  
0.0471402836  
-0.01553521848  
-0.291125813  
1.801941965  
0.8672571447  
1.206293498  
0.1420337259  
-0.1511139969  
-0.203185184  
1.189153573  
0.8115761301  
0.4615286548  
-0.7511454927  
-1.526440605  
-1.654763636  
-0.3389299553  
-1.608097669  
-1.545383523  
-1.208035057  
-1.404171454  
-0.8975054999  
-0.1265288454  
-0.9412752367  
-0.8607697476  
-0.3447534719  
0.5673242735  
0.1195782342  
-0.06688627177  
0.8927332636  
0.1922735945  
-0.1169544151  
-0.6302507068  
-0.6997013954  
-0.1770859559  
-0.1903467633  
-1.172076407  
1.909688191  
0.09890603276  
0.9147418835  
-0.4243974021  
-0.1726179119  
-0.002974911367  
0.01940801369  
0.4229586626  
0.6084954296  
0.6061922688  
2.543166588  
2.524046556  
2.327084255  
1.948181031  
1.134366723  
1.144413701  
1.885559287  
3.426429562  
1.525917135  
0.3476520987  
1.938781172  
0.8349607276  
1.930125399  
0.1074829066  
-1.056543575  
-0.583237055  
-1.153426883  
-1.861478885  
-1.531228005  
-1.292666631  
-1.231021502  
-2.022687507  
-1.726899388  
-1.297659412  
-0.1951812602  
0.09476105592  
-1.124824691  
-1.722561255  
-0.8417127947  
-0.5241175309  
0.3593960683  
0.2324519159  
0.3002767156  
0.06013808052  
0.6284853696  
0.5337319412  
-0.08456279263  
-0.1767444826  
0.771974828  
0.4515545649  
0.1117011207  
1.003730889  
2.281227574  
0.3893056177  
-0.1857816976  
0.8649538744  
-0.7911787435  
-0.713140418  
-0.4245703081  
-1.127167854  
-0.9728754223  
-1.267043749  
-0.455830119  
0.009959615858  
0.7332758907  
0.1729990418  
0.5736073024  
-0.4027007495  
-0.510316397  
-1.051623494  
-0.6449961731  
-1.210617613  
-0.7129195873  
-1.088783488  
-1.111669325  
-0.3456986161  
0.2459761765  
-0.7833877891  
-0.9851231518  
-1.091671697  
-0.01896688376  
-0.1305795315  
-0.3137924119  
-0.22401397  
-0.5055960072  
-0.3264986546  
-0.5623583049  
-0.9346773269  
1.144099193  
1.892243418  
1.87876354  
-0.07034796998  
0.8070317395  
0.9791294548  
1.532336146  
0.1894709318  
0.6724212457  
1.839352336  
2.167906884  
0.6013564834  
-0.1091823191  
-0.2488650179  
-1.445630815  
-0.5649871532  
-1.151297168  
-0.8537274002  
-1.029349821  
-1.634774549  
-0.7706436817  
-1.274519594  
-1.011500372  
-0.3886175653  
-1.30264929  
2.290049268  
1.881794338  
1.911055233  
0.644252813  
0.7235838581  
-0.5089702889  
0.1368896849  
-0.1492726056  
-0.7578674404  
-0.8249385173  
-1.31261381  
-0.7245021357  
0.3995151751  
-0.8090080748  
-0.4132901912  
-1.262242469  
-0.4909286716  
-0.9171966245  
-0.8560533693  
1.259111874  
-0.1041433453  
0.3626645179  
-0.7171696076  
-0.6604857497  
-0.3248553844  
-0.6178178967  
-0.7519712597  
-0.18326924  
-0.6496751622  
0.2261120866  
0.5117627778  
2.511912643  
0.04691182092  
-0.8275940648  
-0.09469456187  
-0.8586745753  
-0.9057053415  
-0.4728757949  
1.57114876  
1.380272296  
-0.7246793933  
-0.0001945145023  
-1.542949374  
-0.9150425173  
-0.1559873731  
-1.225015056  
-1.867627326  
-1.178871526  
-0.6564517584  
-0.6299265953  
-1.213707249  
-0.2008235219  
0.270766096  
2.710244487  
0.7426995486  
1.692462424  
1.514034208  
3.252373741  
0.6685111491  
1.954178975  
1.319655995  
2.006173487  
3.185833483  
0.1383715894  
1.157522577  
-1.005866196  
1.231422076  
0.1256920915  
1.620327354  
-0.7520788539  
-0.1924494612  
1.645029207  
0.2988496384  
0.8307482126  
1.768786496  
-0.762709713  
-0.6669625661  
-0.1024185177  
-0.2580502394  
-0.08520060428  
-0.2568565658  
1.173133695  
0.1231267288  
1.704543113  
1.360861768  
-1.417326491  
-1.356498195  
-3.148949229  
-1.253387454  
0.5674897011  
0.9441814332  
0.5323176803  
0.7427880236  
-1.19882435  
-0.706208544  
-0.6609740876  
-0.3317768038  
-0.4181909836  
0.4171583573  
-0.4614030116  
0.7502286413  
2.617072101  
1.080695061  
0.1456482828  
1.079809679  
-0.09877013607  
-0.936510486  
-0.9467406634  
-0.333831208  
-3.431490087  
-2.816501459  
-1.525919444  
-1.310012828  
-0.7830482202  
-2.103489404  
-2.301830528  
-2.534750804  
-1.181104869  
0.4474127632  
-1.586624514  
-0.3267727902  
0.1262089217  
-0.07828326209  
-0.9206694855  
1.552035116  
0.4300048701  
-0.7892415246  
0.5234679603  
-0.6500350751  
1.308498841  
-0.7802581563  
1.124634127  
1.742705421  
2.196542581  
1.477814135  
1.106977864  
0.197117627  
