0.3698952656  
0.2101384407  
-0.02917823528  
0.2663692626  
0.1571196472  
0.07674258777  
-0.7548270891  
-1.236008119  
0.6721956758  
-0.9589930625  
0.06096648244  
-1.527727892  
0.2000194465  
1.110547641  
0.03588985322  
0.8128962195  
0.05905291455  
-0.7876168613  
-1.65504058  
0.8145459482  
-0.08976012007  
0.6041572841  
0.9569343893  
-1.270360714  
2.62593583  
1.534613719  
-0.4128857101  
-0.6149243524  
-0.1830394513  
0.9795007159  
0.1373731427  
0.9965742453  
0.3930278727  
-1.831374339  
-2.157427539  
-0.6452960403  
0.3846344874  
-0.8387475668  
0.6216582014  
0.885346563  
1.670195111  
-0.332110314  
-1.137060246  
1.440452076  
-0.7285615311  
-0.6335485348  
1.721586385  
0.4875897208  
1.731257874  
0.253382238  
-0.9969389472  
0.7936255442  
-0.1061309671  
-0.3799249794  
-0.3074234054  
-1.748599163  
-0.6151276351  
-1.666934353  
0.5112259039  
0.2438305071  
0.2036182108  
0.1750179894  
-0.1803705883  
-0.2272058645  
-0.4843262633  
0.6431371364  
-1.316116664  
0.4167744709  
-0.950255863  
0.2048751404  
-0.2843347777  
-0.9630634073  
0.4337348685  
0.6120738874  
-0.1649198082  
0.1610529252  
0.6922961967  
-0.1367384964  
-0.4763762112  
-1.452070084  
0.6592033648  
0.7452972544  
0.2523445077  
-0.6957831967  
0.1847125417  
-0.1076860065  
0.2636901168  
0.566010695  
0.8951616324  
-0.2234229549  
1.56046437  
0.09299262027  
0.4445121711  
-0.514359685  
-0.1719155696  
-0.4892804077  
-0.1365688604  
0.1900906183  
0.1403563397  
-0.8494816916  
-0.6227609308  
-0.4343822335  
0.2344969356  
-1.227343483  
-0.4350176178  
0.2081448926  
1.038883983  
-1.461671536  
0.2456134528  
-1.181777042  
0.5653449203  
0.2521382167  
-0.3351654492  
0.5663299274  
-2.006773086  
0.1577951489  
-0.7578484375  
1.100997794  
-0.5803981952  
-0.08225408542  
1.668250544  
-0.7825563494  
0.3995908263  
0.3976505534  
0.4996298736  
-0.08985335455  
0.1443602042  
-0.5120841387  
-0.2148461934  
-0.8018087341  
-0.8067347904  
0.5173277683  
-0.3683953813  
-1.004163039  
0.3276956935  
0.1961357601  
1.547904889  
0.527696441  
-0.993404302  
0.6229807149  
1.468887883  
-0.005206730375  
0.4938802884  
-0.438085426  
0.1003541399  
-0.4617868094  
0.00686089683  
0.01693028672  
1.24034172  
-2.760907025  
-0.8890083281  
-1.465273273  
-1.480600731  
-0.1295733932  
0.01827817206  
0.0708119257  
0.663134388  
0.7339149115  
1.098092215  
1.416398675  
1.017411957  
-0.514557917  
-0.9103493659  
0.7644629868  
0.9381985395  
1.839806293  
1.383858087  
-0.5798715415  
0.8766794406  
-1.813190084  
1.246995921  
0.09243373933  
0.39233919  
-0.4222219334  
-0.9625421896  
-2.003372502  
-0.06366589997  
-2.306763011  
0.5877988537  
0.1243570162  
1.019858318  
1.492767305  
0.6480267754  
0.08586571942  
0.1627068196  
-0.9639732761  
-0.8685479694  
-1.941332482  
0.8358679207  
0.09302386974  
-0.1843941144  
-0.4401995475  
-0.1845799221  
-0.5915606394  
1.095922771  
0.705420039  
0.9653445313  
0.8676395257  
-0.01398527234  
1.493008975  
0.2760727677  
0.6514439756  
1.540216898  
-0.01706215944  
0.3780758133  
-0.3595588207  
0.1804615815  
0.3266848606  
0.6598755449  
1.618421293  
0.7361902115  
0.4768414725  
0.1879705022  
-1.608904015  
-0.5268293493  
0.5458473525  
0.9931280489  
-0.7572847163  
1.21245771  
0.6323836552  
-0.3086482058  
0.1760198163  
-0.109272452  
-0.5037754134  
-1.351670012  
0.7921073025  
-0.0797358879  
-2.480966504  
0.1927171072  
-1.097924491  
-1.481372706  
-0.5531996937  
-0.2778016447  
0.008457238113  
-0.5028123059  
-0.6365211189  
0.8387679171  
0.2420853057  
-2.01551926  
0.1251380499  
-1.076646922  
-1.453521882  
-0.3352065092  
-0.4964273241  
-0.6477968951  
1.240726412  
0.08052650204  
1.320356079  
1.305082296  
-0.03998266563  
-1.280003166  
-0.02794743928  
-0.6049515479  
-0.5330261254  
-0.1047897086  
-0.739950923  
1.779591114  
-0.0969339711  
-0.8931524207  
1.332251392  
-1.37094679  
1.849346063  
1.178671459  
-0.01058998766  
0.3746921147  
-0.1782109804  
-1.7324433  
0.6713184013  
1.462723412  
0.8810700957  
1.22079753  
0.8589480118  
0.2679787421  
1.279506589  
1.059307172  
-0.2866015811  
0.4321368856  
0.3737907664  
0.09970618768  
-1.079968352  
-0.4671657872  
-0.3391697218  
2.593648188  
-0.8941145383  
1.392541  
0.001313514359  
0.7070467034  
-0.4912334641  
-0.8681846156  
-0.2448865763  
-1.366198088  
-0.3023900442  
-0.6079878182  
-0.59631785  
-2.432181695  
-1.088864905  
-0.4463229638  
0.1333783255  
-0.7530972425  
-0.5055330013  
1.410200567  
0.3288954797  
-0.1567397196  
-0.02045935559  
-0.54123566  
-1.131045879  
1.10090384  
-0.4363785365  
1.204173911  
1.293471523  
-0.08479918742  
1.413978713  
-0.2914840941  
0.5912199666  
0.499395949  
0.1933407136  
1.000666476  
-1.193209262  
0.3120522153  
-0.2094352271  
-1.68353185  
0.0773410401  
-0.73276544  
0.9354035277  
-1.806195917  
-1.915382075  
-0.829431419  
0.04398648065  
0.05857394275  
0.9307841164  
1.48580322  
0.9404239847  
-0.7413732349  
-0.4838249362  
-0.9975288604  
-0.7242644262  
-1.988475621  
-0.1077593524  
0.2333744453  
-0.1993764724  
-2.050054301  
0.6740342255  
-0.1040512713  
0.7004950776  
0.2854988586  
0.8716030932  
0.6259316173  
0.2504558812  
1.126338233  
-2.419361946  
-2.30223836  
-0.5780284621  
-1.424922174  
-0.3202962831  
1.374629018  
-0.5373282302  
-0.3797590922  
0.07577718315  
0.9846349722  
-0.9156620609  
-1.149515552  
-1.385501256  
0.7548650218  
0.08593910056  
0.04567336761  
-0.1625929907  
-0.4780661215  
-1.3691157  
1.501309333  
0.8226976423  
0.6339167681  
-1.024235086  
-0.5634162389  
0.7448542752  
1.178956709  
1.480293392  
0.1099173824  
3.722494549  
3.06399495  
0.9354879523  
-1.638621623  
-0.28920989  
0.32973023  
0.9558234107  
0.2652806167  
-1.204603065  
-0.7221232836  
-0.1152536067  
-0.7261260848  
0.005344035878  
0.9716092985  
0.9149726037  
1.52009129  
-0.1347852895  
-2.329323476  
-0.9867756642  
-0.593486063  
0.5714279022  
-1.4102777  
-0.4974507313  
-1.228820443  
0.7651597724  
-0.3258666324  
1.425003497  
-0.4684145458  
1.225085922  
-0.1885934984  
0.1634086386  
-0.7844927245  
-0.01490210389  
-1.498201406  
0.5861291442  
0.3565753629  
-1.725400067  
-1.084682186  
0.6665083796  
-0.3132843186  
1.260399049  
-1.228369771  
1.57291634  
0.707349412  
1.353389941  
1.269413125  
-0.4125751664  
0.4074445185  
0.1705503929  
0.5847779729  
0.6295592632  
-0.7030695038  
-1.676077933  
-1.145320764  
-1.165730944  
-1.081051077  
-0.6161818606  
2.216253049  
-0.9938626167  
0.8754994634  
-0.7114618307  
0.8733244252  
0.2957159491  
-0.6411145647  
-0.06427601849  
-1.045980658  
1.329881468  
1.623579124  
0.6811691934  
1.218716688  
-1.014062508  
-0.6456736781  
0.7533420718  
0.7589108446  
-1.155631377  
-0.9967617234  
-0.6035939069  
-0.7113980098  
0.5341458586  
0.2907952555  
-1.048490186  
-0.09380222015  
1.295365403  
-1.124619895  
-1.327282018  
0.991229331  
-0.3975977  
0.5395671031  
-0.149569948  
-0.1585334387  
1.892742017  
-0.003003175533  
0.1379815911  
-0.5433199796  
0.5714635956  
0.2351068865  
-0.6409286198  
-0.03451126643  
0.5377118087  
1.187186554  
-0.2694339432  
0.6127160924  
1.002115914  
-0.666412364  
-0.9278492326  
-1.285188016  
0.3492005312  
-0.9544915822  
-1.539841517  
-2.065030034  
0.5543968477  
1.074069637  
0.1258703781  
-1.653540342  
1.152603989  
-1.288675092  
0.5086423473  
1.172607666  
1.652652439  
-0.06835727152  
0.742243618  
0.8196376604  
-0.01150540199  
-0.5013958027  
0.3815718647  
0.6353321033  
-1.147969146  
0.2393140354  
0.1836560738  
0.8600255586  
-0.9024629491  
0.498046395  
-0.4610161056  
1.359289776  
-0.1293286702  
0.5699842319  
-1.520211605  
0.1536352749  
-0.09017622982  
-1.110754031  
-0.1047415871  
0.5416046515  
0.6098426086  
1.556496754  
0.1504857705  
-2.832097663  
-0.3657081993  
0.5038747313  
1.557231006  
2.982046385  
0.9984416662  
-2.160999949  
-1.570111505  
0.5397517658  
0.6119890327  
1.212469289  
-0.3308502841  
-2.226489894  
0.4383813213  
-2.126971094  
0.1813690709  
-1.812853286  
-1.128691368  
-1.809386765  
1.440712958  
1.162798292  
0.225208424  
-0.0830194672  
0.5556322128  
-0.03384890484  
-0.8372366085  
-0.3995699243  
0.1229176036  
-0.0900322311  
0.3184757221  
-0.2911090159  
-1.555833344  
-1.569671082  
0.3759175946  
0.4863385903  
0.1086902663  
-0.6177067846  
2.062684966  
-0.3340641735  
0.110867593  
0.6085007391  
0.4468760311  
-0.4393459127  
-0.2022017211  
0.5086491846  
-0.01853101303  
0.6199683967  
0.5785445288  
0.2913531388  
-0.3685243572  
-1.076883308  
-1.614301538  
0.257072561  
1.76541516  
1.251844993  
0.1103403116  
1.104194359  
0.4945112251  
0.8294764725  
1.772771609  
1.831954818  
1.389427691  
-1.491220814  
-0.8689584342  
0.3185632211  
1.173610892  
0.2626164403  
-1.104066482  
-0.1410941444  
0.4129653135  
-1.256275865  
-0.4982170752  
-0.5669857423  
-0.6969990789  
-0.7058611053  
2.198415222  
2.17401674  
0.2684861057  
1.276865543  
0.01413092788  
-1.587909114  
-0.3640460867  
0.3507748132  
-0.6297374052  
-0.5569579037  
-1.610305984  
-2.377660863  
-0.426312953  
-0.9362197869  
0.1742824081  
0.1759083272  
-1.284350393  
0.9467154687  
0.7404040776  
-0.06001390427  
1.286174119  
-0.5289409931  
-0.7931666819  
-0.8207186068  
0.4990957285  
0.6220222055  
-0.04901806997  
-0.005668123104  
-2.370461812  
-2.15683744  
0.2338831484  
-0.4467330793  
-0.4811675773  
-0.731546042  
0.1872207635  
0.428724537  
-1.320892205  
-0.1157507676  
1.550256912  
0.5674619765  
-0.2761341401  
2.197266345  
-1.240037895  
1.688085342  
2.026143888  
1.973901013  
-1.610618385  
0.9921114968  
0.6345143552  
0.8052013084  
-0.8590343557  
-0.01203781527  
0.6441138808  
0.6293307042  
0.5094689156  
-0.7702422942  
-0.8994207935  
-1.094711057  
0.3751824939  
-1.654019126  
-0.3019037075  
-1.023489103  
-0.16365509  
0.9915545699  
1.458990044  
0.5650011691  
0.8200980138  
-1.287402967  
0.3177156895  
1.208939101  
1.442738653  
0.8520523589  
0.9671888999  
3.060683923  
0.033729033  
-0.04211341855  
-1.348550738  
1.256961593  
-0.1295571803  
-0.6833529954  
0.3540206118  
1.428283745  
-0.2497112677  
0.01529625925  
-0.0264580732  
-2.307418418  
0.6495782748  
-0.891329473  
-0.6576190671  
0.207183797  
-2.371805914  
0.003860420113  
0.6816385025  
