-1.336198874  
-0.7483491707  
0.4069554473  
-0.4253642993  
-1.177337376  
0.4418638223  
0.2851941266  
0.04621888384  
0.6122467763  
-2.000281165  
-0.5832478926  
-0.4498984073  
0.4854728092  
1.634459139  
0.4786940834  
-1.128319204  
-0.5940445847  
0.5920626566  
0.3607168719  
2.564464791  
0.5007213663  
0.6271790317  
0.7079406739  
1.183176136  
0.4985325283  
-0.2356891334  
1.158549787  
0.7629171636  
-0.3619008979  
1.343997038  
-0.1560061573  
-1.488188652  
-1.607232572  
-0.4197511056  
-0.7353277773  
-0.5970764638  
-0.08965953272  
2.719450034  
-1.214297874  
-0.1078603453  
0.04415187956  
0.5102974074  
2.562683625  
-0.4856885724  
-0.7836570876  
0.2337460776  
-0.602702926  
0.6612610676  
0.2363794008  
1.213985535  
0.8876702201  
0.3500233586  
0.04884784131  
-1.629936773  
-0.3063931719  
-1.864122932  
1.125156958  
-1.379260665  
-0.6543702928  
-1.919095877  
-1.17134679  
-0.5084233565  
0.007220314844  
-0.8307498764  
-0.8393910158  
-0.6382707232  
-0.8982387953  
-0.05227841624  
-0.8459319497  
-1.53157573  
-0.7925236902  
-1.322421061  
-0.7847039941  
-1.042910138  
0.1552258016  
-0.2503567764  
-0.8545560216  
-0.03890980088  
-0.004531615984  
-0.4477823348  
-0.1377562581  
-0.0003744758029  
-0.7057160161  
0.7515672319  
0.7904266561  
1.589776123  
1.09894652  
1.234739825  
0.7179178757  
1.042398703  
1.897663981  
1.437161246  
2.931364987  
-0.2870652239  
-0.6443698358  
1.089886992  
-0.7725568181  
0.7043597503  
1.207388469  
-0.190865164  
1.447543267  
-1.486282045  
-0.5999502297  
-1.23642988  
-0.912151236  
0.9205268678  
-1.6017129  
-0.5771993307  
0.7329600207  
1.012873503  
0.7903576728  
-1.043302587  
0.7081160025  
-0.9104425568  
0.6353353776  
-0.7441408965  
-1.168497457  
-0.7051968049  
-2.476663907  
-1.853397109  
-1.226353805  
-1.7712614  
-0.8958630877  
1.46705183  
0.9219082832  
1.105227639  
0.5429704021  
0.57597176  
-0.9832155301  
1.552552713  
-0.2882468963  
0.3227041701  
0.8217714972  
1.145593914  
0.6033085092  
0.3448278712  
0.2809325329  
1.856937339  
1.629148046  
2.359863131  
1.208104261  
1.325199201  
1.376935358  
1.426295639  
-1.148885192  
0.137869334  
-1.397460369  
-1.870378012  
-0.7153237002  
-0.9948646918  
-3.147432202  
-0.2967197248  
-2.640491809  
-1.388118082  
-0.08743508031  
0.0855801383  
1.439560714  
2.187079558  
-0.3081145487  
0.7097594098  
-0.7810384076  
0.5910976263  
-0.5844908649  
0.4486857602  
-1.552151625  
-0.7257748736  
-1.019522319  
-0.918531654  
-0.2150418063  
-0.9678432285  
-1.240107389  
1.358799188  
0.3633703669  
0.004405166566  
0.901898916  
0.7053901134  
1.139531407  
1.06893305  
0.04444718594  
0.5681889886  
1.176332885  
-0.7323789971  
-0.1547299709  
1.22209292  
1.978327702  
1.0127093  
1.211500463  
-0.693539818  
-2.447438337  
-0.2109055965  
1.476544928  
0.9271499529  
0.9135966369  
-1.106756959  
0.1796245343  
1.740697595  
0.8154602336  
1.481106737  
0.6577046753  
0.6571947437  
-0.6844105392  
0.1472154071  
0.4491859278  
0.05313445493  
-1.710989775  
-0.239116179  
-1.673874909  
-0.964129931  
-2.61030828  
-1.242294972  
0.6981320143  
0.8136342963  
-1.852057223  
0.1027319009  
-0.5236568508  
1.575675795  
0.7776170654  
1.64148373  
0.4174278501  
0.245067061  
0.6946370707  
-2.209443491  
-1.683762085  
-1.357905194  
0.1503671172  
-2.316007286  
-1.803866228  
-0.5975314182  
-1.036811522  
1.122468786  
-0.6824691509  
0.6512233996  
0.3290528901  
-1.794190001  
0.6879385102  
-0.2578420277  
-0.198864351  
-0.3824843379  
-1.861208716  
-1.246360869  
-0.9835130023  
0.2881771186  
0.1001693641  
0.1486558807  
3.002407634  
1.22259691  
0.5038040544  
0.6192981101  
2.063589937  
-0.7142866852  
0.7814685551  
0.08194828395  
0.7565129469  
0.4616441013  
-1.115471153  
1.294947296  
-1.745757875  
-2.395267447  
1.508457116  
0.3354735297  
0.7677581915  
-0.2132923991  
-1.820918035  
-0.02672287843  
-0.6065777295  
-0.723605158  
-0.007463292575  
1.112800285  
1.171215921  
1.151887807  
2.086909987  
0.9995638675  
1.322811443  
-0.4043687486  
-0.1989461909  
-1.070074593  
-0.1180280416  
-0.8220010395  
0.4207814654  
0.06098824556  
1.273211787  
0.3386100699  
0.250153097  
1.358572669  
1.813457642  
0.5305802217  
-0.2904315838  
-0.5034570879  
-0.8684953273  
-0.2635710711  
-0.8912678078  
-0.9638274297  
-0.8450540108  
-1.974374018  
-0.01634213603  
0.7867576938  
-0.7646519147  
-2.125733286  
0.6006268968  
0.5532204458  
-0.9538368189  
0.2745819946  
-0.9407459613  
-0.7822543864  
-0.376804696  
0.5788639589  
0.5494008606  
1.365577295  
-0.395073954  
0.5554863754  
1.579822613  
-0.7732687468  
-2.105458924  
-0.7804035403  
0.9215450684  
0.1860208153  
0.01857059665  
0.3154510023  
-1.088847631  
-0.2947034036  
0.09110224764  
-1.24921638  
-0.4824466791  
-0.2489613854  
0.8939667382  
0.977944369  
-0.0834003337  
1.56117786  
0.7906286508  
1.303239455  
0.530664819  
-0.1015025902  
1.351054654  
-1.468298926  
0.686827869  
0.4481612026  
1.678168116  
-0.7284048902  
1.335655488  
-0.8143246853  
0.5807252524  
-1.303331421  
-0.2764287729  
0.3444520278  
-0.4000247113  
-0.9593938382  
0.9523525826  
1.25668448  
0.6897296572  
-1.290851134  
-1.395548226  
-0.3144091532  
1.405135686  
0.8328040857  
0.5422762576  
0.4637420648  
-0.9994616422  
-1.906412739  
0.2242540613  
0.2712829103  
-0.1797542427  
-0.8886344482  
1.382798145  
-0.7472950434  
0.7698223073  
-0.3786154578  
0.1112198244  
-0.3032450347  
1.153957509  
-0.07319630427  
0.04570508142  
-0.004785326207  
0.2147025181  
1.261694076  
0.002207669102  
2.070790815  
-1.19722747  
-3.273011279  
-0.236560622  
-2.597032628  
-1.086615347  
0.4409031438  
0.6185096133  
-0.003787559975  
0.4520594844  
-0.2857006592  
0.3188207516  
0.05394119779  
0.3982955008  
1.71876879  
-0.03547090525  
0.123976789  
-0.8961761929  
-1.068496452  
0.2541736041  
-0.9676579797  
1.32563628  
0.4188220187  
1.390735662  
0.7606370283  
0.6597178722  
0.4130276307  
0.08158347524  
1.048497223  
0.4278553316  
0.3097861238  
-0.6595918397  
-0.3948119579  
-0.3928833405  
0.6914012244  
0.874063931  
0.7644385529  
0.4260067265  
0.5023123383  
-0.4161568477  
0.2043484157  
0.4970122134  
0.5445827721  
0.4767499143  
-0.05455533808  
-1.284647156  
-0.4701666938  
-0.268385973  
-0.7784245047  
-0.4429305165  
0.1445327434  
0.164699816  
-1.01879204  
-0.3710777998  
-0.4403661924  
-0.5434799734  
-0.9373303388  
-1.270730636  
0.5968836292  
-1.838544082  
-0.2711254494  
-0.751074167  
-0.431833463  
-0.492245759  
-0.8030475501  
-0.3114501826  
0.4342656608  
0.894020458  
0.9139218444  
-0.2787960643  
-1.090552129  
-0.7018548503  
0.1228920542  
0.3416990022  
-0.4841779204  
2.052770489  
0.6007812671  
-0.5506294243  
1.844571665  
1.675835224  
0.3262009134  
1.520921596  
1.817185647  
0.6394349314  
0.98327408  
0.8602158106  
2.324739988  
0.6821977937  
-0.4997666675  
-0.234059797  
-0.4765837879  
0.1492350691  
-1.076949398  
-1.014015905  
-1.8569612  
-1.132089049  
-0.8876478663  
-1.90831804  
-0.7659268052  
-0.8163116758  
-1.757302406  
-0.07899471273  
-1.242868459  
-0.5207119411  
-0.04568910091  
0.8115875764  
-0.8086057873  
-0.4063939812  
-0.5969802265  
-0.6064377402  
0.2853347585  
0.8618980003  
-0.7988975536  
-0.391497652  
-0.3771101081  
-0.7636101376  
-0.3643111903  
1.63800954  
-0.05756331281  
1.222808389  
0.9695473271  
0.2612978189  
-1.021214092  
0.5323708544  
-0.2975522641  
1.108741267  
-0.8335027859  
-0.2091047223  
-0.669573761  
-0.03102950582  
1.359880116  
0.4512581581  
0.3561135076  
0.2806050946  
-0.4491478149  
-0.5951490972  
-0.01303086437  
1.081014944  
-0.02114013792  
-0.2760311916  
-0.2237878953  
-0.5191595316  
-0.8850123863  
0.3025127153  
0.5249193457  
-0.6395706248  
-0.2000153885  
-0.05138202921  
1.509608631  
1.216487127  
1.814478513  
0.3589255987  
0.4322316216  
0.7540463281  
0.5779378873  
2.389940856  
0.521964803  
0.7976495645  
-0.5588651819  
0.6930560071  
0.2718601862  
-0.6047373543  
-0.2217064753  
1.207622354  
-0.4736161761  
-2.578425974  
-1.193933559  
-0.4627093559  
-1.333237946  
1.322564611  
1.388422217  
1.645539508  
-0.2443268931  
-0.6289655197  
0.462394731  
-0.4097209102  
-0.1998889172  
-0.2739752702  
0.09640113081  
-0.9298617341  
0.06788813808  
-0.8852030537  
-0.1099295325  
-1.036302346  
0.3288283849  
-1.266231062  
-1.357438959  
-0.5830620134  
-1.247010238  
-1.114697564  
-0.1275550732  
0.3018574103  
-0.1072058132  
0.8464302658  
0.460389676  
-0.6436096211  
0.3136878153  
-0.7814413764  
-0.909414823  
-1.14374242  
0.3237878664  
0.5885676049  
-0.2911895354  
-1.112932252  
-0.1102090345  
-1.090427643  
0.3608079248  
0.52233688  
-0.1382218537  
0.6609699247  
1.22996164  
0.6903427673  
-0.06453841281  
1.411626166  
-0.4802554831  
0.9270534727  
0.1622317701  
-1.72468179  
0.1260421129  
0.3845842276  
-1.677101585  
-1.769555048  
-1.516607102  
-1.843623133  
-0.2075518215  
-0.4701684008  
-1.749492634  
-0.787083106  
-0.8792736085  
-0.7735421935  
-1.506394986  
0.628509348  
0.9789532656  
0.8809428074  
1.104585675  
0.02157263399  
0.9936684192  
0.8407382964  
1.223801962  
1.785377225  
0.2399055805  
1.492346775  
0.6235435334  
-1.483918852  
0.9677717385  
0.5620328166  
1.295498097  
0.4157202967  
0.0819735455  
-0.04286392827  
1.54829146  
0.1256410249  
0.2028041971  
-0.7089774133  
0.064415666  
0.2267160975  
-0.191292092  
1.016302049  
-0.966460061  
0.6391907517  
0.76748086  
0.7113912637  
0.419770311  
-0.02522812823  
-0.4996531773  
0.2905680814  
-0.6032672874  
0.5657954103  
0.8638522505  
0.501352239  
-0.6572845428  
-1.000624722  
0.492868902  
-1.129378981  
-1.034909806  
0.5590293769  
-1.349789473  
1.37317176  
0.65635261  
0.5378527992  
0.01130421465  
-0.9643573232  
1.541154022  
0.09300214142  
1.234156955  
0.7580903026  
0.7624086007  
-0.3219565104  
0.6117519439  
0.08151098701  
0.004129228607  
-1.314063383  
-0.2968966767  
-0.7583922826  
-0.5712223035  
-0.01796328955  
0.2949833115  
-0.6057443157  
-0.8032635405  
-0.0951039586  
-0.8850873107  
0.4214601245  
0.4206636364  
-0.3963106971  
1.443637644  
-0.1506025885  
-0.1027926358  
1.182311025  
0.07719680074  
0.48533298  
-0.5726434534  
0.02957058515  
-0.8105025766  
-0.2332590919  
0.2121173281  
