-0.7492630057  
0.9684522035  
-0.4214146463  
-0.2312992541  
0.1941628877  
3.139526485  
-0.6572006129  
0.02201669188  
-0.1736874205  
-1.663752502  
-0.2592338592  
-1.456498613  
0.08811820284  
1.862097032  
-0.8102039323  
-0.1753594558  
-0.6196308353  
0.5889407117  
0.2542907619  
-0.6047093985  
1.031426574  
-0.00298386491  
-0.9961224537  
0.1600944657  
1.020702681  
-1.099082903  
-0.01025148645  
-0.5060003373  
-0.5634130871  
2.537159048  
0.6572728716  
0.04925808604  
-1.043772364  
-1.303672197  
-1.774855197  
0.2134070432  
-0.2921641108  
1.422145195  
-0.9948086493  
-0.4822263591  
-1.733055566  
-0.2161949433  
0.2702529867  
0.2355158199  
-0.8958374605  
2.670604121  
0.09856006563  
-1.061921257  
2.095673147  
0.9410839089  
0.1450646354  
0.3171649021  
-0.5711217681  
-0.2101225526  
-0.3945558693  
-0.2216360525  
0.7882118285  
0.2860073329  
-0.3414470668  
0.9880707283  
-0.7855808709  
1.537156864  
1.086142173  
-0.2159277793  
-0.3049100164  
2.335335989  
0.5018367629  
-0.2115359278  
0.3380010459  
0.01828790838  
-0.5583006156  
1.315944255  
1.525844637  
-0.2976570812  
0.5960429233  
-0.8001190951  
0.2721753167  
-0.8947001112  
0.1619722685  
0.3165434131  
-0.4910236861  
-1.662488637  
-0.681448011  
-0.2871277614  
1.890505953  
-1.377081536  
0.6851773627  
-1.557012983  
-1.053079975  
-2.08128673  
0.2568005979  
-0.7186541631  
-0.4476890486  
-0.702604415  
-0.4184864121  
0.8863523915  
2.039389184  
2.047847001  
-0.8361741419  
-0.8924503074  
-0.3685220849  
0.5450496512  
0.464598737  
0.6447311945  
-0.2152572888  
0.6021402174  
-0.6331800343  
0.08278781429  
-1.411292785  
-0.2325035111  
-1.171911955  
-0.3799441782  
-1.927629101  
-0.260219836  
0.343390025  
-0.2778602265  
0.4121904939  
-1.382267828  
-1.569080271  
-0.4871837628  
0.7441324174  
0.4630545296  
0.648545179  
-0.9737607132  
1.025465435  
1.211379162  
-0.4003434425  
1.441600926  
1.065189371  
0.1604738012  
-0.6328673333  
-0.55995091  
2.153719516  
-0.7773017053  
-1.67998279  
-1.174293505  
-0.02288028518  
1.689053233  
0.3556907635  
1.912146015  
1.169694127  
-1.871239456  
-1.078129398  
-0.1768846143  
0.1125571818  
0.2383532596  
-0.6314234205  
-0.4865160782  
0.1451073698  
0.5533045502  
0.4634051966  
-1.262842763  
0.5158886836  
1.309534669  
0.8503886799  
0.6317048242  
0.5589206047  
0.03512860883  
0.5609556895  
-1.039142239  
0.9255274505  
-2.373552084  
1.537384651  
0.7833652503  
0.3652108693  
-2.050161533  
-1.612571698  
-0.5917350225  
0.8836276702  
-0.295791198  
-1.491020622  
-1.117071349  
1.320568999  
-0.806309126  
-0.4218926459  
0.4750613005  
-1.488150998  
-1.472408643  
0.05645523366  
-0.2518609327  
1.354100064  
-0.5050930971  
-0.5220939014  
-0.1315987898  
-1.445441616  
-0.3330116457  
-0.8505554384  
2.937227452  
0.7661053061  
-0.7082262746  
-0.8556858461  
0.5867893832  
2.280900218  
-0.7946076521  
0.4097114398  
-0.3086304884  
1.685260552  
1.485767559  
-0.6734169138  
-0.9925599162  
-0.5292616853  
0.666175187  
-0.05493321923  
0.2406075958  
0.8904071016  
-0.7762366303  
1.240207053  
0.644966311  
0.4418721932  
2.311740824  
-1.433112271  
-0.3929002164  
1.215488474  
-0.3266340405  
0.1849562188  
0.7982455307  
-0.6644489361  
1.490414626  
-0.8534891008  
0.4498887662  
-0.7848817553  
-0.6724325011  
-0.2138378168  
-0.3123473819  
0.1247547368  
-1.034040067  
-0.9834217984  
-0.5200862216  
1.364967214  
0.3895800546  
-0.1383597688  
-0.3230825023  
-0.338169923  
-0.2253539476  
0.3382722203  
-0.5883941802  
0.3209219843  
-1.929687768  
0.3127462433  
-0.646217412  
-1.595019513  
-2.177865655  
-0.9535725815  
0.1899224021  
-0.3537007469  
1.675080426  
1.378196316  
0.7946617597  
-0.646047102  
1.092821144  
-0.007418995127  
1.234384821  
-0.8353934422  
-0.7108602816  
-0.01566208771  
0.3492611833  
-1.17563755  
2.84468213  
-1.53306386  
-0.5871646814  
0.1676331605  
-0.1078978616  
-0.4479354289  
-1.659690357  
-0.4860765539  
0.8484884714  
1.652381722  
0.1854584217  
2.029393538  
-0.4446861586  
0.5809069008  
1.509222293  
-0.8512766517  
-0.9250388754  
0.4487117618  
1.190300152  
-0.6682943727  
-0.2632876448  
0.08750213318  
-0.2814305678  
-0.5805462628  
-1.061777857  
0.3324377363  
0.2477515568  
0.1259730985  
0.3191714588  
1.506554292  
-0.5972374866  
0.1453705473  
-1.307445337  
-0.3646991538  
-1.441001408  
-0.6736436082  
1.121853992  
0.8192157688  
-0.4538370009  
0.04608751281  
0.7169663222  
0.6273426823  
1.716113343  
1.332312446  
-0.344655432  
0.5299798799  
-0.6023193855  
1.115093997  
-0.04062525014  
1.016663978  
-0.5058855983  
0.7575148164  
0.2293933322  
-1.214973012  
1.686347804  
-0.8446590137  
0.4253178118  
-0.7699405506  
0.1745784351  
-1.542130495  
-0.837649554  
0.2104885932  
-0.1420894078  
-0.3377868799  
-0.6341392732  
-1.148968434  
-1.79371286  
0.5488540533  
-0.3344289808  
-0.2912459549  
-0.04855454513  
-0.2652500734  
-0.001150286312  
-0.3424123793  
-0.2773817449  
-0.4423122618  
0.9017768863  
1.850184964  
-0.5339494625  
0.5021428177  
0.4561505618  
1.01440995  
0.7172906554  
-0.7642454878  
-0.05685608323  
3.164294854  
0.8835877034  
0.4964184952  
-0.05310010912  
0.7485060976  
1.187371942  
-1.131639751  
-0.9554636293  
1.454576077  
-0.2764008482  
-1.484075454  
0.04089952893  
0.1813218254  
-0.7894693854  
-0.1152672915  
-2.649860789  
0.06634876115  
-1.021046338  
0.2993257191  
-0.2171653879  
0.6689743557  
-0.8623020698  
1.212640521  
1.588838599  
-0.7796739172  
-0.9582666238  
-0.7686007503  
1.459271997  
-0.8101209122  
-0.4668972566  
1.723927431  
0.1057995959  
-0.4946264902  
-0.472736695  
0.2409216822  
0.4184715754  
-0.5383720239  
-0.2719874226  
-0.4325669992  
0.9661591973  
