-1.682814899  
-0.3298716782  
-0.3741977703  
0.6620518867  
0.9812802381  
0.4973260316  
1.365680469  
-0.5579019406  
-0.5792071253  
1.373035204  
0.7633989853  
-0.5490429534  
-0.9142218985  
0.8595336881  
0.3270611078  
-0.1824989341  
-0.2088842125  
0.6933603075  
-0.4236780165  
-0.6149463  
-0.6615995505  
0.2498368315  
0.9558731519  
-1.185631028  
0.641513022  
-2.624750001  
-0.1157474119  
0.4692020317  
-1.337932886  
1.510037231  
0.612925831  
-1.955976906  
-0.9158393121  
0.05041787741  
1.376956565  
-1.531820408  
-0.1099580093  
0.4088158306  
-0.3129056473  
-0.489850197  
-0.2523751013  
1.511209852  
-0.6375311145  
-1.937500796  
0.2809221174  
3.84401472  
-1.369059885  
-0.502993625  
1.100379697  
0.1745433109  
0.1063031575  
-1.356942939  
1.265337815  
-0.5922843822  
-0.7032012341  
-0.97028293  
0.8667772463  
1.451736545  
-0.354219698  
1.21160657  
-1.28238564  
1.24279855  
-1.512932267  
-0.5995614901  
0.6068817048  
-0.3437883677  
1.227235884  
-0.1965796246  
-0.4027132997  
-0.04392167863  
-0.248753734  
2.993500781  
1.689209062  
0.05626254742  
-1.355724215  
0.03063934513  
0.5903465112  
-0.04652800578  
-0.08456061396  
-1.075202853  
-0.3760144501  
-0.0575558143  
-2.01922578  
-1.987850075  
-0.8143968465  
0.2263129019  
0.2649491816  
-0.6093718522  
-0.06473616487  
0.3478190812  
0.3425602132  
0.07421502063  
-2.362846275  
0.7259101299  
0.3777496398  
0.8513495521  
0.3815458669  
1.381940457  
-1.666225456  
-1.032695315  
-0.59210854  
-0.5940355644  
-1.524287222  
1.019642519  
-0.7264787918  
0.4977999531  
0.4416468737  
-1.28457077  
2.312584818  
0.5156899105  
0.1116736706  
-0.257319506  
0.07459441973  
-0.02640929328  
-0.3958389748  
0.6908163927  
-1.583320299  
-0.9418120657  
-0.2200299071  
0.2023410963  
1.092572895  
0.5458761835  
0.7708668404  
0.2706964397  
1.196129248  
1.173284973  
-0.9583791418  
1.334705876  
1.370325588  
0.7822947291  
0.0365131552  
-1.486755183  
1.321133091  
-1.792980778  
-1.648704112  
-0.4226259534  
-0.6897658459  
-0.0915563737  
-0.4817507079  
0.795777897  
1.290204431  
-0.7165306727  
-1.415433709  
0.05597667362  
0.6473126159  
-0.4125541838  
1.516888389  
-1.27665328  
0.667414491  
0.7018909505  
-0.8485502182  
2.172523245  
-0.02863102648  
-0.2156763402  
-0.4818040699  
0.5553371343  
0.01133777086  
-0.7018207701  
0.1438911971  
-1.016026048  
0.05387097667  
-2.153725904  
-0.1450338382  
1.140295707  
-0.5798876899  
0.4827879784  
0.9266208778  
0.7947635509  
0.172359644  
-1.307718323  
1.293054916  
-1.607435523  
1.997827704  
-0.3366950606  
-0.0145738384  
0.02834738908  
0.6134115122  
1.148350404  
0.4442916944  
0.4417802912  
-0.9501432992  
-0.4607505293  
0.1048240987  
0.2090023951  
-0.5334211665  
-0.9520981569  
-0.807716173  
4.224881812  
0.3423130779  
-1.000177629  
-1.21288945  
-0.1660225757  
0.3447650816  
-0.5498742597  
0.02436261861  
-0.2008529881  
-0.2308380925  
1.825963352  
-0.128604546  
0.2523359493  
-0.6447635097  
-0.07535542087  
0.5891425353  
-0.7834877284  
-0.7941322232  
-2.260486175  
-1.327661072  
-0.1862203626  
0.4582704789  
-0.7095079036  
-0.4500162388  
-0.1437250608  
1.146836757  
-0.3902800236  
1.692876759  
1.297509899  
-0.2448657637  
-1.262366266  
-0.7010475608  
-0.05752960728  
-0.7691415887  
-0.6174079561  
-0.431691908  
-0.985070529  
1.669236569  
-1.091994292  
0.7704794232  
-0.292683999  
-1.256647999  
-0.3451463148  
-1.156251872  
1.976806117  
-0.5585313302  
0.5516423167  
0.3287729258  
-0.7232270489  
1.595276115  
-1.721955338  
2.596724173  
-0.8677358274  
0.7968635511  
0.6495711632  
-0.1189900903  
0.3498154916  
0.002279016411  
0.5783877453  
0.7508001684  
-0.7747395816  
0.5040605051  
-2.146409717  
-0.1136569562  
1.39114699  
0.1838452096  
0.4661157421  
-0.501786436  
-0.892625219  
0.2277952006  
1.239701876  
1.373068166  
-0.240164515  
0.1491826374  
0.5105794835  
0.5385798921  
-0.7162933428  
-0.4246678585  
-0.6276784126  
-0.9415017177  
-0.7051501733  
1.848400471  
0.4842210864  
2.642380144  
1.320785948  
-0.3478914367  
1.734466794  
0.2571718101  
-0.7222063151  
-0.6832148066  
-1.082341863  
-0.9235463467  
-0.6799187435  
0.8437530199  
-0.8249355024  
0.9844481874  
0.8239188869  
-1.180266792  
0.134767767  
-1.310054281  
-0.4289819377  
-0.3613240354  
-0.5563964842  
0.8189437768  
-0.8821938847  
-0.2776720194  
0.2210600538  
1.456921347  
-0.4167703745  
0.2378910021  
0.844705838  
0.3146422838  
1.899327288  
-1.270015086  
-0.1564387996  
0.2228182598  
0.08085960602  
0.8430067473  
-1.099707862  
0.03413878636  
0.5654396951  
-0.2717346429  
-1.477724893  
-0.4803911933  
-0.1299710113  
0.04537577597  
-0.1450801064  
-0.2590601409  
0.4655372822  
1.051929186  
-0.7116473516  
-0.1374016467  
-0.8301838742  
1.091395515  
-0.6804531185  
-0.3996653604  
-1.766405543  
-0.6036877936  
-1.481532279  
0.02737408638  
-0.04211233176  
1.785416236  
2.027393254  
-0.5532957258  
-0.6059739304  
0.04180242601  
-0.3991545638  
0.7208868898  
-0.3357105262  
0.9947272832  
-1.902875194  
0.4884418398  
0.2454566277  
-0.7238229773  
0.4909374998  
2.567611024  
0.82861243  
-0.5038283114  
0.2316137541  
0.2525681243  
1.535041875  
0.557214199  
0.6532346117  
0.4716213094  
0.7223196059  
-0.8534614583  
0.8686140491  
-0.8004772007  
0.6148522123  
0.1205803304  
-1.827130391  
-0.7839407035  
1.268563785  
-0.01403700062  
0.5738781285  
-0.1079512698  
-1.476167209  
-0.1800195288  
-0.1046056594  
0.02102442504  
0.215815577  
-1.896433375  
-0.6631338165  
0.7292638356  
-0.4251947723  
0.8104677463  
-0.02465448586  
0.381448865  
-0.5828948267  
-0.7231631249  
-0.3744235787  
2.142141657  
0.06401866936  
-0.1016945033  
0.01273985674  
