-2.009233973  
-0.418201222  
-0.3643504069  
-0.0394266081  
0.7167895914  
0.2027447566  
0.7726433385  
1.255981636  
-2.120476088  
0.6549145321  
0.5833474297  
0.3857289384  
0.4854887853  
0.5291790303  
0.5727348626  
0.5625067161  
-1.286269426  
0.8552668265  
-1.013124278  
0.4326045102  
-0.5922322239  
-0.5743754611  
2.796817627  
0.6721416108  
0.7603593807  
-0.8937590389  
-1.491510149  
0.1285725225  
-0.2428163146  
1.000809761  
-0.3373132014  
-2.919432085  
0.53480398  
0.3865159076  
-0.4977999205  
-0.8926214463  
-0.369075106  
-1.033053652  
0.5907952639  
-1.766107771  
-0.5847184742  
1.099816055  
-1.408183101  
-0.624539699  
1.331826355  
1.064184789  
0.4265414883  
0.8712332689  
1.127931236  
0.2734853309  
1.163877322  
0.4405057439  
1.731492149  
-1.480927856  
0.1800871854  
-0.9247149158  
-0.8437169737  
0.4182817393  
1.103500347  
0.02407416284  
1.138280864  
-1.430466886  
-1.631262971  
-1.969738335  
0.1959356162  
0.9659157184  
-0.6224178444  
0.5253238634  
-0.0457413275  
0.6671448621  
-0.8262321459  
1.696755843  
2.332615714  
-0.3881038431  
0.1132020021  
1.26550908  
1.143819622  
0.3122772764  
-0.7319716671  
-0.4579546042  
-0.4117365738  
1.221287324  
-1.116052528  
1.200073992  
-0.247267485  
-0.1587056497  
2.270753355  
-0.458930981  
-1.281146394  
0.3743261205  
0.962390897  
0.7093729374  
-1.954035501  
-0.387932444  
-1.028610161  
-0.254275674  
1.112026091  
-1.155460552  
-1.265225892  
-0.8831843088  
-1.169978363  
-1.490859611  
0.3498559378  
0.6460864375  
-0.8038504611  
1.640792485  
-0.5053236755  
0.4031577163  
-0.2537105109  
0.2744189358  
-0.6337203177  
-0.9447093811  
-1.045102984  
-0.6054356951  
-0.6478774617  
-0.6168936441  
0.2526746448  
0.1174466549  
-0.4985944218  
1.078396196  
1.225879527  
0.1337679081  
-0.2379051977  
-0.3331930092  
0.876620224  
1.644228133  
-0.1601033471  
-0.2596522847  
0.5770438395  
-1.660773717  
0.6987104187  
0.3765089294  
1.132533482  
-0.4376841901  
-1.452119552  
-1.626617568  
0.2435967319  
2.041966493  
0.4696015142  
0.823671793  
0.2381143162  
-0.5429529133  
-1.520314048  
1.393167345  
1.60881157  
-0.5927806442  
0.4652646063  
0.1022484284  
2.393155558  
-0.6075856556  
-1.242767192  
1.662542698  
0.07573085205  
0.3209583032  
0.1386020352  
0.03296004375  
-0.003571330199  
-0.3821797976  
1.211504301  
-1.439118387  
-2.251082379  
-0.04024034496  
0.09878348382  
0.6175190928  
-1.183539505  
-0.03750573578  
-0.3237851497  
1.426614947  
-1.240905029  
0.6356484315  
0.3410794071  
-0.1519864272  
-0.8330579909  
0.679631481  
1.239322455  
0.9534110972  
0.325453784  
-1.208259192  
-1.014300663  
-1.05387265  
-1.430984887  
1.770545278  
-1.215102875  
-0.8255704543  
0.8165506548  
-0.8268687172  
0.4255481168  
0.3671873289  
-0.2679357852  
0.153000223  
0.02462021665  
-0.6927048095  
1.067378636  
1.334512159  
0.4143156063  
-1.211103713  
-0.09096704815  
1.802245197  
0.3389995741  
0.08580993518  
-1.032222545  
0.8648344393  
1.4537376  
-0.7164405737  
0.6839059312  
-0.9980228066  
0.3385773817  
-0.6419520112  
0.02559365365  
-0.8792918768  
-1.655963235  
0.3480402219  
1.704782614  
-1.077227092  
-0.727329301  
0.2335380532  
1.086205257  
-2.562817525  
0.5223801485  
-0.9533749932  
-0.5977188028  
0.6647952256  
0.1080681491  
0.4413418969  
0.8271380651  
0.979407715  
1.781740889  
-0.4980650003  
0.03160519788  
-0.5939014847  
0.3749841438  
1.301744955  
-0.8055472029  
0.6641884924  
-1.124605046  
0.1852508261  
0.1220772936  
-1.58836617  
-0.6059744851  
-0.1002212162  
0.3639718928  
-1.992724146  
-0.225179941  
0.1644265389  
-1.611378765  
0.790371045  
-0.2583987828  
1.670342426  
0.8818673985  
-0.9268865014  
0.3375048406  
-1.154182703  
0.01401295399  
-0.9267985589  
-1.319101318  
1.065197647  
-1.28847215  
-1.421753016  
-0.842913208  
0.2287648765  
0.7690395641  
-0.1601276035  
0.4351551832  
-0.8853665025  
0.282508275  
-0.02179165825  
0.5028310554  
-0.2837811521  
3.653105306  
1.058959899  
1.177410621  
1.473756532  
-0.2010519519  
1.19811605  
-0.480933913  
-0.1988896129  
-0.8311426912  
0.0437096001  
0.3759450838  
-0.04455778999  
0.06928411867  
0.6083597341  
-0.1713968603  
0.575886394  
-0.4606951344  
-0.1611862087  
-0.05696342292  
-0.4692871136  
-1.020316652  
-0.3483780862  
0.3972242812  
-1.675275084  
-0.8158851801  
1.533430255  
1.533857719  
0.5077876159  
0.9218240328  
0.2375357616  
-0.889050418  
-0.2063829594  
-0.2469921769  
0.2974050399  
-1.741347137  
0.8507089778  
-2.935351524  
-0.1536656852  
0.7940394159  
-0.2160889043  
0.6121567397  
-0.1165881429  
0.5673120376  
-0.3319875208  
0.2830529442  
2.676596525  
-0.6653041274  
0.8549741703  
0.8824752545  
-0.3244959377  
0.5005146927  
-0.01611795634  
-0.1847761592  
-0.3768728591  
-0.8581187132  
-1.373576938  
-0.909219632  
-1.552616735  
0.01768567334  
-0.9525722095  
0.4823287987  
0.9154743415  
-1.535524407  
0.5637388954  
-1.111555753  
0.5769098052  
-1.578275877  
0.3637654736  
0.1785428357  
-0.9777722854  
0.1260783878  
0.02108004516  
-0.6558009817  
1.036558072  
-0.2163700055  
-0.1235694435  
1.663543312  
0.2006161999  
-0.3784814042  
1.186150624  
-1.363460926  
1.088406067  
2.432325689  
0.09165402663  
0.06003620581  
1.29847006  
1.620684019  
0.1273130085  
-0.6357568951  
-0.9328257636  
-0.3745550926  
1.010404316  
0.0002301814121  
-1.61775461  
-1.626213632  
-1.059208187  
0.479153238  
-0.04864085632  
0.5250713934  
-0.5558643264  
-0.4058673217  
0.8742764574  
0.3087970787  
1.154232997  
1.544539059  
1.828654984  
-0.5958326074  
-0.08451327251  
-1.477582227  
-1.523678102  
1.060524203  
0.3178569674  
-0.366562254  
-1.243022662  
