-0.301706354  
0.7780129212  
-0.979334313  
1.348998762  
0.3384957392  
1.57602327  
-0.2783846143  
-1.031770747  
0.4222949883  
0.4226913052  
0.9250820964  
0.3428352553  
-0.2731567637  
-2.853047816  
1.091771215  
-0.3743047592  
0.1354333039  
-0.0805499437  
0.3666735706  
-0.2547730046  
-1.13009546  
0.9275698074  
-0.866220609  
0.2313368005  
-0.46817018  
-0.7539475636  
-0.8683508015  
-1.52833746  
-0.2671159689  
1.033540939  
-0.995204396  
-0.8360047016  
-0.06152497603  
1.21647089  
-1.635776093  
-0.03626867842  
-0.3168861867  
1.915355728  
-0.668437039  
1.00863116  
0.6230708464  
-2.095977042  
-0.3472359824  
-0.2820736444  
0.7691301834  
1.198095592  
-1.228880461  
1.78790746  
-0.781485461  
0.2190702322  
-0.176788938  
0.2225593949  
-1.750726311  
0.1759973804  
-1.055227132  
-0.6909175252  
1.137972636  
-1.13094945  
-0.1527713882  
2.438564905  
0.2695374157  
-0.1294247195  
-0.3580950316  
0.9326446027  
1.199554042  
-1.032317727  
1.679822312  
-1.057321462  
1.917673714  
-0.569105749  
0.1539359404  
1.867949886  
-2.153480952  
1.046383718  
-0.3637849158  
-0.1100393163  
0.09715673606  
-2.16814583  
0.8058221323  
-0.2513850902  
-0.5092461468  
0.8943285809  
-1.313363653  
0.941753414  
0.5828890166  
0.4920066856  
-0.3823647209  
0.5895611218  
-0.233098546  
-1.481388047  
-0.879397438  
-1.183603113  
-1.13141963  
-0.1469274777  
-1.365640564  
1.410296502  
-0.6816638122  
1.237156838  
-0.4793384094  
-0.5547118907  
0.5644481482  
0.004885720468  
-0.3523268693  
1.838531599  
-0.2393667109  
-0.8336639972  
-0.46946312  
0.6692820165  
0.9686115165  
-1.727233176  
0.295046301  
-0.6080971791  
-0.3699553199  
0.6313045125  
0.1377424974  
1.615237963  
0.8364952796  
-0.8223163499  
-0.3332321193  
0.4434922289  
0.2293006407  
1.729004974  
1.452371635  
-0.1379906565  
0.4998548581  
0.4197817044  
-0.2704967681  
1.352952625  
-1.247835077  
0.5221698626  
0.1842941948  
0.3976816902  
-1.54865336  
-0.5015906889  
1.249830315  
-1.541410435  
-0.01442920394  
0.3862013971  
0.1914785409  
1.07605421  
-0.5676059748  
-0.6579840407  
1.38251845  
-0.009689599559  
0.3902191407  
-0.2155315304  
0.8361104536  
-0.7433772998  
-0.637542408  
0.2954895704  
0.3244480709  
-0.3900929322  
-0.1851026144  
0.9583556703  
-0.8855433726  
-0.3901399736  
-1.203172236  
1.162811937  
-0.3530831732  
-0.7097531633  
-0.3866881211  
-1.342622754  
1.491452552  
0.6466580574  
0.2832911791  
0.7760165547  
-0.7576057991  
-1.106262015  
0.4632255343  
-0.7747077126  
-0.3793953786  
0.8537659355  
1.996995096  
-1.04117365  
0.4798908017  
-0.03915563912  
-1.545977768  
-1.178671108  
-0.4375741635  
1.166573924  
-0.5073121654  
0.2779852897  
-1.292738898  
-1.482411823  
-0.2757767401  
-1.131231203  
0.1541959419  
3.935287222  
1.038646076  
0.4239357128  
0.03158718677  
0.1670820009  
2.146604115  
-1.021653776  
0.6581849642  
-1.553300593  
0.6959304453  
-1.200339943  
0.05930800602  
-0.4670010458  
-1.024586981  
0.7165353906  
-1.125401185  
0.9624711038  
0.6078989975  
-1.764450991  
-0.5555435817  
0.7120249085  
1.087431023  
2.535850466  
-0.7606141757  
1.509675054  
0.6519804629  
0.2839834288  
1.53430162  
-2.282990126  
-0.3385960274  
0.3959851422  
1.144022573  
0.6650385663  
-2.059663491  
-1.112178776  
1.509361277  
0.1468545501  
0.377557476  
-1.601283992  
0.5581288415  
-0.8768589984  
0.6116370293  
-1.920632027  
0.6540454873  
-1.963409043  
-0.1270260184  
1.359360631  
-1.815813922  
2.037035899  
-0.6033022065  
-0.8511849706  
0.2051279192  
-1.516816279  
-0.3691372571  
-0.1969795628  
0.627313778  
0.7853456613  
0.8217413268  
1.061753797  
0.5138770601  
0.5061771613  
-2.467587971  
-0.5737189282  
0.7565159684  
-1.476526986  
-0.8171214688  
0.7410900498  
0.0103228644  
0.5132731205  
-0.529245916  
1.38762817  
0.5188326768  
-0.1944414987  
0.4203223095  
-0.9243658084  
-0.3387465438  
-0.5866577582  
-0.3289596494  
0.3263466649  
-0.9410462525  
0.2780164414  
-0.9612016305  
0.1933382411  
1.501760118  
0.5531289128  
-0.2382217814  
0.6409013665  
0.4850133408  
1.034016967  
0.05076390554  
1.590103858  
-1.139700392  
0.9711400165  
-1.343656002  
-1.542731154  
0.9939989876  
0.7203580158  
-0.9153091274  
0.1695148343  
0.6945735719  
1.451163579  
-1.458416898  
-0.06809920798  
-0.4099891788  
-0.4936356757  
-2.019947428  
0.2816101029  
1.306588095  
-1.710514449  
1.083869051  
-1.616172131  
1.898310014  
0.4310300865  
-0.03774218767  
0.7945141349  
-0.02569428633  
-0.3063490765  
1.305163044  
-0.1356054764  
1.070823167  
-0.6288253342  
-0.5143380451  
0.5926616012  
-0.6944022645  
1.228396547  
-2.741758098  
-0.1243469114  
-0.06125091485  
-1.275191297  
0.6154511274  
-0.669680313  
-0.004990875475  
-0.187996799  
-0.4254252038  
1.167959268  
-0.7063118018  
-0.9125289706  
0.6305815296  
-0.3516467028  
1.383868877  
-0.5693068507  
1.270533107  
0.2019234845  
-1.023628591  
0.7638914159  
-0.4119564187  
-1.224862294  
0.5566889717  
0.4857062281  
0.6473486024  
-0.7687212215  
0.7159201375  
1.247580143  
-0.9840461869  
0.6480084592  
1.490101522  
1.064640805  
0.1277965124  
0.980212309  
-0.9449987362  
1.703834379  
-1.124095581  
-0.7696553305  
1.438675734  
0.6185208024  
-0.6508411254  
-0.4603949933  
-0.2710458284  
0.1945170608  
0.03274599887  
-1.706683248  
-0.3089215784  
0.4734575954  
-0.003450501079  
-0.6615721441  
-0.009727599347  
0.7114450545  
-0.3405213563  
-1.872405279  
-0.4620221224  
-1.677884953  
-0.2230794873  
1.337417162  
-0.005518303573  
1.268013246  
0.947747425  
0.1980023168  
1.023355057  
0.07262228495  
-0.1606076377  
0.2592243899  
0.3145018198  
-0.5421794158  
-0.330577465  
-0.4833647284  
