-0.4357009668  
-0.5955199163  
-1.000965857  
-1.80421938  
-0.7187082891  
-0.5731012269  
0.01933075473  
1.378997435  
0.3061129744  
-0.5091857477  
2.554370186  
-0.535950498  
2.794796897  
0.1579557347  
1.549786117  
0.3713466883  
-0.1045610122  
-1.208762045  
0.3820463478  
0.6721456265  
-0.6344824628  
-0.05633124813  
-0.4858955132  
-0.3849318312  
0.4040875249  
-1.399770797  
0.3332694593  
0.03980000884  
-1.051529593  
-0.1825851045  
0.448794864  
0.179086265  
-0.3339204097  
0.4359273807  
-0.008578362091  
1.406497557  
0.207979376  
-1.764308182  
-0.8823553966  
0.316382047  
-0.2585986382  
0.4496631733  
0.2479340708  
-0.01732821803  
-0.2289861565  
-0.8051291566  
0.7041412054  
0.1703452067  
0.5536001003  
0.2931027044  
0.5080611443  
-1.621072505  
-1.328307369  
-0.114763599  
-0.700428941  
-0.5134677565  
0.2757134593  
1.004078221  
-1.840412957  
0.9599172483  
-0.1197557293  
2.264305789  
-0.2741924053  
0.1661309673  
0.07407798207  
0.3343898538  
1.143615388  
-0.6351768104  
-0.137843913  
1.254772796  
-0.3351753201  
-0.4305784039  
-0.02564177639  
-1.002275198  
-0.7744967562  
1.513192337  
0.5022893257  
0.6926611474  
0.5799789294  
-1.147379205  
-0.3562113914  
2.321652465  
-1.810303883  
-0.9200465259  
-0.1871542618  
0.1281158402  
0.1697007362  
0.1635120542  
1.082734038  
0.5325809269  
0.4788870777  
-0.03491850869  
1.361557176  
-0.9792066661  
0.04646613396  
0.5133939423  
-0.2438781429  
0.1096574635  
-1.560390592  
-0.2457541049  
-0.3690020331  
-0.03856487408  
0.8695917262  
-1.156932405  
-1.541757173  
-0.9094519184  
0.7669247318  
-0.002982685432  
0.9068797059  
0.1503308591  
0.8480124175  
1.405520238  
0.8431676885  
-0.1619331277  
-0.8702165046  
0.1466368898  
-0.9282773506  
0.2231659745  
-0.7199843998  
0.7190414458  
0.6503106458  
-1.613406709  
-0.276316763  
0.8251827094  
-0.5063751421  
-0.2294998681  
-0.9986014979  
0.4356483917  
-0.4799641388  
0.6075706486  
-1.290160409  
0.1930676716  
1.570827043  
-0.4415798335  
-0.2899940543  
0.4859978419  
-0.2562901687  
-0.5259997592  
0.6857891809  
1.374274751  
0.8389607096  
1.545201165  
-1.595010726  
-1.737029943  
-0.1048217019  
1.760344623  
1.186392494  
0.1712013251  
-1.95591471  
1.356780779  
1.110957173  
0.4314468747  
-0.7316390465  
-1.38793962  
-1.850647545  
1.040908365  
0.3628921305  
-0.7318880951  
-0.1981878883  
-1.871950229  
-0.5723973665  
-0.2355351583  
-0.1730511941  
1.06469298  
0.9644935802  
1.630992407  
0.002532232604  
2.926895335  
-0.319340395  
-0.2486851381  
-0.2049438432  
1.510802453  
1.233598032  
-0.9452449204  
0.8653607022  
0.07000698109  
-0.2148207522  
0.2814138795  
0.1592697789  
0.595719513  
0.7035380312  
2.592985128  
2.092097881  
1.616588808  
0.6742249242  
2.065995297  
0.9356561303  
2.202146544  
0.6880816116  
-0.3115488863  
-0.1732950586  
-0.1899763738  
-1.137252257  
-0.1891291697  
-1.062601377  
0.1137287241  
-1.1907011  
-1.342839777  
-1.504295947  
-2.757118199  
-1.559555257  
-0.3150202234  
-0.3794954082  
-0.4332428909  
0.5895451527  
-1.072642188  
-1.447970448  
-0.1508013542  
-1.363172297  
-0.9504452124  
0.699738325  
-0.160139087  
-0.6882458564  
-0.3893940072  
-1.439305732  
-0.2620606418  
0.8363911484  
-0.5956936809  
-1.612064639  
-1.014169623  
-0.9995511224  
-1.808913915  
-1.371688737  
-1.096810397  
-0.2093060471  
-1.557267549  
-0.9186206508  
-0.4271664315  
-2.317248032  
-1.495256217  
-2.080295707  
-2.051957098  
1.858413681  
0.06410374956  
0.610724511  
1.760727902  
1.751575165  
1.22604811  
0.2780377049  
1.707054239  
0.8201744537  
-2.125018002  
1.094112784  
-1.123755232  
-2.638525634  
-0.5167814055  
0.4524470595  
1.784508088  
-2.17140304  
1.7956957  
-0.453340269  
-0.6502755491  
4.176230672  
1.525274549  
-0.5922178619  
-0.8377763059  
0.9212878375  
0.8885819732  
-0.5426741305  
0.3164120399  
-1.736771972  
2.152207906  
-0.2637701607  
-0.3856155062  
0.6406175542  
1.091268185  
0.7148199562  
-0.7918690308  
0.2504130636  
0.3212246774  
-0.08716138596  
0.8384193927  
-0.0411394596  
1.7858861  
2.435766633  
-0.7095784223  
-1.309497449  
0.4053083481  
1.050627902  
0.08449464182  
1.077973953  
0.05884318873  
1.036541544  
0.6275118613  
0.5235226755  
1.699590792  
0.1879318471  
0.6446363258  
-0.1575210681  
0.5597970896  
-0.08076573232  
-1.31998422  
0.3650592722  
1.083779402  
-0.7474338241  
-1.254375024  
1.020802382  
-0.4171658656  
2.594709423  
-0.913609161  
-0.8815669197  
2.921010121  
-1.12820517  
-0.2282925858  
0.8556497175  
-0.8281574756  
-0.7572084705  
0.6027592782  
-0.1768164387  
0.1502011528  
-1.37428283  
-1.284597553  
-0.325966143  
0.3037335303  
-0.3590566005  
-0.2193420007  
-0.9531472146  
-1.297112181  
0.1136936557  
1.35853462  
-0.2116091068  
-0.05902999843  
0.5000644882  
-0.5415632745  
3.323287564  
0.1965716788  
-0.2401534647  
0.4289652831  
1.228892268  
1.674005009  
0.205099446  
0.2810598499  
-1.294692205  
-0.6748753185  
-1.426132874  
-1.039646185  
-0.5247511057  
-1.229753568  
-1.474938763  
0.4076972859  
-0.273449507  
0.7258898719  
-1.768589927  
-0.463401334  
0.6318004422  
1.276546631  
-0.2852675388  
1.384957147  
-0.2659634328  
-0.5246959836  
-0.05520478814  
1.026091539  
-0.1624867105  
-0.8842570786  
0.3949139239  
-0.5073621931  
-0.5655692292  
-0.3196095958  
1.61766509  
-0.06167308142  
-0.8302408942  
0.9338456029  
0.9843938736  
1.02095752  
0.6312225264  
0.2788198187  
-0.3232696179  
-1.072476135  
-0.6286769615  
-0.8450981457  
0.246733065  
-0.6957931583  
-0.5782116767  
-0.464686232  
0.1167000356  
-1.14156789  
-0.5246628517  
-1.162927232  
-1.241814026  
0.4540576747  
-0.09683176003  
0.8913974479  
-0.1119560698  
-0.7509751565  
0.09825681391  
0.496684666  
0.8221351033  
-0.1378797399  
-0.1172658277  
0.08178159031  
-0.7079419781  
-1.241454266  
0.2523933077  
0.2859658988  
-0.5431457773  
1.29716431  
-0.3622556704  
-0.7881412007  
-0.1529673196  
-0.10397863  
-0.2916752501  
-0.531375087  
-0.359409042  
0.4540160081  
-1.135288489  
-0.5586246158  
1.417557096  
-0.7763751831  
-0.8957442953  
-0.477836992  
-0.2626756777  
0.05503134078  
0.3940076615  
-0.02097928695  
0.2218240737  
-0.3298390427  
0.811042484  
0.4919792235  
-0.1413899271  
0.7580414006  
0.5295077801  
0.8059786344  
0.6478937681  
-0.4663442622  
-0.3275932202  
-0.4881178462  
-0.9801924379  
-0.7718373086  
-0.5793615926  
-0.3141538038  
0.2446460904  
1.258459311  
-0.1208171696  
-0.1488668523  
0.3206786466  
0.1276534999  
0.288453548  
0.4698587664  
0.2395148317  
-0.4882919311  
-0.1823820412  
0.08434082221  
-0.1073711364  
-0.7662424712  
-0.4569615961  
0.8131194863  
-1.294802424  
1.215295571  
0.3528171281  
0.6396391128  
-0.3372448057  
-1.255224869  
0.4534452714  
0.5816521107  
0.8824632004  
-0.6580412481  
0.07102367988  
0.158544738  
-0.2464274953  
-0.8115019593  
-1.053267715  
1.173329545  
-0.6235730599  
0.05162858483  
1.435936217  
-0.880692025  
-0.3495500619  
-0.2155980664  
0.4250214812  
-0.4241104855  
-0.9750977579  
0.6544262682  
0.4579470422  
-0.9795278088  
0.8768715717  
0.4134269725  
-0.9434450822  
-0.2082898879  
-0.3744429803  
0.3182988228  
-0.2454846001  
-0.3504709985  
-0.1849533153  
-0.3761876662  
0.5148694591  
-0.9645526271  
-0.7374817366  
-0.01192231086  
-0.7591130486  
-0.5098091809  
-1.175888293  
0.3257096561  
-0.8199616621  
0.5641376474  
-1.457672706  
-1.388236736  
-0.01560847828  
-0.6087925748  
0.4952640646  
-0.6088284004  
1.107663671  
0.8052076973  
0.6523854257  
1.005760565  
-0.5214335132  
1.252481989  
0.1901014212  
1.246547623  
0.5456299111  
0.115414985  
0.1692639297  
0.1300000848  
0.09519783526  
0.129507507  
-0.04043454946  
0.6129922809  
-1.150020935  
-0.645348757  
0.1692064663  
-0.9251350133  
-0.7803298624  
-0.2666082894  
-0.195557706  
1.538701896  
0.899709096  
1.646738305  
-0.9743353043  
2.711468518  
1.039608773  
-0.9759867697  
-0.1655585171  
-0.9143607148  
-1.120428627  
1.24551202  
1.50337654  
1.775773588  
2.834662646  
0.9741331092  
1.504480737  
-0.4072860882  
1.300191453  
-0.05922420923  
-0.8322621828  
-0.2521167806  
0.1122166229  
-1.779867277  
-1.23210632  
-0.4014079025  
-1.074428029  
-0.389633386  
-1.303548496  
-1.010695169  
0.2883182032  
0.3233379729  
0.200070233  
-0.06163169465  
-0.2617532444  
0.4303326059  
0.2909741266  
0.9333804712  
-0.2818764756  
0.2780625197  
-0.4955456901  
1.657998494  
0.7649635012  
-1.807034002  
-1.692869672  
1.017161646  
-0.3700338549  
-0.6556826827  
-1.478765868  
0.4434273326  
-0.6150848815  
-0.0697898316  
0.6758486818  
0.8212370518  
-1.592632673  
0.3613160552  
0.431577841  
0.02388300497  
-0.5785145668  
0.7346241544  
0.8219173639  
0.6308705437  
-0.3560089023  
0.8030027923  
2.311159108  
0.02561701855  
-2.713031676  
-0.3446529511  
-0.1053093627  
0.08581953613  
-1.412137141  
0.6343995136  
0.5089677724  
2.549536143  
-2.445208229  
-1.34972409  
0.5939532879  
-0.02251259733  
-1.280911809  
-0.492939696  
-1.427520663  
-0.2337460333  
2.250449928  
0.08063950327  
-0.2793435235  
1.190379344  
-0.9759327498  
-0.4067831299  
1.844509606  
0.4039459011  
0.5248753651  
-0.643731525  
0.3676222666  
-0.2778956664  
0.7411050063  
1.708811638  
-0.4626320734  
0.6511904596  
-0.7038036735  
-0.9489352857  
0.4319783463  
-0.05409363229  
0.1502367914  
-0.7088451253  
0.6948122863  
0.663411343  
-0.5442642306  
1.893206496  
-0.2768892607  
0.7461890534  
1.930480747  
0.8632466464  
2.354010938  
0.9855530969  
0.76592224  
1.330680975  
0.05467033858  
1.431081844  
0.3091190995  
-0.7356830395  
0.7532665055  
-0.2331355468  
-2.030304847  
-1.571788582  
-0.8407266988  
-1.083093157  
-0.6893190248  
-1.077326686  
-0.6261860135  
-0.4859852231  
0.03861983358  
-0.7056392027  
-1.964747036  
-1.873215727  
-0.7009127512  
-1.234947316  
-1.526194202  
-0.3008392988  
-1.599703407  
-1.437672966  
-0.68020519  
-0.7096010879  
0.8165942265  
0.757107482  
-0.839013792  
1.398352736  
-0.08498803872  
-1.273754505  
-0.5383278085  
2.008683734  
1.844673813  
-1.373087641  
-0.3096425104  
1.417277418  
-1.687234184  
-1.782409554  
0.5013256906  
1.429464481  
-0.6119602778  
-0.7792503253  
0.09743806971  
0.9287245735  
-0.6790881015  
-1.801054547  
-0.3875249514  
3.219534848  
0.3659096269  
0.3492782863  
1.016879018  
1.147752262  
-0.7410486121  
-0.3921861164  
1.441389333  
0.5269371802  
-0.06288271433  
1.060181847  
0.3989606532  
0.6799959418  
0.1822238503  
0.2083343734  
0.7558670409  
0.3068643297  
1.347841831  
-0.9518436629  
-0.9026933933  
-0.07547301826  
0.8679818419  
0.02582507731  
-0.5107130806  
0.5421396246  
0.7625461144  
0.30108676  
-0.2739772095  
0.1732877168  
0.6404535811  
0.9371408165  
-0.621884021  
1.599543898  
-0.3032350141  
-0.2299864982  
-0.1911246365  
0.6594351131  
0.6712947175  
-0.895295113  
-0.1769543997  
-0.9092611406  
-1.497851102  
-1.11640256  
