0.9394796275  
0.3015704344  
-0.08553942401  
0.2249711196  
-0.8110775558  
0.4575369728  
0.6978046374  
-0.7816680989  
-0.3014377894  
-1.00354007  
0.151418953  
-0.6240445224  
-0.07641018441  
-0.3464148598  
-0.5015908569  
0.5689455772  
-1.469840408  
1.744566888  
0.6071541555  
-0.03479326311  
0.4030374524  
-0.3102491662  
0.1888822427  
0.6539203406  
0.4888944158  
1.142697916  
-0.943385637  
-0.2172129195  
1.049776325  
-0.4754805916  
-1.389360423  
-0.2674385271  
-1.837243359  
1.037299708  
0.4934553567  
0.1692336728  
-1.492280037  
0.5116022113  
0.4206408458  
0.5547548005  
0.8153011601  
-0.2033456351  
-1.170339339  
0.7732422995  
-0.8789483361  
1.077556608  
0.2154549497  
1.400547662  
-0.5624942675  
-0.6139316406  
0.4827549758  
-0.4547282491  
-0.1794528074  
1.009563077  
-0.09356933469  
2.6283906  
0.8948934863  
0.08362763247  
2.144971423  
0.9345265272  
-0.03297121496  
-0.3541415556  
-1.483658881  
-0.5570872341  
-0.9581881411  
-0.1843971253  
1.222509323  
-0.8084690408  
-0.5597784261  
-0.552683243  
0.3146714793  
-0.5227921513  
0.6427681935  
1.177921334  
1.043518839  
1.033595903  
-1.27760863  
-0.8967955994  
0.2608838913  
0.9328032511  
-0.7452908522  
-1.990962647  
-0.7141519449  
1.967190133  
-0.2887147746  
-0.9964976301  
-1.214022572  
0.1461216489  
-0.3718887692  
-0.4973390261  
0.3244314841  
0.7118364387  
-1.693908706  
0.3694640294  
-0.07700205952  
-1.481884646  
-0.4132934435  
0.2928223182  
0.2489839727  
1.642324819  
-0.1269650792  
1.025122575  
-0.7777424951  
1.116797805  
-0.4232946666  
0.7878080656  
1.391760353  
0.01955653364  
-0.4991049548  
-0.7707981925  
0.05105826525  
-0.6163641598  
0.06594206137  
1.129933724  
-2.165420939  
1.112884138  
-0.9029223769  
0.6200433485  
-0.1047938648  
-1.160036415  
1.669776756  
0.1344833463  
1.203584782  
1.042481008  
-0.1989797228  
-0.4874537372  
-1.339066452  
-0.2988295723  
-1.436821722  
2.435766539  
1.300516275  
-1.260002487  
0.6685321848  
-1.762299026  
0.111871929  
-0.7956009279  
-0.6372423192  
-0.6069661042  
-1.303890699  
-0.3685290439  
-0.5877316757  
-0.6693474656  
0.6023721083  
1.618061621  
0.343156024  
-0.3110327347  
-0.5313409441  
0.4966131588  
0.7644107194  
-0.04172700146  
-0.9282224881  
-0.5963541643  
-0.1900549165  
0.6914140472  
0.6391273803  
-1.019848711  
-0.02594047865  
-0.1515454475  
1.314454256  
1.076431717  
-0.2773541216  
-1.332616185  
-0.3813597672  
-0.4740709035  
0.3529532384  
-1.17004074  
-1.491328289  
-2.690767708  
0.2796716405  
0.5128905013  
1.195196645  
-0.9516984703  
-0.8001709332  
0.8114328788  
0.6171351505  
-0.5124039892  
-0.1632622368  
1.72409811  
1.614605285  
-0.2743696098  
-0.5980115473  
-0.408068926  
-1.327866961  
-1.513420702  
-0.56340049  
-1.204261974  
-1.361756866  
0.4453936471  
-0.3131272164  
-2.122440349  
0.7212812401  
0.2775622593  
-0.0703346405  
-0.4086875429  
-0.05813751291  
-0.4682662265  
1.501260258  
1.76159637  
1.832538588  
1.355765902  
1.468158583  
0.1555004745  
0.3830970739  
0.0003019537686  
0.2178249877  
1.387061185  
0.9009287707  
-0.04258844134  
0.7530441239  
0.7995956299  
-0.6011163399  
0.6361118917  
0.8519277359  
-0.3346074555  
0.1185935994  
0.2952770655  
0.2614276834  
0.02353838185  
1.346104812  
2.397805753  
1.347284179  
0.9391550779  
0.8155640228  
1.063019012  
1.79726021  
1.477390994  
1.011044583  
0.5080643747  
1.952628939  
1.789561843  
0.1294217066  
0.1612274069  
-2.472654908  
-0.7589679514  
-2.473013298  
-2.816715579  
-1.550357235  
-1.98020764  
0.08749950532  
-0.2456852583  
-0.8518031589  
0.4329801636  
-1.351532559  
0.06857187693  
1.214704325  
1.757226587  
0.3852171341  
-1.307811705  
-0.5274326813  
-0.215353086  
1.021329812  
1.209297455  
-2.966219485  
0.1214578963  
0.8506434983  
0.6521670819  
-1.373766244  
0.1584757851  
-0.09595297413  
-2.094677682  
1.134524878  
-0.6670854614  
0.04301461807  
-0.6773656112  
-0.8035386294  
0.8742651853  
-1.257712451  
1.063132344  
0.3397990287  
0.1782852657  
0.1061048254  
0.4208074217  
-0.4755503435  
-1.032624182  
-1.285638982  
0.833132409  
1.251579994  
0.2297493349  
-0.2203602623  
-1.165734214  
-0.9182607087  
0.2116545821  
-1.203316366  
-1.914843035  
-0.5874748846  
-2.083816902  
-1.142126358  
-0.2530649957  
-1.473414212  
-0.4788762675  
-1.964224404  
0.6848744252  
-0.3920356129  
-0.6713083206  
0.6096548889  
0.7941050486  
-0.5097167332  
-0.8304600983  
-0.5434707178  
1.654065113  
1.046316237  
-2.96759171  
0.8528681453  
-0.1957656407  
-1.710366557  
0.267704375  
0.08731713965  
0.9023933284  
1.317353967  
0.05640769024  
1.931838496  
1.940503995  
0.9015694268  
-1.542642678  
0.5941948223  
0.4398800961  
1.480501463  
1.070566027  
1.206156084  
0.1160709302  
-0.7337960443  
0.1982166533  
-0.2754903978  
-0.05050518733  
-1.88574592  
-0.03427304765  
0.4531643812  
-0.2010656801  
-1.671523749  
-2.195565974  
-0.5259342245  
0.230096455  
0.4952403233  
-0.4351076599  
0.5890907754  
-0.8427619639  
-0.5072177886  
1.277157672  
0.9472063224  
-0.2374982588  
-0.6143755108  
1.075428701  
1.404410365  
0.558358983  
-0.1217934076  
-0.6960575468  
-0.1021020511  
-0.008120574565  
0.4605444765  
-0.07926335508  
1.109698115  
0.8902354025  
0.03695451792  
0.6737579548  
0.4956863967  
0.0345672231  
0.4804103057  
0.5946441244  
1.023958317  
-0.119786165  
-0.5114818025  
-0.3836833911  
0.4643599971  
-0.3252308437  
-0.6425109558  
0.4148852456  
0.247856052  
0.1036901283  
0.5868190924  
0.7690107832  
1.121471587  
0.8556821357  
0.8101916362  
1.678049429  
2.038749353  
0.9617761797  
0.430426356  
-1.036246493  
-0.8416555744  
-0.3544402322  
-0.7694366367  
-1.400454999  
-0.4687103419  
-1.090915902  
-1.076909437  
0.06780141629  
0.4786511789  
-0.1229597658  
1.066331783  
1.339058681  
2.205117143  
0.7137883704  
-0.2050976987  
0.2147157186  
0.1008268136  
-0.371939392  
-0.7742539687  
-1.273947542  
-0.8208949138  
-0.437441356  
-0.03809087362  
-0.09486495298  
-0.5097306464  
-1.080635862  
-0.8458347549  
-0.7537714713  
-0.9321671711  
0.5881955798  
-0.8831798128  
0.04951671353  
1.045843221  
-0.3070428175  
-0.9176376531  
-0.6084754716  
-0.1117752033  
-0.4375581908  
-0.5937585359  
-0.6669709564  
-0.7589123798  
0.407493702  
-0.2980992468  
-0.5487334821  
0.7721397078  
0.73991049  
0.5789046667  
0.4483251938  
-0.9047709353  
-0.4812707931  
-0.2515859966  
0.5958942005  
-0.2565847985  
-0.2911154233  
0.208247497  
0.1128236237  
-0.5535249302  
-0.5177906154  
-0.4789059028  
0.3344720884  
0.7987010834  
-0.2859411232  
0.2226581751  
-0.4570324583  
0.7350804872  
0.05564374719  
0.9398631228  
1.113566563  
1.930312073  
0.4198619449  
1.206230865  
0.1382147425  
0.4816599636  
1.000422688  
-0.09351514645  
0.3433883991  
-0.4810011639  
-0.1371827496  
-0.1917316355  
-0.1379360966  
0.001535334173  
-0.313187185  
0.384256629  
0.1606833763  
0.05172385833  
0.4461920996  
1.195749923  
-0.8220365863  
-0.8092215817  
0.782949688  
0.1469106293  
0.08081442768  
0.385874425  
0.3994224828  
-0.3710539362  
-0.138573481  
-0.05149616328  
-0.1450804266  
-0.04632221574  
-0.2563839687  
-0.01708886268  
-0.4739808531  
0.2616772562  
-0.2146617895  
0.3575342035  
0.6812275165  
0.9624805354  
0.4559982115  
0.7728874482  
0.7076382927  
0.5465355953  
0.3505095549  
0.9133278887  
0.6313490977  
1.071927905  
0.3617206992  
0.02374632251  
0.9315735073  
-0.4308812165  
-1.705151109  
-1.341499091  
-0.07942812869  
0.4323289451  
-2.706324753  
-0.03439503397  
-1.249118863  
-1.68283528  
-0.15119933  
-0.8466021661  
0.4999258096  
-0.6174386889  
-0.1427266946  
1.186299838  
-0.2540862079  
0.3862005313  
0.1618011759  
-0.9692471588  
0.5228077995  
-1.691460422  
-0.1179597638  
-1.107307829  
0.2248944055  
-1.795132476  
0.755723036  
0.2172549451  
-1.279333245  
0.3496645318  
-0.4375044389  
-1.216395444  
0.6582236423  
-1.017752073  
-1.224324848  
0.6316518605  
-0.9475385212  
0.07048574567  
-0.9577268922  
0.09791260381  
0.2712988837  
-1.292081771  
0.6791485186  
-0.227014749  
-0.4472475914  
0.5342537471  
-1.076911123  
-0.3447608318  
0.3937950772  
1.193593889  
0.6643010348  
1.397456717  
1.175025364  
1.860675804  
0.8340271352  
2.26230492  
0.06410902808  
-1.656832144  
0.4839662176  
-0.6681754742  
-1.722962803  
1.000982381  
-1.118424067  
-0.7591047777  
0.2705090004  
-3.024619655  
0.248498054  
0.893702603  
-0.1369339097  
-1.717359349  
1.027718914  
2.075284224  
-0.6846799669  
-0.1913638893  
1.543891654  
1.11024902  
-0.7328375836  
-0.6628436848  
0.2626531486  
-0.4020614182  
-0.5472599404  
0.6464927163  
1.213118119  
-0.2251451379  
-0.7650236209  
-0.4237274971  
0.4897975535  
-0.05035031857  
-0.9961252406  
1.06722512  
0.7161861235  
-1.486596549  
-1.614950782  
1.175725361  
0.7049945638  
-0.4490091981  
-1.163017829  
1.739205207  
0.2625019697  
-0.3229355475  
-1.354309996  
1.511890252  
2.105795925  
0.328230197  
-0.8265926867  
0.3661152315  
1.977081477  
1.686077902  
-1.863530579  
-2.445122968  
1.272241651  
1.186833237  
0.3624718823  
-0.9623230157  
-0.229250024  
-1.419263119  
0.2534989193  
-0.8827760029  
-0.3804249631  
-0.3431931597  
-0.8801534149  
-0.7519699137  
-1.670927154  
0.8756433426  
-1.092891616  
-0.4560897883  
1.55398844  
0.4480784589  
0.308538259  
0.2759784598  
-0.5621518019  
-0.4296403901  
-0.5880674803  
1.247972988  
-1.207842989  
-0.8702268164  
-1.60364986  
-1.797575594  
-1.249171926  
-0.661315981  
-0.9933340799  
-0.2832347973  
-1.292565604  
-0.144562255  
-2.144205023  
-1.576187556  
1.408470026  
0.3799661554  
1.378281624  
1.416267351  
1.764297177  
1.503222764  
2.241765108  
1.246679389  
0.2429149316  
0.8303161345  
-0.2186110841  
0.6762291317  
0.6884722274  
1.647658231  
1.651438865  
0.5601251395  
1.713256326  
1.136934614  
0.2729968263  
0.2994192582  
0.7947990091  
0.1900329949  
1.394687041  
-1.224456033  
-1.055908616  
0.4602307071  
-1.952812364  
-1.374218653  
1.464116676  
1.02168765  
-1.044511673  
-0.7076299538  
1.141226348  
0.9408918083  
-0.4956485755  
-1.027375114  
0.5679117527  
0.4052275759  
-1.116892762  
-0.07983678925  
0.6028259649  
-0.2027191621  
-3.04722696  
1.029164679  
1.625137963  
1.304494392  
-3.931023642  
-0.530245381  
0.5228505445  
0.2318484737  
-0.7362667592  
-0.4518329356  
0.4385002479  
-0.6406373744  
-1.622188665  
0.6417615279  
1.048496072  
0.427591454  
-1.658237582  
-0.1329575054  
1.094286128  
0.9668135869  
-0.3007292869  
-1.438932558  
1.532480745  
1.359668936  
0.4561157439  
-0.6625412741  
-0.3252607385  
0.8541332948  
-0.630524498  
-1.291306492  
-3.07860149  
-0.2491532795  
1.286731711  
0.2636674366  
-0.9528269283  
0.8069563321  
-1.570414836  
-0.1068052092  
0.2176741692  
0.4774252203  
-1.314141125  
-0.2929565923  
0.1036831001  
0.6664002364  
0.7131600062  
0.6122244219  
1.416640058  
