-0.5265561718  
-1.177542888  
-1.502013995  
-0.3168289757  
-0.0122821608  
-1.943758832  
0.1061060788  
1.910955583  
0.6625468582  
0.7575910172  
0.5119384167  
0.4212529064  
0.9168026131  
0.6222620885  
-0.1411476064  
0.1085797512  
-0.1353258971  
0.5339134325  
-0.5048839004  
0.4301860261  
0.5773116592  
-0.2806798017  
0.8829308323  
-0.558403071  
-0.5438312774  
-0.3218702286  
0.9420171125  
0.9190854266  
-0.4742933332  
0.5369009934  
-0.04338812245  
-1.112396052  
0.3775464392  
-0.7147896275  
0.415291098  
1.36163527  
-0.1082266799  
0.1587161788  
-0.8116689013  
-0.4422191081  
-0.4276699267  
0.3783135223  
-0.441477594  
0.1188580442  
0.3239737915  
-0.4242459411  
-0.1817173948  
0.4087900508  
-0.312515861  
0.8547880044  
-0.4077489767  
-0.221488271  
-0.2984962559  
0.05820113695  
-0.2857243105  
-0.6775317847  
0.3710548124  
0.3270305322  
-1.138817391  
0.2898978961  
0.3438614458  
0.2866192213  
0.733967235  
-0.09365593202  
0.2513515118  
-0.2161239974  
0.1513392392  
-1.047535139  
-0.1338834184  
-0.3366042234  
-0.1443453658  
0.8555170931  
0.07731467385  
-0.466200157  
-0.5873720535  
-1.26405176  
-1.121895097  
0.8834129489  
1.06902107  
-0.3641023828  
-1.64058267  
2.431456801  
0.002623787783  
-0.1542365656  
0.08292937119  
1.318954938  
-0.3956147875  
0.4988405905  
0.2715962428  
1.04280757  
0.5382942522  
0.909566541  
0.6117328776  
-0.568039981  
0.3862364292  
-1.548774331  
-0.4675452143  
0.2370877638  
-1.561402017  
-2.166543835  
-0.8435194027  
-0.1919995976  
-0.4965636289  
-0.4981415191  
0.2116784354  
-0.798259376  
0.252504626  
0.360230069  
1.110241484  
1.177409118  
1.091613299  
0.547054582  
0.8429299447  
1.317910966  
0.9923934758  
0.1552571746  
-0.3516277166  
0.2317946686  
0.278158542  
0.3673168565  
0.1729840088  
-0.8882331541  
-0.4068964022  
-0.4213674636  
-0.4351146554  
0.8447708628  
-0.2677091246  
1.918640318  
0.7570953553  
-0.4025832955  
0.1554733647  
0.08782934778  
1.301883358  
1.078168765  
0.4833859899  
1.045373693  
0.9911190136  
0.9692484798  
0.3900755123  
1.77319557  
0.4744161925  
0.4974341281  
-0.8507882247  
-2.050885109  
0.03769127128  
-0.6320754018  
1.036016665  
0.410474833  
-0.0257685524  
-0.5401075993  
0.2110254809  
0.9569228632  
-0.1578447991  
-1.158700796  
-1.766216937  
-0.1291281407  
-0.342247031  
-0.1857900612  
-2.099716836  
-2.074001221  
-1.322318921  
1.838161564  
1.902348858  
1.171606062  
-0.834592056  
1.394695901  
0.3262768222  
3.836847329  
1.588200272  
-0.9478233709  
-1.256992746  
2.018626061  
0.1664855181  
0.3540475503  
-0.7139905346  
-0.6737369599  
-1.800092377  
-1.05910821  
-1.882445265  
-1.148383513  
1.467969719  
0.1461080034  
0.5153403676  
1.416024301  
0.4746464926  
-0.1910769384  
0.1488958876  
-0.2886106822  
0.1422317047  
0.4994883926  
-0.4827233188  
-1.268220237  
-1.357074355  
-0.6721159411  
-0.9853428524  
-0.9941299119  
-0.3098739816  
0.4221294695  
-1.73388095  
-1.037464082  
-1.718948118  
-0.3736244851  
-0.9916868411  
-0.4901092417  
-0.0529174171  
0.8602836104  
-1.157046991  
-0.9415092309  
-0.09510598412  
-0.1668624803  
-0.8503800559  
-0.3932737602  
-0.1446411443  
-0.5198852157  
-0.3456515596  
-0.9212152141  
-1.002573105  
-0.04900326003  
0.2794204701  
-0.9374039315  
-0.8251779295  
-0.8594524294  
-1.74015503  
-1.000108761  
-1.893194654  
-0.9025999142  
-1.344096141  
0.8253287097  
-0.8753688318  
-1.529619337  
0.8966830114  
0.8276634225  
1.43733339  
1.802128008  
3.459604504  
4.326251932  
1.968073727  
1.042421728  
1.023578083  
-0.06631688128  
0.3043471056  
1.256437422  
0.6386402626  
-0.8900667296  
-0.8617325674  
-0.5633807756  
-0.2004345187  
-0.7533377964  
-0.8076373684  
-0.04682818341  
-0.8360259013  
-1.208906395  
1.768268193  
0.2995448539  
0.1016942454  
-0.01224999355  
-0.6016949049  
-0.2129062253  
0.05675112688  
1.228736661  
0.7258197635  
0.3177599664  
-1.104335242  
0.5787700026  
-0.06921380506  
-0.05288989873  
0.9184541959  
-0.04084112797  
-1.446081855  
-0.4511743176  
-0.3230958525  
1.637303048  
-1.474744351  
1.319659478  
0.3404693074  
-0.7593841177  
0.4437224962  
0.07111970262  
0.4346532705  
0.6216569486  
0.7982344781  
0.7308142388  
0.3676320613  
1.552403576  
0.1513718514  
0.3309179672  
0.7379767838  
0.06877446392  
-0.9832528766  
0.4998042497  
-0.6064570358  
1.02916761  
-0.7495152567  
-0.1193792009  
-0.3390166896  
1.22010527  
-0.9361399085  
-1.239764341  
0.1030858748  
-1.226772875  
1.704736134  
0.7066534915  
1.542117205  
0.1918558196  
-0.2668567579  
0.5150113711  
0.2398143031  
-1.356485708  
-0.6440977315  
-0.1705505712  
-0.7316351225  
-1.876923977  
0.4347701133  
-1.388527073  
-0.9604549988  
-0.3542298628  
-0.05744444738  
-1.156116728  
-0.5649427819  
-0.253142397  
-0.2166906901  
2.107514093  
-0.818568535  
1.712211509  
1.477264536  
0.04613490197  
1.339258443  
0.4524691864  
-1.544185244  
-0.06267019945  
1.189776332  
0.1783296931  
0.2692333796  
0.2427244177  
-0.3467098553  
0.3792255262  
-0.06259385894  
-0.6634830809  
-1.384086298  
-0.4660788147  
-0.5082121196  
-0.04841283814  
0.6568724324  
0.5456347938  
1.332136019  
0.8320363583  
-0.03243271545  
0.3054652002  
0.14617298  
0.2952189069  
0.5109301987  
-0.004767787623  
-0.04175380329  
-0.4000085784  
0.6664209389  
0.9487309605  
0.4007372067  
0.7108411073  
1.092709337  
2.447265729  
1.275245073  
0.6331150321  
0.5695660535  
-0.2637713447  
-2.375607914  
-1.42797575  
-1.875616764  
-1.844101941  
-0.9401488131  
0.4213603028  
-0.3243834841  
-0.2490217831  
-0.647880159  
-0.7124254553  
0.6470184762  
1.597667808  
0.8482602335  
1.332512183  
0.5314848905  
-0.630490055  
-0.9193828455  
-0.07377985212  
-1.188804624  
-1.169139636  
-0.7766707173  
-0.3597290792  
-1.096583525  
0.4263568934  
-0.1363634509  
-0.8749136286  
-0.500422753  
1.035735129  
1.390346525  
0.608780727  
-0.5465888333  
-0.5236936903  
-0.3211420934  
0.7932458342  
0.4109606351  
0.2342720859  
0.4380611707  
-0.4709544949  
-0.6815749768  
-0.8321886837  
0.3075213892  
0.03210203051  
0.216153219  
0.2560824907  
0.8173165753  
0.5281869582  
1.308776396  
1.464445777  
0.3298537022  
-0.3409755648  
-0.1516274126  
0.1706885947  
-0.8323294816  
-1.175557372  
-0.8228926284  
-1.019915245  
-1.03074514  
-0.6216966671  
-0.2748413256  
-0.8661281936  
-0.06939112393  
0.1016287456  
0.4820840085  
0.4251107192  
0.5795478846  
-0.2276233613  
-1.105711656  
0.08725787458  
0.3411596429  
-0.01727608359  
-0.3291199929  
0.7597356551  
-0.3515329453  
-0.7101970296  
-0.3260976732  
-0.2474463133  
-0.3823152882  
0.4837814162  
0.7017566606  
0.1759355573  
0.6997758725  
0.9459119106  
0.6545223852  
0.1404976375  
0.4188989121  
1.017112864  
0.07038837291  
-0.6991828544  
-0.4164109284  
-0.2504262029  
-1.981746778  
-1.057561674  
-1.242756383  
-0.5751217947  
-0.0006794609781  
-0.429725428  
0.5009779224  
-0.001200510181  
-0.215932615  
-0.1232108996  
1.02709184  
0.7797144549  
-0.2852781314  
-0.7717047537  
-1.026941858  
-1.285802984  
-0.134969241  
-1.025863451  
-0.6411841076  
-0.01973109382  
-0.4674635686  
-0.6986377918  
-1.255743723  
-0.9052766854  
-1.436799216  
-1.433512403  
0.1711274689  
-0.8923865763  
-0.7037362051  
-0.9849504625  
-1.41429144  
-1.088659962  
-0.9723874816  
-1.175788695  
-1.825110916  
-1.582421011  
-2.059936994  
-1.309761583  
-1.500957566  
-0.11275113  
0.118237163  
-0.5385404322  
1.762548845  
1.719299304  
1.64973333  
-0.18717824  
1.234626222  
3.518719535  
1.293350285  
2.428492625  
1.534498946  
1.707155582  
0.5519003722  
0.6858694359  
1.037087052  
-1.264966831  
0.8039659782  
1.573451789  
-0.3994345801  
1.11559915  
0.3652855105  
1.131585923  
0.5119334989  
1.20200297  
0.9040817474  
0.5675265265  
-0.7453977908  
-0.5607236754  
-2.019576516  
0.4412263783  
-0.2344637069  
2.697903755  
0.4614958251  
0.3675166393  
1.839550847  
-0.1725045206  
1.179841566  
0.8628584373  
1.118551179  
1.314127606  
2.282299429  
2.560516077  
1.681762261  
-0.525013319  
-0.5289664995  
0.9265951697  
1.204978326  
0.5880517848  
1.078350536  
1.500987854  
-0.6913781801  
-1.975844192  
-2.423603449  
-2.690974952  
-2.125005672  
-2.29098029  
-1.603096456  
-0.7719974683  
0.8977126662  
-0.2352593482  
3.561952465  
1.229647232  
1.270395018  
2.539905056  
1.122877957  
1.612958825  
1.380677326  
-0.1581717736  
0.7718635355  
-1.026612202  
-0.9937436248  
-1.659370357  
-1.671568131  
-1.556936872  
-2.292580346  
-1.487182583  
-1.118686384  
-1.481366722  
-0.4976842236  
-0.960927801  
1.886760453  
-0.6802424777  
-0.1295839915  
-0.5527621059  
-0.2951525332  
0.4384017968  
0.780456768  
-0.151529957  
0.2261736929  
0.8906232699  
0.06586107188  
0.333370905  
3.413765144  
-1.181927638  
-1.263579415  
-1.380083141  
-0.3232909079  
-0.130700557  
-0.8621759672  
-0.7243203628  
-0.2108727706  
0.5453913763  
-0.8554628887  
-1.681436018  
0.3799743691  
-1.195165953  
-1.057314716  
-1.125704508  
-0.4262705092  
1.860171356  
0.8446844032  
-0.9480326576  
-2.350965017  
-1.251551633  
-0.7217177015  
0.3714700049  
0.437713673  
0.8255696495  
1.542880577  
-0.007413743628  
1.83287302  
0.4703047826  
2.428446622  
-0.580798711  
0.03501569812  
-0.06842318281  
1.055596719  
-0.5745003172  
-0.4567701421  
-0.001138839527  
1.060902096  
0.463737258  
1.716593446  
0.2131370641  
-0.8480334637  
0.2375389685  
0.3051298737  
1.010439119  
0.9728512293  
1.001614491  
0.8742593988  
-0.2665434754  
1.227402043  
0.3234911819  
0.5421497112  
1.046580474  
-0.1895168668  
-0.613934491  
0.4851900405  
-0.2747343257  
-2.049030084  
-0.8528121637  
-1.560436447  
-0.8867441634  
-1.353018409  
-1.081016435  
-0.462902951  
0.4807535156  
0.1486114631  
-0.5433997903  
-0.820867322  
-1.024062746  
-0.8931039171  
-0.9626909794  
-0.399549413  
-0.9238765574  
-0.3206054304  
-0.07979457994  
-0.1219139679  
-0.767877557  
0.7983968438  
0.09241310347  
0.1159161521  
0.5437948093  
0.2097825904  
1.151915942  
0.3924920293  
0.2285647906  
0.9501238302  
-0.5118619662  
-0.3452886895  
-1.444310172  
-1.14164457  
0.6038082184  
0.4314645922  
0.1963929185  
-0.7929827092  
0.7128497245  
0.102739454  
0.5670620191  
0.2717041717  
-0.6299588092  
-0.8184226204  
1.584024117  
1.297858157  
0.3669715839  
-0.5011219408  
-1.1122317  
0.0319928066  
0.5582247508  
1.384784332  
0.1037609457  
1.232988582  
0.2807485496  
0.1639417683  
-1.829748913  
0.8825045983  
-1.192347803  
-1.060183231  
-0.7155300006  
0.5988898293  
0.3251087794  
-0.4192801182  
-0.6545585942  
-0.8105290673  
0.7137628825  
-0.08193121635  
0.4734610461  
0.8912978052  
0.5046963163  
0.2137130219  
0.4232491392  
-0.8062756472  
0.2624240266  
0.3313669529  
-0.02392737976  
0.557010184  
0.17998662  
0.3157354196  
0.1357731281  
0.8799409272  
0.8804558687  
-0.7574137565  
-0.8607825381  
-0.8139602831  
-0.8699197306  
