-0.1924721171  
0.09959782604  
0.5015937924  
0.4407708903  
0.572755427  
1.36988184  
-0.01430119361  
-0.9524212705  
-0.4320329359  
1.735633378  
-1.160381697  
-1.694826798  
1.125436987  
-0.5070981691  
1.176279692  
0.3057441438  
-0.4446689398  
-0.5198333458  
-0.5122692178  
-0.6177827434  
0.1160563357  
-0.8648833791  
1.075245974  
-0.4279873483  
-0.8896493164  
0.01566411714  
-1.025072838  
0.3916898701  
-0.3978196265  
0.2875963206  
0.38038085  
-0.1125592327  
-0.7209482085  
0.5004842441  
-0.3319524708  
0.001089095091  
-0.5099741495  
-0.3029236909  
0.05436538744  
-2.05935963  
0.9549902497  
-0.9123342556  
1.040426435  
-1.007595132  
-0.6123690213  
0.1881643253  
0.2577119234  
-1.077252592  
-1.497854541  
0.03394113367  
0.03079273355  
-0.6806261431  
1.695608123  
-0.2741247677  
-1.275871495  
0.2916587561  
-0.9147366103  
-0.2176649735  
0.5545932099  
0.3379653817  
0.3833947504  
0.3826730318  
-0.01054164045  
0.06073626782  
-0.478108715  
-0.2581867956  
0.5948880321  
-1.191401266  
0.801138945  
-0.2779941364  
-0.290478869  
0.06916439403  
0.4759834595  
0.548369416  
0.8064314557  
-0.6916811854  
0.8333050709  
-0.4163023962  
-0.1791005589  
-0.1204243126  
0.6842706815  
-1.137356092  
-0.3468373114  
1.763880453  
1.009074352  
0.1695853859  
-0.6181176691  
0.1272855659  
-0.1336777423  
0.00821299378  
-0.4678105658  
0.8606604678  
0.372661396  
-0.5369477249  
-0.06846815305  
0.4172260368  
-0.283220544  
0.2780607165  
0.8466889082  
-0.1026644858  
0.3624543031  
-1.048464716  
-0.7800357596  
0.1486763731  
-0.5139331158  
-0.3326809521  
1.191922016  
-1.908996857  
-0.3511178425  
-0.7095089915  
-1.312587491  
-0.08787251331  
0.3207901033  
-0.9272485909  
0.1495254043  
-1.391925644  
0.5308229967  
0.2920275705  
0.3247019365  
-0.03292162464  
-1.160313352  
2.185345988  
-0.9466528974  
0.4814640715  
0.1369124435  
0.3280604804  
1.08595338  
-0.5424440126  
-0.6784543408  
3.408276508  
-1.678142475  
-0.4213535995  
-1.21485865  
-0.5928789392  
-0.3727548959  
-0.6255214474  
0.1914534222  
-0.3829843552  
0.8326171344  
-1.420277075  
-0.3465449956  
-0.1353565806  
0.1975983555  
-0.9901478493  
1.224979503  
0.3851937898  
-0.3939512138  
-0.1968177817  
1.422856306  
1.395017982  
-0.1320668766  
-0.2544843221  
-0.4535730574  
-0.4235122771  
1.739173221  
0.5415914897  
0.7459685594  
0.1204384823  
1.174990938  
1.351729956  
0.4169077133  
0.5379284992  
-1.386513072  
-2.214697235  
-1.518733224  
-1.900390352  
-0.8373557658  
-1.485813816  
-1.972635718  
0.7091238015  
2.158914671  
-2.698621668  
-0.2491618412  
0.7680466616  
-0.8227316153  
-0.0002437903515  
-0.03492824075  
0.6886541826  
0.2048610648  
-0.3059844928  
-0.06007548717  
0.08611557931  
-0.1296199634  
-0.2548456738  
-1.618155673  
-1.119595304  
0.1118075689  
-0.04920929581  
-0.9393326552  
0.4935717006  
1.254564678  
0.1295719689  
0.7102931676  
-0.004453551561  
0.4736713289  
0.300593572  
1.637491559  
1.913532724  
0.9289870583  
1.523666997  
0.1262869357  
-0.755747435  
0.6096835381  
0.3606258792  
0.1476104803  
1.040970146  
-0.4800158664  
0.09419085658  
0.03659005043  
-1.138140501  
-0.61160077  
-0.001074935849  
-0.2007594677  
0.3684528193  
0.1440254521  
-0.346934475  
0.07756271774  
-0.08287870256  
1.13750601  
0.7174188265  
-0.9358640369  
0.4678030184  
0.04078365678  
-0.004474193044  
-0.1158864951  
-0.02821440719  
0.2249134196  
0.2642686217  
1.402278217  
1.144214874  
0.4870821536  
2.177805705  
-0.4816986528  
-0.5712858907  
0.9509562075  
-0.05044924964  
-0.118867767  
-0.3046424263  
0.3402239725  
-1.49506045  
0.2925132008  
-0.1555944147  
-2.271894666  
0.2202030701  
-1.287042843  
-0.193852741  
-1.616181645  
0.6877511558  
-1.124217859  
-0.1070752828  
-0.6949820095  
-0.4442086843  
-0.3490456866  
-0.0945628241  
-0.6309633021  
0.5645905097  
0.68238898  
0.5119654704  
0.6492073185  
0.7928921285  
0.6211513138  
-0.4895778861  
0.1880586734  
0.5750541735  
1.186230683  
-3.216702185  
0.4143600079  
0.8554434123  
-0.5237783554  
-0.2325875308  
0.1341043061  
0.2849808342  
-0.2990231499  
-0.2774339605  
-0.2378037446  
2.355811802  
1.396325599  
1.380147551  
1.172531544  
-0.4250989431  
0.7695292459  
0.2401654604  
0.5750905319  
-1.621270832  
0.09334789396  
-1.30583773  
-0.06848098801  
-0.9595971456  
0.6350630945  
-0.8059852884  
0.275170043  
-0.1542939671  
-0.6066185383  
-0.220341718  
0.9495688261  
0.5015184671  
-0.561947754  
-0.2666877703  
-2.825540032  
1.239959426  
-0.03310278728  
-0.7449480564  
0.6610145628  
-1.504199137  
-0.5082288906  
-1.29149092  
-0.1990336304  
-0.6740386471  
1.458206217  
0.5008273921  
0.1037180989  
0.5266564776  
0.5137446014  
-0.9192577109  
-0.4770976327  
0.8570769337  
1.710188042  
0.5005578643  
1.512573739  
-1.181860566  
0.2525013375  
0.2283987811  
-1.564598695  
0.8424634119  
-0.7803792221  
0.2976354001  
-0.5390728476  
0.782070582  
-0.6481822425  
-0.8322751684  
-0.2821957367  
-0.7841463758  
-0.8536901687  
0.1546076691  
-0.8991017134  
-0.2853273993  
-0.6049938899  
-1.359550267  
-0.7021381229  
1.394418411  
0.7197401339  
1.035496503  
0.6348063797  
0.6588099611  
-0.4414744626  
0.5321833972  
-0.2863726422  
0.1852135986  
-0.5587475476  
-1.309864593  
-0.2697426384  
0.1520496432  
-0.2710164863  
-0.9998413225  
-1.655799184  
-0.5678810041  
-0.6973154575  
-2.16697787  
-1.54753344  
-1.839153153  
-1.447953593  
0.8795642511  
0.2683409483  
1.116688688  
0.5948868908  
1.720912821  
0.8699738986  
0.787082945  
0.995167384  
-0.4966404417  
-0.6030481462  
1.255068103  
0.886752868  
-0.01680614023  
1.062758223  
-0.2597140416  
-0.6013846447  
0.8433263396  
1.74581272  
0.9454554252  
0.08556655378  
0.2975564071  
1.691715818  
0.2471216935  
0.115310509  
0.0650326687  
-1.464304915  
-0.6583071121  
-1.167746659  
1.069690968  
-1.143449167  
-0.2092195851  
0.8850084941  
-0.8055355542  
0.2955801392  
0.8982864268  
0.2761758673  
2.113321111  
-0.7683773551  
0.968796053  
0.5422006785  
0.2795979625  
-0.5765584299  
-0.6277726995  
-1.124498385  
-1.327262484  
0.5588042601  
0.3734743117  
-0.5299981378  
-0.3644210763  
-0.7570189134  
0.4387304289  
-0.7439040333  
-0.4962541111  
0.5361688754  
1.075561615  
0.4075163869  
1.072962125  
-0.008467246853  
-0.6372238419  
-1.581949839  
-0.4751292802  
0.004525967837  
-0.3010196111  
0.2065776822  
0.9072626804  
0.507450257  
2.474843084  
0.9434073001  
1.863977826  
-0.132206625  
0.6975807569  
0.7457847359  
1.87036069  
0.2121268423  
0.4050146955  
-0.1796484909  
-0.7277084901  
-1.668257818  
-1.041686134  
-0.3864903596  
-0.2001507106  
-1.168287011  
-1.026176119  
-0.5056167795  
-1.015199875  
-1.488871336  
0.879247666  
-0.7889700022  
0.8174134647  
0.3733235167  
-0.02811006263  
0.2491482471  
0.08302943015  
1.201674692  
0.9626780548  
-0.8488896191  
-0.413828872  
0.6954225228  
-0.3877421323  
-0.1053385713  
-0.3080695845  
-1.228952951  
-0.1277780094  
0.7536787362  
0.9598478847  
1.131168194  
0.9290434576  
1.214772354  
0.04615364212  
-0.4058026487  
1.22797467  
0.2117838638  
0.3172104203  
-0.7829248863  
0.6676125273  
1.762346885  
1.460448045  
1.475032916  
0.5361057048  
1.497636355  
0.7931680444  
-0.07036729918  
1.195237282  
-0.2976126642  
-0.4682351872  
0.01953033563  
1.021620756  
0.4071455152  
1.034613768  
0.3773236324  
0.748724269  
1.044212213  
1.726188669  
2.084714828  
0.5878920978  
-0.3766680179  
0.3063610962  
1.157177531  
0.3770548758  
-2.435643709  
-1.37605337  
-1.197379234  
-1.011472285  
0.03846707717  
-0.02370345052  
-0.4025192261  
-0.7854857047  
0.1002792805  
-0.6027732343  
-0.258968175  
-1.019707313  
0.7351931921  
-0.05999563324  
0.1078352907  
-0.860450347  
0.2497653044  
0.06116350333  
-1.051090169  
-0.3154992377  
-0.4913301124  
-0.2021760765  
1.165808153  
-0.7156191282  
-0.1138685957  
-1.866401654  
0.7934524088  
-0.06062377052  
-0.7722824677  
0.5136251833  
-0.2892975862  
-0.7179958491  
-0.7248814784  
-2.204809579  
-1.406521987  
-1.074604443  
-1.6819944  
0.3279765576  
0.8627659201  
2.053831754  
-3.373642704  
1.401531624  
-1.660758297  
0.125318014  
-1.718894894  
-0.2073288872  
-1.305611137  
0.04959628625  
0.07997251312  
1.336394902  
1.820041524  
-0.5667292471  
1.415112997  
0.1431689372  
-0.2931734689  
0.4856654551  
1.238232146  
-3.348465888  
-1.010408991  
-1.402591112  
0.9027141583  
0.300243729  
0.7932113508  
-2.475517498  
0.09704306348  
0.4674563427  
1.911338914  
1.317944949  
0.1509262695  
-0.02483159  
-0.2161019865  
2.025930761  
1.544586506  
0.6113490811  
-2.627416768  
0.07483795764  
1.243537988  
1.577196155  
-1.957248409  
0.3680915631  
-0.2731396739  
-0.9263959946  
-0.7163792046  
0.3937392199  
0.326015357  
0.8288739024  
-1.791421728  
0.6916337796  
1.857748555  
1.403845153  
-0.6682256696  
1.23685609  
2.059999308  
0.04558516008  
-3.325661792  
0.1838649098  
0.160024504  
1.418926979  
-0.5027124559  
0.7033163863  
0.2604150588  
1.165601974  
0.271948586  
-2.493768191  
1.761417414  
-0.4488704421  
0.8370013433  
0.7582755906  
0.5621661432  
-0.1175568407  
0.1679046117  
0.7144662296  
-1.398232795  
0.7316136947  
-0.5131890209  
-1.383553589  
-0.3581208988  
-0.1440133381  
0.6787992703  
-0.9646868174  
-0.7044145803  
-0.0316409574  
0.5879767216  
0.9751785785  
-1.056407127  
-0.663715981  
-1.00601883  
-1.572933522  
-0.6740321969  
-1.086424906  
0.06815369478  
-0.5147805229  
-1.603466798  
-1.366849812  
-1.638636624  
-0.437650458  
0.5252688323  
-0.8828420631  
1.296397469  
-2.411201931  
-0.7167193621  
0.162419201  
-1.914561708  
0.4563362282  
-1.253154183  
-0.6956960978  
-0.2692847113  
1.224760677  
0.3723766995  
2.334421035  
0.1856550515  
0.5464280546  
1.799306966  
1.833348657  
0.9451864629  
1.159757546  
2.585026656  
2.06542818  
0.07368791431  
-0.8225878926  
1.156971655  
0.4798439453  
-0.4529600924  
0.2339850535  
2.408510536  
1.130479629  
1.049538418  
-1.965661467  
0.8028387458  
0.848361474  
0.8658459934  
1.847083071  
-1.180886373  
0.1667808033  
-0.8125768872  
-2.630186118  
-1.000519512  
0.9305075672  
0.201085954  
-0.6289321568  
1.525518077  
-0.8476170847  
-0.7383922772  
-1.502333671  
2.167555441  
1.581728028  
0.2141615558  
-1.447054305  
-0.02706896053  
-0.4535644592  
-0.03208730313  
1.206615962  
-1.498683386  
-1.535777723  
0.362732855  
0.6450518656  
-0.2361203303  
-0.3286276602  
-0.328084004  
-1.593946594  
0.8584968052  
-0.8384510666  
0.9946406582  
-1.242244139  
0.7439130573  
2.134777795  
0.6416177787  
0.4776100276  
-0.9338647319  
0.2115193026  
0.4034809581  
1.705244194  
-2.268105699  
0.5617064103  
-0.09052838648  
-0.2753388905  
-0.921190261  
-0.2411384725  
-1.05464228  
-1.719465156  
-0.1381431031  
-0.1860066022  
0.6234672783  
-1.947647372  
-1.227956533  
1.509210557  
1.459467168  
0.4654816441  
0.8712576131  
1.162638005  
