-1.772148195  
-0.6863104398  
-0.4373895718  
-0.3771768935  
1.435035936  
-0.132896775  
-0.8415120418  
0.3009032387  
-0.6384730321  
-0.4376890877  
1.665109281  
1.927925443  
0.3072875351  
-0.702069387  
-0.4472654014  
-0.1171548072  
-0.09433627461  
-1.645961543  
-0.5949110619  
2.813644764  
-0.8228763283  
-0.4178046884  
-0.9296303175  
-1.171334939  
0.9508554261  
-0.6422506808  
2.414496211  
0.5439542074  
0.2635541435  
1.465672824  
0.08895601599  
0.4908902039  
1.112993705  
0.7020531285  
1.211801382  
-0.1887925778  
1.577751741  
-0.1988680378  
-0.09881861294  
1.467485178  
0.8872302434  
0.787066356  
0.5783339838  
-0.6641236221  
0.5842804954  
0.08324717239  
0.1045994129  
2.289323701  
1.326674842  
-0.6027976364  
-0.7562114283  
-0.930167452  
-0.9570964892  
-0.4317250885  
-0.7859261002  
0.460470749  
0.5055320812  
-0.9428670008  
0.3773242736  
0.407992074  
0.9567784143  
0.8214924753  
-0.8089822144  
-1.092106685  
0.5947049114  
-0.5580515874  
0.5244148846  
0.4488555268  
0.6884729513  
-0.06910491736  
0.5979784291  
2.05951859  
0.2005377456  
0.1198222482  
1.001012777  
-0.5566553242  
0.4072193471  
-1.187500969  
-0.8760909559  
-1.19215073  
0.6946832029  
-0.3770829753  
-0.1817819453  
-0.08078987676  
0.8667593363  
0.880048854  
0.5486844145  
0.8607985179  
1.084072715  
-0.1665961143  
0.5385764125  
0.9534432402  
0.3993140702  
-0.8392302348  
0.1488357184  
0.6293214812  
0.2900618495  
-0.3873934342  
-0.1634970527  
0.173894103  
0.194213777  
0.7093887214  
0.5199571224  
0.217540679  
1.391758864  
-0.2731662795  
0.9061345606  
-0.1289996593  
-1.142008271  
-1.609985548  
-2.418917521  
-2.091131879  
-2.00075587  
-2.205123597  
-2.211592324  
-0.03755388497  
-2.032522163  
-0.15354566  
0.2301392846  
-0.0491958964  
-0.6339309687  
1.594395947  
-0.8356250988  
1.283556558  
-0.6201828615  
-0.1879159759  
2.02701679  
0.5831987157  
0.5727624318  
0.8136433297  
0.1676865551  
0.260940628  
0.9449818033  
0.5502515217  
0.1369220046  
-0.09243029338  
-0.8391405016  
-0.1689346165  
0.9199698784  
0.80647596  
-0.2402790158  
-0.4223616409  
-0.9450300755  
0.8701982034  
0.7026485583  
0.3145934251  
-0.6906336065  
-0.1639247276  
-1.841581632  
-0.2213776993  
-0.8146158295  
-1.217430928  
-0.2213597856  
-0.4738130102  
0.2797417903  
-1.344162694  
-1.327197267  
-1.467571585  
0.3528560588  
-0.7392424449  
-1.399975217  
-1.122888371  
0.2296353002  
-0.5715703228  
0.373232232  
0.04062335603  
0.5257468242  
-0.3244627583  
0.2064347867  
1.084095486  
1.058681257  
0.2409649877  
0.2386655062  
-0.5762022536  
0.6195375845  
-0.06994352173  
0.7603307369  
0.4979769264  
0.3794235608  
1.731853279  
0.1517991597  
0.6743407601  
0.382633837  
-0.8613936172  
1.137584363  
-1.410163989  
-0.5412309731  
-1.471467921  
-1.445313238  
1.549410185  
0.864509009  
-0.3415295117  
0.4826086068  
-0.4355534564  
0.2014314514  
0.6772592318  
0.1917889487  
2.493829241  
0.9773273775  
-0.3904510485  
-0.6622011307  
0.01487945139  
1.125563842  
0.9137383267  
0.6857723773  
1.046608255  
0.6754797826  
3.287780497  
0.9860665577  
1.240882016  
0.5746854724  
0.6024804118  
0.05116556938  
0.3685811924  
-1.331515951  
-0.3086513987  
-0.02523854064  
-0.401950923  
-1.098696495  
-0.7226876876  
-1.972594628  
-0.8646076486  
-1.874580515  
-1.826627544  
-0.4996576367  
-1.303509182  
-0.5058631877  
-0.06281627772  
-0.5415694692  
0.5573439824  
-0.1064299384  
0.1406333209  
0.4479407751  
-0.4750062519  
1.038027673  
1.298136932  
0.5079883018  
1.176116891  
-0.6163817292  
0.1808233963  
-0.6567405264  
-0.5669253488  
-1.880766783  
-2.383032991  
-2.454077258  
-3.048196509  
-3.371827635  
-1.615834621  
-3.436309305  
-2.673635682  
-1.980749058  
1.047326602  
0.7057736248  
1.656703378  
-0.07096968465  
1.61826471  
0.4241127357  
1.098598205  
0.1701516665  
2.989928821  
0.2491624769  
-0.466880129  
1.062961185  
0.623820796  
0.9614219077  
0.4773884621  
-0.2557369713  
1.940984679  
1.108633972  
0.4728900528  
-0.359646111  
0.3458443991  
-0.3860738223  
0.8490354879  
0.3439132419  
0.6882209038  
2.226371531  
1.588289244  
0.2590866604  
1.264305923  
0.2834341763  
-0.8182145121  
0.652023454  
-0.9327166764  
0.04242588376  
0.3127234205  
-0.3278509159  
0.5447130278  
-0.01159926783  
0.7686972336  
0.8038313732  
0.1386575351  
-1.149106588  
0.9168913108  
-0.1015684712  
-0.220470272  
1.185935074  
-0.07485822552  
1.082232546  
0.1822827414  
-0.418866604  
0.2885119575  
0.3386272889  
0.3514727419  
0.4647408408  
-0.7544616891  
1.089829315  
1.113455439  
0.9981823231  
0.9835217381  
-0.1501425072  
-0.1045573252  
-0.4980976759  
-0.6521697568  
0.8784914826  
-0.06559217572  
0.2731355471  
-1.138512639  
-0.5926926996  
-2.450722746  
-0.1883454077  
-1.080154019  
0.1014158806  
-0.4322805081  
0.3083551048  
-0.2591484954  
-0.04000408054  
-0.56495962  
0.7778611421  
-0.5245272847  
0.3572898994  
0.6833148314  
-0.351547129  
-1.322087417  
-0.2135521321  
-2.092597283  
-1.192252803  
-0.6843848436  
-0.2026444098  
0.5228821303  
-0.06852357964  
1.214011979  
0.9185754557  
1.11812179  
0.5094218955  
-0.04651662633  
0.9988497566  
1.10802203  
0.7277407192  
0.7958574672  
-0.7318176811  
0.1080981175  
0.7005736356  
0.6690268768  
0.9362885282  
1.645477095  
0.009425101139  
0.2882537731  
-0.4155592026  
0.4453139191  
0.6148481086  
-1.087070511  
0.1823908083  
0.8238672816  
1.824107875  
-0.1187651963  
-1.094083751  
-1.488987223  
-0.4003458821  
-0.5628151919  
-1.021975884  
-2.103056402  
-1.687515812  
-2.376736419  
-1.381558063  
-1.698718332  
-1.766550711  
-1.203893431  
-1.508825091  
-1.623477046  
-1.949602056  
-2.449144791  
-1.025636978  
-1.726380053  
-0.7677000819  
-0.3031308987  
0.3420943641  
-0.05101286618  
1.041195827  
0.2911958973  
0.8304550402  
0.5294930871  
0.4694797764  
0.2354032456  
-1.558188604  
0.199849945  
0.507835232  
1.492819914  
2.000636056  
0.9478808163  
1.530589299  
2.54088015  
1.204852445  
1.373007792  
1.118706694  
2.457604478  
2.885420355  
2.545369661  
2.266426186  
1.890831161  
1.942160782  
1.02186223  
0.9820342085  
-0.4516444519  
2.24251483  
2.065201273  
0.4458325972  
1.920784888  
0.7546028235  
-3.676543207e-05  
-0.683911389  
-0.6057107178  
-2.101879523  
-1.620502137  
-1.851442223  
-1.56559613  
-1.444667142  
-0.8851098499  
-1.21174193  
-2.43091727  
-1.176277973  
-2.029202299  
-2.147070716  
-1.892527114  
-2.157673565  
-1.680878871  
-0.5904314578  
-1.385341926  
-0.3981000181  
-0.798364936  
-1.270258459  
0.5253155969  
-0.425382531  
-0.05130903903  
-0.7292474346  
-0.7633061279  
-0.4368586845  
-0.4085831525  
-0.3821890085  
-0.5628923002  
-0.2342632545  
-0.8033684385  
1.222200696  
1.850568861  
2.307149344  
1.981485832  
2.036389015  
1.652553658  
1.466800975  
0.7283486952  
0.09786936993  
0.4436778598  
0.7729391732  
-0.4899265104  
-1.580229095  
-0.05117633685  
-1.199768045  
-0.6922271281  
0.2375922285  
-0.3359099259  
-1.070228113  
0.5352085863  
-0.1037459246  
-0.4350934234  
-0.3751724561  
0.3940000856  
0.7763103977  
0.2564394201  
0.1281273988  
0.1315692611  
-0.1472917135  
-0.234098495  
-0.5162582664  
-0.3327942938  
-0.3108042705  
-0.008412631505  
0.7875365403  
-0.7390992749  
-0.5170676026  
0.02667709187  
0.00182654892  
-0.8498684472  
-0.04421247674  
-0.4969880005  
-1.11449247  
0.2948878501  
-0.3257297007  
-0.3538960954  
0.8138148138  
-0.3977096198  
-0.7702388842  
-0.07144643846  
-0.0130423572  
0.1385927353  
-0.2141593119  
-0.8011032395  
-0.7074775391  
-0.7825757288  
0.143243138  
-0.3133050433  
-0.2928477165  
0.03884726836  
0.4604705946  
0.770074748  
-0.7021157686  
-0.4923119288  
-0.3459065735  
-0.5610897262  
-0.7273285309  
-0.6443398964  
0.09401694337  
0.8267845339  
-0.04296920669  
-0.6162918918  
-0.01405350478  
-0.6745237377  
0.05842225032  
-0.1655623541  
-2.474111306  
-1.512188541  
-1.467510993  
-1.699833332  
-0.9037080368  
-0.1528184076  
0.020327961  
1.085536023  
1.223137245  
1.455736272  
0.8168943351  
0.3730851493  
0.3446274872  
2.09786113  
0.9685974419  
0.5782845958  
0.7847406947  
1.645601683  
1.668164409  
2.096055215  
1.121781662  
1.002953971  
1.615492646  
1.22044324  
2.014000538  
1.058065843  
2.38103734  
1.639997871  
1.075061568  
1.998269005  
1.238732062  
0.2653053659  
0.26007513  
-1.204673601  
-0.46427734  
-0.1341409914  
-0.6138356401  
-0.038743915  
0.3847581773  
-0.2811973642  
-0.3422164583  
-0.7058454279  
-0.822927144  
0.2108093938  
-0.254542018  
0.1224141423  
0.1018967378  
-0.5221052967  
-0.8582009764  
-0.3700022247  
-1.025580339  
-0.8051293174  
-0.9247239535  
-1.576387048  
0.07196322658  
-1.308990929  
-0.5846542701  
-0.8532744911  
-0.8896324845  
-0.5620208543  
-0.4680979253  
-0.7691323825  
-1.477107219  
-1.305639709  
0.1842753132  
0.2604814998  
-1.312940297  
-0.6092456626  
-1.709782477  
-0.9127483325  
-0.4789043747  
-0.1692683733  
-0.9802130599  
-0.5773362805  
0.6109009916  
-0.5627301416  
-1.344060891  
-1.102169045  
-1.129671671  
0.8964596969  
1.142565879  
0.003644634022  
-0.5774880132  
-0.6353501809  
1.007728245  
0.2141230914  
0.8751788394  
0.0454247439  
0.4756910083  
0.9678209081  
0.1532452593  
0.6639728402  
0.0386001446  
0.3892552831  
-0.14461159  
-0.4294348345  
0.8903935161  
1.225956948  
0.6579822172  
-0.04803343696  
-0.4865465459  
-0.2193533762  
-0.01817378246  
0.3963232834  
0.1801942829  
0.2955265597  
-0.5198325874  
-0.1565819632  
-0.461456126  
-0.7069257709  
0.7215287538  
0.265577779  
0.7323328721  
-0.2733777113  
0.8864817283  
-0.4540100592  
0.113932842  
0.6576324407  
-0.1764122501  
1.452555567  
0.5542320561  
-0.1597069777  
-1.329314747  
-0.9168687759  
0.5834230999  
1.938207055  
1.281114627  
1.463774088  
2.08926036  
1.744301097  
0.8028649026  
0.394050091  
2.483623742  
1.576429811  
0.09873760429  
0.3002837365  
0.5922850294  
0.11945181  
-1.029377193  
-1.990429295  
-1.532679626  
-0.2627003016  
0.7177241722  
-0.1319943181  
-1.264113944  
-1.106555452  
-0.9673976079  
-0.1961328196  
-1.282520528  
-1.180431458  
-0.1244353573  
-0.06077289481  
-1.821939008  
-0.1545853437  
-0.295841637  
-1.706634378  
-1.752640763  
-0.5213930543  
-0.3782780159  
-0.2921722651  
0.4203026432  
-0.08828873643  
-0.08509390071  
0.5811104597  
0.5062244727  
0.5407184197  
-0.4579693124  
-1.083074967  
-0.2003615053  
0.5061513534  
-0.02761495369  
-0.2816798503  
-1.039080704  
-1.101979926  
-0.7201114174  
-0.5193996557  
1.965880418  
1.65338439  
1.220671075  
0.2697773787  
1.290256353  
-0.4439789244  
0.3484390075  
-0.8255458852  
-0.4178981524  
0.4481618173  
-0.9185178039  
0.2672192332  
0.4712561242  
-0.3096130808  
0.851889866  
1.784162313  
0.5804731836  
1.999127378  
1.79578755  
2.349893212  
1.061326026  
0.3722697369  
-0.1326644745  
0.2055197225  
-0.7624041747  
-0.5751515269  
0.07110578494  
0.1030225937  
0.05826836283  
-0.01021862839  
0.01828550852  
0.08319030695  
-0.2983094176  
-0.01281951002  
-0.6036411598  
-1.094103181  
-0.2652333751  
-0.7155277613  
-1.270489102  
-0.6181551931  
0.7363753008  
-0.4692691113  
-0.04295154543  
-0.3224314126  
-0.3449886492  
0.8180140698  
-1.212804049  
0.4538937981  
0.517720106  
0.3881197682  
-0.257287534  
-0.2995191317  
0.2496092303  
-0.7058983797  
-0.648925984  
-1.798997634  
-0.6243241507  
0.001886877007  
0.6425414398  
-0.08831966261  
-0.3501032819  
-0.02017762546  
-1.52834948  
-1.28175321  
-0.01699307573  
-1.42015512  
-1.723935981  
0.09229903978  
-1.235733687  
-2.328628472  
-0.6713415032  
-0.1508899788  
-0.7376700458  
-0.06527170948  
-0.741665047  
0.6146320805  
0.7079217676  
1.079900146  
0.5235611251  
0.6447339771  
1.221242442  
-0.7557565762  
0.21773369  
-0.4193208683  
-0.492149924  
-1.671930232  
-0.160901609  
0.249111289  
-0.04944123101  
-0.470634681  
-1.011109767  
-0.4399158097  
0.8254855555  
0.5460243335  
0.2790006081  
-0.4523193928  
1.929320655  
0.1046135374  
-0.1096602569  
-0.4152094276  
-0.1399509044  
0.06529919138  
-0.03252856062  
-0.39498958  
0.427989037  
0.8299988083  
1.679544941  
2.995934653  
2.319874555  
2.019902061  
2.298468657  
1.075860127  
2.1655136  
2.446613492  
0.7906311527  
1.836201965  
0.7757950998  
-0.2142285251  
-0.1113661725  
-0.67040453  
0.05886461772  
-0.3188729446  
-1.57202681  
1.226354077  
1.122194048  
0.2559101185  
-0.3646418499  
-0.2364168221  
-0.6718367073  
-0.7220294947  
-0.5558342599  
-0.1000214053  
0.3001134348  
0.3076776731  
-0.7241590525  
-0.9940953689  
-1.247822888  
-0.4484266445  
-0.6131692338  
-1.025007093  
0.09739915887  
-1.327427377  
-0.009666823564  
-1.384594475  
-0.0387293293  
-0.8462003106  
-1.030499957  
-1.307164026  
-0.602763015  
-1.512612296  
-1.880890375  
-0.7483317283  
-0.9578762649  
0.2339130336  
-0.2672925227  
-0.8182267783  
0.2212552807  
1.180716178  
-0.0304924153  
-0.02926176326  
0.7429960544  
0.6365419325  
0.8138243481  
0.3431949057  
1.279380345  
1.083731037  
0.7101324408  
0.7715318062  
0.2923705888  
1.211790831  
0.4509620372  
-0.1612606346  
0.08112018872  
-0.1563040072  
0.2320885394  
1.447973372  
0.830481317  
1.100124394  
0.2870233749  
0.7764146068  
-0.3522829726  
-0.7253647563  
0.3692361773  
0.158035131  
-1.017263701  
0.5426670483  
1.199042818  
0.9385974104  
-0.3774679127  
-0.1640231169  
-0.4986300059  
0.2177746423  
0.6164540384  
0.2325326005  
-1.390665272  
-0.5876923369  
-0.7881824414  
0.4630754817  
1.477049396  
-1.045471957  
-0.4510719965  
0.2442538025  
-0.7527987905  
0.1718615494  
0.02281448022  
-0.6722874816  
0.09673123636  
0.9676524474  
0.2722920802  
-0.2790820381  
-0.4184593257  
-0.1348218863  
-1.163308119  
-1.245092885  
-0.02184166978  
-1.141475548  
-1.50305133  
-0.4246425917  
-0.9263590169  
-0.4809650797  
-0.9442033569  
-0.6134406326  
-1.901454961  
-1.574169423  
-1.066115351  
-1.840324124  
-1.881291957  
-0.2191932244  
-0.3834998043  
-1.27185376  
-0.4814184862  
-0.5324139538  
-0.3968583447  
-0.2527941651  
0.07618132219  
-1.429067138  
-0.6986181118  
-0.03126488231  
-1.181375774  
-0.1678995694  
1.48810802  
0.5141907907  
0.2906047309  
0.5504173858  
2.478841267  
2.362111403  
2.146703848  
1.469187496  
0.853062996  
2.110457857  
0.08861917022  
0.4869655451  
0.1479870164  
0.4523852941  
-0.1233103729  
-0.3704511418  
0.6778775953  
0.3629658894  
0.3084586766  
1.072899834  
0.2351010294  
0.182186825  
0.1877622503  
1.371335531  
0.7492301164  
1.340219438  
-0.5957495937  
0.2122699494  
0.8374997293  
0.8181545192  
0.006213685595  
0.2691747673  
0.4791749213  
1.014557198  
-0.1662235859  
-1.016557595  
-0.6699233022  
0.04475963273  
0.2882453777  
-0.5090217176  
-0.6407944636  
-1.164780874  
-0.7084080288  
-0.03102551019  
0.206954993  
0.2582893052  
-0.4006884237  
0.3236703235  
-0.6059263157  
-0.007047500209  
-0.06292617133  
0.4714657325  
0.207455522  
-0.295149254  
1.614275107  
-0.2892644171  
1.158789698  
-0.2371128911  
-0.9161210147  
1.732759277  
-0.02140452485  
0.9158473813  
-0.9659125767  
-0.1222294497  
-1.304813106  
0.1470216905  
-0.9445485746  
0.3031554086  
-0.3042842528  
-0.6279349086  
0.1635591461  
0.1861087884  
-0.3416670997  
0.4721099305  
-0.0271022169  
0.7151573179  
0.9855586303  
1.092481473  
-0.4814950069  
0.0703971319  
1.249152049  
1.037841042  
0.115416048  
-1.374935267  
-0.413478363  
-0.2156657625  
-0.4689892039  
-1.410033036  
-1.335947269  
0.005246928392  
-0.3543510135  
-0.2918772591  
0.2169309192  
-0.4624339131  
-0.5643005979  
0.8249988392  
-0.2981257379  
-0.7863445365  
-1.590616352  
-0.9155673653  
-0.001770088435  
-1.51542421  
-0.2232075469  
-0.7846668684  
-1.001759626  
-0.7326148969  
-0.9312635619  
-0.4418321719  
0.157063378  
1.225512755  
1.671973351  
0.07989088334  
0.8497061588  
1.930196592  
1.595525064  
