-0.5047391548  
0.528385172  
0.159958445  
-0.5599926326  
-0.1600144771  
0.9300586628  
1.232404611  
0.2634346115  
-0.1830712687  
-0.3334180539  
-1.700847911  
-0.1470404222  
-0.0375443941  
-0.1121049739  
-1.044726634  
-0.7210476081  
0.0141656971  
-0.5677335708  
0.1280137049  
-0.4455031346  
0.393134852  
0.1128168264  
0.9896309363  
-0.4456522052  
-0.02565754932  
-0.4486163719  
0.5100729961  
2.187015326  
0.3600751601  
1.038520738  
-0.09091427232  
1.225550318  
0.7968049221  
-1.450081961  
-1.209988021  
1.94956436  
1.281842796  
-1.17515032  
-1.652226753  
-0.5531386494  
0.3114328811  
-0.9738538505  
0.03772242357  
0.8972236342  
1.246747653  
1.569339153  
0.6360893913  
0.1328666103  
-1.23173445  
0.8046959216  
-0.2636022229  
0.9153238093  
0.5805662573  
0.1582678266  
-0.4689769309  
-1.035986638  
-0.6368173909  
0.3491160575  
-0.6960361218  
-0.8533963786  
1.35311077  
-0.9630694179  
-0.5070182891  
-0.1538186287  
-0.8971365623  
0.4723459309  
0.5140036225  
-0.6223052538  
-1.028819226  
0.3664037313  
-0.6291456145  
0.4741298159  
-0.4260597741  
0.6483005084  
1.201617686  
-0.09490520884  
0.0253222867  
-0.2469811067  
-0.7824927063  
0.7090403328  
0.7584730684  
-0.2777086824  
-0.3021567581  
0.7906463803  
0.3258742403  
-0.2101961479  
-0.7372523012  
0.002869317258  
-0.7846281001  
-1.884821641  
1.03553984  
-0.6536285283  
-0.2095562377  
0.292537088  
-0.311196155  
-0.1625686982  
0.3773191024  
-0.4722597667  
-0.1380026581  
-0.189047377  
0.8870805778  
1.003083011  
0.04551991088  
0.006877105144  
-0.3384458833  
-0.5230898028  
0.1198892458  
0.5135957828  
0.021488724  
0.2516919732  
0.9986015083  
-0.2190770904  
0.5778146558  
-0.6286897373  
0.2155749074  
-1.220947185  
0.8414164197  
0.8330295238  
-1.256792307  
1.103549087  
0.7469971851  
1.289593939  
-0.5751943126  
-2.197927635  
0.840062502  
-0.6500660516  
-1.640988952  
0.2054407708  
-0.278973445  
-2.670823894  
0.4651043957  
1.003850017  
-0.03977020459  
-1.02799553  
-1.22857925  
0.7230908409  
0.4873635935  
-0.8877588144  
-1.200522789  
0.8470009188  
1.46420652  
0.5100664844  
0.3256392876  
-0.370706676  
0.7282232661  
-0.09759590115  
0.337833936  
-0.4485453424  
1.074096235  
-0.08548997906  
1.587649726  
1.376167555  
1.366239199  
0.919899189  
1.564239387  
1.012410318  
0.04270523524  
0.5418856826  
-0.09499070441  
-0.9027110572  
0.5837904205  
-0.2980817237  
-0.3640181954  
-0.6954656831  
-0.04759048365  
-0.9446583723  
-1.693290435  
0.7920984667  
-0.6317239648  
-2.20539324  
0.7704671631  
1.184233022  
0.3063288343  
1.140110963  
0.9003119632  
0.823732573  
0.8916686245  
0.2735619965  
-1.440384562  
0.4193459015  
1.264188987  
-0.489459078  
1.277632709  
0.1845023387  
-2.163613263  
-1.698839281  
-2.846204496  
-2.413635267  
-1.637105531  
-1.72980355  
-1.990771946  
-0.9453356123  
0.06478306746  
0.787753392  
0.8760820586  
-0.5269907861  
0.1164747925  
-0.2810831785  
0.2753867178  
-0.5814611158  
-0.3850296434  
-0.2293719305  
0.5901278096  
0.5113502557  
-0.3017522379  
-2.662327441  
0.4956471855  
1.721083948  
0.2963980273  
0.1191170611  
1.115652125  
0.2572599226  
0.1834879601  
0.5904354344  
-0.4458362877  
-0.3585325079  
0.5244398378  
-0.4484359971  
0.3720829794  
-0.8206953826  
0.01824079304  
0.9048584561  
0.4561475871  
0.5004459693  
-0.3504057243  
1.18290297  
0.9211026931  
0.6509458912  
2.334833956  
1.178799286  
-0.01327233787  
0.2410985063  
-0.4482216964  
-0.2810926906  
0.2911338317  
0.02859019504  
-0.4363248002  
0.8376730043  
-0.7557170368  
-0.2186506765  
0.7054794913  
-1.32074955  
-0.7576338638  
-0.7326472019  
-1.83085331  
0.4854791589  
-0.3605678288  
-2.239439351  
0.4940848203  
1.043710153  
0.5605612237  
-1.33407737  
1.565656466  
0.2717048486  
-0.6372882577  
0.08597435778  
0.8217314674  
1.086795251  
0.1945127571  
-0.1745117022  
-0.8618734571  
-1.230247228  
0.5444693729  
-2.055751558  
1.202370074  
0.8040543104  
-2.690075881  
0.4697636387  
0.4946192335  
2.291049896  
-0.1249801556  
0.1714834972  
0.8746884636  
0.5741375254  
-2.147622816  
-0.2797054806  
0.9044727101  
0.6425042768  
-1.434372508  
0.05464211267  
0.6072036223  
0.6366537031  
-0.9648409166  
-0.4980347197  
0.3965207155  
-0.7457829769  
1.206924002  
-0.1424628509  
-0.6842954092  
0.6183276374  
0.3440135453  
-1.630238528  
0.3517189941  
-0.1836958219  
-0.06888063749  
0.3315675555  
0.7739614061  
0.3613808125  
-0.3618266483  
-0.6117632949  
-2.130225845  
-1.764042172  
-2.581433894  
-1.449351965  
0.3863401382  
0.1332717583  
0.1641014572  
0.7419184096  
-0.5337706115  
0.5987520858  
-0.1469160223  
-1.958720877  
-0.06528138395  
-0.5274479383  
-2.596736702  
-0.896124271  
-0.5837892253  
0.4210579355  
1.877828214  
0.1732642586  
-0.3066940982  
0.9432573044  
-0.07831414832  
0.382578163  
-0.4599784434  
0.2512044669  
0.05714615038  
1.120243266  
0.5420101045  
1.383308199  
0.3150159705  
0.4589399887  
-0.110791624  
0.9692955673  
1.149224356  
-0.1396042527  
0.4043771765  
0.3275985692  
0.4409845342  
-1.119425063  
-0.2317682745  
-0.049121015  
-0.2245301449  
-0.2689016951  
0.4029234373  
-0.6057167344  
0.7451235192  
0.7670570138  
-0.237438247  
-1.801084213  
0.1763605517  
0.3336097704  
0.7090949766  
-0.2004370365  
0.9022439002  
0.4469639265  
0.2853393186  
0.449353586  
-0.5155403118  
0.2390194651  
0.2525004084  
1.057527628  
-0.9081390944  
-0.07804431893  
-0.2965536953  
0.1436371865  
0.9614939043  
-0.1671585977  
1.600496766  
0.4736999299  
0.8109109426  
0.09992646389  
0.4799482376  
-0.2436548996  
-0.1554613947  
0.2270952515  
-0.2858221644  
-0.2724366085  
0.02134787039  
0.5281862832  
0.06234020736  
-0.001646705657  
-0.3720939465  
-0.3571633275  
-0.437165409  
0.08068241495  
0.3808239469  
-0.2353674474  
-0.04073853052  
0.163108438  
-0.2131618667  
0.8512106654  
1.446774556  
0.05106557015  
-0.3856536702  
-0.03402821952  
-0.780270143  
-1.2948308  
-1.431480524  
0.01473027153  
0.01607740609  
-1.02967415  
-1.26142413  
-0.5244333313  
-0.7847384744  
-0.8500442759  
-0.5520971166  
-1.48751311  
-0.37631351  
0.1011617768  
0.8178185952  
-0.5681743685  
-0.684016668  
-0.9105587053  
-0.2267188592  
0.5904235723  
0.4708313307  
0.8098536623  
-0.01895946328  
0.8328746312  
0.4094549828  
0.06726590605  
0.7911830008  
1.338447052  
-0.6523899883  
0.06389795465  
-0.9871515132  
-0.1532307214  
0.6037597486  
0.5698117786  
0.3127479835  
0.521231687  
0.5204712481  
-0.3255544716  
0.1271902054  
0.1359857615  
0.1601122536  
1.074136349  
0.2718574194  
-0.1285072672  
-0.01271784437  
-0.2020359429  
-0.4216957553  
-0.09871265742  
-0.4251334755  
-0.2186747969  
0.6230670651  
-0.05622061627  
0.2315824222  
0.5263025725  
-0.2981927342  
0.1343568768  
0.2335911928  
0.5631822816  
0.410992052  
-0.2366370546  
0.3208720795  
-0.3658589882  
0.3958132588  
0.1082981702  
-0.04868353439  
0.07221517514  
0.3832770905  
0.4405266044  
-0.1947259964  
0.5574978158  
-1.136174433  
0.1390792849  
-0.1201169475  
-0.4940229149  
-0.8420236295  
-0.9930035607  
0.07092985727  
0.7364978039  
0.5373509333  
-0.4592314101  
-0.6416936978  
-1.136794341  
-0.5703922196  
0.07188969946  
-0.8660980543  
0.8305469351  
-0.1406158184  
0.2289691595  
-0.1568578824  
-0.7643946545  
-0.3119965993  
0.3911117647  
0.1707693754  
-0.105362062  
0.5917755388  
1.012259323  
-0.5884838985  
-0.6947548884  
-1.016402085  
-0.928430282  
-0.7649744089  
0.50071447  
-0.06879665987  
0.2484288855  
0.5068214161  
-1.822151443  
-0.09951712399  
-1.916499083  
-1.073910372  
-0.4259301094  
0.5820468554  
0.6353844982  
0.2642294588  
-0.05398233043  
0.3538735265  
-0.03607485462  
0.003148150651  
-1.087602387  
-0.6564943492  
0.3062099979  
0.8405905739  
-0.2802480022  
0.8615420964  
0.2273570029  
-0.1023014641  
-0.009573260784  
0.1539424121  
0.3669346181  
-0.5102630457  
0.7689603382  
-0.3509194713  
1.261716693  
0.7613795532  
-0.7988297844  
-0.6192048199  
0.5650320376  
0.3605467589  
0.1819090686  
0.1009502238  
-0.03464981094  
0.1827058674  
0.5521444457  
-0.3849058619  
-0.1378144818  
-0.311359091  
0.2811089036  
0.02950853111  
-0.117888413  
0.8414124278  
0.1915809343  
0.7445503668  
0.5169936516  
-0.5749822812  
-0.05604144645  
-1.010328411  
0.306465906  
0.2370596264  
-0.5493224991  
0.4457202048  
0.1097110997  
0.3087771476  
1.017225523  
0.001895859035  
-0.1772669594  
0.563131524  
0.3398555993  
0.5676803808  
0.4020634045  
-0.09211138904  
-0.1340717193  
-0.5107226758  
0.4128825963  
0.6487202387  
-0.2990623016  
0.09689877293  
-1.318120964  
1.522665421  
0.3152902626  
-0.6315686271  
-0.8928014676  
0.3641113625  
-0.4806438145  
-0.1039706807  
-0.4313670174  
-0.3317348765  
0.893789111  
-1.059034245  
-0.4201185303  
-4.238884609  
-0.6875314348  
0.4182596765  
-1.079970238  
-0.6739882879  
-0.7377529337  
-0.6381962443  
0.313717169  
-0.8165905579  
0.3701943533  
0.8087893696  
-0.384468788  
0.6164057809  
0.5019142125  
0.2208345877  
0.348114957  
-0.589139922  
-0.5353579872  
0.6948428145  
0.5405759712  
0.2373757534  
0.8067206332  
0.490438579  
-0.07889308652  
-0.3319427283  
0.4436145659  
0.02453231627  
0.823488025  
0.5348417573  
0.9502079969  
0.2637674656  
0.5897388598  
1.963023978  
0.6954128158  
1.091142404  
0.8658029546  
0.6391966614  
-0.2826824223  
0.2631490315  
0.9272737171  
0.01291582058  
1.382496313  
-0.5209372754  
0.4933721456  
0.5383877778  
0.6046257381  
0.493730116  
0.7052255494  
0.4218363522  
-0.3523320864  
-0.4751959334  
-0.1637702728  
0.02487032092  
-0.03546375726  
0.03197895466  
0.7729690156  
-0.2088726913  
-0.1460516096  
-0.7227532827  
-0.6941712575  
1.030664876  
0.5024995085  
0.3208545161  
0.8786038882  
0.2525217396  
-2.325590672  
-0.3560266168  
0.04750103526  
-0.8452400274  
1.294321851  
0.4474471565  
0.2217125463  
-0.2176962173  
0.2096803642  
-0.9286083  
-0.2632078957  
0.8250356298  
0.8308760786  
-3.414145091  
-1.019210891  
1.765756723  
-0.1127567815  
1.453515605  
-0.05500268428  
-0.3931966304  
2.908195544  
-4.129096754  
-1.512688926  
0.5604769779  
-4.451481957  
0.2947094443  
-1.17517605  
-1.40095071  
0.80110104  
0.734478108  
1.348382457  
1.63387796  
-0.5797462787  
0.8753846317  
1.315116627  
0.8647433494  
1.002003998  
0.7023652021  
-1.293404201  
1.680300074  
1.99565132  
-0.5402370645  
-1.779387843  
0.8931228253  
1.752195936  
1.485262189  
0.08208696167  
1.527957027  
0.1130305059  
0.6350167295  
1.588483817  
1.009857419  
1.142188832  
1.906117045  
0.7737886357  
-2.889983867  
-2.962647099  
-2.813584127  
-3.004646141  
-2.699907516  
0.2334661471  
0.5493129029  
-1.54829118  
-2.580156018  
1.080098271  
1.025425951  
1.304578192  
0.9421577466  
0.824539111  
-0.2727665913  
-1.704962734  
-1.876375527  
-1.594055901  
-0.2987267086  
0.5016545159  
0.7890292497  
1.099990812  
-2.042141647  
-0.02976465897  
-0.2194746118  
0.05430239687  
-0.05972585264  
-1.006263071  
-0.3659932091  
-0.02766089197  
0.1430412141  
-0.1709062508  
1.691552736  
-0.3541752987  
1.159375001  
0.9735872638  
1.157706853  
4.111887239  
1.94472537  
0.3582178624  
-2.710883627  
-1.945804483  
-0.9295660161  
-1.497026196  
0.4450845038  
-0.2865922354  
-1.788209417  
-0.1743852117  
-0.6417121177  
-0.7862267418  
-0.1737873192  
-0.5343065108  
0.6575513526  
-1.006592615  
0.717996337  
-1.035148319  
-0.2221253275  
0.2042482794  
-0.291201144  
-0.7653060378  
0.05166646105  
0.1000168451  
-0.6149141832  
0.02608194192  
0.3809876912  
-0.4649440063  
-1.000176438  
0.3682118664  
0.3525639264  
0.834895104  
-0.4276432444  
1.107102719  
-0.6281864746  
-0.2468429197  
0.4142933755  
0.4732238655  
0.1533111277  
0.07952275137  
-0.5969003738  
-0.6476923701  
-1.31965142  
-0.4533436233  
-2.207710621  
0.00690548435  
0.2530503456  
0.665110068  
-0.3804074454  
0.8131259313  
0.3943445183  
-0.9155838091  
-0.09753804252  
-0.982939367  
-1.117215794  
-0.01987069912  
0.5740329857  
1.399446661  
0.6291846141  
-0.8265895837  
0.9392825938  
-1.184824752  
0.2758641973  
-2.205298142  
-0.7217150858  
0.572410926  
0.7946041281  
0.5480212253  
0.3721077922  
0.8915902263  
0.6775732206  
-2.102807653  
-0.594293616  
-0.7811583546  
0.4129096346  
-0.2589060519  
-1.011919387  
0.2262180563  
-0.1848958024  
0.5411300953  
0.7848836003  
0.4783037622  
-0.3719894851  
-1.79087145  
-1.686881015  
-2.062869916  
-0.7290361058  
0.09289521926  
-2.237250756  
-0.1163497938  
-0.8295296541  
0.4512872289  
1.257709256  
0.1214102332  
-0.8059898427  
-0.07032552051  
-0.1636289549  
-1.298687729  
-1.169408926  
-0.6350990542  
-1.451126784  
0.5214609461  
2.05958005  
-1.100861715  
-1.418698062  
1.873802984  
1.252736198  
-2.597229629  
2.403764091  
0.7280649283  
-0.7589714107  
1.342740315  
1.603058768  
0.1713486295  
2.245456129  
1.101652849  
1.930741982  
-2.44791712  
1.816604754  
-0.9198465713  
-1.462440482  
1.821947913  
-0.3403713725  
-1.971963938  
1.831437487  
0.3579045767  
-0.8190642076  
0.9635696802  
-2.33825895  
-2.06225507  
1.312994338  
0.9937866503  
-1.20661865  
-2.356900152  
2.012117379  
1.005913607  
-2.323552184  
-0.3390746469  
0.9786023114  
0.6577621676  
0.06025830465  
-2.081937916  
1.163803385  
-0.09780431217  
-0.343503632  
-0.5003353792  
0.2204896381  
0.4923267808  
0.6869937814  
0.1136852288  
0.144755856  
-0.4404378282  
0.8186255801  
1.230660094  
1.728275743  
1.092526081  
1.312365542  
1.332889255  
1.314259191  
1.502597699  
1.960043282  
2.038586989  
-0.2395712177  
-1.054539526  
0.5722880533  
-0.3073909501  
0.6214242086  
0.3367312677  
1.096287824  
1.773191411  
0.1926950037  
1.497455401  
1.355406209  
-0.00320097393  
2.282993455  
1.849053718  
1.162542848  
0.1489069359  
1.210861494  
1.860643966  
-3.720491755  
-3.319497191  
-2.959824174  
-1.544832625  
-0.04205837643  
1.554027576  
0.5211036064  
1.831054673  
2.585978018  
1.405593862  
1.64610609  
0.4053686485  
-0.1252068344  
-0.7239388449  
-0.9297908823  
-0.2956946855  
-0.9042957651  
-1.14397349  
-0.5582190842  
-0.4459016843  
0.005895614878  
0.001016058706  
-0.7331966244  
-0.4309772166  
0.5937274981  
-0.3317000675  
-1.306049062  
-0.8371450168  
0.5953873748  
0.6670282414  
0.2292646948  
-1.69606198  
-0.180453944  
0.05400829004  
0.8067618584  
0.6589077346  
0.1594405191  
0.4135970957  
-0.5746137463  
0.6493437741  
0.009051787034  
0.7042611641  
