-1.775680063  
-0.77064242  
0.6930240235  
-0.8526804969  
1.299483637  
1.550545217  
-1.043850981  
0.8627112934  
0.3548049117  
0.1023336042  
0.5232390812  
-0.5411525751  
0.6982499609  
-1.170111482  
-0.1542286983  
0.5027592115  
-0.7713863381  
0.2980484067  
0.4969084291  
0.01025056541  
-0.6109262325  
-1.53113107  
1.633633793  
-0.2367579362  
2.516729769  
0.1017862257  
0.156536762  
-1.273726028  
-0.636836146  
-2.283049044  
1.77114223  
-1.503229347  
-0.508729757  
0.2268826432  
0.8942995851  
-1.134301319  
0.6321817377  
2.283817818  
1.405558965  
-0.9459331743  
-1.155925794  
1.058545154  
0.9248701004  
1.217095619  
1.726292423  
-0.05507592038  
-1.467602513  
-0.7630543716  
0.7772489477  
-0.7136586062  
-0.2945822038  
-0.2922941954  
-0.07479618019  
-0.4314557219  
1.418901521  
-0.9734500678  
2.212815503  
0.1048827471  
-1.977126059  
-1.109663806  
0.6793141472  
0.2361461678  
-1.301350599  
-1.619184146  
2.551180695  
-0.5775233663  
1.129839928  
0.320822257  
0.2884476074  
0.3733788042  
0.5605744041  
-0.7976653742  
-1.585412818  
-0.8162829982  
-2.136816932  
1.006385452  
0.7497030332  
0.9463616085  
1.162344614  
-1.342063395  
1.936047579  
-0.6041853468  
-0.5580755716  
-0.112243145  
-0.1165329462  
-0.2504724999  
0.03217946951  
0.7563524639  
0.9276541222  
0.697678526  
0.8456749152  
0.9767824523  
0.3992690471  
0.4252788096  
0.2999034797  
0.762474184  
1.305059307  
0.9107284392  
-0.6084688988  
0.8186859096  
0.8736366234  
-0.2224488707  
-1.124395356  
-1.426836387  
-1.020360734  
0.8907373101  
-0.315915294  
-0.4845562988  
0.4547224049  
-0.2130883759  
-0.1608669748  
-0.2774638475  
0.7067225264  
0.1468767922  
-0.8740901008  
-0.9585924341  
-0.4512879473  
-0.137560005  
-1.03402963  
-0.08957857391  
1.431383578  
1.28822014  
1.618810496  
-0.3138245415  
0.3963108348  
0.3699706407  
0.961758553  
0.8207827422  
0.5127974199  
-0.9459042737  
-0.9126555385  
-1.192624657  
-0.5005947941  
-0.8053342479  
-2.530717306  
-1.406381523  
-0.2901888192  
-0.4472508175  
-0.1610016336  
-0.957767502  
-0.9870776976  
-0.1117121262  
-0.4222091182  
-1.269791196  
-0.7050343231  
-0.6202910274  
-0.1847406915  
0.9303110228  
1.909746952  
0.4855234034  
0.3015043277  
1.550148348  
1.702588564  
0.3770862295  
-0.5269058054  
1.449652198  
1.646850377  
1.772967965  
1.039782951  
0.6364420872  
0.8691241348  
-0.6285583188  
0.7135451538  
0.6286923761  
0.541414369  
-0.5216326661  
-1.438294126  
-0.1257788891  
-1.053597725  
-1.606318969  
0.23582598  
0.3197799299  
-0.4802749805  
0.2696389835  
-1.197486655  
-1.121560967  
-0.9014793088  
-0.5106744428  
-1.940544409  
-1.188910261  
-1.098468736  
0.3324436296  
-0.5734199942  
0.1117828245  
-0.9838336371  
0.9511116489  
-0.04147598583  
0.4386858053  
1.628183713  
1.337753445  
1.707830414  
-0.3121362443  
-0.323933823  
0.2273766065  
-0.2068269553  
0.6219352831  
-0.2468712349  
-0.1303449996  
0.1789439353  
1.007406261  
-0.1686790317  
-0.720787144  
-0.5329436461  
-0.8820569973  
0.6615379846  
-0.3515942975  
-0.5366414624  
0.01936992326  
0.5353198798  
1.074490037  
-0.356903751  
-0.4226068921  
-1.473332592  
-0.4636993678  
-0.8574067852  
-0.7243992139  
-0.3956934185  
-0.6848044385  
-1.560818987  
1.555035605  
1.469927188  
3.376904439  
-0.8832798981  
-0.4994662052  
-0.6373953514  
-0.526114865  
-0.6784768913  
0.6026007477  
2.310712609  
0.1314363254  
-0.728376471  
0.6306371593  
-0.248811667  
1.295483449  
1.383843528  
-0.8329135604  
-0.2880572542  
1.109376811  
0.7888849678  
-0.07418274266  
0.3136817738  
0.6109694068  
0.5143887113  
2.256282527  
-0.4762119668  
-0.8722291499  
-0.603860551  
0.6815677384  
-0.8303409676  
0.04721305363  
-0.5644989439  
-0.06128034383  
-0.6671977516  
-1.148277942  
0.8582756758  
-0.1986502001  
0.6935607248  
-0.9448837044  
-0.2450272102  
-0.9457497869  
-0.06601608132  
0.7819788272  
-1.581583239  
0.2086981663  
-0.910654648  
1.057913007  
1.600011007  
-0.4436052767  
0.08465220982  
0.7370669077  
-0.8064350214  
0.1834011092  
0.249712094  
-0.4969227126  
0.03849644823  
-0.4151598962  
-0.03881001065  
-0.4684103358  
0.02211737855  
-1.136505172  
-0.1336496316  
0.3872550542  
-1.343735238  
0.4267552552  
0.03220331726  
-1.243770515  
-0.6942656276  
0.9396962326  
-0.5574303325  
0.700289033  
-0.3039699772  
-0.9682700269  
0.7400082492  
-1.338162792  
-0.4551890682  
0.3925350463  
0.5739331321  
0.857890394  
0.06583635696  
0.6171948204  
0.3429827616  
1.406377465  
-0.5296952378  
1.426663459  
-1.831018469  
0.4337106511  
-0.598485163  
-0.5417220776  
0.9176076849  
-0.07279494654  
-1.158359562  
-0.3972630456  
0.4210288343  
-0.0677064129  
0.5636961039  
-1.251516087  
0.9739991413  
0.1088628097  
0.7310410624  
0.4102390537  
-0.5261847546  
0.6182614638  
0.03109244727  
0.3647974279  
-0.3573160847  
-0.4221176539  
-0.2460361443  
-0.4553966865  
0.1145328633  
1.272930145  
-0.1446745582  
-0.9680322226  
-1.334469848  
-0.9650832987  
-1.252945533  
-0.7254191785  
-0.6124376838  
-0.1766343508  
-0.7104270844  
-0.09056167448  
0.5024691317  
-0.4277072829  
0.8089519479  
0.7304123597  
0.8098434948  
-0.1961292016  
-0.6514390064  
0.5685920174  
0.5059769391  
0.9551269031  
0.390867182  
0.7913457858  
0.6352030417  
0.4095434594  
0.2187603954  
-0.6327551244  
-0.3153540141  
0.9211137584  
0.4078505839  
-0.8007559096  
0.2881142146  
-0.3819050152  
1.513404741  
2.618535178  
-0.1060403648  
-0.6088337277  
-0.7877030147  
0.5137551758  
-0.6785367993  
-0.1842307423  
-0.3108869801  
-0.8261172582  
0.8380115697  
1.049647331  
-0.05304789864  
-0.1830267522  
-1.701670911  
0.2521750283  
-0.4130936326  
0.3264213955  
0.861532887  
1.078168033  
0.7774434014  
-0.5217996098  
0.4920173981  
1.234955972  
0.2866591026  
-0.2582948572  
0.2836129732  
0.211437599  
0.501953449  
0.05067930814  
0.8584837298  
-1.536865039  
1.168065845  
-0.7249802547  
-1.926537352  
0.1327869271  
0.04395757468  
-0.5749930468  
-0.760460279  
-1.355382741  
-0.3414889926  
-0.5005451774  
-0.6643901729  
0.454784081  
-0.8668928384  
-0.9344389637  
-0.09267752862  
-0.6722913875  
-0.7592951795  
0.1067412261  
-0.6717743047  
0.5356244535  
-0.73590636  
0.6918827914  
0.3481197062  
0.1425340727  
1.531052498  
0.2327677657  
0.1047284173  
0.8806812795  
0.2768157999  
0.5527293696  
0.4159988012  
-0.7501887266  
-0.5657357953  
0.6694676614  
-0.8885958402  
-0.4132962545  
-0.250835991  
0.397648001  
-0.5559501523  
-0.1959393401  
0.07875734828  
0.9698492559  
-0.1952138424  
0.1643688407  
0.9086347677  
-0.1812399852  
-0.3892066455  
0.05535035038  
-0.7456332537  
-0.0557602375  
0.1535448995  
0.2291634643  
-0.4326163818  
0.5225225747  
-0.1851117436  
-0.869542662  
0.5684001173  
0.4921311764  
-0.6787883707  
1.305274978  
0.8351355671  
0.9599067729  
-0.2950378029  
-0.8329231368  
-1.318070313  
0.6874350379  
-0.3228142295  
1.249506671  
0.6000196593  
-1.445511821  
-0.8203878273  
-0.7068560211  
-1.155311635  
-0.9166461406  
1.32632479  
0.08637761617  
0.1133452153  
1.298433021  
-0.02406211947  
-1.11726171  
-0.4120601974  
-0.7270349755  
-0.8204223161  
-0.4962727601  
-0.9417577617  
-0.6508414946  
-0.06110448451  
-0.3207144119  
0.1147803282  
2.283416588  
1.010636042  
0.1745012106  
0.809549582  
0.6591327938  
0.6137681704  
1.203313142  
1.076478138  
0.9446527167  
1.966895948  
0.3671567581  
-1.029011566  
1.075992626  
0.4555552181  
0.8533503906  
-0.1344494617  
0.846656005  
-0.5864120551  
-1.404794661  
-0.3119292735  
-1.742145907  
-0.3241438866  
0.08689315076  
-0.9721080171  
-0.110337927  
-0.5934767963  
-0.7105863439  
-0.6011169417  
-0.9079983605  
-2.030005185  
-0.4886431935  
0.004714867459  
-0.6206187581  
-0.3133072064  
0.9885827212  
0.7206136526  
0.4423588958  
-0.4471936762  
1.079706429  
1.579208868  
1.038605926  
-0.5951633773  
-0.5528893584  
0.01192233831  
0.7124900693  
-0.6705095334  
0.6846508602  
-0.3313350823  
0.05905356353  
-0.495718879  
0.3163710808  
0.3268242707  
0.9461234979  
-2.111883522  
0.6938942959  
-0.09704561079  
-0.3815164756  
-0.1285536164  
-0.4612528356  
0.06137014388  
-0.3866791075  
-0.01758333931  
0.764005332  
0.801038792  
-0.5655663771  
-1.28199176  
-1.307827107  
-0.8350604838  
-0.03509543371  
-0.7491349012  
-0.9659939372  
0.7935109067  
0.1069312434  
-0.1253505765  
0.304988539  
-0.9328241426  
1.546918305  
0.376570432  
0.9608370744  
0.8785049133  
0.3479030424  
0.6426873478  
-0.2415707907  
-0.04778953205  
0.6005419934  
0.3572662024  
-1.245348904  
0.1071295735  
-0.80628676  
0.7454499268  
0.9906150801  
0.5246312181  
-0.7953220925  
-0.5756924318  
1.727738304  
-0.02233445453  
0.1391338378  
0.1186798587  
-0.1797460739  
-0.08691808983  
0.8492595645  
-1.964180277  
-0.05066747709  
-0.3534866295  
0.9161857492  
-0.1803055903  
-0.761904881  
-0.03625354402  
0.5116367797  
0.596676746  
-0.172428204  
-0.3992696232  
-1.77395362  
0.474946968  
-0.2334239418  
0.5560478328  
0.2422486122  
-0.2004078292  
0.2132358511  
0.581870491  
-0.04345199614  
-0.9982701594  
-0.2531801141  
1.143959559  
0.3529489725  
-0.1219366379  
0.930458112  
1.468881016  
1.16892738  
-0.4777824661  
-0.4024199568  
0.3374982134  
0.1852518866  
-1.095296473  
0.4102156103  
-0.1897644898  
-1.138161894  
0.5334051719  
-0.1680465801  
-0.8593779802  
0.1293063314  
0.4535017248  
-0.057305966  
0.9435347325  
-0.990132357  
-0.1394484171  
-1.009618295  
-1.140751605  
1.353790537  
-0.3766721419  
0.5332256276  
0.2268017221  
0.3157574913  
0.2362539665  
0.2857883  
0.5461649521  
0.565500553  
0.6112940989  
0.1329842071  
0.8537282786  
-0.5503754832  
0.06195693569  
0.7241497658  
1.260820959  
0.3359608476  
0.1591360284  
-0.6152590763  
1.006830676  
2.66429529  
-0.2975038376  
1.270088402  
0.9733007255  
-0.3686641062  
1.470338105  
1.125491799  
-0.06309103691  
-2.234894814  
1.098723886  
-0.8164819031  
-2.659685659  
-1.296442319  
0.09974242921  
-1.153165639  
-0.8961984075  
0.8147334662  
0.17593845  
1.702114253  
-1.313782577  
0.402163117  
2.271329412  
-0.02161379791  
0.422402215  
-0.9558179593  
-0.2173750165  
-1.689859375  
-1.245839401  
-0.8188282695  
-0.197537719  
0.008728543952  
0.1898473108  
-0.9406995683  
-0.4231565977  
-0.7518580041  
-1.816797527  
-1.275176955  
1.54462209  
1.230938328  
0.5020276863  
-0.02019202024  
0.07790364654  
-0.9519147828  
0.1751908565  
-1.997268673  
-1.275979854  
-0.9809902011  
-0.9389356558  
-3.289790469  
-1.803710944  
-0.2347394537  
-0.09172797472  
0.6244616629  
2.019840382  
0.9653740943  
0.5199707654  
1.365190631  
2.097787163  
-0.95820273  
-1.261095907  
-1.193072432  
0.109722588  
0.3472942161  
-0.6504843624  
-2.350506672  
-2.052985275  
-0.6819065233  
0.9900802151  
2.714274323  
0.799713174  
-0.6177645503  
-0.3562009746  
-1.50934756  
-1.335131583  
-0.9924175456  
-0.2843984602  
-1.003617939  
-0.5343920746  
1.314649947  
-0.1806305228  
0.5920009817  
-1.753571505  
-1.307139661  
0.3492575492  
-0.5110752622  
-0.2753181629  
-1.308319634  
-1.516089024  
-2.001113206  
-2.181266973  
-2.246870706  
0.334440672  
-0.494462517  
3.019835344  
1.606682896  
0.319723636  
-1.099776447  
0.1424272727  
-0.5680993035  
-0.0175101185  
-0.02218926452  
1.240791981  
1.436839074  
-0.2420556594  
-0.3796611945  
-0.376951707  
-0.2006140134  
1.906259162  
1.875604791  
1.475386473  
-0.5708611894  
-0.06747883754  
1.129027547  
1.651637885  
1.521380353  
0.8986868477  
0.4554769487  
1.313702747  
1.075263402  
-0.03984706315  
-1.771770108  
1.903015865  
2.242720655  
2.459776644  
-0.4052221036  
-0.2055494084  
1.261181378  
-0.2656033817  
0.4505687267  
0.68793106  
-2.093737056  
-0.707549731  
1.54217109  
0.0582251227  
0.9786147933  
1.969868409  
1.839267245  
1.384450863  
-0.968856899  
-0.7477260613  
0.2967119218  
-0.5184077042  
-1.713606199  
-0.7414885713  
-0.05651695373  
0.5311871647  
-0.8293814267  
0.6916380232  
-1.389273471  
-0.7506893128  
-0.4437101319  
1.329474006  
1.752197433  
-0.179905727  
-1.707972832  
-0.1147482346  
2.156030915  
0.5299723655  
0.3513315787  
-1.669636071  
-1.261423461  
0.8551221426  
1.756190162  
1.325045341  
-1.12794854  
-0.3675522561  
1.464265072  
1.548694542  
-1.940681772  
-1.560400034  
-1.131047514  
-0.7876363109  
0.04144401535  
0.4968098007  
0.2622979436  
-2.342219892  
0.2289679885  
-0.2303033727  
0.7146535274  
-1.070103402  
0.3711180179  
0.8765879662  
0.2886285868  
1.183323302  
1.722040809  
0.5736256955  
1.451651038  
2.717748293  
0.4820213779  
0.5880520504  
-0.2805799349  
0.02874232702  
-1.059991498  
-1.858693171  
-1.095566002  
0.4203597392  
0.6650072728  
0.1067499393  
-1.946941965  
-0.07679893311  
0.8330408469  
0.08733665067  
0.6821461113  
-0.1157543272  
-0.0363651305  
0.03187014937  
-0.2148604807  
-0.1856326232  
-1.82212465  
-0.4811240437  
-2.037916191  
0.3929331548  
0.8512069285  
1.462849808  
1.668147951  
-0.08002568409  
0.171982286  
-0.6649711265  
0.3097165845  
0.499838699  
0.5794254374  
-0.4489829406  
0.2672852424  
-0.9829287824  
-0.4859313974  
0.1354529497  
-0.371298356  
0.8501840797  
1.40029307  
-1.459633988  
-1.982301001  
-0.2928933463  
-1.812663303  
-0.6899850833  
-1.083218517  
-0.648608147  
-0.6088688156  
-0.4801313267  
-1.00796536  
-0.4681476272  
0.6468822826  
-1.015107533  
-0.2880792551  
0.683138746  
0.830928405  
0.2114874367  
0.4879951232  
1.740814385  
0.6428852029  
-0.0947658854  
2.201087314  
-1.391808005  
1.482714025  
0.4528203567  
-0.6170464168  
-0.3263286806  
-0.5665784248  
-0.1056614072  
0.123750854  
-0.807007683  
-1.178999946  
0.1153268755  
-0.4414625276  
-1.816578867  
-1.422145407  
-0.8610669433  
-0.5134345566  
-1.075157476  
-1.488236071  
-0.1057604335  
-0.01518960502  
2.497254133  
4.98426922  
5.330248018  
1.248535065  
-2.601004019  
-0.02332074256  
-0.8521800891  
-0.5784717763  
-0.2553679811  
-1.524106365  
0.0580020536  
-1.481519082  
1.015769185  
0.1643666172  
-1.50038603  
-2.446113205  
-1.648950446  
1.733647973  
-0.1202544204  
0.3928740576  
-0.03270125798  
1.020655115  
-0.413649184  
-0.1332838804  
-1.56921048  
-0.9663054223  
1.063334604  
0.3714534367  
0.05859550146  
-0.678538232  
0.4775549712  
1.460719868  
2.557631896  
0.04186794756  
-1.21846355  
-0.6069262247  
0.1915174993  
-0.9844791903  
-0.8015269619  
0.1385648328  
0.2161810454  
0.9302239669  
