-0.5647750113  
0.3309433489  
-0.8371444292  
-0.377095767  
-0.5614932115  
-0.7667641713  
-1.069297009  
1.222883061  
0.141185  
-0.9892701584  
-0.6780186629  
0.8503145842  
0.6553191164  
-1.16516515  
0.06955520695  
-0.5522481145  
0.9842002911  
1.837866271  
-0.2026556038  
0.6048147997  
0.9475683942  
-0.8164878216  
0.3476336917  
1.535954577  
1.1620787  
-0.3365131373  
-0.9535223887  
0.7900959888  
0.8970841304  
0.4356808992  
1.257309695  
1.60198535  
-0.5487785257  
-1.684830824  
0.2243636788  
2.224957045  
0.6334213278  
-2.106018332  
-1.410106367  
-0.4710991616  
0.9061827217  
-0.1649299376  
0.2120561962  
0.8717009983  
0.7063322218  
0.5190430072  
1.799283764  
-0.1728744465  
0.04550158513  
0.7323654376  
0.4741106155  
1.376346947  
-0.8890716395  
1.000119981  
-0.833687322  
0.3086638761  
-0.4952922322  
-0.6275343309  
0.2698179655  
0.563287939  
-0.8492214823  
-0.1269465382  
-0.6460404749  
-0.9151131419  
0.1100452112  
0.7638675664  
0.3294223778  
-2.235140626  
-0.5254260362  
1.006324064  
0.8790966809  
1.220817818  
0.8907908429  
2.210745778  
0.1947211175  
0.5407306933  
0.1554259681  
-0.1273079012  
-0.486126479  
2.300959389  
-0.4338945907  
1.614549832  
-0.2941452767  
-0.3926714724  
-1.871506495  
-1.133481548  
0.4442441635  
0.3757069967  
0.477571964  
-0.5047657002  
-0.7211551649  
-0.3721839124  
0.1294340215  
-0.9030425497  
-0.9030522873  
-1.648661779  
-0.3798898545  
0.06868931419  
-0.2157982364  
-0.2479391902  
-0.2881620517  
0.8014821657  
0.3201577167  
0.552815486  
0.977283412  
-0.4336970342  
-0.2641319615  
0.03696343299  
-0.434663521  
-0.1080495439  
-1.493074613  
-0.7090793012  
-0.3341015482  
-1.653029639  
0.13538447  
-0.04020401422  
1.534378959  
1.002857132  
0.830806134  
-1.217398638  
-0.9637715108  
-0.1246099345  
-0.06548756052  
0.9021676209  
1.011038209  
-0.4715463022  
0.5949305522  
1.274225105  
-0.1240017947  
-0.5677617205  
0.6871511346  
-1.285024072  
-0.5842855204  
-0.1324112582  
0.3210431741  
1.355205001  
0.03425281141  
-0.3022528649  
-0.01294576136  
0.740823161  
0.2960878191  
1.638936633  
0.2954452436  
-1.31379088  
-0.1518176068  
-0.2202449373  
-1.701154129  
-0.2864052381  
-0.4169790606  
-1.573023037  
-1.77777602  
-0.5962111855  
0.0708193348  
0.2209139289  
-1.363775436  
-1.303865318  
0.3256207775  
0.9750738547  
0.7993671894  
0.2720531254  
0.5830637309  
0.3525001905  
0.5280344341  
0.4346758371  
-0.5574542519  
-0.2251807155  
-0.8762294403  
0.288071239  
-0.4135610425  
1.559302939  
1.399365295  
-0.1884409259  
-0.156876403  
0.8389647854  
-0.08336234544  
-1.284478922  
-0.4597879343  
-1.016679617  
-0.4905036439  
0.6094597468  
-0.5053024774  
-1.650582104  
0.5065301064  
-0.879080575  
-0.6770622667  
1.047514115  
-0.982365183  
0.07245618338  
0.07556447659  
-0.6611352115  
-0.4836119363  
2.331883556  
1.172562355  
0.9303419118  
-0.4293909974  
0.7934557457  
-0.9653345608  
-0.3437685551  
0.6981657313  
0.7682242426  
1.967236096  
0.007517138547  
0.6380654342  
-0.8638432255  
0.7265802483  
-0.6354982671  
0.9787935388  
-0.1786635747  
0.8235050965  
1.498184984  
1.390596855  
0.7448847618  
-1.980658663  
-0.1100606714  
-2.204607533  
0.9561316847  
0.004588480861  
0.9603324577  
0.5428218685  
-0.2232100668  
-1.265134601  
-1.184736197  
-1.376010682  
0.1562686525  
-0.04547175605  
-0.2941709716  
-0.6291780677  
-1.30369364  
-0.9439014805  
0.2220467024  
-0.3584095075  
1.009396592  
0.6470372844  
-0.618573166  
0.5989241146  
-1.998547751  
-0.5137156841  
-0.545436366  
0.2164203325  
0.1668237637  
-0.9002494463  
-0.1552322276  
0.9345684439  
1.700163256  
0.2214918556  
-2.169678206  
-0.8200548562  
-0.4921618293  
1.026956924  
0.8659722726  
0.1940986598  
-0.08931590996  
0.4559656446  
-0.1196989564  
-0.2694212744  
1.076516931  
-1.335540906  
-0.7342439598  
-0.2913282995  
0.07800048234  
0.873900551  
2.779041732  
-0.09597933433  
-0.1657796993  
-0.7886382573  
-0.3205043033  
-0.278544307  
1.471177211  
-0.7181148638  
-0.5889695651  
1.162015451  
-1.21624805  
-0.09809122205  
-0.5256683309  
0.7308629318  
0.555327843  
-1.558683435  
0.6976225358  
2.238832208  
1.765210796  
0.650951857  
0.07362878012  
-0.4335001518  
0.735346601  
-1.100783391  
0.8267054933  
-1.596007587  
-1.469542254  
-0.4184278381  
1.217341046  
1.351460555  
0.3769029442  
-0.7335959208  
-0.5971061794  
0.122406104  
-0.8971900631  
-0.8470887046  
0.7460942472  
-2.156832091  
-1.251911067  
-0.4329902076  
1.003589298  
1.336336256  
-0.08735030967  
1.067469853  
0.961040839  
0.8502574504  
1.441433568  
1.663667158  
0.1627481736  
0.8793891171  
-0.7467788857  
-0.5268627387  
0.6352318677  
0.8537867444  
0.01547065588  
-0.3674708202  
-0.194824594  
-0.008529535703  
0.7986641221  
-0.1462663067  
-1.037008202  
0.8874500687  
0.5725483239  
-2.041564705  
-0.6164454042  
-1.372145931  
-1.668304753  
-1.697527854  
0.8261158737  
-1.906359323  
-0.6063315426  
-0.02652405189  
-0.8783856788  
0.8274070145  
0.4265564197  
-0.4649974105  
-1.430440649  
0.102409255  
0.7077888872  
0.2353010395  
0.8451449026  
-0.02885089547  
-0.5256263899  
-0.3451320754  
-0.4252396107  
0.7499862971  
-0.8090415933  
-0.8758513708  
-0.3313516366  
1.571436189  
1.195827286  
0.57506435  
-0.4188231359  
0.1860598957  
-0.4630789334  
-1.017507504  
-0.6733622435  
0.0406596586  
-0.03846619507  
0.6958073524  
0.03052559597  
-0.03082800994  
1.321212573  
0.1252196847  
0.1955133825  
0.7269284328  
0.4151991609  
0.1222642627  
-0.8311711819  
-0.1677098307  
-0.6397095507  
-0.3791125542  
0.3413863221  
-0.9303032734  
0.9015220206  
-0.09379613943  
0.6058015258  
2.128659891  
1.262808517  
-0.0562783927  
1.675552734  
-1.577516529  
0.05529039057  
0.7196466979  
-0.2263420223  
0.5581991454  
-0.5886920845  
1.469111496  
-0.8797823037  
0.9711623339  
0.7593960191  
2.25190634  
-1.394683803  
-0.6138708005  
-1.179589442  
-0.2244823331  
-1.160192933  
1.354433046  
-0.6064068577  
-1.460230638  
-1.326398578  
-0.425703455  
-0.4363196255  
0.7965081646  
-0.1696787434  
-1.449709756  
-0.2083294531  
0.5168860305  
0.3151542222  
0.1765404461  
-1.300953626  
-0.05071265289  
-2.374993006  
0.281703935  
0.1132090129  
0.06730678958  
0.8046272365  
0.3298198715  
-0.1754196214  
0.6812979404  
-1.774465912  
-0.3609665893  
-0.3557327401  
1.314310471  
-0.3872468644  
1.430754433  
-0.7819227732  
1.245448623  
1.058633273  
-0.4776347352  
-0.4248618074  
-2.832866632  
-1.049937252  
0.04160735831  
-0.1975966726  
-0.4123730235  
1.430240732  
-1.893961113  
-0.02739523838  
0.395043873  
-1.377186605  
-0.4863181446  
-1.712598862  
0.6921048552  
2.105244279  
0.184447993  
-0.5066775281  
-1.956845648  
0.9885653062  
2.236186114  
0.2946949268  
0.8130453233  
-0.6192315291  
-0.3597815755  
-2.115187818  
0.3507544844  
2.716600836  
2.129674812  
0.04844496699  
0.8265490208  
0.2910863239  
-0.3313940046  
1.585465809  
2.332819008  
-0.622353044  
-0.4521800235  
0.430904037  
-1.139930317  
0.6254228907  
0.1411243612  
-1.058123665  
0.6264747343  
-0.3547164889  
-0.8966761679  
1.049094986  
-0.2476778554  
0.6076978916  
-2.630027123  
1.820794124  
-0.5351509688  
-1.859502309  
0.8197376266  
0.2971314769  
1.834062329  
0.5292079144  
0.1972856315  
0.0896730523  
0.5355234577  
-0.7898103251  
-0.554959604  
-1.128573574  
0.7366734594  
-1.874327795  
-1.164483177  
1.320638094  
1.048149256  
0.2888041023  
-1.120950792  
-0.09684994036  
1.127371366  
1.90912976  
-0.001967613292  
-0.7793329277  
-0.6118325661  
-0.82997643  
0.4101801751  
0.4356685628  
-2.085987565  
-0.4320158458  
-1.40513187  
-0.59733246  
-0.4879467288  
-0.5337306194  
0.4066575515  
0.5533960334  
0.9691794272  
-0.6309235176  
-0.6129323926  
-0.6150472615  
-1.739438542  
-0.4578825319  
0.1941498716  
-1.246669825  
2.168432556  
0.8178607153  
0.7608884307  
0.4310982855  
-0.6638346203  
0.3030366711  
-0.6620376245  
1.49726003  
0.7634299075  
0.05715085587  
1.71770505  
-0.07016870924  
0.1228414752  
0.006903424835  
-0.222990643  
-0.5063442403  
-0.1568302243  
0.2385508017  
0.130399954  
0.1692638678  
0.8385596479  
-0.5972760927  
-1.078641188  
0.8649174285  
-0.3816910312  
-2.545397248  
-0.3702102412  
2.079517591  
-0.5973710729  
-0.9051602068  
1.753011188  
-0.1166616499  
1.323727254  
-0.3808957352  
-1.253340359  
1.056605536  
0.04447416856  
1.339882982  
0.500442192  
-0.9101533911  
0.7052286039  
0.2222945189  
1.329203833  
-1.476845813  
2.059508613  
-0.328117824  
0.3834240488  
0.4882632662  
0.1589718546  
1.786188538  
0.9824983699  
0.05210833044  
-2.342318469  
-1.923367169  
0.457594621  
-0.746502336  
-0.9761281859  
-0.04881550914  
0.1121738988  
-1.713154956  
-0.7781115791  
0.09435836527  
-2.050791499  
-0.4741430451  
0.6124485064  
-0.2817132146  
-1.498499894  
0.38804837  
0.1590288807  
-0.2000228285  
-0.3143509527  
-0.09604474636  
0.647729335  
-0.8269076767  
-0.3050625626  
1.000493194  
0.6118275447  
-1.261889743  
-1.947643794  
0.7302092834  
1.334731893  
1.632239323  
0.6014650444  
-0.1343841989  
0.3311215839  
-0.52321824  
0.1098292364  
-0.2307948817  
0.1779975959  
-0.2421287529  
0.3984826901  
2.47547241  
1.285506724  
1.047323323  
-1.333265644  
-0.5241641735  
-1.62209051  
-0.7500580148  
1.594882734  
1.539840349  
1.480542979  
0.8967427201  
-0.5959794468  
-0.7229529074  
-0.5880223713  
0.671661311  
2.425900541  
1.251212498  
0.2983863325  
-0.3364081102  
-0.3825418388  
-1.523712075  
0.4049751602  
0.5934109442  
-0.2963432501  
-0.1748620161  
-3.013129245  
-0.2703436908  
0.1327618543  
0.3768754208  
-0.7598091455  
0.1455829222  
-0.5713765693  
-0.4883879931  
0.8346559366  
-0.727900676  
1.19221715  
-0.8805916194  
0.6963557558  
1.01031659  
-0.1427214958  
0.806029244  
-1.396087803  
0.4881213577  
0.7814149948  
-0.7716031671  
-1.389289642  
-2.118313605  
0.5960578824  
0.04155679416  
0.2868519952  
-1.738262344  
-0.1676434207  
0.7086230917  
-0.8204071576  
-0.08951068841  
-0.3126326791  
1.62167249  
1.117126453  
-1.569568477  
-0.3554704805  
-1.911081843  
0.3047765319  
-0.2743416303  
-0.2169531982  
-0.1766363635  
0.317306191  
0.04256375125  
0.2367594324  
0.07756219439  
0.3557074465  
-0.1697491607  
0.2190003957  
-0.3087922347  
0.7372626382  
-0.5371904596  
-1.285362193  
1.157128343  
0.1934536876  
-1.342879985  
1.227085801  
-0.6913183682  
0.8356629073  
0.07545072279  
-1.128373443  
0.2619359048  
-0.7820143095  
-0.5877220833  
0.3892596774  
-0.4397041661  
2.562038687  
-0.8616570648  
-0.2479969472  
0.4613739413  
0.2155070942  
-0.394162972  
-1.106205885  
-0.2478586463  
1.595897957  
-0.7123758899  
-0.2918997808  
0.4987434171  
-2.072054692  
0.2634085507  
-1.470157631  
2.992348809  
2.155787544  
-0.6821759157  
0.7622919574  
-0.1523765577  
-0.6125447204  
-1.47184247  
-0.2478114107  
2.025360805  
0.8708082843  
-2.074574518  
-1.930960981  
-0.5080659047  
-0.3062817849  
-1.188027728  
-0.9201881991  
0.3641006879  
-1.927574021  
0.3374722534  
-0.5991060676  
-1.176242879  
-2.119600006  
0.6715967165  
-0.2355822609  
-2.367661363  
0.2264827608  
-0.9795894691  
-0.4612201309  
-0.3812012401  
-0.4902453562  
-0.5865494151  
-1.849804094  
-0.8442434025  
1.052936034  
0.8722010869  
1.776194614  
0.5606367376  
-1.937183263  
0.6536623032  
0.4753431285  
2.682601571  
0.9702068592  
1.012853015  
1.541206932  
0.9362394478  
1.060444224  
1.243468709  
-0.3785710685  
1.499220949  
-0.07176479875  
-0.3147882097  
-0.3623116421  
0.7124435198  
-0.6291476809  
1.213915715  
0.9276144147  
0.2522078769  
0.1506430977  
-0.2960402597  
2.450483547  
1.512780045  
0.4461377027  
0.3983861711  
-1.348631689  
-1.192854428  
-2.454812672  
-1.610014675  
-0.9707237952  
1.396756485  
1.664662817  
0.005666641478  
-0.2547636051  
-1.037198615  
0.5345293586  
0.4827746685  
0.3760083886  
0.4257510445  
0.1638991825  
-0.1248975822  
1.560087695  
0.8036403226  
0.4041240951  
-0.5137704137  
-0.2611861235  
-0.9150058079  
0.4675248853  
0.9710362892  
0.3295157324  
-0.5076296073  
0.3320502169  
0.3964561851  
-0.7284664297  
-2.326736343  
0.09621699113  
0.4874535455  
1.048373028  
1.275639708  
-0.5138189259  
-0.9742075808  
0.6061005844  
1.048931933  
0.494961058  
0.2822284525  
0.5425660223  
-0.04543597587  
0.9109894204  
-0.2652809092  
-1.60713603  
-1.307859715  
1.476612759  
-0.4275430647  
0.8216187389  
1.007863576  
0.689496353  
0.2099869539  
0.1110193711  
0.6207421748  
0.7023962465  
0.09841869642  
2.226908611  
1.604257768  
-0.3673786885  
-0.4533699566  
-1.150658772  
-1.014380464  
-0.3769018618  
-1.01835264  
1.486328505  
1.184157927  
-0.5520349877  
-2.393561792  
-0.08696043566  
-0.6145100262  
-0.4117568733  
0.05524607583  
-0.421181721  
-0.5510548459  
0.04316166743  
1.435474949  
0.02181894516  
-0.7147884141  
-0.3102456624  
0.2936626713  
1.023374665  
-0.9177539132  
-0.3048784321  
-1.440841986  
-0.8863193349  
0.3640004335  
0.4631659154  
0.2831668375  
-1.359324745  
1.155770074  
1.014683037  
-2.04843675  
-0.3767894565  
-0.8687221256  
-1.462017821  
0.4452305293  
-0.1430622787  
0.2346997973  
-3.143068931  
-0.1023872266  
0.4306665243  
0.06553992714  
0.7288425896  
-0.9709717242  
0.1438417755  
1.014194415  
-1.273903521  
0.4870130004  
1.004474047  
-1.035089691  
-0.3986588593  
-0.64824806  
0.3425212163  
0.6105065779  
0.2739314453  
0.5757422302  
-1.154568504  
-0.6113629152  
0.5702318362  
0.9029774891  
-0.2810101702  
1.040829329  
-0.07159693651  
-0.6887067808  
0.01446267018  
0.5848511833  
-1.026683289  
-0.2410193092  
-0.3632991849  
-1.101912152  
0.418176233  
1.455817635  
0.4500164776  
-1.364680092  
-0.7839908888  
-0.6767093412  
1.837904355  
-1.174374808  
0.05783479323  
0.01458764193  
0.5496509338  
2.737338584  
2.264229561  
0.9081021473  
-1.2718707  
-0.3069046646  
-2.039928066  
-0.08285932669  
-1.818346219  
0.6088187016  
0.5844910252  
-0.05396305262  
-0.309872316  
1.210753212  
1.114191938  
1.029538523  
0.8941667675  
0.2156860139  
1.594892295  
1.278559105  
-2.151149633  
0.6647804931  
-1.259326277  
-0.0002998482997  
-0.2867384463  
-1.022074444  
1.482733899  
0.01950436368  
-0.03765373903  
0.3909584464  
0.5602568566  
-0.3472892114  
2.143590528  
0.7213857722  
-0.4823108989  
0.2560793609  
-0.8040859417  
-0.8268535524  
-1.063830313  
0.2994784579  
0.01611224243  
-1.673769981  
