-0.4996604754  
0.4207627533  
-0.6943240175  
0.4253831924  
-0.04977082771  
-1.367242784  
0.6379172823  
0.1268330618  
1.591791234  
0.2404059417  
-0.9936936057  
0.8020471777  
-0.9538628454  
0.7740167609  
-0.1845962295  
-1.2147457  
1.151941097  
-1.188822811  
1.149894374  
0.2471527322  
-1.446878693  
2.604152277  
0.1396221357  
-1.441322735  
-0.996365302  
-0.2490112497  
0.6246002917  
-0.3502484192  
0.578817349  
0.3401675064  
0.172080475  
0.7148108905  
-0.4464844868  
0.4449352354  
-0.6736907783  
-0.7034445797  
-1.296020664  
-0.1883880399  
0.9005964376  
-1.779931845  
3.678409133  
0.9141545401  
0.4356214042  
0.3913749796  
-0.6280661554  
0.06591684116  
-0.3849951837  
0.9901402025  
-0.07154289013  
-0.4922993747  
0.9321109386  
-1.683074884  
1.908093751  
0.3786699483  
0.1403049317  
-1.709814562  
-0.957919663  
2.469713137  
-0.7876918341  
0.3577661039  
-0.660567193  
-0.5240641742  
2.025902756  
0.8803476729  
2.549887029  
-0.7804674383  
-1.358505419  
0.03645189219  
-0.1067646264  
-1.324610439  
0.3286879601  
-0.7674242193  
2.384745559  
0.251484406  
0.950129218  
0.2027885131  
-0.5725187658  
0.9622048576  
0.3068770762  
0.4513558798  
-0.2676716272  
-0.4421783776  
-0.1604913543  
0.2294220933  
-1.078278403  
0.01904285966  
-1.33418158  
-0.08789089274  
-0.8269936184  
0.109119957  
0.6185951505  
0.003300463521  
-0.8022533954  
1.63484482  
-0.6373253861  
-0.5894290303  
-0.6461244945  
-0.3277879143  
-1.572100329  
-0.6502107977  
1.286192641  
-0.4487191449  
-0.7057503557  
-0.5527800429  
-1.484179733  
0.8143352601  
-0.4584710869  
2.041678617  
-1.067880074  
0.9295084761  
-0.7736524  
-0.5734001482  
0.4500448103  
0.02819472672  
0.4327636225  
-0.4280235834  
-0.6834299855  
0.7621873824  
-0.2560512512  
0.783996093  
-0.3568886449  
0.9967412744  
0.09137905746  
-0.6264682409  
1.320587822  
-0.6871780343  
0.7633856805  
-0.7524359823  
-1.530407366  
1.867614613  
-1.12708762  
-0.2519858403  
-0.7669356879  
-0.9165606401  
1.307216111  
-1.217091248  
0.5092632388  
-0.3545682888  
-0.9234040676  
1.830933529  
-0.4722163678  
1.357112239  
0.4282387242  
-0.3898909687  
1.143552115  
-0.2416149717  
-0.6686057031  
0.3811476678  
-0.4865346566  
1.695347036  
-0.1742663196  
0.305295529  
3.346646233  
0.3081984574  
1.207044826  
0.7355183662  
-1.10722935  
1.596801678  
-1.169616188  
-0.294611246  
-0.06034219464  
-1.675199715  
0.5502941672  
-0.9622731301  
-0.1803658798  
0.2973030665  
-1.637553045  
0.2536532505  
-0.6455817846  
0.8096076398  
0.1816034425  
0.1689583978  
-0.8796314952  
0.07666919939  
0.282216452  
-0.2866089215  
-0.4542187264  
0.08179095942  
-1.107581803  
-0.5791885278  
-1.502203309  
-0.9435350168  
-0.206265858  
-0.6818743503  
0.2621560748  
-0.6462041094  
0.6938876823  
1.013848311  
-0.2429288846  
-1.887365409  
-0.8834099264  
-0.1981436788  
0.1930700064  
-0.6570260765  
0.1718329636  
0.2320400518  
1.447802166  
-0.2072985342  
-1.195503959  
0.1171858655  
-0.5707533153  
1.799825274  
-0.06706212895  
-0.2446523737  
1.595528634  
0.08141107543  
0.9863253179  
1.652985027  
-1.671364287  
-0.351676828  
-0.5343056574  
-0.9696967965  
2.436380208  
-0.6495812672  
-0.6541626919  
1.018685614  
-0.3552657913  
0.3157289778  
-1.052804514  
-2.033762459  
0.8059150648  
0.3746150184  
0.627716776  
-0.04531634844  
0.1541576502  
1.312152922  
-2.028707031  
-0.7104425707  
0.2733611179  
-0.5379346831  
1.956651477  
-1.304351077  
1.101553561  
0.1163106132  
-0.6483985546  
1.032482773  
-0.9674794096  
1.487164787  
-1.164695364  
0.8280346238  
0.2923612856  
-0.579232165  
3.21991371  
0.5676815938  
-0.02249398933  
0.08371429117  
0.5549988053  
2.334117382  
-0.4817231851  
0.945156648  
-0.7484155787  
-1.233226139  
0.2610868558  
0.05905193877  
0.613754136  
-0.01779564862  
-0.7853012044  
0.02507493609  
-0.8161890367  
-0.8131435417  
-1.166893624  
-0.6650754615  
-0.4294471318  
-0.9258202717  
-0.3339373417  
0.6174561272  
-0.9355124059  
0.02836331876  
-0.716763827  
-0.7293887001  
-0.9940125102  
-1.847162095  
-1.669042467  
0.4449137861  
0.9321443358  
1.065219577  
0.8815184451  
-0.5066406552  
-0.3536577001  
1.020561941  
-0.984471791  
1.529445308  
0.1576714576  
-0.1588150474  
0.6760404199  
-0.189152354  
0.05117890123  
0.0626579255  
2.149531501  
1.637950739  
-0.1011254614  
0.4035599869  
1.61240626  
0.1810104499  
1.117574705  
-1.179330414  
-0.282850903  
-0.2432982792  
-0.6652440137  
-0.171771265  
0.2340946094  
-0.4209169465  
0.8724282628  
0.3131886545  
-0.3632968787  
0.9399880037  
-1.803706398  
0.2473726138  
-0.3170041551  
-0.5422802759  
2.100058147  
-1.000874  
0.2666796043  
-0.3319994771  
-1.028423895  
-2.155098725  
0.4273838271  
1.899350875  
0.4156179754  
0.7137619644  
-0.3675743733  
0.9666159856  
-0.558611746  
0.1777745691  
1.939659604  
0.4063787214  
-0.08957746983  
-0.5467008208  
1.034401962  
0.3086526582  
1.630746617  
-0.7799228115  
-0.427833458  
-0.2423024247  
-0.1449071742  
-0.3679809696  
-1.827855307  
-0.4157372412  
1.87655541  
-1.418124598  
-0.8216198108  
-2.113576348  
0.7733632421  
-0.2404351781  
-0.94561488  
-0.5882965633  
1.235785624  
0.6622430433  
-1.017257253  
0.03857406978  
-0.2828616376  
-1.502033549  
-1.559790208  
-0.04535150328  
0.2144017482  
-0.3372321492  
-1.124709657  
-1.6302715  
1.078001062  
-0.504629375  
0.7078523585  
1.294054427  
-0.4637771954  
0.1459991807  
-0.4985849809  
1.616236233  
0.07072494334  
-0.4018346293  
0.870545231  
0.2003196408  
0.1768393998  
-0.9630137392  
-1.216723495  
0.4624556044  
-0.432342593  
1.277324991  
0.935108869  
-0.9289268138  
1.274359128  
-0.1292723605  
1.57392701  
-0.8576951831  
-0.09981062355  
2.036141735  
-1.611589087  
0.2932199388  
-1.864690003  
-1.414333053  
1.04793955  
-0.8540381198  
1.363810475  
1.570617737  
-1.695929591  
-0.7987051065  
0.6128860693  
0.2790215419  
-0.8228730367  
0.3342262397  
0.2294159987  
-0.6656599171  
0.786776393  
-0.2998217405  
0.1471444329  
