0.9470245616  
0.5313661185  
0.2581415768  
-0.2733325547  
0.01857631811  
0.4933528985  
0.05938048261  
0.3580815104  
0.2549689988  
-0.164998968  
-0.09616865806  
-0.9447757593  
0.3290102971  
-0.5155720122  
0.05841386821  
0.1778012087  
-0.1040862674  
-0.02593373771  
-0.5222406181  
-0.1049245103  
-0.1068753952  
-1.774496644  
0.5998980714  
0.02610310761  
1.072271306  
0.7063478907  
-0.9084098993  
-0.3957386289  
-0.6994535337  
0.461107983  
-0.6478423287  
-0.4220676781  
-0.008426943239  
-0.8074593783  
-0.3617312313  
-1.448145916  
-0.6009773637  
-0.578865974  
-0.3640015587  
-0.5493901154  
-2.130351034  
0.7886055053  
0.4022659627  
-0.4013489564  
0.08917131849  
0.08599199833  
2.096996673  
1.027822864  
0.7019149481  
1.103833684  
2.857243704  
3.147425676  
0.788486059  
0.3749995022  
-0.726808418  
-0.123948061  
1.129979284  
-1.802017075  
0.6861519629  
1.114091669  
-0.7848857672  
0.2292972053  
-0.9081670431  
0.2348526598  
-2.152226524  
-0.1008506805  
0.9049121045  
0.7902061451  
1.732717255  
2.708909256  
-0.3833347384  
0.1158252428  
-1.302581944  
0.2444799695  
-2.769880563  
0.5485804592  
0.4505958509  
-0.3687050604  
0.3894092823  
0.5013230913  
-1.444958779  
-0.4636041546  
-1.069245565  
-0.4094560821  
-1.844682756  
-0.6402897612  
0.3022532996  
-1.367510989  
-0.02268997641  
-0.1925060044  
-1.084189039  
0.7938832508  
-0.001431006893  
-1.067192558  
1.746266905  
0.5727282761  
1.40375711  
-0.4854802693  
-0.05737310743  
-0.2170057032  
-0.7062542466  
0.2338916958  
-1.041052822  
-0.8576670601  
-0.4584869396  
-0.8888864127  
0.4749908579  
-0.5987408912  
1.257928469  
-0.3858717567  
1.427467222  
1.115092058  
-0.8194609633  
-0.1802565126  
-0.9548522608  
1.086469129  
1.234925042  
-1.974959075  
-0.3592734239  
-0.8344870628  
0.5166858782  
-0.8917550677  
-0.05815112281  
-0.2088253652  
-2.162623506  
-0.08026335948  
-0.6176400869  
0.7493740211  
0.2161108975  
-0.3620146963  
2.365851209  
0.6131869154  
1.649573707  
1.038400333  
-1.01332266  
0.429194582  
-0.8558847404  
0.1657403707  
0.6320901884  
-1.623677148  
-0.01797249021  
-1.535368553  
1.240434015  
1.564848953  
0.4410230794  
0.9178307656  
1.111206979  
0.476678714  
1.438236095  
1.132427582  
1.352252992  
1.097735935  
-1.537993978  
2.427260694  
-0.8549246783  
0.2424197407  
1.221317561  
-0.9351236986  
0.3246581685  
-1.451468421  
0.4727680385  
0.5798386757  
-0.0792332617  
-0.3696840471  
-1.685354591  
-0.6542976002  
-0.1341706449  
-1.946614136  
0.5944935278  
-2.183815916  
-0.4628396083  
-0.08754523892  
-0.9429476691  
-0.1324173351  
-0.9288074244  
-0.2801721939  
-0.7857932952  
-0.8451653871  
0.0277093414  
-0.584202719  
1.324078183  
0.1327822427  
-0.4257124983  
0.02411317997  
-0.1246272463  
0.634887662  
0.4583396001  
-1.619517864  
0.645380214  
-0.2608596681  
0.3628083487  
1.435454524  
-1.436267648  
-0.1822122941  
-0.3721661899  
-0.1055970786  
-0.400415101  
-1.516967562  
-0.9521767404  
0.4749231642  
2.497039326  
0.8262174803  
-0.2863352338  
-0.5488173441  
-0.9060711154  
0.5025608211  
-0.01262460492  
2.184027036  
2.980824225  
0.5181735056  
-0.5576468032  
0.5399184706  
-0.6035110011  
1.356423467  
2.800219251  
-0.290836018  
0.4794457307  
0.04007928553  
2.456940198  
1.542231223  
-1.02625898  
1.37407166  
-0.8378569288  
0.134914989  
0.2173893736  
-0.5192363637  
-0.2134601962  
-0.3279922249  
-0.08601579569  
-0.05881691486  
-2.127009581  
0.03108876316  
-1.515639553  
-0.08312841726  
0.4267581886  
-0.7211774736  
1.767539785  
0.1107300291  
-0.20140154  
-1.406185699  
-0.2310151197  
0.2103978801  
-0.7391823246  
0.5584805364  
-1.241237136  
0.3304991279  
0.4102549992  
-2.798537941  
-0.7237974538  
-0.5615598042  
-0.6620606948  
-0.7253616279  
-0.4548222481  
0.3464821214  
-0.701700185  
0.4351922515  
0.9532483644  
0.3361947849  
-0.4562266549  
-0.7014140567  
-1.128357158  
0.4350421306  
0.01160718945  
-0.5261404542  
0.2513275324  
-1.861219471  
1.594963195  
1.590332696  
-0.2372313531  
0.7337018452  
0.3733474533  
0.3440722906  
1.149739421  
-1.258215904  
-0.054664335  
-1.634624251  
0.1452122799  
0.06549655178  
-0.2637650903  
1.869717245  
2.301406912  
1.546183807  
1.296767525  
-1.494165308  
1.463125726  
1.496133216  
-1.094612552  
0.03812532545  
-1.903674256  
0.8199338186  
-0.2174400746  
-0.1404465456  
-0.2382121115  
0.533626235  
-0.9312647772  
0.5541065937  
0.8844730806  
0.0615871442  
0.4659452135  
0.9338707049  
-0.8404029014  
1.285139644  
0.5520105057  
0.6386183409  
0.7321906878  
-1.007559585  
0.5174406384  
-1.182656227  
1.067032285  
0.8920120537  
-3.28400215  
0.1678974674  
-1.497159349  
0.3342937645  
-0.1116562332  
-0.01039490299  
-2.022224879  
0.538189391  
0.7298630323  
1.000421213  
0.4163935153  
-0.1977928054  
-0.5662631388  
-0.1147358405  
-1.744265176  
-0.01640167566  
-0.2831610234  
-0.5930798885  
-1.665147591  
-1.037304262  
1.618881987  
0.1640515646  
-0.6626968372  
-0.8833525767  
-0.9995530589  
-0.5353313038  
0.1928690584  
-1.009634181  
-0.6974261793  
0.2665941826  
0.009545837336  
-0.0278642457  
0.04036695848  
-0.3878856667  
0.2704149823  
-0.3396865064  
0.8081385491  
-0.1011354697  
-1.171987428  
1.108287345  
0.2695906868  
-0.6180919533  
1.04323739  
-0.1436938847  
0.3031123918  
0.3546506037  
-0.2450146223  
-0.4836337765  
0.1819015772  
1.592290106  
2.121035831  
-0.4859145072  
0.1416852083  
-0.1964396346  
-1.091530583  
-1.635318937  
0.2665736888  
1.215235784  
-0.03090776232  
-0.0008619294371  
1.227093387  
0.4417157783  
0.4570123503  
-0.6722421986  
0.07589766638  
0.1284792574  
-1.30238603  
0.8185653535  
-0.2400475813  
0.5237464714  
-1.874239752  
-0.1723599485  
-0.2824551037  
0.8353039386  
2.060171941  
1.187097603  
1.873748987  
1.26853936  
-1.381413695  
-1.006748736  
-0.9144153766  
0.309192729  
0.1535445286  
-0.2146358453  
-0.4334194703  
-0.263882138  
-0.1186708246  
-0.1926863607  
-0.5701282449  
0.2987564508  
-0.2409036046  
0.2321574627  
-0.2086309583  
