1.195897205  
-0.3927933875  
-0.2837227608  
0.6349614648  
-2.072475589  
-0.9376807183  
0.4864178216  
0.6462859133  
0.3361540089  
-0.9011599675  
1.242544888  
0.8605683223  
1.017591069  
-0.1797213232  
-0.3809831794  
-0.3050096774  
0.02599910158  
-2.596444959  
0.7828570638  
1.901102551  
0.5387819396  
0.4692439977  
1.017936483  
-0.5289693611  
-0.07946311357  
-1.691184842  
-0.4357330992  
-0.9708749318  
-0.1468377532  
-0.5052402065  
-1.053723924  
1.5462752  
0.4667920105  
0.5065112546  
-0.4609879299  
-0.1020498909  
-0.8435888007  
-0.9175553343  
-0.7986258366  
-0.8471100513  
-0.9840731944  
0.5158858569  
-0.9634791468  
-0.7707447563  
0.3361764182  
0.5596036423  
1.322252222  
-1.021477037  
0.6678329227  
-0.1485056235  
-0.3979462865  
-0.7961658238  
-0.711068407  
-0.3876347006  
0.6779795836  
0.9686854099  
1.162499917  
-0.7848065303  
-0.6196192578  
1.851062802  
-0.3366695847  
0.9928044043  
-0.3319857715  
0.3245980156  
0.2069887321  
-1.376344302  
-0.2498536131  
0.04000026183  
1.054813216  
0.7682500058  
1.989899608  
0.5295254237  
-0.4325267044  
-1.050445426  
0.2192665706  
1.936299375  
0.9444885539  
0.5984762605  
-1.399590391  
0.9719389062  
-0.76578107  
0.588305583  
-1.040488301  
0.1507405573  
0.1856958127  
0.7316270382  
-0.9100586127  
-1.546664695  
-0.597537914  
-1.390676576  
-0.2353524659  
-0.8438695445  
0.6188962209  
-0.2619530374  
-0.7076373258  
-0.3287222779  
-0.5221130863  
0.05802906466  
0.3724701541  
0.702730464  
-0.06038777673  
0.3159131954  
-1.688217996  
0.5902789576  
0.2409250752  
-0.2111624953  
0.7883954405  
0.433182534  
1.62333954  
-0.3554235428  
-1.739761599  
-0.5914755676  
0.01646059092  
-1.586860711  
0.08806008841  
0.1811341353  
0.2914167829  
0.5332562868  
0.8139307153  
1.660826004  
1.085061668  
1.190922689  
0.4990934445  
-0.7287147232  
-0.4804288015  
-0.8988731675  
-2.16044453  
-0.3491599331  
-1.116713143  
-0.4864608671  
-0.8510449859  
0.2103500677  
-0.31975246  
0.9640113893  
0.1813925395  
-0.538136693  
-0.2726717982  
-0.04228229662  
-0.2733358277  
0.5038350729  
1.209197091  
0.7701755377  
0.6079672645  
0.1752074904  
-1.341812982  
-0.5740311915  
-0.6404551019  
0.1716911525  
0.5525518949  
-1.249331763  
-1.492777561  
-1.627509293  
-1.015574295  
-0.3591085622  
0.8571319708  
1.154850746  
2.214645903  
0.9853241374  
1.579042077  
0.7573940771  
0.7372523641  
0.2539457151  
0.5744711586  
0.05948520422  
-1.107656442  
-0.5446455689  
-0.6500638218  
-0.1193279749  
1.086626759  
1.027842596  
0.07332036336  
-0.2481772038  
-0.6176717001  
-0.717426503  
0.7923264451  
-0.06503385753  
0.4275741598  
0.2016589172  
-0.28439768  
-0.6252188261  
-0.5831235723  
0.9084102784  
-0.2569793009  
0.3635471932  
-0.930576925  
0.9709167524  
0.2363607323  
-0.1088579005  
-0.5410059121  
-0.4391135327  
-1.370842961  
-0.920675465  
-1.176336199  
0.8705499232  
0.07014837464  
-0.853001038  
0.5107754862  
0.2343529429  
0.50265181  
0.4068201039  
0.8278754489  
-0.9598296005  
0.1141964556  
0.6033926351  
0.4171532206  
0.7947281872  
-1.207010872  
-0.1936034047  
-1.159016491  
0.4171087589  
-1.256072134  
0.6275508528  
0.3395383544  
0.4661246068  
-0.4554765416  
-1.106136685  
-1.637656536  
-0.6766905309  
-1.144725882  
0.1591697122  
-0.1869218819  
-0.3056213067  
0.5078471213  
0.7110549383  
-0.06158725596  
0.719962791  
-0.08404241091  
0.002587124986  
-0.804064996  
0.3744444339  
1.510464494  
0.8294016181  
-1.340031244  
1.042414895  
0.814129132  
-0.1923033027  
0.8596245227  
-0.3804283249  
-0.4145077763  
0.4939769031  
-1.023239121  
-0.7217253291  
-0.3728347796  
-0.03439034233  
1.143220311  
0.3806185226  
0.9238292989  
1.114389853  
0.2405765725  
0.6509868993  
-0.08480834394  
0.8471493857  
0.5934297762  
0.2045115457  
-0.08735667358  
-0.339847718  
-0.683571058  
-1.473189243  
-0.7038826089  
0.03446595231  
2.244605939  
0.2730646368  
0.806536586  
0.7486357275  
1.4176473  
0.05562144448  
-0.1843248344  
-0.1238748984  
0.80794165  
0.1071531736  
1.078307148  
1.313294354  
1.457018168  
0.8053919711  
-0.2885611026  
1.071661002  
0.3824591065  
0.6109520542  
-0.3555214854  
-1.920540848  
-0.05691799766  
-0.9961513207  
-1.406081183  
-0.9394658518  
-0.4085719283  
-1.780167674  
-0.8912920586  
-0.5525987457  
-0.8484604466  
-1.035760433  
-0.3726074359  
-0.7579247289  
-1.435178161  
-0.9416226722  
-0.8904773939  
-1.926232307  
-1.716754602  
-0.1924399005  
-1.080445886  
0.2169969677  
-0.0232772955  
-0.05629847837  
1.137619942  
-1.651380817  
-0.01034936069  
1.002312744  
0.2620691804  
-0.61166894  
-1.065232369  
-0.2009798551  
0.08078870365  
0.05486209571  
1.105664974  
2.363778868  
1.718697577  
0.2169331857  
0.1976279475  
0.3110255627  
-0.9031733079  
-1.666886207  
0.2941617855  
-0.2291664973  
-0.01818295217  
-0.2881237237  
0.7472901126  
-0.3412727732  
1.020243364  
-0.6649513299  
-0.2866729188  
1.050824808  
2.223837679  
0.5390816496  
0.7695718061  
-0.06248087122  
-0.1309637758  
-0.3792085  
-0.861283146  
-1.065285446  
0.5359735022  
-1.200167808  
-0.3091298279  
-0.3400185892  
0.5528744345  
-0.4341107843  
-0.3760245246  
1.93502456  
0.14468611  
0.14136526  
0.6666117153  
0.4213368707  
-0.2417652441  
-0.6241014242  
-0.08074182839  
-0.4494065302  
-0.1326271592  
-0.04004276157  
0.2080260973  
-1.639783584  
-0.1992658904  
-0.1361096322  
0.4169120226  
-0.2111844191  
0.1851923042  
-0.188549258  
-0.366052752  
0.4650992469  
0.5158826414  
0.7992484439  
1.023972561  
-1.127743473  
1.708153368  
2.144369225  
1.025937384  
2.669060551  
1.871054179  
1.373253288  
0.3335177523  
-0.4813755925  
-1.5142755  
-0.5894819112  
0.392905045  
-0.4394612247  
-1.60596261  
-1.282475246  
-1.516078031  
-1.119525824  
-1.37743488  
0.7399612328  
-0.3099007229  
1.260857885  
0.3570099008  
0.375403577  
0.4010479644  
1.546261187  
0.7457286551  
-0.1562008316  
-3.035625467  
1.027459392  
0.208340551  
0.2195398599  
0.9419995374  
0.5990449284  
0.6207699756  
-1.020906341  
-0.3240344017  
-1.261717607  
-1.928972381  
-0.2400280319  
-0.008464689495  
-0.7230695326  
-1.358707444  
-0.004902817992  
-2.957111818  
-2.163698094  
-0.4538726185  
0.1445482285  
0.3066795078  
1.702089055  
1.067833471  
0.6176699422  
0.75458675  
-0.2727232526  
0.7350507774  
0.3133609589  
-0.1847246018  
0.3908058532  
0.2999754083  
0.5676909587  
0.5427966186  
-0.06112380209  
1.528738367  
0.1865695148  
0.8944179905  
0.197713652  
0.9788106919  
-0.5550195216  
-0.2741176071  
-0.4749486522  
-0.4964296962  
-0.9232719254  
1.794862572  
0.8973476254  
0.9738614275  
-0.8895778059  
-0.01770396288  
-4.264242501  
0.118798472  
1.330903861  
1.535154035  
-0.3559520474  
0.7853296125  
-0.8227739903  
0.05497451787  
0.7480189152  
-0.3693194645  
-1.390149429  
0.8200986114  
-0.08414844418  
-1.528699243  
1.368038313  
1.034326183  
-0.0415267058  
0.2005408747  
-1.370299602  
-1.918532774  
0.6989520303  
-0.3345601847  
0.096993812  
-1.638128689  
0.6138541992  
-1.565603546  
-0.5862419803  
0.1892983705  
2.305455506  
0.1541126513  
-0.2428438811  
-1.102018332  
-0.4900432556  
0.513265299  
1.998409931  
1.218663747  
0.7460742501  
-0.06925147955  
-1.13666517  
0.03577628484  
2.543151099  
2.095174758  
-0.0927474497  
2.346609875  
0.550387308  
-2.363068052  
-0.7189458962  
-1.081834786  
0.06136987856  
-1.202273408  
-1.193420483  
0.5624839233  
1.126631767  
0.3339235912  
0.2915704335  
-0.07148434175  
-1.670842517  
-0.04819420793  
0.7204662583  
0.8646549508  
-0.3104846023  
-2.095902262  
-0.8967513332  
-1.845345132  
0.2806226359  
1.087754816  
2.120325534  
1.260509496  
0.5137727842  
-0.25133049  
-0.0324649062  
-0.8397791763  
-0.9081756016  
-1.347211423  
-0.8925837539  
0.3681227128  
-1.338050258  
-0.4727496852  
0.6160729156  
0.1985460033  
0.3041576488  
-1.051797508  
-0.8866206166  
1.248140598  
0.5155587526  
-0.4985162661  
-0.5398436922  
0.06431454367  
0.3062406704  
1.919884862  
1.418107761  
-0.9610481968  
0.02038183798  
1.118238225  
-1.309060978  
-0.8467260227  
-1.968057153  
-1.094963977  
-1.396979966  
-0.5555178073  
-0.7238169262  
-0.05597002574  
-0.6055614217  
-0.3379235162  
0.2167913699  
0.9977075807  
0.02992347407  
1.249747901  
1.543285889  
1.182854303  
0.6207635554  
0.2736352521  
0.2465281162  
-0.1621771965  
-0.3717530518  
0.6572726661  
-0.761272934  
-1.962847173  
0.3281139664  
1.795035312  
0.4213488088  
2.0514359  
-0.3842345005  
0.01815590413  
-0.3678169882  
-0.5420803435  
-0.1398787633  
-1.189320273  
1.124828448  
-0.4456694364  
0.345153285  
0.1150668477  
-0.1820556863  
-0.2626495254  
-0.1675962239  
-0.8679283729  
0.4872333121  
0.6161125076  
0.8655003808  
1.215698867  
1.517376142  
0.5603108075  
1.408228137  
1.473185457  
1.09164645  
-0.2889291119  
0.0651478661  
0.7269243547  
0.5092154944  
0.007205625853  
0.6415987627  
-0.06202915964  
-1.858690561  
0.03916620046  
-2.217075113  
-0.8975839818  
0.05067173249  
-0.3224944714  
-0.2894742734  
-0.2123492424  
-0.5856773946  
-0.6462592126  
0.6439076775  
1.468787758  
0.3132550914  
0.6244412206  
1.715841031  
-0.7070987538  
-0.3319277618  
1.409192944  
2.024130939  
-0.1077197955  
0.239890261  
0.4837261269  
0.9585580041  
-0.4635093891  
-1.914813425  
-0.09095381026  
-0.515561426  
-0.1449109759  
-0.8038552114  
-0.4195234313  
-3.43771379  
-0.5000229818  
-1.827082029  
0.5325644915  
0.1393472105  
0.6943622076  
-0.676072289  
-0.2419194944  
-1.030022482  
-1.491310041  
0.7520369802  
0.07337713017  
-0.05091683024  
-0.5811199083  
0.05249984437  
-0.1187823164  
-0.1919293232  
-0.9589505895  
0.6063982236  
1.868408965  
0.4454372904  
-0.07202892259  
-0.9475478417  
1.445789579  
0.559272672  
1.738809652  
0.5091010967  
-0.4117754693  
0.1020322781  
0.5118171893  
-1.037108864  
-0.1222386196  
-1.800379615  
-0.4085358716  
-0.9645400989  
0.9327507754  
0.2306671201  
-0.1227040509  
-0.1462586309  
-0.8799664036  
1.032229329  
0.4573292679  
-0.1938122066  
0.5106800164  
0.7607917062  
-0.2635482205  
-0.4080913008  
0.01528663872  
-0.4243365238  
-0.724605122  
0.5704671707  
-0.7929588126  
-0.6968709611  
-0.5060422596  
-0.4065262834  
-1.239358779  
-0.2840562692  
-0.6599317387  
-0.686995773  
-0.552737426  
-0.9968745113  
-0.3469052912  
-2.451071959  
-1.100759542  
1.350150996  
0.2570788055  
0.727015703  
0.5705461844  
0.03905664796  
-0.6678478481  
-0.4987547339  
-0.7046679543  
0.628214447  
0.5790279829  
0.2897265572  
0.8973675542  
1.160380439  
1.831973012  
0.8794591463  
1.272621567  
1.804740522  
0.818690044  
0.2470412092  
1.239508765  
0.04871269558  
0.3397031588  
-0.9463640174  
-1.418882068  
0.194189212  
-1.029560755  
-1.0698516  
-0.2365838716  
-0.04182190694  
0.2551381137  
-0.135566491  
0.5212555202  
0.8587459045  
0.4223587888  
0.9394908795  
0.1181480284  
-0.4749327231  
-0.1660607858  
-0.2772456039  
0.7268139756  
-0.03776195499  
1.390792006  
1.28133711  
0.3374521518  
0.4581079743  
0.02958317873  
0.0384713996  
1.113081019  
1.827904472  
-1.024892413  
0.627039444  
-0.777902793  
-1.008310976  
0.3478761552  
0.6220877568  
0.9375096049  
0.46183917  
0.1405220002  
0.7249335656  
1.007062491  
-0.02311393215  
0.4865268414  
0.8861874209  
-0.290737987  
0.6373435682  
0.06260571716  
1.357421563  
-0.4172790104  
-1.043928841  
-0.8688426421  
-1.223103098  
0.8015102824  
1.277415763  
0.6260572664  
-0.1264038818  
-2.565827481  
-2.356140049  
-0.3673027088  
0.505889015  
0.1206191444  
-0.4099980893  
0.1417938113  
-1.805859814  
-0.7294309827  
-0.2913993746  
-0.6486182514  
-0.7975454342  
-0.4834761558  
-1.830314292  
-1.130806801  
-0.8789125742  
-0.6967542967  
-0.4186501017  
-1.099523761  
0.3864402601  
-1.556160538  
-0.03649262082  
1.159250989  
0.2134001567  
0.5825486423  
-0.5151294459  
-1.233841284  
-0.548476812  
-0.2409959144  
-0.3103370573  
0.01057776094  
-0.7659007078  
0.3523278545  
-0.2003072291  
-0.4758255051  
0.04409237952  
0.3408114315  
-0.7493699746  
-0.2680906633  
-0.7606521292  
-0.5104268164  
0.1725361133  
0.4523003818  
0.5089549774  
1.018087758  
1.970500843  
1.461024023  
-0.001114114349  
0.5529101243  
1.111962683  
1.072476639  
1.337983171  
1.905588085  
1.678506793  
1.04369908  
-1.298375899  
0.2761495583  
-1.208041189  
-0.2557276007  
-0.5708462443  
-0.7030238122  
-0.8408186201  
-0.7956190281  
-0.7137651075  
0.4188499521  
2.370783183  
1.386788185  
-0.8487370063  
-2.474412665  
-1.077781496  
-1.159151781  
-0.08840402069  
-0.02364636134  
-1.444281739  
0.1150397897  
-0.6576604006  
-0.6403542821  
0.4293515294  
-0.1732632641  
0.1490994385  
0.2340682754  
-0.2925671999  
-0.09656961889  
-0.2717392131  
0.1374323418  
-1.229097297  
2.044195696  
0.530016901  
1.293460873  
1.02092804  
1.3063871  
1.551976984  
1.211958757  
2.53395654  
0.6514177646  
0.4148696463  
-0.4164709441  
0.6027180316  
1.036148001  
0.09326874581  
-0.7025101853  
-1.519874724  
-1.574846473  
-1.39613039  
-1.101275766  
-0.8432994795  
0.4759593847  
-1.419571612  
-0.1506458345  
0.5382321501  
0.01581067278  
-0.744479122  
-0.4304531252  
-0.8522843714  
-0.9001743766  
-2.358054431  
0.3723519274  
-0.1517191029  
-0.69692736  
-1.688364181  
-0.3145930833  
0.003108084568  
0.4399154099  
1.617474903  
2.157956064  
0.2193581431  
0.7433199347  
0.1330768147  
-0.2127491955  
-0.4640383889  
-0.8135979743  
-0.8054182901  
0.3845575758  
-0.3783105146  
1.464355487  
-0.03108620929  
0.924653428  
1.485895023  
1.204298026  
0.2388020111  
2.122253153  
-0.4009007228  
-0.2784016143  
-1.603049512  
0.6149974129  
-1.832019845  
-0.9562252355  
-0.8445040315  
-0.5548226692  
-0.9099910368  
-0.6928657005  
1.062891801  
1.062080099  
1.520135197  
-0.0316036634  
0.813803119  
1.768742745  
-0.4666440103  
-1.280679732  
-1.379148142  
-1.294194116  
-2.084911354  
-2.233571862  
0.5336689234  
-0.3944063132  
-0.1029161298  
1.790159506  
1.620186249  
1.761251376  
-0.6982565685  
1.109597174  
-1.946108321  
-0.04467221992  
-0.6357611324  
-0.4366842048  
0.1489368389  
-0.7202799021  
0.2744895234  
0.6840335075  
0.7174124129  
0.6771292488  
0.5614343905  
-0.3909961232  
-0.5015864892  
-0.5682725756  
-0.3041082616  
1.097136933  
0.2185797552  
1.647870748  
0.4154277528  
0.2875191272  
1.040347662  
0.8723735541  
-0.7936021343  
0.6743301685  
-1.245850397  
0.3622664766  
-0.5086004671  
-0.65506457  
-1.426922814  
-0.54622501  
-0.3924416246  
-1.455656952  
-0.5209013201  
0.6955349053  
-0.2761937784  
1.112818786  
1.613043822  
0.8587973238  
0.1734297353  
-0.2018775059  
0.1068302228  
1.1695085  
0.7935918069  
-0.03977553368  
-0.2756383862  
1.372744297  
0.9935138109  
-0.570557402  
-0.2547178165  
-0.3745747354  
-0.113592963  
-0.2517584061  
-0.2250814966  
0.1893508976  
-1.197149566  
0.1706426848  
0.1900665918  
0.08459824527  
0.9743055739  
-0.5500732124  
0.4754414487  
1.604019161  
1.256541647  
0.3792223054  
-0.05580682178  
-0.05415118039  
-0.04754707218  
1.073645231  
1.847805773  
0.5333358079  
-1.265182926  
-0.8079383887  
-1.89314639  
-1.732237054  
-1.93763895  
-1.104103859  
-0.2983269132  
0.06402678656  
0.227845913  
0.7740424114  
2.595437333  
1.22506164  
-0.1851516311  
0.4480714613  
-1.271241154  
-0.08321848015  
1.195777108  
2.167951977  
1.380141613  
1.457749988  
0.4910610859  
2.100428261  
1.186135474  
1.897833089  
1.033704753  
-1.85692288  
0.07343854147  
0.8785474727  
1.985631421  
1.167134119  
0.709274303  
0.6009112546  
-2.633809052  
-1.383974395  
-1.91353498  
-1.562509882  
-1.786776744  
-1.166562616  
-0.7394402115  
-1.803707402  
0.6690566347  
0.264653023  
-0.5143610312  
-0.649584121  
0.4091501599  
0.3161297731  
1.102595397  
0.3203646183  
0.2117766616  
-2.64982776  
1.663533825  
-0.9490570441  
0.9169688786  
-4.095585075  
0.03702540608  
-1.062427871  
0.7715932799  
0.852539503  
0.6189848918  
0.03524345456  
-1.024006717  
-1.847930557  
-0.4714338805  
-0.07169946841  
0.05499348668  
-0.4494220998  
-0.1615401098  
-0.1496510729  
-1.475588535  
0.5219265655  
-1.264094756  
-0.1089653333  
-1.229336933  
0.3191100386  
-1.138669091  
-1.356739313  
-1.509412451  
-2.542690776  
0.5643950871  
0.5782966411  
2.342596396  
0.5270496403  
1.172698677  
1.268372807  
-0.002375182065  
0.5650080585  
-1.579537459  
0.177189503  
-0.493318104  
-0.8772621365  
1.054696998  
0.9975713061  
0.9359074266  
-2.17703737  
-0.01863704639  
-2.066917455  
0.677540512  
0.6661403973  
2.441714833  
0.6820985577  
0.681511331  
0.05100427873  
0.85280729  
1.357225969  
1.643078387  
0.8854139114  
0.2105123074  
-0.5369863428  
-0.8430825257  
-1.435631055  
-1.339426869  
-2.125246048  
-0.8117694768  
-1.166448514  
-0.9418071609  
1.2743841  
-0.4929640912  
-0.9725662482  
0.1841326655  
-0.04912696676  
-0.4907514516  
1.146105622  
0.8425146875  
-0.02672472454  
0.5279457177  
0.8662530696  
-0.2980367836  
1.781869623  
0.8789496288  
0.1623138521  
-2.155286125  
-0.3414146528  
-1.347057801  
0.2491395106  
1.784472531  
1.289446153  
1.009825054  
-0.5010608891  
-0.004432932326  
0.09487642319  
-0.7063526922  
-0.1365308337  
-0.9603533208  
-1.023351862  
-1.317249229  
-0.7565483759  
-0.6111980441  
0.3227021638  
0.04866231783  
-0.6302063368  
-1.176615842  
-0.2298742351  
1.790249315  
1.941829817  
1.317670554  
-0.6285168029  
-0.6504625155  
-1.985021781  
-1.872121069  
-1.128379072  
-2.009914554  
0.04283848604  
0.6525059832  
1.808648958  
0.2595679646  
1.465999877  
0.2861807121  
-0.5464055631  
-0.8189420839  
-0.621452842  
0.456624783  
0.6603217017  
0.9558584181  
-0.9934825436  
-1.007615545  
-0.02921584395  
0.979914759  
1.188495032  
-0.3783188203  
-1.440379772  
-1.185768643  
-0.4968227432  
-0.1219409273  
0.9836574762  
0.2814094679  
-0.3149426908  
0.3366570172  
-0.9552654519  
0.6490155256  
-0.3927155975  
0.7785380325  
-0.1760673374  
0.6114883581  
-0.8641569847  
0.930938577  
0.9139207455  
1.146006821  
1.788589479  
1.06183162  
1.212691021  
1.361716838  
1.550380628  
1.089702039  
-0.6877235964  
0.4651845175  
0.6631036712  
0.1982709591  
1.573085895  
2.510993937  
0.5344314845  
-0.09292792087  
0.6380376561  
-0.05668423835  
0.9110552615  
1.134489838  
-2.007179825  
0.7434492731  
-0.4648098242  
-1.058941742  
0.2296064509  
0.8519770928  
2.491172596  
1.543456678  
-0.8012248554  
-1.541675011  
-0.6831356809  
-1.054350224  
-1.667404862  
-1.551994811  
-1.629387809  
-2.098494853  
-0.7036419318  
-0.7774651166  
-1.204229785  
-0.2814138624  
-1.345721793  
-2.107689693  
-0.9887620667  
-0.319511893  
-0.6985014752  
-1.548922723  
-0.5069188185  
-0.3089326498  
0.6456296245  
1.098365665  
0.02678629697  
1.105922409  
0.3035708778  
0.2561230327  
1.259713052  
0.132981966  
-0.008093026385  
-0.2964861225  
-0.02128880141  
1.637757031  
0.920875536  
0.3586734476  
0.1401628661  
-0.9897949258  
0.9965421309  
-1.271594014  
-0.1576757938  
-0.3666276327  
-0.8845948707  
-0.7061107623  
-1.01993827  
-1.117700392  
0.1513516014  
-0.2928128488  
1.741346364  
-0.3841644441  
-0.2357161803  
-0.752356314  
0.01113134051  
0.4289146066  
0.04488482793  
-0.8650579223  
0.6368017875  
-1.564719469  
0.7050842048  
0.7006217571  
1.206957054  
2.757324377  
0.6717462596  
0.3094237646  
-1.784891687  
0.116758511  
-0.03156165905  
0.1711824604  
1.196584019  
0.2670363339  
-0.4909503608  
1.818255256  
0.5792958778  
1.121544384  
0.1649839233  
1.009512852  
-2.057057037  
0.7466242951  
0.8060485146  
1.444446701  
0.7181484793  
1.090613004  
-0.9487297919  
1.337403353  
0.1810138354  
0.682259039  
-0.956320798  
-1.370933289  
-0.5048022467  
1.380775229  
-0.550231114  
0.1427397539  
-1.500370358  
-1.473284121  
-1.057229656  
-0.5461576951  
1.66881743  
0.02950074336  
-0.6780905982  
-1.104026439  
-0.2914216714  
0.3717810391  
-0.4425512243  
-0.1320598729  
-0.7380451852  
0.02026700795  
0.2653931399  
-0.6754117143  
-0.005091908023  
0.1510888614  
0.8276625933  
-0.5893939401  
0.6020539974  
-1.20217775  
-0.4561674103  
-0.243014651  
-0.7999055157  
-0.601183562  
-0.570986936  
-0.2699672614  
-0.7971332373  
0.2568260689  
0.8030959733  
0.06656347369  
-0.01370609312  
0.1311125989  
0.7265118684  
1.363320571  
1.602969351  
0.4312926399  
0.1468904662  
0.05370563385  
-1.222437727  
-0.7636106011  
-0.599310123  
-1.139355557  
-1.077769511  
-0.3526705591  
-1.143573755  
-0.09659684016  
-1.345291372  
-0.6867325394  
0.004646726765  
-0.1268948009  
-0.5520659617  
-1.177550704  
-0.009529372074  
-0.3540229023  
2.031332278  
1.761249215  
0.7812400235  
0.7473460151  
1.124344506  
0.3182405047  
-0.1303402405  
-1.131648077  
-1.498186273  
-1.25191245  
0.04713723348  
-0.7612403901  
0.7445493795  
-0.1905429708  
-0.6741204906  
-0.0353883918  
-0.2537832967  
0.2237520679  
0.6379428059  
0.2923635694  
0.4818937016  
-0.3963625659  
1.166218433  
-1.107247909  
-1.062160732  
-0.122160607  
0.9462455573  
0.2330513945  
-0.280631343  
1.17050564  
0.1966231592  
0.8380413516  
1.013105772  
0.3486113348  
1.191625389  
0.1492275531  
0.8402106016  
-0.5231303822  
-0.6902154895  
0.1141811168  
-0.3500008814  
-0.6531602015  
-0.1168792741  
0.3833372303  
-0.4167321311  
0.5199512082  
0.5341142289  
0.2935543702  
1.410524546  
0.975487117  
-0.4276524308  
-0.153956623  
0.797210016  
1.824322497  
1.282450083  
0.2904434453  
0.2383363861  
-0.4329231244  
0.9239221229  
0.6943526732  
-0.2702907379  
1.360973958  
-0.4631726394  
-0.5506983429  
-0.3320692087  
0.6465140218  
0.3707094379  
1.117061307  
-0.7805023402  
-0.5201596121  
-3.743893249  
-2.187484655  
-0.6597002736  
-0.6154664513  
0.1837396811  
0.1441167375  
1.193150684  
1.159873668  
0.1698651852  
1.018993971  
1.346749606  
1.779469312  
0.05932569852  
-0.3153205107  
1.731908504  
1.766109882  
1.737322741  
0.7042382664  
-0.7113537913  
-1.584274743  
0.4507802211  
0.3965067037  
0.02258104965  
0.3781441412  
-0.6164794146  
-0.06147603825  
-1.237373203  
-1.936872904  
-1.394649203  
-1.989774714  
0.2676294193  
-0.782723466  
0.6223527384  
-0.6854364841  
-0.05916906352  
-0.1828927666  
-0.4610406809  
-2.106710473  
-0.4826064726  
1.360542256  
0.6725833685  
-1.004341305  
0.2342882174  
-1.062083442  
-0.6575033942  
-0.5686654273  
0.631801541  
1.409330149  
0.47698343  
-0.8427569295  
1.698380564  
0.7588896358  
1.223651213  
-1.815359726  
0.7921247436  
0.1047971319  
-2.000743405  
-0.1215791049  
0.6581343508  
0.7127735871  
0.3744528359  
-0.336852725  
-0.7102983462  
-2.403551756  
-0.9215160551  
-1.667461665  
-0.6773784237  
-0.7154613438  
-1.543332125  
-0.4478007406  
-0.2120808297  
-1.659834548  
1.410049057  
0.298242659  
-2.068831162  
0.01700136711  
-1.853587848  
0.7743508291  
1.286909868  
1.6535465  
0.9672692636  
0.8540875306  
-0.5410316274  
-0.7766763353  
1.025957294  
0.3135789187  
-0.1541476873  
-1.085994388  
-1.663486451  
-0.2674568692  
-0.3740560272  
0.3274373655  
2.862685828  
2.136621034  
-0.952907418  
-0.3810956993  
0.6557206963  
0.9679532356  
1.039527398  
-0.1723933074  
1.02819341  
0.7222701574  
0.1524933944  
0.7815558391  
-0.200178369  
-0.3465415967  
1.042520173  
-0.2445515408  
-0.2815331181  
0.4033599797  
0.1236776428  
0.6979140475  
0.2568503921  
1.310215989  
0.1742583074  
-0.0371973224  
-0.9070116447  
-0.4165802721  
0.1965169992  
-1.85081507  
0.4052914172  
-0.001766273139  
-0.4040078585  
-0.4482771022  
0.1970902848  
-2.322495878  
-0.4311808831  
-0.02026871688  
0.01301993904  
-0.8585221193  
1.049738907  
-1.696677639  
-1.552578877  
0.1928493067  
0.183050881  
0.008061004049  
-1.171920101  
-0.6560344991  
0.5383203206  
0.01330577608  
0.4573739412  
0.4031259975  
2.177656609  
0.9087501999  
0.9186904593  
-0.4359158995  
0.7026234588  
-0.4074457311  
0.2670186936  
0.8804472151  
1.991306641  
-1.265278753  
-0.07346673551  
0.9462529406  
0.7477179228  
1.071105971  
-0.662804018  
-0.742489762  
0.01704373944  
1.54405157  
1.252923126  
-2.135493034  
-0.6314394602  
-0.9592789822  
-0.897773819  
-0.3534813385  
-0.2938695924  
2.193717227  
-0.6025722102  
0.8608057772  
1.281986763  
0.0839885279  
0.5495072486  
-0.05680826747  
0.4441273568  
-1.000810844  
0.2122693753  
-0.7207234291  
-0.4130874969  
0.2634179883  
0.6225927146  
0.7708189738  
0.7741672084  
-1.074012123  
-0.6946776026  
-0.3860649469  
0.3670699284  
-1.415895358  
1.373963381  
1.056284874  
0.8512558157  
-0.0804463335  
-0.5460793208  
-0.2189868456  
-1.203563384  
0.2770778464  
0.263516689  
-1.174773377  
0.4493941615  
1.362104371  
2.729852472  
1.582431387  
2.268026139  
-1.365609651  
-3.247474765  
-0.7515846564  
-0.974059607  
-1.634640639  
-1.060009301  
-1.142273723  
-0.09268706278  
-0.1174497131  
0.8327295381  
1.478029193  
1.765472955  
0.3778494116  
-0.9041334542  
0.2553788033  
-0.5941564277  
0.5704808214  
-0.459461316  
-0.6777705141  
-2.665679121  
-0.9149606051  
0.03957053034  
-0.01134827921  
-1.690115446  
-0.8555149449  
-0.9371751298  
0.08123532828  
-0.3352853435  
-0.7368659362  
-0.2291526166  
-0.1124458816  
-0.09190315084  
-1.715623409  
-0.4478977051  
0.3783627411  
2.316571259  
0.05251291135  
0.4208173142  
-0.243246891  
0.9214240617  
1.004753017  
1.366009272  
1.272778084  
0.06551911559  
0.2625071723  
1.066959996  
-0.9930580486  
0.6700863528  
-0.8638177447  
0.286441374  
-0.04873610466  
0.02383676656  
-0.715132228  
0.5085820274  
-1.513143336  
0.1180603655  
0.3044174212  
-0.6024752849  
-0.7429666884  
1.418798639  
0.3180674494  
0.1073263997  
1.175656108  
0.502917769  
-0.217633426  
0.605391761  
-0.2878621264  
-1.422335822  
0.7451695641  
-1.237197415  
-0.9048844648  
-0.1041956009  
-1.741532775  
-0.7191641266  
-0.5360133225  
2.555958411  
0.7249245947  
0.9380556339  
-0.8984499123  
-1.761427598  
-0.2719995982  
1.764521238  
1.955218874  
-0.2378757627  
-0.8717805401  
0.8953222259  
-0.03776101396  
2.295240905  
1.282473961  
1.301977344  
-2.099311849  
0.8217798031  
-0.006673793379  
0.5071880797  
1.324275815  
-0.2490064736  
-0.8058209123  
0.3398673733  
1.971671136  
2.91265784  
2.958149744  
0.8390618638  
0.9425266485  
0.05976383989  
1.485416953  
1.617757055  
-0.03373996636  
-1.329373905  
-1.738401271  
-2.366042799  
-1.285168612  
-1.004968371  
-0.7005457665  
-0.1487143836  
-0.4107278944  
-0.6190222671  
-1.336850579  
-0.8782551004  
-1.143254097  
0.4052300993  
0.3504827693  
0.231024663  
0.2170109009  
0.06102645578  
-0.4495918719  
0.3558388505  
0.1416185296  
1.026506752  
0.5233739161  
0.3307580921  
-0.5916765966  
-0.1783180854  
0.9831676207  
0.4429842294  
