-0.568806444  
0.1124442546  
-0.4299312561  
-1.595909177  
1.080979993  
1.316298048  
1.250785951  
1.731316232  
-0.5458287385  
-0.1825404089  
-1.466444619  
-0.03903533235  
0.4625095503  
0.8902630414  
-0.6672860884  
-0.6463839715  
-0.5619566784  
-0.67986399  
0.506374838  
0.9696976122  
0.9220275957  
-0.6349463809  
-0.4593957861  
-0.2300568266  
-0.07022334873  
-0.3341363104  
-0.8645025956  
-0.3103282877  
-1.516960953  
0.1691046411  
0.5308413607  
1.183409138  
-0.2307698301  
-0.582607683  
0.03532459233  
-0.08708671076  
-0.6839936233  
-0.8929731096  
-0.5678815594  
-0.04288298376  
-0.1842906258  
-0.04975121914  
0.5351923854  
0.5838692205  
1.324466611  
1.820601294  
1.057640916  
-0.3848790042  
0.3363950739  
0.1259017376  
0.9168512776  
-0.5612606053  
0.276300605  
-0.2332036336  
-0.4368595173  
0.3887796259  
0.8134693644  
0.01958744204  
-0.8680880907  
1.341110259  
0.3813503268  
-0.6851753804  
0.4679444671  
-0.7053450216  
-1.134979161  
-0.7012594021  
-0.2992072273  
-0.5669730929  
0.003052160278  
1.339169583  
0.9075772523  
0.1046163233  
-0.476873014  
0.2096983904  
0.6324927991  
1.287343441  
0.6098887075  
0.02415455755  
0.08753064164  
2.262759537  
1.20028661  
0.8239783933  
-0.1659006503  
-0.02756516483  
-0.8432231078  
-0.6365973032  
-1.036108099  
-0.833268477  
-0.7504176746  
-0.2253028432  
-0.06817444987  
-0.3585709219  
-1.386085944  
-0.8881401887  
-0.6028159527  
-1.263284686  
-0.886879785  
-0.07168316941  
-0.07847791112  
-0.1150782917  
-1.295936594  
-0.3376343567  
-1.667255124  
0.1272587013  
-1.447635683  
1.199103034  
0.0113286869  
-1.183755447  
0.2150792632  
1.201859932  
-0.2551805994  
-0.5105228774  
-0.2365343301  
0.01121366271  
0.2668606043  
0.05246087751  
0.3758017082  
0.1359832515  
0.8209560949  
0.8776643242  
0.129610827  
-0.06866961539  
0.1380866207  
-0.1615166982  
0.02060300154  
-0.3924035358  
-0.7950023795  
-1.568008691  
-0.5271438408  
0.4407665835  
0.9158534754  
-0.3524885693  
0.955202549  
0.1163008625  
0.6870752066  
0.3357958142  
0.1893488782  
-0.01501662716  
0.6039619371  
0.7161469795  
1.132491867  
0.4471191243  
0.7133357842  
-0.2613793596  
-1.79762738  
-1.151300541  
-1.290823471  
-1.592055331  
0.6768744509  
-0.7626159049  
-1.165471874  
-1.686607038  
-1.734666043  
-0.1889357904  
-0.292752233  
1.247644932  
1.639519957  
0.1042733457  
1.111118075  
0.6939831816  
0.1509301275  
-1.10929097  
0.7493130785  
0.9237874933  
0.01982811753  
0.1723388044  
-0.5530422376  
-0.2279130093  
0.2655066859  
0.3706772556  
0.5412487171  
-0.08231597769  
0.01250198674  
-1.189829164  
0.01532320746  
-0.7962866397  
0.2063156727  
-0.4253123559  
-1.063793015  
-1.143512028  
-0.6282980849  
-0.2431648282  
-0.8271946038  
-0.1786141784  
-0.02746380119  
-0.5310073983  
0.08044186658  
-0.06619304245  
0.03230831756  
-0.1885477816  
-0.3774100814  
-0.2467542214  
0.05153399828  
1.342254553  
1.173067932  
0.7978219774  
0.936215319  
-0.223739567  
0.7545319999  
1.358112481  
0.8493880497  
0.2334839738  
0.1856937647  
0.5265098053  
1.040311934  
-0.2673792207  
-0.7729104011  
-0.5232120081  
-0.6339774994  
0.6006277778  
-1.472497482  
0.4126883829  
0.8551001451  
0.2264757089  
-0.8555634902  
-0.304196296  
-0.4296642264  
0.002844615678  
0.2037074385  
-1.662419853  
0.4899373821  
-0.5341154616  
0.2634985391  
0.3646287929  
0.4223156202  
1.085716765  
0.4337708222  
0.06986220579  
-0.6394649832  
-0.2037702117  
0.8803791078  
-0.09756621495  
-0.3007011136  
0.2882281598  
-0.7988253818  
0.5165578221  
-1.317049479  
-0.07479112414  
0.3112528915  
-0.08639994716  
0.1710985467  
-0.2496660087  
0.3412007302  
0.6029553102  
1.086937835  
0.7211496893  
1.142656805  
0.9874382987  
0.5338829381  
0.6682705578  
-0.4496296921  
-0.4160682284  
-0.2722260366  
0.8108722167  
-0.5719634747  
-0.2835544862  
-1.258019252  
0.04624180863  
-0.5453747061  
1.004368815  
1.779842341  
0.7242347925  
0.1218036228  
1.532645844  
0.796990666  
0.06268795827  
0.1341475868  
1.16158318  
1.19434465  
1.970111893  
1.657471462  
-1.151506067  
1.590422469  
0.409839707  
0.6655986555  
-0.128111923  
0.7565805631  
-0.7936508725  
-2.415968225  
-3.045520354  
-1.334992084  
-2.109395275  
-2.136646127  
-4.031488022  
-1.6042449  
-2.415469723  
-2.360074058  
-0.3202277426  
-1.317930505  
-1.205675719  
-1.190068604  
-0.5187377405  
-0.5639880347  
-0.6326973905  
-0.6949876476  
-1.406595124  
-0.7248650843  
-1.040036585  
-0.6523372868  
0.6240338876  
0.2346696102  
-0.5247536733  
-0.3550888633  
-0.103524642  
0.5065195718  
0.9249705465  
0.8504844318  
-1.178772277  
-0.1816262993  
0.9865280529  
1.126857937  
1.766872269  
1.364141403  
1.06573648  
0.8706199779  
0.7624606857  
0.1167826366  
0.3991233921  
0.1274442777  
-2.976411048  
1.158688489  
0.6996377591  
-0.689106499  
-0.2741496792  
0.659142027  
1.276819345  
1.16933829  
0.969829162  
1.010477883  
1.520362693  
2.654391455  
0.9303105978  
0.4099545422  
-0.9192638089  
0.4944490044  
-1.067977936  
-0.8088297319  
0.3788459356  
0.5029263718  
-0.4385037807  
0.316460581  
0.292303103  
0.3288533886  
0.6335681759  
0.5078647778  
0.512216488  
1.000439099  
-0.3128446843  
-0.9385763835  
-0.2665792821  
-0.5552920317  
0.3151429456  
0.2445145188  
-0.619229291  
0.2334422601  
0.2961829842  
-1.000828536  
-0.5237857882  
-1.005684551  
-0.5072140903  
-0.6004940631  
0.204065622  
0.1379012241  
0.5833356191  
-0.5273378368  
-0.6777295393  
0.05797377272  
-0.02521818201  
-0.2481146037  
-1.652733637  
0.3007322165  
1.037871619  
1.326494663  
1.392769209  
1.556773527  
0.4489703038  
0.145089534  
-0.6947321353  
-0.9117870629  
-0.6712654826  
-0.4664575831  
-0.09113654696  
-1.952002846  
-0.4667939463  
-0.04233020305  
-1.302255482  
0.09209602189  
1.495409205  
0.6220685724  
1.00537122  
1.281737018  
2.604093421  
3.646598683  
0.2608273496  
0.2173229761  
-1.03943956  
-0.06466944008  
2.442986555  
0.7661938236  
0.0673763172  
-0.1156748869  
0.1431744373  
-0.5054648244  
-0.01234067734  
-0.2832677415  
-1.195568171  
-1.073693034  
-0.7449174516  
-0.2720708512  
-0.7366222088  
-0.8691528085  
-0.8614016989  
-0.5860740512  
-1.176566512  
-0.08806141234  
-0.05571080761  
0.001911998014  
0.5506230254  
0.05211411596  
-0.1184856308  
0.09819047281  
-1.471410972  
-0.5932729486  
-0.2071324717  
-0.6689772322  
-1.054774663  
-0.007027277028  
-0.7716945003  
-0.2032138917  
-0.662573389  
0.3036125084  
1.034901782  
0.8492354748  
-0.776428136  
0.2979457846  
-0.6632160684  
-0.6100951177  
-1.48442013  
-1.262974349  
-1.029133441  
-1.16925132  
-0.05869317745  
-0.8856335904  
-0.2407428072  
-0.6365106048  
-1.167411879  
0.651300293  
-0.4104160567  
1.669586734  
-0.05727207311  
0.2927911103  
0.9542233509  
1.461200282  
1.376122284  
0.8708826108  
-0.370448368  
-0.7891131207  
0.627072449  
1.633461056  
1.581259253  
1.276729068  
0.361827588  
0.9621523593  
-1.039397963  
-0.5513203619  
1.887955945  
0.813555015  
-0.8115476096  
-1.471245957  
0.3033783846  
0.4549940423  
-0.2022772795  
-0.241574416  
1.321190406  
-1.003763071  
0.7096558565  
0.3584000885  
2.180172531  
0.9153321684  
0.3122415114  
0.3636983941  
0.5621494698  
-0.9286417002  
2.029927482  
0.7993193865  
1.102370901  
1.91174678  
0.4168177353  
0.4050496483  
0.1130022441  
-2.197154245  
0.02209666373  
-0.3039775242  
-1.583819132  
-0.9772599254  
-0.7919605687  
1.142500052  
1.214848052  
1.267229173  
-0.4669723903  
-1.166288517  
-0.9662634372  
1.192010991  
1.245529728  
1.469883361  
-0.05992829644  
-3.95806885  
-2.76001803  
-0.276885876  
1.493412247  
0.4829709236  
0.08001446722  
0.4963000899  
-0.9119244477  
-1.486634409  
-1.501397913  
-1.350437921  
-1.828038425  
-1.284990147  
-1.052671269  
-0.1243260024  
0.5555936249  
1.109381595  
1.41662374  
0.0608434171  
-0.1609964912  
0.4261077556  
1.180352239  
1.507269403  
1.102331814  
-0.7658483516  
0.6800018349  
-0.3652587699  
0.9696359659  
1.06498359  
0.580616977  
-1.344142077  
-0.637335978  
-1.21074431  
-0.8857677698  
0.422419608  
-0.5908956305  
-0.6996015312  
-1.783239799  
-1.148607467  
-0.7567597937  
0.3482059366  
-0.3211828875  
-0.5663772883  
0.3897533524  
0.189856503  
0.5251098746  
0.419664404  
0.7763836216  
0.7895317661  
1.759739456  
2.00788785  
0.3885627739  
-0.7743372206  
-0.1542879576  
0.2482832834  
-0.2484853621  
-0.8305273836  
-0.09754533948  
-0.2029803122  
-0.2534051485  
1.321840298  
0.5623771146  
0.3333419411  
-1.872273092  
-1.215846377  
-0.651974357  
-0.7366839106  
0.2822535158  
-0.1148470158  
0.928452439  
0.9599199088  
-0.4901550686  
-0.02699231343  
-0.1030561542  
0.3479077474  
1.121445961  
0.665714604  
0.5409014392  
0.7559196489  
-0.003205669012  
-0.2891543358  
0.8315541172  
1.236065296  
0.6384794194  
0.02881785532  
-0.05225546568  
0.6408378635  
0.2311007326  
0.5302958804  
1.09162633  
-0.4677699963  
0.190297257  
-1.204717288  
-1.39845517  
-1.151561599  
-0.4752837376  
-0.1846559796  
-0.304603047  
-0.8209239011  
-1.244570129  
0.1751414579  
0.1816962737  
0.6357247279  
-0.3327760079  
0.5250952362  
-0.1783970173  
0.06281578457  
0.1858801892  
0.4736460526  
0.7674681718  
0.5075572748  
0.4828524878  
1.171564827  
0.1299749383  
0.8526603971  
-0.1389561553  
-0.2897256754  
-0.4892443495  
-0.3512540462  
-0.805919682  
-1.275239453  
-1.28384022  
-1.165997654  
-1.7481709  
-0.39050606  
0.9839497239  
0.6335041396  
-0.2211860587  
-0.9379733906  
-0.5690520963  
0.6380388051  
0.9704703611  
1.811891642  
0.6213707193  
-0.1021499698  
-0.6131278671  
0.2383195298  
-0.3850257158  
-0.7787358972  
-0.4035467824  
-1.203199656  
0.1259313317  
-0.112238372  
0.06587536976  
0.8727820752  
-0.5498904103  
1.370158128  
0.8977787357  
-0.09157520239  
-1.01830003  
-0.6291493878  
0.4524847309  
0.8834595407  
-0.9425963317  
-0.8534102154  
-0.1487525452  
0.3963706123  
0.006406057988  
0.1705916459  
-0.5952962494  
-0.6145793456  
0.08456185191  
0.379346222  
1.020531932  
-0.3305436093  
-0.3629212593  
-0.8347519147  
-0.3925387099  
-0.6837203036  
-0.1736203077  
-0.319318509  
-0.2319503147  
-0.9074134248  
0.1135094171  
-0.6116853837  
-0.365413391  
-1.584269627  
-0.9932520337  
-1.559689677  
-1.049202077  
-0.6406194353  
-1.153631034  
-0.1568985073  
-0.5174202564  
0.2512138762  
0.4250680203  
1.023650502  
1.055282834  
-0.08921337879  
0.6068413727  
-0.8203179753  
0.6358869258  
0.327573109  
-0.1211655549  
0.6372244163  
0.2698391072  
2.174458167  
0.9842912101  
2.571799742  
1.231941247  
1.309269231  
1.474494008  
0.7726579586  
0.09707703883  
0.8336237513  
0.1370560609  
0.2242914851  
-0.5156986247  
-0.8057620687  
-0.7586138231  
-0.7263229124  
-0.9580720579  
-1.186315934  
-1.315203704  
-0.7225068483  
-0.6028435598  
-0.7271270889  
0.1878806785  
0.770801528  
0.9410191531  
-0.1658968622  
-0.3783662515  
-0.2824138126  
0.2755856258  
0.7980467278  
1.017507637  
0.5622692472  
1.088320077  
-0.0814403282  
0.333394961  
0.9355401414  
1.368709086  
1.740583261  
0.8667452009  
-0.0002505054081  
-0.5315708793  
-0.5569764435  
0.07924481456  
0.8872355576  
-0.3805187934  
0.786424743  
0.2750744657  
-0.2535620346  
0.2960423056  
1.645072748  
0.6538249995  
0.5791777548  
0.1225723378  
-0.3748514497  
-0.3146087036  
-0.3000230398  
1.073547071  
0.1969504284  
-1.211253824  
0.07226048901  
0.9752687484  
1.2120507  
1.349140698  
-0.6537736028  
-2.103681262  
-1.211529506  
0.1047929125  
1.117121896  
1.362947441  
-0.4494653795  
-1.756729349  
-0.7576362968  
-1.501450224  
-0.5627297358  
0.2396080572  
-0.6398108246  
-1.872878435  
-0.7800055041  
-1.31549134  
-0.5704711816  
-0.1243382164  
0.5280850959  
-0.2472457903  
-0.5652998368  
-0.934873765  
-1.061328148  
-0.4909854744  
0.2536640278  
0.06493265474  
-0.8613008604  
-1.258317577  
1.115951901  
0.616342171  
1.865883478  
1.219750506  
0.9270218155  
0.2057217998  
0.1500563323  
-0.2971799621  
0.4193994589  
-1.112545517  
-1.008489729  
-0.6947265657  
-1.056779386  
-0.9663927117  
-1.421557067  
-0.1882442498  
0.8241129669  
0.4327708197  
0.08355052646  
0.6654318166  
0.6469842788  
1.283147039  
0.5021861277  
1.118523763  
1.282279814  
0.382485808  
1.53078532  
0.3735819423  
0.2232921834  
-0.4838728288  
-0.8959590171  
-0.296763631  
0.07110349759  
-0.2514943191  
0.1711078722  
-1.14610602  
-0.209597713  
0.2414075847  
0.6982224616  
1.160961379  
0.09839743498  
-0.9197196178  
-2.185389059  
0.4722703926  
1.330960096  
0.09173302795  
-0.5201433611  
-0.03202466476  
0.2289389013  
-0.5467372053  
-1.022656537  
0.177056346  
-1.4065582  
-0.9937712876  
-0.7738140705  
-1.229985439  
-0.633063659  
-0.7283293621  
-0.2704129907  
-0.1431624729  
-0.6574818462  
-0.2854503949  
0.3570568038  
1.043299435  
2.058217716  
1.085654814  
0.1066277219  
1.044210222  
-0.4053333468  
0.6239066199  
-0.4869119101  
0.1155561686  
-0.4585214405  
-0.5626077672  
-0.6511047002  
-1.152637692  
-0.3263549649  
0.09461436973  
-0.3314640848  
-0.4806057812  
-0.542262725  
-0.5926982613  
-0.2587694735  
0.4429795757  
-0.07363161138  
0.4927481879  
-0.1497895591  
0.1670460477  
-1.064224203  
-1.196275716  
0.02076926204  
-0.1075602188  
-0.7672242988  
-0.6261719898  
-1.001777833  
0.6671440504  
1.763382391  
0.7784881175  
1.594912827  
0.5603232414  
1.064945209  
-0.09278811787  
-0.2777908659  
-0.756443195  
-0.3227449992  
-0.5214832367  
1.395355976  
0.28517056  
0.5801890034  
0.4509612614  
0.5962953048  
0.7805375528  
0.06504603703  
-0.478103608  
0.3040839213  
0.1020752864  
0.2595979625  
0.2404559301  
0.774084727  
-0.8106619902  
-0.842938291  
-0.2072550439  
-0.8467267409  
-0.8881495662  
0.154529082  
0.1220378503  
1.416173949  
1.425530667  
1.143455858  
1.156123579  
0.6130784965  
0.1857176189  
-0.0998346793  
-1.3864027  
-0.6337081133  
-1.171921553  
-1.669224636  
-0.531629807  
-0.6318507921  
0.2069667506  
0.5965900596  
0.7945868385  
0.9097175166  
-0.5236646984  
0.1701026064  
-1.112124735  
-0.376233202  
-1.192754541  
-0.7165090874  
-0.6509529168  
-0.4467812719  
0.228411383  
0.09318471249  
-0.6789228376  
0.08602049701  
0.4103411399  
-0.5197869111  
-0.01256763881  
1.349882903  
-0.272738346  
-0.3052353606  
0.7609625199  
0.7748743436  
1.905454143  
0.8476555854  
0.7011116314  
-0.709058871  
0.4376320891  
0.04960717671  
0.5050960992  
-0.4118049782  
0.07588921426  
-0.2697217749  
-0.1848450397  
-0.7589126131  
-0.4704466297  
-0.8792445683  
0.8021683959  
0.4346480228  
1.026591079  
-0.4894755666  
0.7411850921  
0.4219259436  
0.551132275  
0.5162767273  
-0.9818625958  
0.08315438217  
-0.9088199633  
-0.02128679606  
0.3287413943  
0.6065256133  
0.3906848608  
0.6962380552  
-0.1559476874  
0.9351077548  
-0.2250877323  
-0.0251704919  
-0.2554261737  
-0.0303641564  
-0.5422399928  
-0.09718154775  
0.3354554986  
-0.2458545781  
0.02644702403  
-0.7894978256  
-0.6145014135  
0.6093565028  
1.095660937  
0.3089404439  
1.095592779  
0.4163062301  
-0.7088833182  
0.2087557932  
0.854871419  
1.313724578  
-0.6577882223  
-1.147766995  
-0.6699332644  
-0.4931760994  
-1.123977587  
0.3197254252  
0.3555173118  
0.1847425926  
0.812421667  
1.506632438  
0.2477202309  
0.6736910756  
0.5318621995  
-0.122642039  
0.9885804145  
1.940904761  
2.58015138  
2.630213715  
0.517959346  
0.3538063936  
0.5188582802  
1.334153245  
2.091186884  
1.674728653  
0.7599140792  
-1.104920086  
0.4489858593  
0.8772164369  
2.470572803  
2.430798783  
1.493431845  
-4.073616085  
-2.86659544  
-1.813292025  
-1.901699807  
-1.342893064  
-2.474332709  
-1.490410339  
-3.241993295  
-2.276966849  
-0.3784808975  
-0.3786559555  
-1.372497798  
-0.2269796304  
-1.186740161  
-0.57971304  
-1.724118618  
-1.772751326  
-0.6187048362  
-2.589216353  
0.3008136695  
1.75493217  
2.72135167  
-2.341969798  
-0.3564411874  
-1.454317877  
0.2102404223  
0.8531573944  
1.594501835  
-0.668750397  
0.2018596032  
-1.556650175  
-1.285984025  
-0.9874159459  
-1.2445468  
-1.752472828  
-1.808030376  
-1.052783403  
-1.659008917  
-1.202127396  
-1.289601061  
-0.2069599326  
-1.028209152  
-0.4954192169  
-0.9467714554  
-0.5406500583  
0.5134075609  
1.048458885  
1.704227934  
1.001134224  
2.234005106  
2.035463788  
0.3427886446  
0.05279474459  
0.2174685187  
0.6914510032  
-0.883904155  
0.143467266  
0.7953267639  
-0.421275786  
0.8283245598  
2.220383289  
1.700212715  
-2.140084125  
0.4741825751  
-0.002477422284  
2.532579712  
2.068948071  
1.492067111  
1.032826072  
0.588667581  
1.027826423  
1.333942478  
2.350604979  
2.412183983  
1.433543643  
1.30597714  
0.9358017914  
0.2329740353  
0.5102641281  
0.4738762311  
-2.159812701  
-0.6675364248  
-1.117515466  
0.1109226614  
-0.085707911  
-1.062287074  
-0.6644535093  
0.3978098805  
0.6763358982  
0.5065949123  
1.168750218  
0.3104896157  
0.2302762815  
-0.3526602067  
0.7815198053  
-0.2717792869  
0.6924847357  
1.101679305  
0.01065643616  
-1.221942431  
-2.017317299  
-1.070684349  
0.1298013912  
1.593869555  
1.939830034  
0.3907729307  
-2.052932687  
-0.9703950872  
-1.35719504  
-1.311797268  
-0.8230429027  
-2.123784784  
-1.424136079  
-0.8566939571  
-1.460432573  
-0.7478493081  
-0.2465426667  
-1.325589952  
-0.6219527697  
-0.3478025623  
-0.2421807018  
0.7628161701  
0.4152932405  
-0.1896546994  
-0.9316797979  
-0.006883432764  
0.2431538088  
-1.175445194  
-1.240131302  
-1.949450464  
-0.5303301695  
-1.081640667  
0.9055786558  
0.7692322527  
-0.6085375256  
0.6181141642  
-0.7946356742  
1.748327373  
1.169178829  
0.2304460952  
2.370962832  
-0.3283260485  
-0.6715372031  
-0.7808059257  
-0.1270903071  
-0.4958186111  
-1.436998812  
-0.1316040889  
-0.9426131312  
-0.8498790459  
-0.3569974889  
-0.3342740136  
0.2606075775  
0.7474541224  
-0.8524052329  
0.6331485306  
0.2881616317  
0.8874952582  
0.06211228448  
-0.5495745675  
-0.5390262438  
0.3731655943  
-0.2884627427  
2.010123789  
1.318333756  
1.781232834  
1.166055302  
1.160293523  
-1.233688335  
0.9538330506  
-1.488666871  
-1.065015793  
-0.01119312781  
-0.4609695949  
-2.136459505  
-0.3506409875  
0.135306036  
-0.2585244205  
-0.5171578504  
-0.09647448696  
1.22131734  
0.8789643702  
2.446587461  
-0.3999405385  
-3.211931947  
-0.7067838527  
-0.9156694464  
0.5083388115  
1.089844519  
3.895819592  
2.006328776  
0.3240081358  
0.9288914714  
0.424056869  
-0.1499959472  
-0.5699135513  
-0.7731810655  
-0.4463359275  
0.2328627948  
-0.5184437137  
-0.8977899517  
-0.5015541866  
-1.288257349  
-0.8655775803  
-0.7557057899  
-0.9086582288  
-0.7329103881  
-0.5197820231  
-0.2983443269  
0.0398714514  
-0.4743647022  
2.112407164  
0.1109379713  
-0.3726524999  
0.2612770888  
0.4206866146  
1.211391601  
-1.148667884  
0.1082722646  
3.036254946  
1.760646681  
3.347288788  
0.5986190848  
2.010606557  
0.48128734  
0.7289637247  
0.01996318608  
-1.004292712  
0.1792046459  
2.120894975  
1.073393625  
0.7013899278  
-1.540748178  
-1.201362345  
-0.6734187541  
0.1044270041  
1.605598452  
2.367606974  
0.8249450567  
0.7274735348  
-0.2134187986  
-1.286586309  
-2.18582059  
-1.517410131  
-0.9473756197  
-3.621530678  
-1.712535428  
-0.1727302773  
1.4185269  
-0.7034122997  
-1.146149954  
-2.315992427  
-0.7977721181  
-0.4182184137  
0.2624632944  
0.6333932729  
-3.173129289  
-2.510864607  
-0.3114684525  
1.167295649  
0.8435353164  
3.181798594  
1.095493428  
-0.3881781574  
0.9984267008  
-0.1885054268  
0.1215260465  
1.054367005  
0.4999094375  
-0.007620213668  
0.2414923185  
1.046260842  
0.3357685968  
1.350524058  
2.344540828  
1.346736904  
-0.4372327831  
-0.04584992567  
-0.2044640033  
-0.236317449  
-1.705390101  
-1.309091561  
-0.502175952  
-0.6184879169  
-0.4361792276  
0.9765377798  
1.394272898  
0.662346014  
-0.5384609003  
-0.8228920013  
-0.7897594215  
0.6952524901  
-0.9758965322  
-1.403488117  
-0.3425921217  
0.2165695661  
0.829777091  
1.191320422  
0.816798029  
-0.2467668062  
0.2205811402  
-0.2730055463  
-0.3303266084  
0.1875916329  
-0.5525315217  
0.03618511187  
0.04568807257  
-0.5056081605  
-0.2310687851  
-0.4313207907  
0.1277621002  
0.07016101988  
-0.97491302  
-0.5231883953  
-0.05405928174  
0.02257612318  
-0.2522994007  
0.1211632542  
0.02592686695  
0.1796859612  
0.7159908705  
-0.6205053577  
0.3072048511  
-0.006194850958  
0.1057376172  
-1.066757468  
0.07798959075  
-0.2923594064  
0.2454050511  
-1.349996326  
0.1766844879  
0.6036108963  
0.4085059317  
-0.2800255634  
-0.3221613742  
-0.5971233523  
-0.9985904818  
-0.131751684  
-0.1941680715  
0.8408075529  
0.2217287581  
1.254411866  
0.7716739976  
0.263107014  
-0.08328542279  
-1.051223015  
-0.9714516404  
-0.9222588001  
0.7904895533  
0.5564978996  
-0.01701108897  
-0.7384644986  
0.4992503385  
-0.9498031798  
-0.1175511595  
0.03604645284  
0.3076609987  
0.2729338126  
0.06943997523  
-0.868858709  
-0.7520249287  
0.2380864143  
0.1625978141  
0.4405874645  
0.1611302482  
0.9069622016  
0.00229312242  
-0.7200425164  
-0.2370015315  
1.29928551  
0.07651436462  
0.992592433  
-0.8396518946  
-0.8597180285  
-0.1106818292  
-0.8731537301  
-0.3009324148  
0.2348703042  
-0.2886630475  
0.06575170486  
0.7187492  
0.4181744473  
0.3125882061  
-0.005936627441  
0.9186223229  
-0.3107857091  
0.3501611214  
1.295459216  
0.4708636597  
0.01760291357  
0.6206517751  
1.053315032  
0.9535693784  
0.111681572  
0.08790818527  
0.1727887423  
-0.4582705551  
0.3184516856  
-0.2084684933  
-0.1121016208  
-0.06067290381  
-0.5261343956  
0.1588119108  
-0.3626166121  
-0.5631868503  
0.7061472425  
-0.5299799696  
-1.043416234  
-0.407375862  
-0.730710906  
0.8210215879  
-1.374023453  
0.01844639307  
-1.125697328  
1.564676694  
2.302644062  
1.422565846  
-0.4632026419  
-0.3740235191  
0.007193582331  
0.1141776017  
1.891071334  
2.007548819  
1.49037163  
0.5594962611  
0.5301761731  
-1.762988955  
-0.5433542739  
2.207034312  
1.431413973  
0.4430240559  
-1.592782681  
0.006519161659  
-0.6302450126  
-0.8184614819  
-2.211366509  
-2.463280997  
-1.16870832  
-0.8315052343  
-0.6470178248  
-0.7151932267  
-0.3559150062  
-0.4562867487  
-1.175717087  
-1.410395592  
-0.207447942  
1.747083451  
2.788341089  
0.2632560645  
-1.126334481  
-0.6040475893  
-1.619558756  
0.9415531243  
2.553593379  
1.581655217  
0.05303180651  
0.9318709178  
-0.3275444019  
0.7803401799  
-1.064808352  
-0.1520971512  
-2.150074639  
0.05791763385  
-0.488162404  
0.4489232754  
-0.4885675097  
1.657419975  
0.3021552853  
-0.1830068046  
0.2973196047  
-1.093911637  
-0.5983672555  
-0.9528765381  
-1.820283285  
-1.064604418  
-1.163798176  
-0.08410544786  
-0.6009175792  
-0.08052620243  
-0.9129733251  
0.7928737508  
-0.1129489857  
-1.250773869  
-0.3966503673  
-0.3188153889  
0.4940957133  
2.324404709  
0.5147596744  
-0.6596256819  
0.03215067245  
1.037834082  
0.4578334037  
0.8222866153  
0.1520984415  
-0.25550073  
-0.5540101916  
0.03562128532  
-0.2797942288  
1.676957675  
-0.7180765801  
0.1223163221  
0.009725922741  
0.3204331591  
0.7837458402  
0.6959998156  
-0.6191142615  
0.539356118  
-0.1842006169  
0.3724421543  
1.786616764  
1.293318937  
-0.2931541325  
-0.362486493  
0.1398670392  
0.5102400376  
-1.037686541  
2.09048479  
-1.608303581  
0.5642223347  
-0.1152094881  
-0.06349025637  
-0.1662662156  
0.01930336211  
-0.9331739951  
-1.365015281  
-1.029012129  
-0.3550836219  
-0.4982144648  
0.09490350108  
-1.125097613  
0.3590363921  
-0.3522314471  
-0.6861853683  
-0.3784285709  
0.318058473  
1.934227087  
0.9318539932  
-0.5444170001  
-0.9265562391  
0.1825521653  
0.05227623934  
-0.1033368015  
0.6900741559  
0.4292415757  
-0.9249883743  
0.2053951481  
1.381045594  
-0.6763701066  
0.596601905  
-1.287479185  
0.1029684241  
0.2288070892  
0.7514914907  
1.075592047  
1.295695637  
-2.273991012  
-0.1889306656  
-1.978429719  
0.8312305334  
1.013427955  
1.698620579  
1.04807028  
0.1262597634  
0.7002835177  
1.277178032  
1.074120052  
1.685021386  
-0.5558608785  
-0.3335924353  
-0.7688439657  
-1.428658444  
0.05298071703  
-0.2411492151  
-1.156550517  
-1.303391649  
-1.336481033  
1.586039194  
0.2158216766  
1.048656473  
-0.2347379946  
-0.538861705  
-0.287035879  
-1.524687922  
-1.163053277  
-1.046846589  
-0.9264533234  
-1.363491906  
-0.4622951827  
-1.139926792  
-0.7728946567  
0.1297142065  
-1.211038383  
0.427538646  
-0.2167093343  
-0.9667501291  
1.829394867  
0.7546920593  
-0.3741357455  
0.02910743806  
-0.5221483927  
-0.9432027082  
-1.216411153  
-1.426476092  
-1.280952041  
1.812383991  
1.269395191  
-0.3490423225  
0.1596193472  
0.2653456236  
0.5505608141  
-0.8939817933  
-1.950223108  
0.525204709  
0.4416940546  
0.5096817426  
-0.1672896154  
-0.3779690054  
-0.4203423155  
0.9015073191  
0.8112919061  
-1.027258132  
1.448716817  
0.9251843272  
0.09575255256  
3.150041351  
3.26644144  
1.216697736  
-0.5946280695  
-0.6509415778  
0.6951071662  
0.7780455786  
3.881644266  
0.7410183798  
0.3701592788  
-0.2840231421  
-1.334344197  
-0.9480500271  
-1.48531301  
-2.319339043  
-1.400760569  
-2.05353878  
-1.840574541  
-0.4865831358  
1.930359575  
1.698974885  
0.607160323  
1.248289246  
0.5962110093  
0.6432234593  
1.862097271  
2.506652175  
-0.7613639363  
1.233307835  
-0.4738583907  
0.07968436044  
-0.2086661982  
0.05354775874  
0.4997934995  
1.942427691  
0.4842594547  
-1.525267715  
-1.413410247  
-1.060480389  
-0.7769892031  
-0.6620757199  
-1.196430687  
-0.9619490477  
-0.7877897446  
-0.3518279856  
-1.04558671  
-0.3875797544  
-0.01961060687  
-0.2232527899  
-0.09293536101  
0.4563714617  
-0.4144793425  
0.291678884  
-0.3152258967  
-1.034438783  
-0.1224162408  
0.2429540494  
-1.299407404  
-0.1911111258  
-0.3832456731  
-0.3360031086  
3.395808257  
0.3423046329  
1.199376817  
0.3382324596  
-0.5992829086  
0.7526845395  
2.377070276  
0.7510698722  
1.064298344  
-0.17045949  
0.5593326697  
2.262582065  
3.208755843  
1.62573515  
1.600531258  
1.674097281  
-0.5370860199  
1.618949435  
1.117701221  
1.254241244  
0.7821407403  
-2.562736391  
-2.417415163  
-0.6422715515  
1.269038425  
-0.8066311575  
0.5299934261  
-0.8869047473  
-0.48220716  
-0.4162231538  
-0.9191966284  
0.5009556808  
-1.799286575  
-1.466657685  
-1.591262194  
-1.583316615  
-1.185912625  
-0.8333555158  
-1.229954862  
0.2136756465  
-0.4011327146  
0.1614622344  
-0.3504010274  
-0.5378027482  
-0.1524372611  
0.4189274562  
-0.2157299469  
-0.3791048718  
0.7995831171  
0.9798506264  
0.002154979096  
-0.6787374549  
0.03246288381  
1.343577594  
0.4887265686  
0.6530075461  
1.13177955  
-0.04507650877  
-0.1373807701  
0.5692544217  
