2.125063506  
-0.2699980758  
0.384687161  
0.05135856415  
-0.6550339949  
0.08383428494  
0.131073097  
-0.1243512549  
0.2257113209  
-0.3411387924  
-0.4201519856  
-0.4798726799  
-0.7992436814  
-1.064162923  
-0.7275711314  
-2.111632682  
-2.243855594  
0.3189427052  
2.210869028  
0.8101284086  
-0.2822232737  
0.9961521786  
-0.8695167016  
-1.169695361  
1.040318135  
0.8373079673  
-1.31207102  
-0.006535195101  
-0.3172406987  
-0.434417624  
0.6604593005  
0.8640078186  
2.024031345  
1.786084755  
0.2424294783  
1.36170906  
1.579167067  
4.485239106  
0.7397992291  
1.386150554  
1.471583603  
-1.131040152  
0.3225666149  
0.2281254638  
0.2834719789  
-0.6985904735  
-0.08635221738  
0.7421989279  
0.3919324703  
-0.2454312897  
-0.2554957893  
-0.3958748247  
1.185461277  
-0.5927316488  
-0.2134894744  
-1.448497671  
-0.1907437498  
-1.565047493  
1.04129686  
-1.972572557  
-0.469444518  
-1.510068234  
-0.6195716647  
-0.7125962965  
0.8223078021  
0.822765105  
-1.466909926  
-1.127591217  
-0.6816996956  
1.157031724  
0.0954416482  
0.9271255494  
-0.3854621419  
0.9300030039  
-0.3247091209  
0.1312483007  
-2.272646619  
1.54197144  
0.4782766729  
-0.007861690387  
-0.2964300325  
-0.1331658559  
-1.078445149  
-1.318072872  
0.6109408754  
-0.3896314419  
0.09298642119  
-0.7534892084  
0.3138738926  
0.2124777326  
-1.154385922  
0.4035299325  
1.190050916  
1.290781003  
-0.08298472658  
0.6065376875  
0.7923160722  
1.080475091  
-1.528155854  
-1.026060187  
-1.755122436  
-1.4604033  
0.2477089747  
-0.1074233653  
-2.012783072  
-2.05940443  
-0.945036557  
3.229850473  
0.005123599931  
-0.2233671173  
1.328523255  
-0.2336576058  
0.3390011216  
0.3465337276  
-0.6354663897  
0.04873239685  
0.9651413755  
3.143004675  
-0.4877043899  
2.17041707  
0.4191599081  
-0.8482833588  
0.7758842987  
0.6619348238  
0.06353743547  
0.6704278067  
0.08402067435  
1.838384771  
0.6412296018  
-0.315094901  
0.1104000254  
0.4643176356  
0.7879685146  
-0.3058820785  
-0.06809706996  
0.7775609746  
0.6990059792  
0.002305626165  
-0.9519627622  
-1.056350457  
0.719001138  
0.4346235852  
-0.4704524635  
0.2043243737  
-0.7008792339  
0.6492888742  
-1.581815845  
2.437872564  
-0.03920281039  
-1.02178963  
-1.014720651  
-1.606443742  
-2.421676404  
0.6731742076  
-0.1780870013  
-0.3877917659  
-0.721680158  
-0.6055212303  
0.9212310078  
0.2046325029  
-1.565876739  
-0.3868914813  
0.8704063764  
-0.6486125459  
0.6186546696  
-0.1596464128  
0.01065597512  
-0.07764999162  
1.227570882  
-1.100907621  
0.8659167215  
-0.9172632363  
0.5482372446  
-0.8110986334  
0.4087743697  
1.147563592  
0.4898813171  
-0.1543766405  
1.867398459  
0.6520629472  
-0.116981325  
0.3293121412  
-0.004506365396  
0.45248919  
0.1284718776  
-2.117410895  
0.1211554426  
0.7690526716  
0.5618885981  
-1.023880622  
-2.367008375  
-0.7627593797  
-0.4637521423  
1.050081474  
1.200808312  
0.9324820826  
-0.4437841011  
-1.280627034  
-0.02425089813  
0.2072735938  
0.89949248  
-1.047766568  
0.818129075  
-0.720165027  
0.03011708622  
0.1707194902  
-1.676969305  
1.276036176  
-0.1976056768  
-0.1419158125  
0.4629914749  
-0.5037294284  
0.5789475353  
0.3693688015  
0.5541302954  
0.2177348476  
0.1662155096  
1.659128399  
0.3269021054  
2.404969346  
-0.2435562222  
0.4744304136  
1.404564086  
-0.3405916205  
1.700151127  
1.811114325  
0.7700691294  
0.3286286196  
0.192323424  
-2.232845971  
-1.524348234  
0.9201340194  
-1.870312521  
-1.2796863  
-1.498171659  
-1.914381804  
-0.2237640601  
0.4435638306  
-1.128911167  
-2.07413871  
0.5639154486  
-0.4376623358  
0.8555125075  
0.5860883535  
-1.505886415  
0.8299953333  
-1.662288965  
-0.2741192974  
-0.1218314233  
0.07392198466  
-1.051168132  
-0.4318993327  
-0.9777274912  
0.1069824347  
-0.7176860367  
0.2002815021  
-0.227875419  
-0.5745165102  
1.361028191  
-0.3758774343  
-0.6436422073  
-0.6712524452  
-0.4211193866  
1.750171201  
-0.3578880416  
0.2129437393  
0.3699546587  
0.9224385901  
0.2424807552  
-0.9645221779  
0.3987076685  
0.1158641069  
0.625691089  
-0.03623487891  
0.478704477  
-1.351252137  
1.444655877  
-0.6005027948  
0.5541994702  
0.4314728706  
-0.4139648132  
0.4067733397  
-0.276557023  
1.316422333  
0.1767814344  
0.6910476885  
1.024676825  
1.089501723  
1.013854318  
-0.3684164733  
-0.2787535249  
-0.1947863416  
0.1640564147  
-0.395854239  
0.01843021865  
1.810276646  
0.7235367642  
-0.1338251993  
1.328196363  
-0.01199951403  
0.2968548564  
0.7268167987  
-0.9784800306  
1.299476996  
0.990494883  
-0.3577541972  
-2.700641967  
-0.8193468095  
0.3048525633  
-1.300094347  
-1.535603888  
0.6012846701  
0.9195206118  
0.276538799  
-0.08147556559  
0.0472045859  
-0.6751262684  
0.6111582048  
0.4101436229  
1.401500431  
-1.118805835  
0.5044520921  
0.3831589714  
-2.408977281  
-0.8630364228  
-0.1973761913  
-0.5137557624  
-0.7183838428  
0.3073121736  
-0.5567964838  
-0.7385066751  
-0.5177035597  
-0.03063610597  
0.7807965918  
0.2212574794  
1.204819784  
-0.3938442316  
-0.5732240974  
-0.381804703  
-0.3533937957  
-1.070003604  
0.8117633433  
-0.6447401135  
0.1893879031  
0.656556801  
-0.2945559686  
0.04212563181  
1.22110367  
-0.3417628527  
1.115787915  
2.451510664  
-0.772337716  
-0.8442177388  
1.553325789  
0.4201150242  
0.3583502258  
-0.8341524589  
-0.1773970556  
-0.3546931138  
0.4598575266  
-0.5170965695  
-0.3950195179  
-1.200826274  
-0.9667092819  
-1.5478954  
1.254579892  
0.2434160857  
0.7470934859  
-0.9032530549  
0.3026198412  
-1.07783364  
-1.875946428  
-0.4212019563  
-1.445904624  
-0.2791379311  
-0.1204582568  
0.8066221736  
0.8231062066  
-0.4200381831  
0.1416762378  
-0.7435342207  
0.1806876136  
0.5100926356  
-1.418220298  
0.5046344443  
1.584580277  
-0.1204544321  
1.223942648  
-0.4760009441  
-0.3769173958  
-0.1681796627  
-1.138161842  
0.6780088134  
0.4334956421  
-1.062658082  
-1.039973089  
0.4158467856  
0.9956418893  
-0.813231622  
-1.416973295  
0.5249798163  
-0.9182656366  
-0.346746199  
-0.05008265465  
1.376601188  
-0.2825519975  
-0.3808154075  
-1.581188663  
-0.3267605443  
-0.8399856038  
-0.3068793371  
-1.117247934  
0.4385245381  
0.4007859117  
1.132169258  
-0.7720094558  
0.2015801594  
3.129702095  
