0.4762351346  
0.8523939155  
0.5916153467  
0.4658554166  
-0.3453500751  
-0.562258248  
-0.9678845308  
-1.368161241  
-1.114658845  
-0.600972906  
-1.573590357  
-1.793783667  
1.321492779  
0.2288501781  
-0.2267146527  
-0.7596747941  
-1.588346161  
-1.299852365  
0.9491417403  
0.4547136136  
0.5457043942  
2.447920914  
1.898476727  
1.079242076  
0.7439585278  
1.671041141  
-0.3002923306  
1.472660696  
1.053180389  
-0.256344424  
-0.1022916145  
0.3776179057  
2.289794349  
0.1229629675  
2.055071639  
-0.5291633181  
-0.9940889854  
2.552930755  
-0.3575866015  
0.1692499117  
-0.16070856  
-1.010612052  
0.6369540799  
-0.6057979886  
0.0396246297  
0.1709846218  
-0.6597623264  
1.785850187  
-1.08652246  
-0.09325310458  
0.9327824431  
0.4052952882  
-1.522170843  
-0.6562078843  
-0.6530211928  
-1.814531306  
0.3941854377  
-0.7894017144  
-0.2930902407  
-1.020663259  
-0.1143600637  
0.5533342145  
-0.7209880274  
-0.08960347641  
-0.7155000654  
0.5196915704  
0.09458466888  
0.3270090652  
-1.547186919  
-0.06284812392  
-0.5608475585  
1.357452257  
-0.1835661664  
1.011072106  
0.3431486008  
0.2791221044  
0.03659507205  
-0.3895857087  
1.125822254  
-0.3838910731  
1.353539938  
-0.128015537  
-0.3878127045  
0.8200423708  
1.061591947  
1.422040693  
-0.1776333331  
0.7062941667  
0.3970545104  
0.5339622023  
2.356859974  
0.878717981  
0.693898659  
2.496055474  
0.7722481019  
-0.4173250343  
-1.168785908  
0.04238847708  
-0.9628334137  
-0.9046017826  
-0.3528974164  
-1.410681905  
-0.5246997318  
-0.9186299084  
-1.374990343  
-0.9002178064  
-0.7976569427  
2.826066038  
-0.3915975034  
0.05890379432  
-0.155052976  
-1.125530698  
-0.3456536902  
-1.548887679  
-0.5764295304  
0.1971090529  
-0.3729085187  
1.348883651  
-1.663974706  
-1.167893908  
-0.2412599184  
-0.6498087706  
-0.1633422641  
-0.2143183951  
0.5369952505  
0.7402504403  
-0.4716996058  
0.618100776  
-1.877143505  
0.2678568919  
-0.24618958  
1.617797308  
-0.3182253192  
1.227734964  
0.6149850453  
-1.516598947  
-0.06626258559  
-0.2060348219  
-0.1795652325  
1.412614127  
-0.4241344506  
-0.2029681667  
-0.0488733446  
0.2120693266  
0.5452506335  
0.7798733457  
0.8877917058  
0.3625492502  
-1.218983555  
-0.6603227218  
-1.310902778  
1.231595036  
-0.342884395  
-0.6005491576  
0.9369457395  
-0.7115780054  
0.353575862  
-1.371058691  
-0.3908750413  
-0.1972960188  
0.5649144818  
0.9026075869  
-0.2583234336  
0.9508697033  
0.02611569476  
-0.6487136335  
0.5865738425  
0.3192593849  
0.8397175604  
-0.2099104631  
-0.4352370013  
0.5257059494  
-0.4340677089  
2.096487559  
0.8003716578  
-0.8872991757  
0.559369996  
-0.2302572821  
-0.2988967772  
-0.1092134513  
1.013098129  
0.8472010407  
0.4342440899  
1.821650881  
-0.5048013223  
2.050203651  
-0.8400151584  
-0.6345087523  
0.7300939234  
-1.76278427  
-1.445727741  
-1.5695928  
-2.302985649  
0.1051729829  
0.23402795  
0.1756982488  
-0.1721911959  
-0.567838318  
-0.07170035549  
-0.8786850237  
0.2809199691  
-1.611384382  
-1.270222383  
-0.3726595765  
-1.714280857  
-2.003241421  
-1.486153938  
-0.947779753  
0.01548534714  
-0.03603417517  
0.6299419877  
-0.9593334198  
0.4228675163  
-0.01502400964  
0.9167047316  
0.3740720946  
-1.16449886  
0.4135862886  
-1.419726887  
-0.2822005625  
0.2917816304  
-0.8549873005  
-0.06351504325  
-0.5492494072  
0.03490808186  
-0.2940801204  
-0.2402679139  
-0.03900387895  
0.2258942161  
1.08802353  
0.6751898287  
0.00696602908  
1.121860232  
1.03765436  
1.918335131  
2.580923503  
0.4741089991  
0.5876685475  
1.917345328  
-0.1681810669  
1.159059902  
-0.02937131563  
1.3587072  
0.8560142292  
1.524916845  
-0.003580698276  
2.014617969  
0.1868187424  
1.10915388  
-0.1233430515  
0.3886615971  
0.5819481236  
2.293661007  
-0.2380097468  
0.4951478128  
0.02287032873  
0.6031756092  
1.322920841  
-1.288731222  
1.093927305  
0.7668036593  
0.04797447284  
-0.8783421355  
0.5796583008  
-1.718942904  
-1.211490952  
0.3048131262  
-0.6865569263  
-1.576352924  
-2.105063053  
-0.7013634715  
1.99043594  
0.7665668309  
0.9007708534  
-0.569980111  
-0.8137978813  
-0.5115874736  
-0.07454829901  
0.1033655149  
-0.7258648913  
-1.039586708  
-0.291219324  
-1.209189656  
-0.9483884801  
-0.08112908144  
-1.474936261  
-0.7949161866  
-1.39466616  
-1.312078739  
-0.9340302952  
-0.8198683616  
-0.9834791809  
-1.906757447  
0.1365677689  
-0.4964825656  
-1.303076509  
-1.854929724  
-2.163539522  
-1.052826571  
-1.954912124  
-2.145322793  
-1.243373313  
-1.704799731  
0.4900413245  
-0.370072493  
0.547186363  
1.391810764  
1.249874625  
0.7209162267  
0.5056089085  
1.62033506  
0.8778447728  
1.173349928  
0.5135388087  
0.103205178  
2.496032498  
1.022169432  
0.9697326727  
0.7740660522  
0.869069214  
1.140549595  
1.18978804  
0.2208830823  
0.9576885289  
1.184049853  
0.04307298243  
1.646814728  
2.357698937  
-0.3421357886  
-0.004614399801  
0.3699401054  
-0.4760440172  
1.874355751  
0.6577292304  
0.2253109204  
1.13507028  
-0.03675854545  
-0.8027591034  
0.0352080623  
-2.11615135  
0.4520983662  
0.1663108277  
-0.1671309346  
1.578392843  
-1.987427622  
0.4365752528  
-1.682277317  
-1.17257758  
0.04440082336  
-0.4457303095  
1.21559871  
-1.738374546  
0.09906831679  
-0.2355151243  
-0.5581657282  
-0.72885761  
-0.7532769991  
0.4617694537  
-1.763249062  
-0.3156779169  
0.6105802188  
-0.6838603147  
-0.2515349431  
0.4202961661  
-0.2083172229  
0.6565656082  
-1.060920705  
0.3893068885  
0.5877174364  
-2.197911218  
0.7789452687  
0.6327109914  
0.9480528829  
-0.2107001067  
0.1770718269  
0.6078658108  
-1.199258711  
0.8023681947  
-1.042576032  
-0.297157177  
-0.5961414418  
-0.8528329499  
0.6000068178  
-0.8103539201  
1.593675193  
-0.5912642995  
0.1846975058  
0.7817874871  
-0.7136462526  
-0.1742416388  
-0.2583478505  
0.3235927044  
-0.9339049272  
-0.4259105001  
1.158931988  
0.3207163229  
0.4927344308  
-0.4465158757  
0.3743436665  
0.8875529538  
-1.486444537  
0.3950274055  
-0.7202115817  
0.2308616729  
0.5650140189  
-0.7557405097  
0.3367939898  
0.8378291678  
0.6851156747  
0.8146638536  
-0.06509430058  
-0.09338637542  
0.4448247502  
-0.1206864909  
-1.346979108  
-1.690784771  
-0.9625332477  
1.487536403  
