0.9828604173  
-0.3687277717  
0.1361528759  
0.1361713512  
-1.231750202  
0.08462616714  
-0.3406209893  
-0.3313948834  
1.025189432  
-0.07671252289  
-0.8940227949  
-0.3697075058  
-0.2938163976  
-0.06356066543  
0.02582519982  
-0.6440292449  
-1.041615998  
-1.814197236  
1.637265194  
0.7363977856  
1.82258445  
0.7219991998  
-0.8750753439  
-0.5450915049  
-1.239247348  
-0.09868501896  
0.3779307308  
0.5929708898  
1.924652786  
0.2965803755  
0.6712650091  
0.1042841534  
0.2135087775  
-0.2497645239  
0.09158745381  
1.361343671  
0.1324211147  
-0.6931276892  
-0.362744051  
0.7808532447  
-0.1241309124  
0.1762088429  
1.583395516  
0.08366101235  
-0.1323885581  
0.4024058271  
0.1122662861  
0.62261595  
0.3751075006  
0.544948922  
-1.291482022  
-0.4829497916  
1.937255464  
0.08519618468  
2.390752953  
-1.360180854  
-1.368049102  
-0.003796150773  
-0.1784847931  
-0.507264296  
-1.225684988  
0.01384725359  
0.5690558245  
-0.1009913469  
0.9905734857  
-1.048141087  
-0.1512985853  
0.4312088656  
0.2253272563  
0.4911997964  
1.061910594  
1.348110755  
-0.01159503204  
-1.627846843  
0.2836301391  
-0.9896917435  
-1.053611999  
0.08705535335  
-1.385721752  
1.501971152  
0.5953410272  
0.07837719035  
1.201339192  
0.09348064452  
0.4589960085  
-1.056776911  
0.07021046713  
-1.403507084  
0.3981002071  
-0.1245284755  
-1.184742488  
0.5732042949  
0.2431300575  
0.6924759864  
-0.2636245998  
1.989084963  
-1.430728681  
-2.523664689  
0.3636924832  
-1.716327195  
-0.9373021724  
-0.1795697772  
-0.00436576644  
-1.185874373  
0.1282404758  
-1.09151182  
-1.283254216  
1.554679877  
-0.3722848017  
-1.279435667  
-1.169142769  
0.3350821682  
0.5585026139  
0.7394137773  
-0.06528782577  
-0.1610235253  
1.703976408  
-1.043668775  
0.1104489575  
-0.2045003161  
1.907823978  
0.3117776081  
2.339028101  
0.7417861165  
0.6083138147  
-1.230317878  
-0.1727065839  
-0.7071910361  
0.8032058461  
0.8342373512  
0.06968750426  
-0.8300167788  
-0.1246726152  
-1.063673975  
0.2804128507  
-0.01604512583  
0.1850525372  
1.378619885  
1.05513245  
-1.103658274  
1.37651953  
-0.4293702321  
0.2407985341  
-0.05819122329  
-1.083368357  
-0.3800888462  
-0.6884602211  
-0.4914024767  
0.8987463278  
-0.4677819093  
0.7193088563  
-0.8665789456  
-0.334739104  
-0.8068516169  
0.5693647358  
-0.4074765749  
-2.046959317  
0.6050156649  
0.6841142227  
-0.6662753743  
0.1600313801  
0.4712908727  
0.7403509852  
0.5303179909  
-0.125922541  
-0.3379472695  
-0.5685598594  
-0.2372459254  
0.5936021545  
-1.284353477  
-0.6594891139  
-0.2951030448  
1.122393868  
-0.006548984346  
-0.01499343863  
1.541804412  
-0.1022643336  
-0.3841928408  
0.448623506  
0.4562403984  
-0.190055938  
-1.110924264  
0.1779165699  
-1.809796116  
-0.4143520513  
0.05540158205  
-1.646434733  
0.6139730343  
0.4324919099  
0.5415199878  
1.553287306  
0.1043744804  
0.9669179336  
-1.185192423  
0.03844288983  
0.6002209698  
0.4389910781  
0.3882262543  
0.8640610958  
0.8136285574  
-1.802473008  
1.122788451  
0.1997493713  
-0.5063873109  
-0.535236598  
-0.9035874657  
0.09282346495  
-0.4297432649  
-0.3065335498  
0.1922535584  
0.4000404963  
-0.01677951257  
-2.371928804  
0.2250660286  
-0.7167930416  
-1.313161889  
0.5683926366  
-0.3264597346  
0.1495467892  
-1.055131215  
-0.447444841  
1.96580794  
-0.6080901544  
0.5700417515  
-0.07896415149  
-0.3500515754  
0.6153477601  
-1.249596994  
0.9325343263  
0.9216750355  
-1.77600119  
-0.3699112016  
1.371317196  
-0.905954108  
1.021937447  
0.207123956  
-1.268501177  
-1.453439848  
2.573846229  
0.7440941513  
-0.04537122171  
-0.9610065513  
0.8267178097  
0.4936662336  
0.5786907735  
-0.1575228217  
-1.258825608  
-0.7461329107  
0.3284725808  
-0.01221492183  
-0.07872358778  
2.175962788  
-1.206309781  
1.008444707  
0.3793680051  
-1.191439421  
0.1514267473  
1.622659811  
-0.4234397547  
-1.59955728  
-0.2771784188  
0.4447898874  
0.3011908996  
-1.222631584  
0.3055431363  
0.4355468589  
1.940216801  
-0.2587390579  
-0.8254458296  
1.317222328  
-0.2936654984  
-0.2546849017  
1.071241752  
1.934205793  
1.051689932  
0.8085678417  
0.4741045114  
0.3235151876  
-0.4544360234  
-1.63262317  
-0.4424103767  
-1.374841296  
-1.04674089  
-0.6081707734  
0.8418454509  
0.3894008486  
0.6439313307  
-0.4720238732  
-0.9483903713  
-0.01864969663  
0.6355823383  
-0.5646489566  
0.9767523235  
0.2393421745  
-0.5585052907  
-1.70412771  
-0.4292910457  
0.6827618183  
0.07429432832  
-1.455388241  
-0.6083840525  
0.1594239279  
-0.1273252693  
0.7231930757  
0.7936545241  
-1.055164224  
-0.5837415834  
-0.2964621873  
-0.4002504489  
-0.9916563468  
-0.6278204985  
0.3123118105  
-0.5339213784  
-0.5590874082  
0.5161447078  
0.03715790303  
0.3540427718  
0.2414007874  
0.0520857764  
0.1914327041  
1.53396823  
0.5845507176  
0.1581965469  
0.8280317343  
1.273533867  
0.3930029777  
1.769897805  
-0.7413623897  
-0.01150835013  
1.029615588  
-1.644773097  
0.159063182  
2.528786416  
1.17819156  
1.106346919  
-1.065699673  
-0.9488611163  
0.5334364036  
-1.761972234  
-0.3275397512  
-0.003661957989  
0.009914625956  
0.7700929926  
-1.078808798  
0.6292068189  
-0.003310471798  
-1.309020289  
-0.368422409  
-0.01633286315  
-1.409158538  
-2.200987489  
-0.6489186067  
-0.7389395195  
0.3429826868  
-0.862137219  
-1.929798524  
0.938729793  
0.3619092109  
-0.214143005  
-1.68540618  
-0.08206066927  
-0.9832086463  
0.02267905802  
1.040347023  
-0.2418497021  
-2.141767046  
1.03437067  
-0.3553532153  
-0.03882115586  
1.826590737  
0.7827549331  
1.291193093  
0.4602454701  
0.7388036083  
1.512652298  
-2.007736273  
0.09942849475  
1.218272708  
0.4788337677  
0.5331739258  
-0.3592550594  
0.4195711803  
-0.07285247839  
1.113866061  
2.146844691  
0.9013076344  
-1.857365764  
0.2662211758  
0.9636934299  
-1.388272428  
0.336784707  
0.310654672  
0.6368187971  
-0.3399666972  
-1.179205093  
1.372310893  
-0.9851820669  
0.7629397592  
-1.30338246  
-0.5868187959  
0.8661510983  
0.375779967  
1.000568532  
0.528252355  
-1.379151535  
0.8887295923  
0.598072712  
-0.2222318797  
1.751636262  
-0.6746657127  
2.578067947  
1.354527299  
-1.440440815  
-0.3795074734  
0.4562698936  
0.3929256804  
1.411467872  
-6.943158145  
