-1.308214329  
-1.880515312  
-0.3307464828  
-1.120357825  
-1.176241723  
-0.3544969358  
-0.2744244779  
0.5541856121  
0.07228654637  
0.6653705001  
0.5275027619  
-0.1336307106  
1.203113178  
1.922610655  
0.5329214814  
1.364729531  
0.6339041363  
2.059382551  
-1.368383974  
-1.160997517  
1.662252013  
-0.6633392013  
1.770602171  
0.09852073573  
-1.509572164  
0.5964843594  
-0.8081739691  
1.060840986  
1.032706797  
-0.6090606958  
1.921547805  
-0.5556628397  
-0.4926797202  
0.279940705  
-0.157896182  
-0.1073929828  
-0.5112642742  
-0.8423891626  
-0.3145198261  
0.8498988133  
0.08654726388  
0.2953199467  
0.2381451279  
0.3357349312  
-0.9181714199  
-0.731032303  
0.6204064502  
-0.8495573678  
-0.2236905883  
1.110189416  
-1.630715525  
-0.05489645612  
0.2447353587  
-1.766077005  
0.5278902931  
1.658307731  
0.9829187614  
-0.08108135599  
-0.8740770827  
-0.2442444001  
-0.9874733896  
-0.573807454  
-0.2068327451  
-1.164319805  
-1.67206964  
-1.840461475  
-1.238033001  
-0.7474947644  
-1.802172342  
-2.347999316  
1.030094648  
0.1561571545  
-1.129003061  
1.81288896  
1.073821552  
0.5780458415  
1.004016425  
-0.07980546035  
0.1848414977  
2.317421743  
0.6441418354  
-1.558402301  
-0.241022613  
-1.134493043  
1.15117599  
-0.6746310446  
-0.9898769548  
-0.08710860572  
-0.6531285492  
-1.480753327  
0.4693492484  
-0.7415939335  
-0.7819195201  
2.107147396  
1.383966  
1.556625291  
-0.01979454113  
0.3082127687  
0.6250922379  
1.649410312  
2.815261789  
1.256085616  
1.545702227  
-0.967267831  
-2.11746821  
-1.194903188  
0.6583783367  
-0.3302542743  
0.4148771267  
0.4456780923  
0.1098051413  
1.044862288  
0.6576476224  
0.1443195382  
-1.069423627  
1.45091636  
-0.1656780377  
0.5754707997  
0.3968596304  
1.923490668  
0.6107167468  
-1.879709333  
-0.6879648177  
-1.467366362  
-1.069022639  
-0.7681176099  
-0.5547251446  
1.007900814  
-0.1463811327  
-0.7468555917  
0.9624139933  
0.1534437211  
0.5586115028  
0.2146231161  
0.9923882588  
1.484292041  
-0.1330298795  
1.152699511  
0.3850386097  
0.6369354378  
-0.884168367  
2.737804098  
-0.468637433  
-0.6880677854  
-0.4266234767  
1.673251699  
0.2231579657  
-0.7664682373  
1.129262505  
0.4989875233  
0.05616923501  
1.221053442  
0.252488984  
2.454963746  
0.7665081034  
-2.40577233  
-2.303259129  
-0.488299002  
-1.614050131  
-2.496251796  
1.258270094  
-0.585636306  
-0.3516187991  
-1.161279595  
-0.5465770783  
0.9695111439  
-1.018347228  
0.3569542864  
2.141381548  
0.5683559814  
0.554681886  
1.34322137  
0.7660398762  
-0.05068022793  
-1.189207743  
-0.9607069404  
-0.7824603722  
-2.309652253  
0.2995082447  
-0.3425355763  
0.3324080612  
-0.8854814459  
-2.419822703  
-0.2800993564  
1.511517655  
-0.1827397607  
-1.109558545  
-0.8084673088  
-1.801906836  
-0.4372265293  
-0.03572842378  
-1.76354109  
0.523572  
-1.358532396  
0.05622817321  
-0.3695026161  
-0.6398580149  
1.156924846  
1.295237932  
1.068901144  
1.659865261  
-1.517947532  
0.9157251785  
1.036371609  
-0.8478489958  
-0.9682934455  
0.8690947707  
0.1271865797  
-0.3430861291  
0.4008807979  
0.9923762313  
0.7016175708  
-0.9910787359  
-0.4811643218  
0.6682255314  
0.8915201539  
0.9792680327  
-2.266399886  
1.393374258  
0.7618868691  
1.198609919  
1.054402536  
-0.8367991687  
0.02113627848  
2.018108882  
1.655891114  
0.8837973607  
0.3304285921  
-0.8146545495  
-1.409141249  
-0.2609305051  
0.05475425276  
-0.6910132764  
-0.7698572719  
-2.100574196  
0.6407346331  
1.141520345  
0.2679051545  
1.125388718  
1.198429412  
-0.7149893867  
1.567877188  
0.1205442255  
-0.7520763828  
-0.0001891110137  
-0.7679937651  
2.006890289  
-1.613927495  
-0.5928719618  
1.386187425  
-0.728595797  
1.982335538  
-0.4464176327  
-0.7323344686  
-1.064530897  
-0.5059237725  
0.5774372456  
-0.4799870811  
-0.4323207572  
0.8084823532  
-0.9685357927  
0.1915956188  
1.552975367  
0.4035886735  
0.4438022786  
0.8950866391  
-0.4984598252  
0.7599476221  
-0.8287324949  
0.6067940375  
0.2244027267  
-1.343094925  
0.2466953314  
-0.5091819355  
1.157860715  
1.057097282  
-1.374676396  
-2.408475967  
1.883754929  
0.5744432268  
-0.3607085167  
-0.9836376087  
0.1917374809  
0.4229439634  
0.4670426457  
-1.743012158  
-0.04071367519  
-1.796612418  
-0.04750140812  
0.1637636488  
1.221614226  
-1.309160945  
1.741615484  
-0.1675901128  
0.9147321791  
1.200493363  
-0.584281019  
0.9621804129  
-0.6722944581  
-0.8673475675  
1.952634841  
-1.256826818  
-1.401093514  
-2.132514147  
-1.648879019  
-1.515498342  
-1.031225408  
-0.7545318338  
0.3407501833  
0.2584805883  
-0.4171503758  
-0.2376809887  
-0.1215969139  
0.7208611888  
0.4653198262  
0.786625483  
-0.5156937716  
0.21395314  
-0.5975468499  
0.4737921973  
-1.234544743  
-1.082235117  
1.432601779  
-0.4203896229  
1.067638003  
0.2098300395  
-0.8740682663  
-0.7082986685  
-0.8214566009  
1.002750033  
1.061392818  
0.1382953184  
-1.200589262  
0.186372031  
1.453009766  
-0.8892033891  
0.7198454175  
0.7659347533  
1.41584958  
0.3542491144  
0.5354725225  
-0.2672450527  
-1.780533389  
0.1337946268  
1.410484487  
1.150350196  
2.580511992  
1.130989724  
1.374912861  
0.2284139253  
0.857271817  
0.1336943111  
0.4869155655  
-0.02593512435  
0.3823271257  
-0.5080954313  
1.831263534  
-1.075832076  
0.3620630496  
-0.2216145226  
-1.6639525  
-1.34317724  
-0.8407829451  
-0.3553233636  
-0.9971463825  
-0.8096133581  
0.0795390483  
-0.8825011756  
0.7732703037  
-0.4188187843  
1.635910776  
-0.3149186543  
0.7127420307  
-0.6370288896  
-0.3189488797  
-0.3619531967  
-1.074761576  
-1.028480423  
-1.256263725  
-0.3782543478  
0.3782165371  
-0.474753993  
-0.4945293238  
1.295615087  
-0.7392939897  
-0.9629304248  
-0.5322671709  
0.4380680147  
-0.2423823398  
-0.4246825399  
-0.4434789305  
0.1653950787  
0.5919106888  
-1.735277986  
0.6656361367  
-0.256554126  
0.5891987564  
0.3660300034  
0.3919266421  
0.7466638895  
-1.033310288  
1.107700448  
-0.3280677261  
-0.3815180127  
-1.412173772  
0.6650229231  
-0.7595260709  
0.4398363471  
0.5492345233  
0.6181343027  
0.07441412045  
0.6819929321  
-0.4318529568  
-0.6597069289  
0.7598524967  
-0.7771578365  
-0.1746407707  
0.6122084533  
0.1353813888  
-0.2659223701  
-0.4345342947  
0.2716668509  
0.4683878898  
0.4087267467  
-0.4954961263  
1.066517039  
0.9970141297  
0.6533626081  
-0.4500291038  
-0.5221785484  
0.01168712877  
0.1155827903  
-0.9216668513  
1.458109695  
-0.9179624076  
0.1081836891  
1.429341987  
0.07397255135  
1.242431195  
-0.08918749105  
1.189703765  
0.714777715  
-0.5231538121  
-0.9944831774  
-0.6868892217  
0.4398322813  
-1.557422232  
-0.02488362133  
1.59657588  
-0.002880318477  
0.5233683486  
-0.5644079393  
1.299578713  
-0.3851443213  
-0.2043690642  
-0.4957980299  
1.63025875  
-0.8665930205  
1.582102  
0.03529760361  
1.094325606  
0.370613391  
-0.3062761161  
0.4981151189  
-0.4979953906  
-0.5867810029  
-1.579659583  
-0.4665033989  
-0.1441132103  
-1.152630064  
-0.545131194  
-1.124100091  
-1.078688241  
0.2264114819  
-0.8613638147  
1.389994215  
-0.06663711261  
0.2626804693  
0.6628261651  
1.213404077  
1.638187888  
-0.2086163366  
0.8100495503  
-1.154925913  
-0.672341487  
-0.2906269908  
-0.8023609343  
0.6248316904  
-1.558569853  
-0.5855939969  
-1.330032925  
0.2516238825  
-1.503106176  
0.4873821238  
-1.175298511  
-1.245831237  
-0.1901221614  
-0.2575599752  
2.113643288  
1.162847438  
-0.5922253371  
0.01109894501  
-0.5205076388  
0.9306778016  
0.2302440816  
-0.4835584705  
-0.4464426554  
0.4083760633  
-0.05251025848  
-2.042961761  
0.6144646372  
0.6592633241  
0.4277126149  
-0.4123980379  
1.690109632  
-0.09706556873  
-0.7589304828  
-0.1907257158  
0.3127698618  
-0.674697383  
-1.477069231  
1.23454004  
-0.7221370021  
-0.2702445725  
0.112132631  
0.02566461614  
0.5559996955  
-0.7355221299  
0.6958815588  
-0.5060799782  
0.2872866676  
-0.1351631315  
-0.1202525317  
-0.4186549393  
0.2666649475  
-0.2244568703  
1.389296272  
-0.1393806718  
