-0.7759398964  
-0.1461115921  
-0.8330808023  
-1.175178582  
-0.514417286  
-0.77389624  
1.641373546  
0.4003292937  
-0.84438607  
0.608387787  
0.4493234765  
-0.5899340775  
0.3908115835  
-0.2716831509  
-0.8655414424  
0.4210116053  
-0.2663301378  
0.3420280571  
0.5329218258  
-0.2168697895  
1.67944178  
-0.7043034163  
0.2614849087  
0.8401358213  
-0.1224626203  
1.987177071  
1.100767009  
0.4687970358  
-0.2021643581  
0.4084622308  
1.865911767  
-0.04525251216  
-0.9665666169  
-0.2093677664  
-0.7375553898  
0.5573331301  
0.07666281155  
-0.1802610221  
0.353393898  
0.05289748956  
0.12318742  
0.4855903989  
-0.1664397346  
-0.5356088271  
0.2853290874  
0.3432673055  
0.5254448188  
-0.08691013557  
-0.2791824782  
-0.4320937942  
-0.0876016291  
-0.7135397483  
-0.3330213513  
0.06101992447  
1.000379765  
1.011006052  
0.9144088812  
0.8618598123  
0.8315915722  
-0.1617156353  
0.520798604  
-0.4069835554  
-0.6234511146  
-0.5160662864  
-0.6095009627  
-0.1187311395  
0.3266393584  
0.5462340384  
-0.5324684456  
-1.333051142  
-1.266978962  
-0.3461244443  
-1.346563186  
2.59633685  
0.4933307531  
-1.343845161  
-0.287566992  
-1.2773567  
-2.292733254  
-0.9670547069  
0.7463040254  
-0.4021578269  
0.1007874784  
-1.344279895  
-0.2452986896  
-1.231725228  
-2.367836233  
-1.425029495  
-2.569727012  
-1.457249612  
-0.4676752849  
-2.249971465  
-2.085736359  
0.5980646912  
1.603832062  
1.148319018  
2.13736778  
1.842349807  
2.538148405  
1.978239407  
1.868695186  
0.8880672735  
0.4145198737  
-0.3969421649  
-0.8286314268  
-0.1924759008  
0.5119415767  
-0.2122189243  
1.897237725  
1.27407155  
-0.1058918985  
1.500270025  
1.183761387  
0.5090317371  
-1.113257352  
0.5732721893  
0.9789684091  
0.8902989194  
2.908549709  
1.720042222  
0.2847315748  
-0.7914946015  
0.1472611022  
-1.758717579  
-1.948275224  
-0.3420141534  
1.460205869  
-1.11458183  
-0.3759301333  
-0.06125656165  
0.4180771927  
0.8800765174  
-0.2434979062  
0.8705536811  
1.344548381  
0.262425373  
1.272271726  
1.507085126  
1.72227518  
-0.1822609353  
-1.506962503  
0.2838278436  
-0.3973346021  
-2.021392885  
-2.163960709  
-0.3877336857  
-0.7100715676  
-2.130653064  
1.166759002  
-0.7055658332  
-0.9918532942  
3.013523179  
1.754533366  
1.517340032  
-0.07308673661  
-0.2638996708  
-1.20073274  
0.8731151677  
-0.2776556233  
0.2127205986  
1.053296611  
-0.3415746659  
0.1263757898  
-0.5814475426  
-0.7149883948  
-1.257388072  
-1.650014961  
-1.781801568  
0.2724117328  
-1.293487509  
0.3526126618  
0.3918491  
0.2249729586  
-2.69759824  
-1.534243148  
-1.229976138  
-0.5074413864  
-0.6393823332  
-1.484141048  
0.1670060213  
0.834422221  
-0.1772060146  
-0.07829281563  
-0.3265202014  
-0.4062630058  
0.2941055298  
-0.7885963414  
0.1767330726  
-0.4323030431  
0.5498772549  
-0.9633505838  
-1.126807734  
0.5214324695  
-1.096843335  
-0.6114849525  
0.3357954958  
0.9207580512  
0.7140268787  
4.158459824e-05  
0.4470165454  
-0.1625570836  
2.271786719  
1.853026948  
0.7510581448  
1.186627748  
0.3864294935  
1.360655242  
1.232762387  
0.9030513674  
0.2663184961  
0.4340856882  
0.1860830447  
0.1579165626  
-0.567612617  
1.769617962  
0.3133479836  
0.1497384157  
-0.8255411323  
2.13144845  
1.920009994  
0.5578125263  
1.209573956  
0.4691325656  
4.117624158  
0.2002852956  
-0.7082960787  
1.722044201  
-0.4050691034  
-0.4785310717  
0.01623474293  
-0.2728714084  
-1.214820483  
-1.974213363  
-1.480732579  
-1.522506021  
1.542331516  
-1.257259312  
-1.797219947  
0.6643839884  
-1.409528971  
-1.14634593  
-0.2680724663  
-0.5654393064  
0.944383136  
-0.5493552557  
-1.249910558  
0.2495530339  
-0.2030404413  
1.143577663  
-1.276637126  
-0.7712608117  
-0.2429122525  
-0.7788743595  
-0.624845666  
-1.336657927  
-1.610127957  
-0.09069759075  
-0.1506775911  
0.9872008529  
0.005825651702  
0.00873450323  
-0.9511627193  
0.2434466947  
-0.5165882068  
-1.060451177  
-0.1369343256  
0.6330737454  
1.490834155  
-0.2035592421  
-1.008558501  
0.3422192839  
-0.3819659855  
0.7909797049  
-0.5144890137  
0.8050934228  
-0.1286693314  
-1.833381056  
-0.7404280425  
0.4030668917  
-0.4910021349  
0.1806980279  
-1.367186827  
-0.02644147482  
-0.2565683978  
-0.100393395  
-0.3752785437  
0.6452106079  
0.4345002969  
1.42830306  
1.107016426  
-0.456697026  
-0.4799407027  
1.249373625  
-0.07863645505  
0.7521187128  
1.247845705  
1.014044253  
0.4717948376  
-0.2566305573  
-0.3930365311  
2.110551594  
-0.1809184327  
0.1471292313  
-0.3983737546  
0.3673644447  
1.416120264  
-0.02508492766  
-1.018255584  
-0.1178177232  
-1.071788657  
-0.7676715171  
0.7854421454  
0.7192667378  
0.5846567779  
-0.5016627441  
-0.9402030536  
-0.3161441159  
-0.889830269  
-1.259713897  
-0.2077392168  
0.6843173422  
-0.5303976799  
0.2525115077  
1.36792385  
0.007442356327  
-0.2291764472  
-0.1617151941  
1.480937879  
-1.312236448  
-2.102025312  
-0.3257497346  
1.458267978  
0.1590075215  
-0.2339895142  
0.7815147144  
-0.1858282222  
-0.2358443198  
1.156133448  
0.2476093386  
-1.829381809  
0.3133444521  
-0.5441004098  
1.217722142  
0.1015932276  
-0.4156130349  
-0.3622296481  
0.163274799  
-0.2841542796  
-0.7130047049  
-1.933608171  
-0.826879065  
-1.394545  
-0.06244518783  
-0.05618785019  
-0.5745928149  
-2.249162965  
0.7858570006  
-0.2723193261  
0.264600997  
0.2270819267  
0.6009806238  
-0.03747285773  
0.105430601  
1.502641294  
0.1810284773  
0.4668598458  
1.016010298  
0.3775416361  
1.28022712  
0.5909099522  
0.4072192254  
1.273189036  
0.5699967053  
0.2291465702  
0.5596256997  
0.01714271367  
-1.262528334  
-0.3758106178  
0.6322827043  
-0.5645886801  
0.7993368161  
0.7537691598  
0.335805962  
-0.1926027449  
-1.13451967  
-1.657931217  
0.5232854351  
-0.8580421328  
0.1598396195  
-0.2754739452  
-0.8006600209  
-0.705785289  
0.3035762046  
-0.3979403393  
0.2458730799  
-1.350490962  
0.2302361288  
-0.03906482942  
-2.78275445  
-0.454670913  
-0.3225302752  
1.157996541  
-1.351074666  
0.838944325  
-0.5029565069  
-0.8649868169  
-1.751094655  
-0.5262025531  
-0.03760743145  
-0.03468278068  
-0.07577814002  
-0.2869501529  
-0.6948801203  
-0.5232184931  
0.06054208601  
-0.06465303403  
0.9878880485  
0.779382031  
0.7123970693  
-0.2584644716  
0.6005231109  
0.5377752452  
1.926752394  
-0.2600810255  
0.5882976599  
1.047463214  
0.4538691  
0.08511946699  
0.03280549845  
-1.267381257  
0.7366919133  
0.05167325103  
-0.9137791581  
0.8635356048  
-1.125138357  
1.001554096  
0.3042152284  
0.2482786135  
0.1148850221  
0.4165095793  
-1.216937269  
0.6315084159  
-0.01776587308  
-0.2954552758  
0.5040453841  
-0.09991405655  
0.2813982943  
2.506674635  
0.4257681205  
1.276979421  
0.6282140177  
0.5296371739  
2.008516112  
0.4989612702  
0.05556179282  
0.01859828175  
0.8395492857  
-0.491935962  
-0.7078984083  
-0.5704849002  
-0.1081119067  
0.4315145023  
-0.7235834563  
0.7617625339  
-0.05417782108  
0.02769040764  
-1.961470045  
-0.1472548356  
-0.9919773452  
-0.1536375524  
0.645292003  
1.198407219  
-0.3768740826  
-0.6978790932  
-0.06120389622  
0.8650398748  
0.1036282065  
0.4380430551  
-1.503099743  
-0.50939365  
-0.154656855  
-1.915333425  
-1.822750023  
-1.39795333  
-1.370535191  
-0.6781735556  
-1.208770387  
-0.3275194798  
-0.3525109478  
0.2147842791  
-0.3754312339  
-0.7072467404  
-0.7521397681  
0.04159397736  
0.6192509648  
0.1875992854  
0.5911653422  
-0.8151796533  
1.394130762  
1.839012936  
2.379263006  
0.8067629704  
2.505561356  
3.40751548  
2.232258183  
1.751623081  
-0.996342832  
0.7153592221  
0.3845995914  
-0.4911289431  
-0.9658977636  
-0.2506380431  
-0.7141354133  
-0.8797653673  
-0.9523796226  
-0.2046229861  
-0.7736801306  
-1.037464726  
-1.148193973  
-1.477047562  
-0.1054275524  
0.5191964784  
-0.739831795  
-0.6833949381  
0.263563174  
-0.6512977331  
-0.3582671291  
0.7337280952  
-0.6311637988  
-0.8244679061  
0.5101858406  
0.04440204143  
0.4890431655  
0.4685813088  
-0.1633968965  
0.8541861225  
0.1132123173  
1.014025976  
