-1.064731411  
-1.396086684  
-1.19786687  
-0.6314583863  
-1.069079079  
0.02451308655  
-0.6654736298  
1.423019738  
0.05316995615  
-0.4654792879  
0.7193966562  
0.339729639  
0.3934243475  
0.5730749466  
-0.4781474524  
1.636327457  
0.6505899563  
-0.0700613459  
-1.431201547  
-0.8188703226  
1.47166075  
0.9719287275  
0.6742040726  
0.7085843109  
0.3131920166  
0.3116288963  
0.3533152906  
0.2017070146  
1.331102858  
0.3486898677  
0.2292074125  
1.054716112  
0.4464354334  
2.045364609  
0.4882868979  
-0.7540165284  
1.095260736  
1.218904921  
0.4848087495  
1.20752866  
-0.3895694747  
0.5806039984  
-0.1718190641  
-0.6593973174  
-1.556738561  
-1.358313569  
-0.9828117422  
0.4095046205  
-0.6138653209  
-1.332460013  
-0.1758278832  
-0.8886559778  
-0.4069357566  
-0.7556462875  
1.000120628  
0.9301383185  
0.8288037466  
0.7526806231  
0.2674232439  
-1.243464265  
-1.330961974  
-2.097258957  
-1.557829818  
-1.331769198  
-0.2519407904  
-0.6214576188  
-0.9263089539  
-1.287891729  
-1.534225946  
-1.005443667  
1.397497346  
0.6293665547  
1.06278504  
1.733229559  
-0.01521805844  
0.08994535423  
0.6702030129  
0.5857851072  
0.1728342269  
2.72957747  
1.386236965  
-0.673610974  
-0.7593779862  
-1.890532695  
-1.648536271  
-1.4225213  
-1.1069536  
-0.9904474551  
-0.3661102482  
0.08736376917  
-0.6800258062  
-0.2490680473  
0.1255239883  
2.355753649  
0.3239976123  
0.2705158503  
0.5321250084  
-0.1878169806  
0.6090697315  
0.5248545307  
1.435004723  
-0.2886423476  
0.7214851204  
-0.6813336048  
-1.645693238  
-0.4199077908  
-0.4752395066  
0.197181367  
0.4700707492  
0.4232815182  
0.4885831055  
-0.4856136775  
0.787061134  
-0.8706030265  
1.912148011  
0.4213593057  
0.5022328806  
-0.4560524961  
0.2802276692  
0.7049080531  
0.877716554  
0.2469497396  
0.8571056698  
-1.988828536  
-1.226674066  
-0.7039319923  
-0.5047695808  
0.4833397104  
0.1171833571  
1.459866449  
-0.359620878  
0.3173621643  
1.807922144  
1.661646077  
0.07252297143  
1.677975486  
0.2866971003  
1.6995531  
0.6340097974  
-0.3477184764  
-0.5343543784  
0.07647551929  
-0.4152028898  
-1.201149698  
-1.041680735  
-0.9420419462  
-0.06965369511  
0.8633671098  
0.08786420653  
-0.5924244031  
0.119462361  
0.4972072808  
1.16122144  
2.622773966  
0.8059359096  
-1.243992891  
-1.46942972  
-1.549567957  
-1.439194577  
-0.9689358978  
-0.3587382436  
0.2453553552  
-0.2172995837  
-0.2574839714  
-0.858104797  
-0.09265757515  
0.2638773161  
-0.5960606911  
1.544585179  
-1.401503243  
1.039253401  
2.287938901  
0.6465993159  
-1.502701965  
-0.7650721817  
0.117463012  
-0.9406720111  
-0.444008482  
0.9516049554  
-1.813388414  
0.4994885643  
-0.6173398523  
0.2479348531  
-1.520086214  
-0.600217959  
-1.691772621  
-1.417903275  
-1.914796174  
-1.135873276  
-0.8201409728  
-1.329603499  
-0.9880941184  
-1.909841032  
-0.1404904082  
-1.218820795  
0.2177856691  
1.04413475  
0.5697757602  
1.961216218  
1.827842224  
3.284376721  
1.737627079  
1.068075633  
-0.2003979978  
0.8137381836  
-0.8722923301  
0.5329565843  
0.6913894631  
0.5080693159  
1.385744195  
0.6002652972  
-0.1545940864  
0.6251443086  
-0.8772550481  
-0.04272000075  
0.9169860798  
1.19738636  
1.179215593  
-0.08735699565  
-0.03237201514  
0.1995148525  
2.120288723  
2.209242629  
0.8297856642  
2.406585252  
-0.0575142017  
2.561135825  
-0.9802531168  
-1.754691324  
-1.533150308  
-0.3051790118  
0.3881900533  
-0.8546387158  
-0.1036828866  
-1.778969673  
1.660093505  
0.132378102  
-0.2877292595  
0.2351852449  
2.03289695  
1.383865739  
0.5819205402  
-0.4041178421  
0.09986027218  
-0.9181296139  
-0.8549256482  
0.4525511084  
-1.836778469  
-0.2401016176  
-1.691680923  
-1.486805949  
0.07568715054  
-0.3916271388  
0.4565058761  
0.5702450518  
1.372993391  
-0.6724297468  
-0.3174438631  
-1.41172994  
-0.1319776582  
-1.506466626  
1.354404105  
-0.4903238803  
-1.628879735  
0.01448409306  
0.005925233518  
0.3616087175  
1.862437661  
-0.2845487779  
-0.552338113  
-0.3766459826  
0.8043226308  
-0.4816665612  
-0.603044067  
-0.796820069  
-1.344593627  
-0.9098641068  
-1.486046967  
-0.1977968046  
-1.37730458  
0.1863709838  
1.090419914  
-0.2575108998  
-0.2854447685  
1.132404433  
1.007434441  
1.459891859  
0.6552578297  
-0.365275501  
0.909798255  
-0.260759703  
0.7554811448  
0.8323887938  
-0.02051011596  
1.365707409  
-0.1094220809  
0.5802144755  
1.121667038  
1.116399637  
-0.6055494652  
0.5220605529  
-1.005390886  
-2.069123267  
-3.014803409  
-3.096001349  
-2.522538277  
-0.4679684456  
-2.564133992  
-0.4928825212  
-1.01652825  
-0.1357796233  
0.2591959377  
-0.2722580116  
1.818928797  
0.6505268888  
0.7554152968  
1.952015061  
-0.4573961422  
0.7161963353  
0.07448085778  
-2.12450731  
-1.578319981  
-0.3766533006  
0.07783558092  
-0.6282659532  
0.09571121328  
0.6973067077  
0.1975024497  
1.253951428  
1.259579808  
0.9841164537  
-0.1585585493  
0.7541001507  
0.06511778702  
0.3597889187  
-0.01824548407  
1.010420764  
0.2991444457  
1.287820405  
-0.1166426204  
-0.5435749165  
1.112026073  
0.7142082682  
0.9459805618  
1.562236825  
0.1655230145  
1.54191293  
1.907154942  
1.138314047  
0.8608432993  
1.348907927  
0.6370108834  
-0.7949164623  
-0.7525418407  
-1.389351155  
0.5144043353  
-0.3140230618  
-1.385714587  
-0.2629961085  
-1.565175587  
-1.340851736  
-0.5632656327  
-2.012368838  
-2.051139554  
-1.44842606  
-0.9851028367  
-0.6814621139  
-0.01805864105  
0.9596772761  
-0.05305235142  
0.2430329004  
-0.4771871778  
-0.2642781351  
-0.3342143452  
1.474492405  
0.6786275943  
-1.177669686  
-0.409695389  
0.3441794238  
0.4202384348  
0.5408322436  
-0.7799480734  
-0.008895046321  
0.6454503015  
0.7732624593  
-0.3557131852  
-1.27625417  
-2.005945333  
-0.32201793  
-1.328449046  
-1.194119633  
-1.520448894  
0.08532069774  
0.4356261202  
-0.955237082  
-0.7928251741  
0.1075404312  
-0.2930562868  
0.3054831575  
-0.3149941162  
0.7545782543  
1.066368923  
0.2004221216  
0.9337605077  
-0.2744216438  
-0.9910638394  
0.06709631997  
1.184707015  
-0.3829184176  
-0.09960952167  
0.5072087451  
-0.4328131721  
-0.5215624019  
-0.4400704254  
-0.007710229499  
0.627817732  
0.4106263336  
1.597459896  
0.6420401159  
0.135246818  
1.45544801  
-0.5890604023  
-0.8688322881  
0.1330107277  
1.409739319  
0.7932495895  
-0.05565697415  
-0.8666518579  
0.4991155107  
-0.002861584892  
0.9306002009  
0.8533755522  
-0.5020806976  
0.786882344  
0.02065836278  
-0.631256419  
0.3402202337  
1.014689232  
-0.1168465517  
0.123934477  
0.4012188488  
-0.6068401551  
0.05335078807  
1.327024961  
0.6469327705  
1.606028815  
1.751762453  
1.042260484  
0.2384339779  
1.219513198  
-0.6111321082  
1.400195153  
-0.6343784009  
-0.918873823  
-0.4489928877  
-1.632393753  
-0.02431704529  
-0.1030912545  
0.5000536157  
0.8217764112  
0.5369399971  
-0.7582955412  
1.264812274  
-0.7347094083  
-2.269282789  
-1.265594596  
-0.9457115855  
-0.3645377435  
-0.9724756212  
-0.8509073664  
-0.9127882413  
-0.2592315107  
-0.1852351071  
0.2743953  
-1.1290876  
0.3711424069  
0.5623581152  
0.4136428331  
1.135396539  
1.037592098  
1.052969684  
0.511423079  
0.5612639662  
-1.04966347  
-0.1765192556  
-1.174356034  
-1.160239969  
0.2567790913  
0.3802683835  
0.7487713606  
-0.4130144277  
-0.4047939717  
-0.6944926648  
-0.03151743713  
-1.837003851  
-0.8920116003  
0.2410071169  
-0.02629089573  
1.534269913  
1.461944764  
0.9123704302  
0.4609756298  
0.5837552235  
-1.023420507  
-1.639221996  
-0.7731834864  
-0.7687519264  
0.2576135319  
-1.305146285  
-0.4154717144  
1.136546337  
-0.4336141684  
0.5882323685  
0.4713306154  
0.05818382099  
1.707652394  
0.1501512112  
-0.3851118733  
0.2848579054  
-0.350678723  
-0.3885464874  
0.9378266092  
0.1607214138  
-0.03751774388  
-0.1357463654  
-0.4346649063  
0.497326459  
-0.191992735  
0.4264380539  
-0.5809016644  
0.2164670421  
0.5209430601  
-0.2138467818  
0.105794129  
-0.3180848234  
-0.5533925291  
-0.6325475943  
0.2843163663  
