1.349617137  
0.1311175575  
0.5259440348  
0.769535654  
-0.3927334817  
0.1272222636  
-0.6455951517  
0.7953648878  
-0.8161258705  
0.7082521058  
1.026853784  
-0.9508366987  
0.9784472697  
-0.1207352682  
0.2408495728  
-0.6795428097  
-1.411348993  
-3.239710003  
-0.1717355358  
-0.3991289922  
-0.07155552609  
-0.8061020368  
0.8327616755  
-0.4270673792  
0.6241272067  
-0.4839953595  
1.879888536  
-0.06852435154  
-1.071477991  
-1.190448995  
0.5200230208  
0.6269434617  
-0.8153425922  
-1.125867385  
-0.4787549585  
0.1507606403  
-0.004545371785  
0.6976299195  
0.07802144668  
0.7507288389  
-0.5919525692  
1.561122876  
0.795825888  
-0.384175725  
0.4675749692  
1.207474988  
2.564321297  
-1.934939809  
-0.8860261413  
0.8264292903  
0.5854335254  
-0.6809122284  
-1.785814688  
-0.7857794414  
1.054561537  
-0.3240490149  
0.150209744  
0.3557155019  
-0.3163320896  
-1.8804724  
0.5844667685  
-0.2549648709  
3.327923543  
1.091917375  
0.07139525368  
-1.699844565  
0.1686015036  
-0.9724434013  
-0.5652059963  
0.4448801178  
0.2203089063  
-0.5126989422  
-0.180107871  
0.1136895172  
-0.910529478  
-0.05167041397  
-3.701516617  
0.9752172449  
1.245023294  
1.193142939  
-1.261354769  
-0.6524196869  
-1.732426262  
1.390735102  
1.856975102  
1.376402482  
-0.05660107471  
0.4128544676  
-0.6773973547  
-0.3405822723  
-1.509125319  
-0.1018585237  
-1.139340922  
-1.898571719  
-0.3035308269  
0.04664826767  
1.046675842  
-0.07084587808  
-0.7072908082  
-0.3759213681  
0.4449644775  
0.7749278365  
-1.609550841  
-0.6752574024  
0.6517878587  
3.702957323  
0.9624194061  
0.04445430568  
-1.755910042  
0.3881275212  
0.1386754471  
1.340932207  
-0.4286398191  
-0.4914480026  
-0.9771835419  
0.07976328697  
0.4650305259  
-0.06030907766  
1.287250231  
0.645337467  
1.045423024  
-0.8252149525  
-1.718164623  
1.38348094  
1.201675828  
-0.2842864792  
0.1257018726  
-0.8312327149  
1.557465789  
-1.065207493  
0.3600867373  
-2.037035662  
-0.008380071308  
0.4183577027  
-0.2424260368  
-1.369208151  
-1.848074969  
0.3132759328  
0.1474204679  
-1.377179512  
0.6406898068  
2.130411068  
-0.2582210265  
-0.8425452901  
0.439740519  
0.5814591274  
-0.6003669186  
-0.8123390265  
2.615625639  
0.2414024402  
0.4345800977  
0.4926092328  
0.1678205636  
-2.681420698  
-0.4182594971  
3.295850219  
0.9303927523  
1.546799566  
0.5901773718  
0.735565093  
-0.4083288805  
0.4264797188  
-3.812497224  
-0.7268424072  
0.8017738768  
-2.413617426  
-1.526687873  
-0.2342278649  
-3.217736067  
-0.2518317669  
-1.512835191  
0.3423552984  
-1.895473427  
1.198517552  
2.472300033  
-0.185018938  
-1.862560678  
0.2006619447  
-0.6390601937  
1.489880975  
0.8861576789  
0.4964606364  
1.440394628  
0.3129905757  
2.552959088  
0.4755330353  
0.7960548863  
0.9419211679  
-0.2747019039  
-0.2519114541  
-0.7825807314  
-1.244848978  
-0.4202436928  
-0.1293850879  
-0.7508189166  
0.8261396549  
0.01108264669  
-0.1118052281  
-1.125673144  
0.2577315301  
1.932786133  
0.6470240539  
0.5863185162  
1.215872286  
0.06805116003  
0.08786590024  
0.1979201656  
0.03401593292  
-0.6299275462  
0.2744625799  
0.1644871955  
0.3377423269  
1.41178875  
0.7690634722  
-0.147393914  
0.7439087976  
0.2663272192  
-0.0320139063  
-0.7856761858  
-0.8088530695  
1.113439293  
-0.05785572734  
-0.7383049047  
-0.754270215  
1.120016234  
0.1148838116  
-0.05495984569  
-0.3082273976  
-0.7307763234  
-0.3103992853  
0.1876515893  
-0.5099291487  
-1.329059084  
-0.6844956922  
1.181025952  
-0.3930430091  
-0.6649404026  
-0.2933623925  
-0.3828967154  
0.3290909468  
-0.5397153688  
0.3489805226  
0.4291313474  
0.6010745494  
-0.5152990297  
0.2514727032  
1.161781534  
0.5644158273  
-2.2603958  
-0.3670182851  
-0.5428712555  
1.446721269  
0.08766496754  
-0.07503076902  
-0.7078292365  
-1.20138483  
-1.521477945  
0.1284247046  
0.6250896182  
-2.205384513  
-0.9793152638  
0.2492368283  
-1.823234153  
-1.787994809  
-0.1975767802  
-1.903086904  
0.1924432972  
-1.684983791  
-1.715339066  
-0.2970964614  
-0.4625436947  
0.189765519  
1.258297211  
-0.32571698  
-1.371716435  
0.4371886774  
0.8931709884  
0.501603595  
1.015793846  
0.2128036521  
0.5434305411  
1.07834803  
0.2152760589  
0.3916985429  
0.1390078797  
-1.240634575  
0.6044839636  
-0.3113790229  
1.692343395  
-2.1088083  
-0.4999777137  
-0.0009115399282  
1.277394938  
0.7700518091  
1.441986361  
0.4342632232  
0.9635535247  
1.545894117  
0.9998782979  
0.007575840556  
2.200763955  
0.3519512387  
-0.1865100305  
0.180100459  
0.005313695905  
1.761897392  
-1.067109635  
0.40479899  
0.9248936236  
-0.8542104088  
1.219828444  
-0.6614512514  
-0.06492418364  
-1.212844746  
-0.4658707963  
0.2154140248  
0.8470134248  
-0.1991061633  
-0.7126840248  
1.630271887  
-1.854655069  
-0.5669695142  
1.855912373  
-0.8085544418  
-0.2464781025  
-0.4951824629  
0.0536479182  
0.9183698121  
-0.2238999534  
1.07010023  
-0.5096444645  
0.191631413  
0.4203022367  
1.2247986  
0.3352417522  
0.5112487664  
-0.6670097203  
0.2792384728  
-0.9993148276  
-0.7881708648  
0.6385284207  
-0.1728226032  
-0.6110774167  
1.106979666  
0.613386502  
0.729647622  
-0.2050789308  
0.7194385525  
-3.75602442  
-1.31411279  
-0.4414161328  
-0.2425235424  
-0.2786489365  
-0.9228656323  
-1.049927473  
-0.9210987929  
1.994880674  
0.3899514186  
0.4350578237  
0.8447339966  
0.8203281736  
1.646051924  
0.4421190849  
-0.6943170158  
-1.94787891  
0.2290309458  
0.4198480566  
-1.161176776  
-0.613525562  
0.6488089706  
-0.09521512173  
-0.7247604658  
-0.9368925726  
0.5592771912  
0.03090384392  
0.1036824641  
0.3516197902  
-0.7591786177  
-0.1098165659  
0.6566467433  
-0.1167172704  
1.203980842  
0.0879011071  
0.382313858  
-0.1917073787  
-1.248040332  
-0.506890878  
-0.5023600318  
0.6418159355  
-0.1248172565  
-1.58360103  
-0.8448213029  
0.8245360617  
-0.3134180962  
2.105913029  
0.5790487839  
1.070767286  
0.8295477057  
0.4926840399  
0.3029354951  
0.6248115143  
-0.9532500642  
0.9257094544  
-1.869410284  
1.018336261  
-0.5447758144  
-1.475705151  
0.7895897021  
0.5932671583  
0.6210028194  
-0.68877836  
0.9981529965  
-2.839590836  
-0.004649440514  
-0.9347866013  
0.3874917975  
-0.6651847852  
0.3783771348  
-0.380451851  
0.634966134  
-0.5241084558  
0.09891822808  
0.5036670924  
-0.05398097166  
-1.886169553  
0.2635152547  
-0.5635016529  
-0.3669790084  
1.217188861  
0.2130283716  
-0.4523849449  
-0.2614841636  
0.8892388017  
-0.3264803882  
-0.4046592652  
-0.5447164563  
1.787295805  
-0.1995132977  
0.5500554465  
0.2881318212  
0.641999262  
0.6322192879  
-0.2928025812  
0.3204877726  
-0.05539084549  
-0.2179900362  
0.1145288676  
-0.8645177594  
-0.242658664  
0.8200028762  
0.6630548527  
0.03661826384  
-0.7434024099  
1.014273917  
0.8348397752  
0.3405208852  
-0.1651559757  
-0.7002674049  
0.7365037413  
-0.5268755226  
1.599092979  
0.9583960811  
-0.4314836052  
-1.926119352  
1.174603618  
1.614850996  
-0.5756772019  
0.09606440277  
-0.4295106032  
-0.8759559494  
-0.6444639314  
-0.8808021612  
-0.2751102077  
0.4980245507  
-0.7819155946  
0.7740282097  
0.0499573614  
0.1650288288  
0.1263154948  
0.06314632821  
0.596600748  
-1.110617536  
0.6350105983  
1.12003727  
-1.731538426  
0.3012906631  
0.2808914952  
-0.32795318  
-1.602027964  
0.03755220456  
-0.5662806993  
-0.3359402536  
0.2585021399  
0.2499002146  
0.5670714336  
-0.2671734868  
1.099165245  
0.275710642  
2.249744195  
0.15688018  
0.4078647398  
0.267386413  
0.6998799847  
1.420114898  
-0.7641375785  
-0.4258757695  
-0.6330050138  
1.316532647  
1.036589052  
0.01788743696  
-0.1730083248  
-0.08251273552  
-0.2526989769  
0.2938738308  
-0.1628675493  
0.3483632541  
0.01690703462  
-0.7924517907  
-0.04423235763  
-0.2694987742  
-0.97782592  
0.800810742  
0.1915079976  
-0.1356622362  
-0.5802916379  
-0.3646012076  
0.04097352041  
0.3631375705  
-0.3133831047  
-1.112544806  
-1.020838083  
-0.1267677615  
0.4917407281  
0.3778273521  
0.8370341531  
-0.8028352364  
0.5048033997  
0.8904481117  
