-1.972917004  
-2.539208343  
0.7426501919  
-0.1621841567  
1.32551004  
-0.6396650085  
2.284966407  
1.136780537  
0.4982678152  
2.891008456  
1.846667003  
0.7064647839  
-0.2991989656  
0.4792156849  
-0.1056669218  
2.453985648  
0.5840529591  
0.007519116631  
-2.227920858  
-2.068880024  
-2.275286661  
-1.583861349  
-1.01551009  
-1.573055534  
-0.0808788911  
-0.3159385071  
-1.224649354  
-1.419039947  
-0.3142514474  
-1.05830805  
-1.330821757  
1.471955317  
0.007068217302  
-0.4275019164  
-1.115802593  
-2.567529607  
-1.006241038  
-0.7633275988  
-0.2730560391  
1.277456558  
-0.01726830402  
0.8166872863  
1.004203185  
0.4105223745  
2.560537976  
1.301064991  
0.2887190161  
-0.8902918761  
0.8842201562  
-0.67076419  
1.606143706  
0.9637751194  
0.3080129763  
0.6530316331  
2.11239174  
-0.7478220598  
1.106867409  
-0.9179189157  
0.7284256805  
-0.494364774  
0.2858315498  
1.253093374  
0.3204716854  
1.207586411  
-2.685269132  
0.1564228994  
1.093274066  
0.7936535636  
-0.2029732003  
0.4489294032  
-0.7034129094  
-1.321842033  
-0.659723037  
-0.6093256436  
-0.1892295423  
0.3571477977  
-0.1000096053  
-0.9780161751  
0.2433569359  
-0.998234652  
-0.9550606667  
0.1894845376  
0.1907358323  
-0.1595378074  
-0.1869263377  
-0.9954933417  
0.6521903391  
-1.736773066  
-1.509903612  
-0.658497008  
-0.07514087641  
-0.5205289544  
-0.256023952  
0.2068841254  
0.3314599295  
0.7889651923  
1.599818455  
0.9275185412  
-0.3825119606  
-1.15050611  
0.224959185  
-0.2868803791  
0.03461321193  
0.3696095125  
0.6335873176  
0.5166111714  
0.7084992402  
-0.3260040823  
0.500225883  
0.8018944116  
0.3843421588  
0.3271753261  
0.08432093724  
-0.111096522  
1.440760752  
0.005575970062  
-0.6669614931  
1.101805984  
0.2773841601  
-0.5168182728  
-0.6694987648  
0.2689246673  
0.3015039906  
-0.3327315251  
0.554934146  
0.9474805146  
0.2816417056  
-1.616776838  
-0.5900102082  
0.4633685328  
0.4740961707  
0.6457432535  
-0.2166790077  
0.1775551426  
0.7136820634  
0.9260385542  
1.048429342  
0.1120266839  
0.178773307  
-0.5323346049  
0.3225477824  
0.2138583638  
0.7386348953  
0.1910951678  
-1.176688398  
-1.012900375  
-0.5731612186  
-1.824704683  
-0.449905672  
-1.419975898  
0.4476469483  
-1.155127134  
-0.184241843  
-0.1095100188  
-0.8925813444  
-0.68107187  
-0.319533334  
-1.123865098  
-0.5369658017  
-1.267024667  
-0.998804358  
0.5061044109  
0.8587458607  
0.09924922167  
-0.0693838641  
-0.4386707869  
-0.7519311703  
0.7893757931  
0.605133273  
-0.7665548507  
-0.3030396228  
-0.1223107163  
0.5696167235  
-0.5276234587  
-1.145471414  
-0.375926038  
-1.05810397  
-1.63935765  
1.136434867  
0.5597144467  
0.5030569434  
-1.107740101  
-1.582012833  
0.4604562483  
0.5011732795  
1.077416673  
-0.8824299009  
-0.2315962418  
3.748950996  
-0.8065848263  
-0.4153734916  
0.4651380042  
-0.5722127793  
1.751478992  
0.4268543239  
-0.3820938487  
0.345791764  
0.3117972956  
1.648456937  
0.3910550761  
0.08622470252  
0.7057978231  
-0.3522214232  
0.1683730289  
-0.08174620723  
1.082550002  
0.2140597034  
0.1515958548  
0.05867409231  
0.5318393711  
0.1216538911  
-0.8103787441  
0.1829003301  
-0.2617493552  
-1.272157715  
-0.9465134141  
0.3344343358  
0.3472813017  
-0.09725090263  
1.039287521  
0.3542073484  
-0.5205675793  
1.072576932  
1.32099632  
0.9527579893  
0.4342574363  
0.7199478605  
0.5906740145  
0.3274928035  
0.1814762232  
0.6344694146  
0.01703857663  
-1.3198362  
-0.3742438389  
-0.6129994422  
-0.3429121028  
-0.9264215231  
-1.02061201  
-0.2985812678  
-0.538288732  
-0.7787276788  
0.04794854955  
0.4895190155  
1.140180729  
-0.8911983931  
0.6597003955  
-0.7809738366  
0.7632939913  
0.5136508138  
-0.5262932574  
-0.004284898269  
0.3834596181  
1.255493164  
0.5535388624  
1.524847086  
-0.09560184028  
-1.075110133  
-2.756742708  
-1.867168874  
-0.2198650459  
-0.7889922303  
-1.650013485  
-1.441043861  
0.6588303165  
-0.1238263398  
0.3865827989  
-0.5951925715  
0.5625453485  
-0.3643689991  
1.115093514  
2.106736354  
0.02063580092  
0.7527053476  
0.0372531404  
0.6413271172  
-1.666441179  
0.8992580552  
0.03892894454  
0.4636581344  
0.7591457502  
0.5493172178  
0.6970026323  
-0.8759624091  
0.1147304052  
0.3638310882  
-0.5479786826  
0.5963967208  
0.8142650278  
0.0146612052  
-1.896019679  
0.04958279705  
0.05458528829  
-0.140327343  
0.8591798619  
0.3132708211  
0.9203537704  
0.3232259158  
0.4031545202  
0.01962145524  
0.08785965451  
0.8993572804  
1.090195732  
2.049999551  
0.6250800892  
1.01156729  
1.595700939  
-0.2436056024  
-0.7893088386  
-2.47630767  
-2.619184052  
-1.389916264  
-0.70226363  
-0.9033480352  
0.5510699123  
0.1055571685  
2.991021822  
1.585051433  
-0.7142228848  
-0.9165360217  
-1.068998205  
-2.11927781  
-1.523770566  
-2.171492548  
-0.753204563  
-1.935914708  
-0.7436624595  
-1.124206023  
-1.058402037  
-1.522199331  
-0.02994479267  
-0.9936951142  
-0.4397482142  
-1.832977883  
0.007071501078  
0.6444853022  
0.7186989886  
0.05932542504  
0.8890909348  
1.139330563  
1.428091322  
0.6739775719  
1.875972062  
0.5775738361  
-1.018844941  
0.608017912  
0.7102440212  
0.2791144102  
-0.008439957296  
1.206258405  
0.1088162248  
-0.1878553422  
-0.0913812767  
-1.138760667  
-0.1858027853  
0.1507473938  
-0.7650347889  
1.543924731  
1.400687193  
0.8947044522  
-0.6811066618  
-0.1563255314  
0.9653073896  
0.0292424614  
0.7719022601  
0.8494490102  
-0.492226545  
-1.059180961  
-0.7291645698  
0.6241809881  
-0.6470685229  
-0.1682978401  
0.2558982248  
0.7045459217  
0.2843496557  
1.509608097  
0.2242078909  
-0.7113955687  
0.2066351679  
0.3594919366  
0.3108397514  
0.3026233215  
-0.739213034  
0.5891765954  
0.09906328771  
-0.5187598593  
0.4156794267  
-1.045080025  
1.094003882  
-0.2476797628  
1.740479198  
-1.147148494  
1.396505643  
1.48558371  
0.6197915981  
-1.352693032  
0.9812848569  
0.5367033973  
0.5747969877  
1.140670924  
-1.154393098  
0.7157553276  
0.9533503107  
0.6720818993  
-3.560959013  
0.1972091804  
0.9013825572  
0.6548383833  
1.065480536  
-0.6871456578  
-2.946757586  
-0.07331266754  
-0.05771973144  
-0.5082441021  
