0.4611908599  
-0.1355422074  
0.8135480678  
-1.724577083  
-0.2325123525  
-1.286226843  
0.322720744  
1.187974525  
-0.4709913599  
0.3127285215  
-0.1541673789  
0.4860573864  
0.8264315685  
0.2303026838  
1.536077334  
-0.1796474232  
0.9044336817  
-0.608518603  
-0.3141838029  
0.4634664227  
-0.777823359  
-0.8155255154  
0.001615178916  
0.1308881702  
-1.021552911  
0.7864489442  
-0.2830019979  
-0.6654811462  
-0.2149203987  
-1.930953231  
-0.3242307035  
-0.2949179842  
0.653509926  
0.5303048712  
-0.2531631775  
-0.05879435525  
-0.08405842925  
0.3373792044  
-0.9478562473  
0.30169649  
0.3499504486  
0.4066415226  
1.495768853  
-0.5039143875  
0.03576594651  
-1.975237208  
0.1840465402  
-0.07801215857  
-0.1353251868  
0.1790229829  
0.7303171288  
0.7399238212  
0.2650307319  
0.2143777827  
0.9479627278  
-1.775643116  
0.2280286125  
-0.8925115669  
1.164179702  
0.9007444748  
-0.2825043247  
0.8991073441  
0.7261254655  
0.3124019672  
-2.298377021  
0.04837529082  
0.8558121849  
-2.837924166  
0.8112126858  
0.1389547534  
0.5921850414  
0.0385179387  
1.470834219  
-2.38676033  
0.5395620881  
-0.3290512728  
-0.04061808427  
-0.582454549  
0.100558145  
-0.8950028722  
0.5396829012  
-0.8056531781  
0.2536510364  
-0.6131959473  
1.008933589  
-0.5919194043  
0.2550989173  
0.2055461434  
0.004292043074  
-0.5142149715  
-2.038298519  
0.7506521523  
-0.03935221563  
0.1944348083  
0.1356507653  
0.3517680992  
-0.1784630156  
-0.09676058605  
-0.5342374474  
-0.5867016915  
0.3245765715  
0.5356729098  
-0.2962403169  
-0.6992970353  
0.2045874314  
1.064832143  
0.296875915  
0.6719801967  
0.7473007897  
0.2119449139  
-0.3375140986  
-0.4399417388  
-0.05623820724  
-1.307718174  
-0.5747327689  
0.8224408925  
-0.7530265517  
1.897857395  
0.0159555192  
0.6079188185  
0.6662248126  
-0.3116003064  
1.216355609  
0.5847929396  
1.341500538  
0.5183856198  
0.6880634863  
0.3616145532  
-1.218328483  
0.9542204999  
0.5507900856  
0.4238987131  
0.269171794  
0.7114098416  
1.600775909  
1.06039941  
0.412019744  
-0.05203595854  
-0.580690549  
-0.6699430216  
-2.484280388  
-0.5848846314  
-0.7582747123  
-0.5891134829  
0.01633492121  
-0.9269935197  
0.7742620021  
0.5338734257  
0.6997328073  
-0.5868454951  
-0.07092818461  
0.5099075539  
-0.3680807994  
0.4256184069  
-1.761636768  
0.1532105299  
0.5200976762  
-0.07944150256  
-0.1547838713  
-0.7462885962  
1.520722756  
-0.8564343008  
-0.9996682979  
-1.122957895  
0.03960348846  
2.088448106  
-0.7381089568  
0.1937783681  
-2.06818069  
0.4999276181  
0.2018755454  
-0.8269689687  
0.3313629003  
-1.089092055  
0.2354051652  
-1.252583393  
-0.4010093631  
-0.009609997643  
-3.217127923  
0.5265427755  
-1.530920088  
0.4027721922  
0.4296563336  
-1.004598165  
0.5274492245  
0.3843675066  
0.6661485595  
1.121054595  
-0.9573484948  
0.6576983814  
-0.09873059917  
0.9930653794  
0.2901716934  
0.6560459005  
0.9863774898  
-0.4967159721  
0.2242285729  
1.126622551  
0.01406851607  
0.6168199686  
-0.2398144811  
0.4167820335  
-0.3048454713  
-0.07109184293  
-0.1699089039  
0.1340735823  
0.5129355951  
-0.2803724491  
0.7133767922  
0.04311910209  
1.128423614  
1.093284874  
-0.4885687535  
0.2980377773  
-0.5603395161  
-0.09935841335  
0.3286599353  
-0.2020245734  
0.7375379225  
-0.193457875  
1.347055778  
-0.3138306245  
-0.4301721774  
1.564643167  
0.1926456685  
0.6923185117  
-2.40736987  
0.1665866836  
0.657800582  
-0.8556947935  
0.904150935  
-0.7806977429  
-0.7247291815  
-2.761951807  
0.4229716997  
0.2286089525  
0.7933659224  
-2.960070039  
0.4315332536  
0.02093445242  
-2.206960905  
0.3571755549  
0.7899788725  
1.574234347  
0.7763824663  
-1.357233851  
1.289015243  
-0.0481395385  
0.9409573136  
-2.129208834  
0.5962108976  
0.4219398977  
-0.1904913049  
0.8857926773  
-2.882743225  
-0.8736367276  
-0.4495852324  
-0.9519052361  
-1.821922722  
-0.5860472625  
-0.1569362592  
-0.2576381819  
-0.3059328084  
-2.29752774  
0.1141342683  
1.305290859  
-0.9081390206  
1.129710504  
0.2044095924  
1.244192058  
0.9947568751  
0.2204086834  
0.5201348132  
1.148617856  
1.481233908  
-0.755361239  
0.5179176334  
1.164662888  
-1.365185654  
0.8833844788  
0.33216979  
1.610656697  
-0.9696912645  
0.7404051119  
0.520317562  
-0.2226567871  
0.816556907  
-1.160047042  
0.5804428585  
0.3961805655  
0.1701183135  
1.045974053  
-0.1880145282  
1.254606146  
1.255964768  
-0.1716467699  
1.19463555  
-1.257944977  
1.1924826  
-0.06079852598  
0.4615298418  
0.1634657038  
-2.974106336  
0.1386543546  
0.9866093894  
0.6154773976  
-1.197272893  
-1.250375847  
-1.082391914  
-0.7662892682  
-0.6823017394  
0.3817999461  
-0.8597177932  
-2.104059523  
-0.7252432518  
-2.93710429  
0.5808794605  
1.58332564  
-0.1858802283  
0.6931649718  
1.063159019  
-0.3073898532  
-0.03211235805  
0.693104498  
0.1714888684  
0.2791821877  
1.000216737  
1.101612168  
0.7253936629  
1.049483387  
0.2666424359  
-0.3104575391  
0.1553200287  
1.547374258  
-2.303557781  
1.674655203  
-0.595733468  
0.9604079962  
1.440127696  
-1.720330129  
0.5450964921  
0.1607341945  
0.9431198168  
-2.142705575  
0.1308382869  
0.755468464  
-2.307822666  
1.002578643  
-0.3070250724  
0.429456351  
-1.225307145  
-1.605077229  
0.5838619111  
-2.437066  
-0.7863770976  
-0.2230262941  
-1.379106624  
0.4243891882  
-0.09284358861  
0.6095248392  
-0.1731961465  
0.1252500123  
1.339538677  
-0.2257915289  
0.2397631194  
-2.237168517  
-0.5938277496  
0.6285128296  
-0.2540621344  
0.7333504279  
-2.383181993  
-0.03490045658  
0.6682241296  
-0.1845515029  
1.535186148  
1.352078897  
0.2803536067  
1.067150338  
1.283104042  
1.54636779  
0.9487759356  
0.1901767028  
0.8737752415  
-0.0747072998  
0.6845831767  
1.347048602  
-0.4873813855  
0.8817419244  
0.2166054754  
0.991810816  
-1.716468501  
0.5515952835  
2.138966433  
-0.05084093912  
-2.149280043  
-2.041046483  
0.6522921236  
-1.184680297  
-3.582718431  
0.475326325  
-1.941221245  
0.7910978218  
1.380270196  
0.252537486  
0.9594041492  
0.7755569213  
0.9993727033  
0.1005660935  
0.4656027016  
-1.798289212  
-0.2126398104  
0.2311545978  
0.1401287821  
