-1.189816057  
-1.865759295  
-0.508572784  
-0.7862972685  
-1.320479591  
-0.6239431341  
-1.733641026  
-0.4439150363  
-0.7919999996  
0.3244568414  
0.2472690877  
-0.261005294  
-0.05393477127  
-1.166975459  
-0.8818247014  
1.173834644  
-0.1250723821  
3.728840455  
2.903942865  
0.7101171408  
2.150864866  
0.6810830061  
4.052111821  
1.764728657  
3.483627383  
2.211279822  
0.2064363135  
0.3942617231  
-1.680892495  
1.158307607  
-0.969600564  
0.7717111875  
0.01783265086  
-0.5163243035  
-0.5949555353  
-1.510642863  
0.6074637624  
-0.3687855511  
-0.8050148269  
0.1384610743  
-0.3626454317  
-1.137243758  
-0.9309215331  
-0.06552427216  
-0.653881402  
-0.4897557143  
0.1608493141  
-0.5424906785  
-1.356074799  
-1.056717346  
-0.4555349514  
-0.304030499  
-0.1346496967  
-0.8507661569  
-0.4674644451  
-0.2403858158  
-0.1272595031  
-0.02073228381  
0.008030426204  
0.9851084556  
-0.2567218595  
-0.1439990475  
-1.392337239  
0.1028156578  
-1.092782714  
0.06809536617  
-0.1265179577  
-0.9163091546  
0.3513288859  
-0.3825365968  
-0.119557517  
0.1775541438  
-0.2294928409  
0.2338361091  
-0.4302098567  
-0.7254995749  
-0.825228565  
0.2864641902  
0.8547332338  
-0.3809622291  
-0.2575612605  
2.857689246  
0.4478943141  
-0.4578791129  
-0.7578685626  
-0.03740107548  
0.01672799687  
-1.503157935  
-0.5106050572  
-0.4580966816  
0.9113659496  
-0.373252293  
-1.326346343  
1.221047454  
1.152379259  
-0.2105822425  
-0.2145786842  
-0.3968725211  
0.4447157007  
0.6817462996  
0.6275866682  
-0.1188769284  
-0.6914983908  
0.7385948334  
-1.198841445  
0.05626179032  
-1.312130686  
0.5002290646  
-1.1527309  
-0.655685687  
-0.4561004519  
1.562734161  
0.1912984779  
2.370984498  
-0.6371180336  
-0.4358940948  
0.1251283612  
-0.2956716895  
1.637297482  
1.688812485  
0.7381131347  
3.257421629  
-0.5564632122  
0.1441524249  
-0.2011372418  
0.731771064  
-0.9215794839  
0.971207639  
0.3189343064  
0.1002470735  
0.2307009124  
-0.4035261813  
0.03193053075  
0.1828912351  
-1.38115852  
-0.520836707  
-0.04210262702  
0.2384978033  
-0.2855386194  
0.04934666086  
-2.070501069  
-0.431168286  
-0.9567503112  
-1.091946327  
0.002363706109  
-0.4540753101  
-0.3241506122  
0.02086532951  
-0.1688749848  
0.6015537487  
-0.3433552182  
-0.5980758412  
-1.373496203  
0.1925686574  
0.9838676764  
-1.022982129  
0.06817147001  
1.949165719  
-0.4107951521  
-0.427714586  
2.264323209  
-1.008755519  
0.8385676281  
-0.5688190562  
-0.5175429404  
-1.075787842  
-1.39275222  
0.3968413856  
-0.113636511  
2.797221969  
0.0990298718  
0.9723287342  
0.1312975109  
-1.147501977  
-0.4947265207  
0.188241778  
-0.5270418569  
1.915028716  
-1.091322361  
2.666516662  
-0.9138307898  
-1.019061955  
2.479800756  
-0.1735345935  
0.4272337498  
-1.144210293  
-0.8531768644  
1.311750888  
0.3039933907  
0.3502492069  
-0.3288052803  
-0.6871649776  
1.452266571  
-1.436123172  
1.564840919  
0.2621010967  
-0.481202677  
1.548940619  
-0.8626949901  
0.1040751566  
-1.36619426  
-0.5734877129  
0.7563242318  
-0.1584298805  
0.03695626365  
3.803115925  
-1.007670637  
1.277421026  
-0.3600071946  
-0.902187781  
0.1212456833  
0.135701472  
0.0361035787  
0.1917584496  
-0.4483235122  
0.3202244423  
0.1320454881  
-0.2481747167  
-0.4478054218  
-1.036010242  
1.074366168  
-0.5704260936  
1.271891438  
0.2562536401  
-0.9367647277  
-0.4588195669  
-0.5347193034  
-0.8068415061  
-0.6205331797  
-0.3795328645  
0.337056258  
-1.231107487  
-0.009708098951  
-0.5279323217  
-0.4763437617  
0.1986590702  
-0.7762377816  
0.9933003349  
-0.3464177549  
-0.1965540248  
0.02604132133  
-0.7727584489  
0.8302531833  
-0.8617355847  
0.05214332354  
-0.2927412156  
-0.01279732878  
0.5471506866  
0.05291262067  
-0.2420202899  
-0.7754951873  
-0.9583703361  
1.858856811  
-0.2382526714  
-0.7445184561  
2.199194581  
-0.6433142481  
0.09772301872  
-0.8408075256  
-0.9068651545  
2.555171689  
-0.5990390062  
0.1741035954  
-1.040502727  
-0.942565022  
-0.4203031612  
-0.3916787313  
1.630219577  
-0.9101284235  
0.0745241456  
-0.9087414793  
-0.7802672934  
1.329336067  
-1.040919742  
0.5201670464  
0.75635103  
-1.571528057  
1.225486908  
-0.6715602323  
-0.5342174208  
-0.09243569937  
1.858980907  
1.704976515  
-0.2856278784  
0.4345940594  
-0.2330981407  
0.7502006781  
0.3529993775  
-0.3238821382  
-0.6828200441  
-0.7701331375  
0.2763810672  
-0.4598436261  
-0.2681996159  
0.08069813204  
-0.1658760273  
0.5883527382  
0.04231337912  
1.162399631  
0.7025042278  
2.716181927  
-0.5158748468  
-1.803920148  
0.2485660785  
-1.204566883  
-0.3217684745  
-0.5976479774  
-0.4939046402  
0.9479075468  
-0.6509359401  
-0.3668804182  
-1.116373412  
-0.1823859546  
-0.9430877382  
0.7418528519  
1.813524123  
-0.8042147835  
0.9604922009  
-0.1880280277  
-0.3317883015  
1.420065115  
-0.8025961265  
-0.7189992393  
-0.9296553122  
-0.7179016123  
0.907616173  
-0.1209566714  
1.124317172  
-0.8262196756  
0.8489939056  
2.591547632  
0.2304640753  
1.29640207  
-0.3000849936  
0.8021901768  
-0.1467801652  
-0.6358387979  
1.806165435  
-0.607666786  
1.374553837  
-0.5051868133  
0.02857599064  
0.7126854942  
-1.586356147  
-0.2165442052  
1.90738379  
-0.6558097307  
0.2838022758  
-1.285549867  
-1.009333638  
0.06478140626  
-0.1072293938  
-1.041673101  
-0.7594730043  
0.4041746232  
1.365032739  
-0.08041221401  
0.0892002973  
-0.4834465937  
-1.570524732  
-0.2273100931  
0.5887356498  
1.279346064  
-1.239429525  
-0.6616643102  
-1.05149703  
-0.04590848579  
-1.40117922  
-0.5091789979  
0.6740386475  
0.4188255585  
1.102016737  
-0.8589916612  
-0.2624829217  
-0.5544360622  
-0.1126067921  
0.8291119539  
0.05036233269  
1.26416642  
-0.7505323674  
1.035619869  
1.210181667  
0.005234615616  
0.8455314865  
-0.7681326938  
-0.3053528221  
-0.09159617241  
0.3452925454  
0.1846024048  
-0.6618785384  
-0.8323455051  
0.3148858013  
0.2236889532  
-0.2193102609  
-0.2738575211  
