-0.004683141166  
0.9184669441  
1.025463343  
1.575797395  
1.696739318  
1.673632131  
1.443833279  
1.272704709  
2.663090702  
2.605884607  
-0.6647736424  
0.05224582005  
-0.3662211568  
-0.01740247221  
0.07577670757  
-1.388414303  
-0.7953951928  
-1.346225756  
-3.773408592  
-2.890012697  
-3.1273864  
-3.364318619  
-2.45806854  
-1.30415147  
-2.419908044  
-3.027699511  
0.6142481123  
-0.5472308193  
1.138413445  
-1.96185849  
-0.3915274772  
-1.126297382  
-0.2225359467  
0.7640694875  
-0.6447136008  
1.042635832  
-1.376725627  
-0.3191417059  
1.379604622  
1.10910238  
0.5549123303  
0.6550984971  
0.846751665  
-0.8932418626  
-1.192104711  
0.7162417064  
-0.9426472236  
0.270563998  
0.4430988003  
0.2671220572  
0.8855427275  
1.290597102  
0.2522958618  
-0.1430419157  
0.5781461472  
-0.3142900763  
0.3020370538  
0.2711354246  
-0.7032857311  
-1.13625262  
0.6085560661  
-0.4853552945  
1.154427916  
-0.8116287504  
-1.310446192  
0.8672378816  
0.2617804704  
-0.600235653  
-0.4744996941  
-0.43407471  
-0.06508536147  
0.3542283706  
0.0714457713  
-0.02711775137  
0.1759753331  
0.8661722732  
0.4992051831  
1.130989229  
-0.05619811455  
-0.1576347043  
-0.1362779512  
-2.091366497  
-2.033433061  
1.968514788  
1.094995075  
3.124810615  
0.4841003439  
0.6839961656  
0.7210341738  
1.23002828  
0.4809746671  
1.725242789  
1.872966521  
-0.2552837612  
-1.424219436  
-1.391267048  
-0.1133789369  
-0.595871784  
-0.9097121855  
-0.1077391199  
0.1582670943  
-1.003540273  
0.2694199303  
-1.336634  
0.761977337  
1.141456991  
-0.08365162879  
0.3193523842  
-0.5820673171  
-0.1144772419  
2.33891811  
0.7344870465  
-1.203318934  
1.440874008  
-0.2504960865  
0.5976256393  
-0.1237823461  
-0.1320257  
-1.414266657  
-1.336547541  
-1.227206333  
-1.369374968  
-1.414615794  
0.6226941355  
-0.6137610111  
0.9170447806  
0.1814628495  
-0.8118853724  
-0.9022416589  
-0.1387468077  
0.3358779357  
-0.2414914039  
0.3941511156  
0.4028067256  
0.4560341992  
-0.4621915672  
-0.04814205691  
-1.239811292  
0.8679717671  
-0.05879717264  
-1.389370613  
1.296491445  
0.8141706576  
0.03799004585  
0.01143840195  
-0.5410616081  
-1.313768324  
0.4654658598  
0.5790946978  
-0.09631062253  
-1.194003843  
0.2073474451  
1.035501636  
0.529276797  
-0.8087451964  
-0.7707044388  
-0.9260716885  
0.1916994993  
0.8979030855  
2.04016032  
-1.050652924  
0.6126740794  
-0.6349930171  
-1.256857439  
-0.3492296796  
0.3046680645  
0.4964616227  
-0.5086246872  
-1.968313795  
-0.7423295154  
-0.4416820329  
0.5152978324  
0.2509836833  
0.8508800993  
-0.6911373099  
-0.1799087174  
0.9023612172  
-0.7963637307  
1.24204947  
1.251198725  
0.8149848928  
2.187993824  
-1.836983673  
2.058851665  
0.1543355403  
1.05083159  
2.683726113  
-0.9229580753  
-0.9962629611  
-0.9065022483  
-0.4315945808  
-1.719216138  
-0.2979941207  
-0.1284370069  
-0.03802079283  
-0.03310597156  
-0.4531877901  
-0.04945923506  
-0.08865330618  
-0.5600352805  
1.475756549  
1.943065893  
-0.4451074537  
-0.1894222743  
-1.11262018  
-2.03236214  
0.2487583644  
-0.3220291437  
-0.826508045  
0.3107623397  
0.3216516413  
-1.084258227  
-0.3003070496  
-0.1096172695  
1.525746506  
0.661318438  
-0.6288112541  
0.6570198799  
0.4992860478  
-1.280005542  
0.1136747599  
0.5619771807  
1.409027444  
0.1139392885  
0.2861586342  
0.5628516766  
0.4824319099  
-0.4227243035  
-0.7178799076  
1.19616852  
-0.9257787849  
0.09271110465  
0.2366522449  
1.0156626  
1.472307717  
0.9477123008  
0.8318715142  
-0.3269189763  
-0.3449152435  
1.060624371  
0.04628998781  
0.3460769506  
-0.2902182398  
-0.3069919832  
-0.6609523275  
0.581546791  
-0.4057073613  
-0.2244510574  
-0.6191245915  
1.136634938  
1.354729597  
0.2021620384  
-0.4443469769  
-2.237624053  
0.3032254763  
-2.324112132  
0.3908011034  
0.2014760337  
0.09847038651  
-0.7514509836  
-0.074135145  
0.7376443272  
-0.8108239718  
0.6109969599  
1.172168524  
-0.8487910505  
0.9010987508  
-0.6922528545  
0.5625898775  
0.1900111783  
-0.7850849843  
2.391185128  
-0.4157460665  
1.308558709  
0.9015846237  
0.1889492804  
-0.2602733717  
-1.412319295  
0.8060545391  
0.3292460498  
0.3818307949  
1.167484418  
0.6082907863  
0.3350520065  
0.3000977996  
1.40048632  
-1.387124354  
-1.930310176  
-0.802363402  
-0.5133445649  
-0.2148578741  
1.054665472  
0.5439061835  
-1.101082149  
-0.3878610598  
0.5720213578  
-0.3989021961  
-0.2637339564  
-1.037276156  
0.1017887033  
-1.386506416  
-0.6288800848  
0.01554696136  
0.15418049  
-1.053962884  
-0.9350423921  
0.5319889545  
-0.2158226286  
-0.8799575021  
0.6133081445  
0.8043590479  
0.526187652  
-0.6162770651  
0.7248641482  
0.3407378787  
-0.9156477767  
0.9845840321  
-1.096516564  
-1.407159931  
0.3355757347  
0.2779236632  
-0.461571612  
-1.551753092  
0.4297033545  
1.061643442  
-1.610021562  
0.5994099007  
-0.05589745053  
1.188225912  
2.036611457  
-0.9833436765  
-0.07257435536  
-0.1512773357  
0.908131779  
-0.4206582182  
0.4172185361  
0.3624433705  
0.271429665  
1.959735614  
0.5936655594  
0.6768931674  
-0.01572328267  
-0.3971076347  
-0.678067196  
0.4051299414  
-0.8583725075  
0.4461190915  
0.06304090586  
0.7764674556  
0.945123509  
-0.2152791353  
0.8514767608  
1.793599005  
0.1766571663  
-0.4948137155  
-0.8377548851  
0.02715843889  
-0.64990912  
0.1720819824  
-0.3317973973  
-0.9849788445  
0.008410708511  
0.6552282208  
-1.136515579  
-0.6160473834  
0.1749427289  
0.1259245025  
0.2045434645  
0.3368787597  
-0.1678619842  
-0.7740842785  
-0.4755078221  
-0.006722210497  
1.417090482  
0.358084669  
0.5566272077  
-0.3966811524  
0.6087375113  
0.8238982984  
1.027007249  
-0.9609379039  
0.1195444174  
-0.03943473651  
0.3695989007  
0.4438252357  
-0.1144764265  
-0.3117104088  
-0.597985592  
-0.6455489956  
-0.2372345564  
1.31766629  
-0.5274555699  
0.0951513183  
-0.2202561216  
-0.1737718025  
