0.8240193751  
1.581649336  
0.4782598869  
1.583204851  
0.9290702643  
2.327263397  
2.266175195  
1.281275704  
2.321903736  
2.23385709  
-1.269059892  
-0.6300366903  
-0.06247837307  
-0.6937998192  
-0.04070092335  
-2.630704913  
-1.654120505  
-1.470200437  
-3.06469732  
-2.577095392  
-2.087093574  
-2.016038221  
-1.918940043  
-2.055475907  
-2.938326651  
-2.020301975  
0.6453458101  
-0.5758734668  
0.6265351027  
0.4915686959  
0.1308109941  
-0.3014357778  
-0.8639697461  
-0.4592134693  
-1.178139863  
1.628113353  
-1.712348656  
0.009997356478  
0.7747838856  
0.06465951317  
-1.03433255  
0.434310243  
-0.04824926819  
-0.511541771  
0.2680877301  
0.2189694705  
-0.4628012475  
0.5751618724  
0.3831812978  
-0.07192464649  
-0.01816129725  
0.1660098816  
-1.018702477  
0.9385603158  
0.4785419611  
-0.8382582659  
0.584480448  
0.2461360675  
-0.1192145284  
-0.7061376367  
0.2154740154  
0.6766792314  
0.1142504034  
0.4717035818  
-0.1776032896  
0.8028432381  
0.6056912883  
0.4632542369  
-0.2030685459  
0.01353123041  
-0.2151842303  
-0.9582423726  
-0.01649753254  
-0.3079360657  
-0.08936084082  
0.2943633711  
-1.067144052  
0.3467015605  
-0.2031956015  
-0.4405009876  
-0.1782548533  
-1.868930961  
-0.9607594094  
2.475463781  
1.780769111  
2.121548305  
1.722770885  
1.616598718  
1.196582405  
1.549810681  
0.2366884753  
2.618450265  
1.940701552  
-0.5262775433  
-1.10066357  
-0.4837641723  
-0.9508933199  
0.8248329345  
-0.350579789  
-1.906107634  
-1.010478041  
-0.4810204913  
0.5760384511  
-1.465560365  
0.8693077319  
0.5348307325  
-0.2731839158  
1.255415555  
0.1647207807  
0.5950896773  
2.995275717  
-0.2904606559  
-0.6658274574  
0.872520045  
-0.5731922726  
0.3253235264  
0.2508658396  
0.04747886959  
-1.325996643  
-1.227716986  
-1.116542122  
-3.046384395  
-0.8953553891  
-0.1646817083  
-0.2992590026  
0.6958441236  
-0.9172156502  
-0.5801571875  
0.07224237325  
-0.1687294002  
0.559668071  
-0.1817435442  
-0.3070026843  
-0.3982523581  
-0.231542661  
-0.9732595521  
0.8453304212  
-1.425062276  
0.4093298165  
0.3296328316  
0.2602216238  
0.07910106692  
-0.3688986863  
1.162791112  
0.8181758742  
-0.484373788  
0.112090005  
-0.3398288629  
1.191065947  
-0.6105744215  
0.5586855841  
0.8614418563  
-0.2189410275  
0.04332015193  
-0.6636457787  
0.9159929431  
-0.6680557814  
-0.8459193542  
1.32852708  
2.277736113  
-2.137347015  
-0.5553476264  
-0.7240329737  
-0.8291538426  
0.3605743281  
-0.7934055791  
-0.00622303077  
-1.467688609  
-2.042215839  
-0.540243402  
-1.183465135  
1.593460436  
-0.04747469417  
0.2973308087  
0.4503472852  
-0.04902571953  
0.4062908399  
-1.509087117  
2.00932625  
-0.6755721012  
0.4195772809  
1.1553978  
-0.9694438008  
1.347448458  
1.393285617  
1.81917226  
1.078083295  
-0.4547636518  
-1.915037758  
0.3330216235  
-1.251700069  
-0.3683041616  
0.5047440455  
-0.637129213  
0.0287710958  
-0.3297229259  
1.747834519  
-0.8029076865  
-0.4250834859  
-1.960848453  
1.889786431  
2.543493486  
-1.477568794  
0.09716690868  
0.1401575905  
-1.588740775  
-0.06102892775  
0.5342261697  
0.2186320909  
-0.0360842219  
-0.3986910086  
-1.025051941  
0.5140564085  
0.3059334765  
0.5173546408  
-0.1032389611  
0.7529096611  
0.919063429  
0.03585179583  
0.07639484775  
0.2166659784  
0.3140462812  
1.228372525  
0.1637464579  
0.6188515378  
0.1141018149  
-0.08098295829  
-1.408470117  
0.1283505923  
0.7471390913  
-0.8900116203  
0.1615035819  
0.8405391907  
-0.8372683345  
1.01466837  
0.2182216138  
0.7950457084  
0.01595220719  
-0.939569382  
0.8213073568  
0.1388138437  
1.07684192  
0.2605474331  
0.68679406  
-0.3060916604  
-0.1133240807  
-0.04941275076  
-0.2561669746  
-0.2145472858  
0.4873919658  
0.2909191828  
0.2756140343  
-0.861076207  
-1.281461572  
-1.135490097  
-1.979739634  
0.8552571169  
-0.0838817978  
-0.004324786026  
-0.3225362232  
-0.4390459811  
0.3810938703  
-1.514355043  
1.131223978  
1.212487609  
-0.7447862872  
0.2843102354  
-0.7776829661  
2.385116052  
0.1833237103  
0.7824509469  
0.8783784985  
-0.8371394731  
1.724949423  
0.9847671513  
0.1188643766  
0.6984910743  
-0.804562813  
-0.10085458  
0.5081346517  
0.02498544367  
0.4819067562  
-1.101227943  
1.316779454  
1.067358193  
2.482644148  
0.187548286  
-0.8015223168  
-0.5481064215  
-0.4244379963  
0.5376881613  
-0.2804436613  
-0.3213700146  
-0.06209581653  
0.1977737089  
-0.2698521114  
-0.4139152356  
-0.8321120367  
-0.0382481045  
-0.4444687148  
-2.586558396  
-0.1611785112  
-0.4994058363  
0.6148651201  
-0.3248808733  
-0.3714126091  
0.6927262137  
0.2090168353  
-1.115176578  
0.1380548624  
0.4328527974  
0.3460504131  
-0.5143136154  
0.5023690421  
0.2986177677  
-1.374824702  
1.060212109  
-1.619970164  
-1.395766123  
1.445434616  
-0.2481071814  
0.4166839676  
0.6361096445  
-0.3894695889  
-0.6744287639  
-1.536335087  
-0.4016689054  
-0.3286755248  
0.6875771725  
2.328859567  
-1.244394125  
0.4551491847  
-1.456192774  
0.7657499078  
0.4611895869  
0.1330424891  
-0.8596810705  
0.6403297454  
2.510034322  
0.1012458757  
-0.2380282662  
0.1596280281  
-0.03002169709  
0.05021566996  
0.07253637981  
-0.5603515881  
1.755281661  
0.582258261  
0.5656116821  
1.489877371  
0.2837496767  
-0.2357101048  
1.322218305  
0.3990044397  
-0.2255789722  
-1.749144496  
-0.4724284359  
-0.9765333738  
-0.7836861481  
-0.1802716461  
-0.4792791074  
0.4685997007  
0.2030252267  
-0.2608127928  
-0.5165752806  
-0.4082342823  
-0.4649375239  
0.720696624  
-0.2139200868  
-0.5845539505  
-1.040572963  
-0.7440300688  
0.4161167296  
0.7635816426  
0.1999346225  
-0.152667416  
-0.0108802174  
0.6509031461  
-0.1574758042  
-0.008499074416  
0.1769467261  
-0.4202633832  
1.658247036  
0.3071008397  
0.4272719061  
0.4344451716  
-0.1066092635  
-0.458985609  
-0.1578779189  
0.1041173289  
0.4541058786  
-0.5298882351  
-0.2419521079  
-0.3014674764  
0.3120799794  
