1.091752887  
1.064547866  
1.058739143  
1.5404691  
0.8463200311  
1.630221355  
1.927751307  
0.8751196675  
1.622003977  
1.734894672  
-1.302760071  
0.5363023189  
-0.591908896  
0.7485691085  
0.9856377427  
-2.165991523  
0.113155555  
-4.746222073  
-2.690668408  
-1.156466391  
-2.307841205  
-1.072131781  
-3.810293786  
-1.807212536  
-4.957192232  
-1.778812241  
0.002750383024  
-0.7063276063  
1.328268638  
-1.273761807  
0.7840320972  
-1.670650442  
0.2541127561  
1.215706659  
0.02307369763  
1.377377658  
-0.1384790527  
0.7852781999  
1.11649527  
-1.25719992  
0.6155204947  
0.1856686633  
0.007264452629  
0.257501552  
-0.5734853667  
0.4752600756  
0.1220864682  
-0.06491261809  
1.149731334  
0.3249840819  
0.5730198808  
-0.15943092  
0.1292858627  
0.6178940719  
-0.02483148743  
0.009941036623  
0.06594606174  
0.4052222361  
0.3574855893  
-0.7135491262  
0.5432939043  
0.003763116991  
0.4109630965  
0.2875205115  
0.3567856672  
0.4950919274  
-0.3661860612  
0.5882894977  
0.1109653315  
0.1996852778  
0.385297423  
-0.3748074343  
0.5454385631  
-0.1495752899  
0.1327301172  
0.3821066649  
0.05449303584  
0.5710744673  
0.06823141294  
0.1879022981  
0.4103484102  
-3.355342753  
-0.1401013689  
1.755479762  
1.354367129  
1.880001672  
0.6905866767  
1.460469362  
0.669045789  
0.3171127492  
0.6400786855  
1.697776294  
1.406777153  
-0.5530197871  
-1.227026562  
-1.054565539  
-0.4976262259  
-0.440192294  
-0.8870276925  
-1.008001608  
-1.675889507  
0.3879049911  
0.1800765666  
-1.090366703  
1.332364452  
-0.001737838487  
0.5917093944  
0.8756958258  
0.2262127025  
0.3028628656  
0.2059267947  
-2.496548701  
-0.1475620935  
-1.400260056  
0.1901541484  
1.391465718  
0.1716649218  
0.9164728754  
-2.498244055  
-1.013193268  
-0.1308234398  
-1.976300824  
0.6096141021  
0.2435336308  
0.5208918405  
0.2088942345  
-0.6985218069  
0.2005923473  
-0.7615615593  
0.2937541014  
-0.08033898471  
-0.4992486993  
0.3920484926  
0.04611484895  
0.08890746021  
0.09080386111  
0.5958733076  
0.1605334842  
0.04993831261  
0.03604284084  
-0.5882456811  
-0.05067172181  
-0.1622567063  
0.02094392104  
-0.6565388026  
0.04699724636  
0.7153716219  
0.01207737604  
0.1565425677  
-0.2183107258  
0.1952060578  
0.2871497061  
0.1639563687  
0.8816516381  
-0.5356751513  
0.06508441041  
-0.2570733648  
-1.535012847  
1.196233435  
1.316346677  
-1.558100068  
0.4959084231  
0.001964138262  
0.617141046  
0.9347379523  
-0.1914823617  
0.531474798  
0.1627622063  
-0.6135637011  
-3.600652152  
0.3324959477  
-0.4450787084  
-0.8706765507  
0.5425800153  
-0.07805806308  
0.724646795  
0.09807059119  
-1.377241883  
1.17623763  
-1.227468268  
0.8793500482  
1.440123048  
-0.9251682679  
1.659186483  
0.3189229111  
1.240043352  
1.639484839  
-1.004458019  
-0.2373860105  
-0.06079073716  
-0.06351220871  
0.2903450203  
-2.015062443  
0.9265170817  
-1.02069267  
0.142258548  
1.123340428  
-2.104893095  
0.7357915863  
-0.2619331527  
1.434127721  
1.729349558  
-1.262818606  
-0.199363958  
-0.45123191  
-3.932801694  
0.5653022373  
-1.583671855  
-0.02753637394  
0.8473586588  
-0.5813351489  
0.5449821187  
0.2573634082  
-0.5320456526  
1.008678404  
-1.168535427  
1.233123235  
0.6452501776  
0.6819164616  
0.6581844748  
-0.8052831683  
0.5356627739  
-1.115650025  
-0.1257413632  
1.045660871  
0.2128203231  
0.5678070342  
0.109324907  
0.3714433528  
0.7195656414  
-0.2232167486  
0.4596668013  
-0.02155379175  
0.343397081  
0.7019498682  
0.2016796813  
0.3493535614  
0.1037660911  
0.3891139206  
0.4824279416  
0.1349837531  
0.5852157371  
0.003994127895  
0.2793450064  
-0.3927607948  
0.4054867698  
0.6797847831  
-0.6671662065  
-0.01061588661  
-0.2070425671  
0.2402164601  
0.8812860986  
-1.811220777  
-0.6601746989  
0.269834833  
-1.639173433  
0.9047939029  
0.4911108122  
0.727973004  
0.67110276  
-2.105096606  
0.6872186615  
-0.9257771838  
1.031838698  
0.6587434686  
-0.1402208759  
1.237305059  
-2.205402014  
1.288303522  
-0.6760993931  
1.092634839  
1.290947807  
-1.323864137  
1.22945761  
0.1078910284  
-0.345424017  
1.524206794  
-2.028620209  
1.030511742  
0.4169368965  
1.112071813  
-0.9075567919  
-0.4688500101  
1.158662096  
0.4356639919  
0.7088364369  
-1.373598759  
-0.4778269507  
0.3017769011  
-0.4147762444  
0.03679148601  
-0.4920511369  
0.005401622655  
0.1535509328  
-0.5443097809  
0.3641557311  
-0.4865996494  
0.2086487953  
-0.3410385489  
-0.2008247022  
-2.200549705  
-0.215130915  
0.2367837789  
-0.1883194492  
0.3142976375  
-0.1207069301  
0.4628877572  
0.4787782199  
-0.4480013077  
1.240196507  
0.1820038189  
0.6479877421  
0.2812649329  
0.06558920567  
-0.2326100831  
-1.675789973  
1.375236571  
-1.69389994  
-0.05526889852  
0.2259971924  
-1.121391839  
1.04332953  
0.1285932135  
0.1733594405  
0.3945080095  
-2.716429319  
0.4573383139  
-0.6588098961  
1.310422108  
0.2951227424  
-1.374994222  
-0.03127819971  
-1.112073439  
0.3936732665  
0.1045531067  
0.1781942409  
1.236762307  
-2.072644716  
1.743028221  
-0.7882772951  
-0.773669479  
0.3020047619  
-0.7537906389  
0.7765747991  
0.5255322906  
-0.7399951516  
1.292866968  
-0.002836781777  
0.8618383528  
-0.0005104710011  
0.09076158658  
1.29435799  
0.4103137083  
0.2608275204  
0.1564524577  
-1.489563642  
0.266997744  
-0.5732226787  
0.6500818496  
-0.2015720467  
0.08140563845  
-0.1907218398  
-0.01931959518  
0.1613954649  
0.1193290938  
0.588880167  
0.2444467648  
-0.1483722616  
0.2136444381  
-0.7318872182  
-0.2918377913  
-0.4521984393  
0.1873195446  
-0.141032867  
0.02771759438  
0.1333716941  
-0.1686081263  
0.07370094903  
-0.268062614  
-0.09268865618  
-0.12554058  
-0.3080820515  
0.5204103622  
-0.6337057044  
0.07496250669  
0.2612572649  
-0.5314117725  
-0.1114777791  
-0.2272183448  
0.01803574821  
0.4616433225  
0.3828184229  
0.2336450342  
0.06492443824  
0.5051301442  
