-3.985581192  
-3.880889002  
0.3127884326  
-0.381489958  
0.5218480924  
-0.4394671733  
0.1710829735  
0.9924503949  
0.2268503577  
1.398096418  
1.994477058  
1.166867242  
0.1154686973  
-2.262559342  
0.2287665944  
1.206400264  
0.7691488694  
0.5275690172  
0.7965886241  
1.352870987  
0.9383681622  
-0.2629814051  
-0.9014674106  
0.7706662734  
1.206430275  
-0.1385616688  
1.654643221  
0.5794841041  
0.09791614404  
-0.2140953766  
-1.189014256  
0.8987685787  
0.3210301045  
0.06602806333  
1.379431728  
0.6625772079  
1.006589221  
1.589554467  
1.022822872  
-0.1882054803  
-0.4052045523  
-1.527095989  
-1.925110487  
-0.8670681699  
-0.424248086  
0.07493625772  
-1.046679139  
0.06334548802  
-0.2110662542  
-0.14817159  
0.1996872753  
-0.1334914037  
-0.8906913915  
-1.209918178  
-0.928851122  
0.8274241705  
-1.017165952  
0.5753838936  
0.469612555  
0.4035549291  
-1.166420797  
-0.5330245544  
0.612616014  
0.5703282773  
0.5872484291  
0.2866164052  
-0.2553995572  
-0.6747505288  
0.4797770972  
1.48711028  
1.807929207  
1.142172426  
-1.390198541  
-0.256112008  
1.363755305  
-1.172226168  
1.43897863  
1.458215703  
-0.4558089612  
0.8612246448  
0.2779493416  
1.698314533  
-1.667533377  
0.1141321619  
-0.2059391461  
-0.2537712103  
-0.5029417372  
0.6141443171  
-0.5653632661  
-1.047715522  
-1.25584462  
-1.192282665  
0.2695470188  
-0.3593927764  
-1.781667938  
-0.6346882114  
-1.583107213  
0.3378696419  
0.3125322879  
-0.01852013226  
1.03834447  
0.5590438585  
2.117773541  
1.444626262  
0.8498482379  
1.221675649  
-0.434562404  
-0.8463451319  
0.1126136205  
-1.354160249  
-0.4915023895  
-1.023985193  
0.2787336783  
0.6942899748  
0.5568416459  
-0.7512268662  
-1.398511291  
-0.6000682974  
0.308094917  
0.5658444882  
0.9394118524  
1.306736228  
-0.06357860029  
0.2697209043  
0.1232811975  
-0.946547374  
0.3937380523  
-0.2063198072  
-0.5135877589  
-0.540887957  
-0.1970158155  
-0.4869987808  
1.231940441  
-0.5678941588  
0.8718295274  
0.8357175551  
-2.118336185  
-0.413106615  
-0.1896508617  
0.9773267087  
0.4005033352  
-0.5335016624  
1.434398185  
0.344399176  
0.2615350291  
0.6650850558  
-0.1182444342  
-0.001442696271  
-0.5732624488  
1.503083738  
0.702350983  
-0.5155678308  
1.236296829  
1.37255117  
0.6218483334  
0.4568351659  
-0.5815555238  
1.525657559  
-0.4293936122  
-1.95819322  
-2.533855755  
-1.060649895  
0.7659888692  
-0.3672102176  
-1.515714321  
-0.386465911  
-0.4141192258  
-0.9303293714  
-0.4169883312  
-0.3066730701  
0.5161826191  
-0.2862274909  
0.07807140506  
1.651432139  
-0.2835703481  
0.5654249764  
0.7285661232  
-0.9672782041  
1.084935525  
1.397980051  
-0.4381790946  
-0.186334821  
0.6877347201  
-0.8060557972  
1.095817604  
-0.9161388472  
0.2955420515  
1.37340234  
-0.3906067072  
1.737616667  
0.7864356193  
-1.098887227  
0.8538802637  
1.132456172  
-0.7098031232  
-0.1217037197  
-1.300763216  
0.6123306662  
-0.6956309535  
-1.462473767  
-0.79717954  
-0.9917608864  
0.9741597755  
-0.6811718539  
-0.4083485595  
-0.3657363226  
-0.7714582942  
0.6322487207  
-0.0107954902  
1.94092223  
-0.5608954582  
-2.507665404  
-0.8425712914  
-0.5871891436  
1.801250651  
-0.7171566155  
0.8935894671  
2.2072386  
-1.854538475  
1.198962284  
0.2505611283  
-0.3067426444  
-0.1785726527  
-0.1066972167  
1.14609847  
1.39944582  
-0.2638471948  
-0.3477572367  
-1.447609828  
1.024613053  
-0.2347963935  
-0.2307664303  
0.5361687392  
1.269961886  
-1.586148132  
1.101387628  
-0.6329631758  
-0.7696716566  
-0.0732951569  
0.8696065273  
-1.955583565  
-0.1252061491  
-0.9618081469  
0.9230784041  
2.119187954  
-0.1059039893  
-0.8952413199  
-0.5237253471  
1.2769388  
0.4142823854  
0.3026489072  
2.84112489  
0.2429967432  
-1.423808884  
0.2850420154  
-1.4145129  
-0.9708729751  
-0.5757695576  
-0.2665972292  
0.8918477583  
0.09352621695  
-0.2803387373  
3.146174062  
0.560873591  
1.983217062  
0.0878247797  
-0.4354071031  
-0.33334968  
-1.103600817  
0.7672120675  
-0.416999365  
1.161534043  
-1.108479017  
-1.063472774  
-0.7813827612  
-0.1691556824  
-1.098959098  
-1.566486964  
-0.9565506793  
2.257604772  
0.4704869068  
0.3591950469  
0.8536491793  
1.1204644  
-2.714904322  
-1.334310698  
-1.238341059  
-0.7616763616  
0.3675387638  
-0.9930780946  
1.054916355  
0.3013413979  
-0.8740998768  
0.6854102507  
-0.2032311474  
-0.8745539369  
0.4224939419  
1.616040589  
-1.137634953  
-1.190691946  
0.1857883258  
-0.8981553316  
-1.545423945  
-1.219273897  
-0.2983980333  
-0.9101928754  
0.005838619615  
-1.200642409  
0.8564458611  
0.6347643817  
-0.8627840458  
1.197105018  
-0.1132701841  
-0.1681257504  
0.5243866274  
0.784140161  
-0.06681651283  
0.7358426715  
0.1707456112  
0.150323333  
0.6686818887  
-0.06695576355  
0.2972376537  
-0.01762848604  
-0.3755247373  
-0.5387230095  
-0.9574094602  
-0.2372286666  
0.3664941467  
-0.7233718169  
-1.097726808  
-0.3132186409  
1.206871037  
-0.4574206138  
1.299878096  
0.4742726001  
1.244119016  
0.1001894553  
1.412242282  
0.6602447561  
0.6576058966  
1.191084643  
0.6756650426  
1.544660481  
0.4466743659  
1.117672589  
0.6458021634  
1.006818275  
-1.025624288  
-2.510901211  
-1.551222956  
-2.049969722  
-1.046195801  
-1.024532005  
-1.52562799  
0.08973012263  
-0.4832355754  
-0.998717398  
-0.620743189  
-0.5068596112  
0.9318828768  
-0.7933505217  
-0.1819284272  
-1.299067223  
-0.8618127942  
0.1617484236  
-0.5479010546  
0.9347292286  
2.622053211  
0.7838352749  
0.4766835522  
-0.3777548208  
-0.8125924163  
-0.5476898837  
-0.7201930375  
1.398243687  
0.4722969757  
-1.030133294  
-0.3616872103  
0.2443135085  
-0.05711476171  
-0.256072359  
-0.7459845167  
0.5776521382  
0.1514238506  
0.4432292632  
-0.3560488122  
0.2784319765  
0.08575838551  
0.5248528863  
-0.08939165204  
0.2438771004  
-0.4655290184  
-0.1418880405  
-0.9060792419  
-0.5442713889  
1.361530385  
0.8772733139  
0.4340199037  
-0.9130364274  
-0.2542708733  
0.02899767296  
-0.1620196862  
0.07591980612  
-0.4417219496  
0.5608572931  
1.005470914  
0.1366620508  
-0.3009231927  
-1.19735736  
