0.1047877358  
0.05992497535  
-0.1887731365  
0.5150707931  
-0.1573666222  
-0.05786740689  
-0.1482351506  
-0.2179631794  
-0.1533348927  
0.4359787298  
0.3391654205  
-0.2637027882  
-0.2653912919  
-0.6438274976  
0.2053494595  
-0.2134877579  
0.3799842247  
0.6669145313  
0.5658626851  
-0.4724034328  
-0.5486634172  
-0.06932577235  
0.4673972222  
0.04589298455  
-0.01759674984  
0.6186749002  
-0.682519994  
-0.6596642324  
-0.4690989569  
-0.2135086439  
-0.1131244939  
1.335725875  
-0.4809588138  
-0.6818456772  
-0.4412348508  
-0.4680789005  
0.479374631  
0.3248191246  
0.1252542159  
0.5662846557  
0.6126336801  
0.9443498806  
1.518925477  
0.9588781892  
-0.4480778283  
-1.0496753  
-0.2375045642  
0.9933080761  
0.06766247485  
0.1491438617  
-0.3068580696  
-1.240008048  
0.261528743  
0.2177583794  
-0.08755131767  
0.1991038766  
0.537572326  
0.563911459  
1.096694613  
1.30697876  
0.485425348  
0.7051933661  
-0.1384503026  
-0.4551184771  
-0.9921674539  
-1.499907371  
-0.6932538076  
-0.1399922595  
-0.6854184722  
-0.4622476062  
0.276822716  
-0.6328458163  
0.2356879216  
-0.4732452293  
-0.03104803126  
0.05393026415  
0.8237405689  
0.9560184522  
1.715531779  
-0.1782441708  
0.335396996  
-0.1160327599  
-0.5325984192  
-0.266849632  
0.3114369519  
-0.0883826705  
0.774275002  
0.3560593594  
0.2889875476  
0.4177986998  
0.5659775402  
-2.863434322  
-1.466784683  
-1.289648611  
0.02070321827  
-0.4357161739  
-0.4833341058  
-1.016272306  
-1.024539516  
-0.7181769604  
-0.07958413866  
0.1464392322  
0.1545654368  
0.7329975528  
-0.03810773343  
-0.0756451087  
0.08799108669  
0.3746849922  
0.009040198254  
0.1616958153  
0.4770136623  
0.1675381396  
0.4614024295  
-0.05498082223  
-0.4918910735  
-0.3250634853  
-0.5300994138  
1.07927677  
0.04785218894  
-0.8166685294  
-1.271820742  
-1.081783555  
-0.06462990859  
0.3447791298  
-0.2636251628  
-0.12991153  
0.07138865171  
0.6288022871  
0.9398146184  
0.2230291672  
-0.0651941459  
0.01485705463  
0.373117687  
0.6293388998  
-0.04265279927  
-0.5028830707  
-0.08028370401  
-0.2388221043  
0.5079593014  
-0.06888885847  
-0.06887891786  
-0.2256927048  
-0.09028785568  
-0.2377409731  
-0.3663418046  
-0.05275223515  
0.1634155051  
0.1747987559  
-0.2346876002  
0.00846514233  
0.3272516432  
0.02501380882  
-0.6898012107  
-0.05123177959  
-0.9949582583  
-0.1892181591  
-0.04952012413  
-0.5281275479  
0.00235705971  
-0.1690396542  
0.06838890721  
0.3926873299  
1.309140186  
0.5308437664  
0.3343174397  
0.1551762697  
-0.06917014819  
0.4430026313  
-0.2130278108  
-0.3928001782  
-0.1314309832  
0.303969394  
0.5227596781  
1.02013229  
0.7479292633  
0.3612217595  
0.471888156  
0.9099389435  
0.09106877303  
0.5171024812  
0.6793359415  
-0.2154959902  
-0.007643121337  
-0.05427957098  
0.3680314504  
0.7659313555  
-0.226028195  
0.07590920502  
-0.06737814146  
0.3656092277  
0.8109046243  
0.727956019  
0.498365234  
0.8598276386  
1.238568149  
-0.9549967228  
-0.009900107559  
-2.010056796  
-1.890020354  
-1.378975188  
-1.207129239  
-0.6904617336  
-0.02959769539  
0.04214815187  
-0.4877973373  
-0.7754633327  
-0.1134516834  
-1.480965367  
-0.4024342786  
-0.1750561868  
-0.1005438  
0.2524542405  
0.2484252788  
0.3161183991  
-0.03619707494  
-0.8387375727  
0.05595602924  
0.4580782612  
0.7831520947  
0.1793779591  
-0.9246120604  
0.2910607194  
-0.4419503249  
0.831576721  
0.7835739593  
0.2155168567  
0.8154354531  
0.2821410132  
-0.1895590198  
-0.07627833455  
-0.4761855616  
-0.4096302976  
-0.3647829345  
-0.3366178398  
-0.4670379905  
-0.2273188741  
0.1627689386  
1.069601216  
0.1284686926  
0.4750436145  
0.03850363973  
0.3773226449  
0.6048182874  
0.1344504822  
-0.1704490324  
0.05986969062  
-1.110390433  
-0.3753759354  
0.3941458099  
-0.2381753149  
1.111417712  
0.4861820329  
0.03889238809  
-0.1243853257  
0.3257874137  
0.7788758338  
0.3234353756  
-0.135981348  
0.1047549365  
0.2934020181  
-0.1001187015  
0.4234989871  
0.7967938225  
0.3320093271  
0.1316025803  
-0.2530962657  
-0.8548248493  
0.1966263394  
0.3989868847  
0.7413197125  
0.9625108319  
-0.1129023742  
0.1523664827  
-0.7385557913  
0.2346610729  
0.450727071  
-2.038843647  
-1.123089719  
-1.593915816  
-1.196266044  
-1.067521652  
-0.715122862  
0.005231318101  
-0.06171427416  
0.5233826816  
1.279300404  
0.08255107127  
-0.2895522098  
0.3134989473  
-0.4384128467  
-0.2395977437  
-1.220033915  
-0.3376782118  
-0.8447045058  
-0.1991588955  
0.1758656479  
0.6266537694  
0.4553063361  
0.1372322695  
0.8979546994  
0.8884508408  
-0.2504663989  
-0.2597876536  
-0.1274899619  
-0.4261887787  
-0.190555136  
0.5525996047  
0.04088319641  
0.03908997427  
0.197270076  
-0.2251924508  
0.4062685143  
0.4732578135  
-0.1345334715  
-0.5040770538  
-0.115861632  
0.1263269901  
0.3589484047  
0.6284555713  
0.1980989804  
0.9503567767  
0.01698493857  
-0.3984178345  
-0.475211866  
-0.7000788515  
-0.4013875637  
-0.8034896024  
-0.5166895431  
-1.818055861  
0.5303822772  
0.2879094754  
1.204110225  
0.6819837121  
0.9382622649  
0.5156117412  
0.1384854568  
-0.05364959875  
-0.3266616349  
-0.06104985015  
-0.1409862878  
0.5204466423  
0.2162964264  
-0.3366005467  
0.5089420745  
0.1441142353  
-0.08272932008  
-0.0003100732679  
0.1687564294  
0.1501533053  
-0.4175530195  
-0.1424405998  
-0.4626774724  
0.4101287011  
-0.2005538385  
0.8194077935  
0.009688363812  
-0.1990363317  
0.570376392  
0.3314549614  
0.08233889158  
0.7560040934  
0.1375952365  
0.1384349054  
-0.6877819703  
-0.002416662076  
0.05443765257  
0.01479088729  
-1.077467722  
-0.1391669126  
-0.1754215869  
0.1652730952  
-0.7848265247  
-0.4298650481  
-0.9006149522  
0.1610975216  
0.2032558456  
0.02226392588  
-0.462939265  
-0.2556043274  
-0.03537860695  
0.2524509231  
-0.720523688  
0.7142250409  
0.766316482  
0.6861296449  
0.1977971335  
-0.0763717434  
0.2830039279  
-0.1062232831  
-0.1242676416  
-0.4684990143  
0.2367154799  
-0.7788097015  
-0.7676657263  
-0.3347051558  
0.5681618978  
0.7414441348  
0.6186507234  
0.2786859974  
0.914850682  
0.5071250431  
0.954452903  
0.4017201851  
0.5410942425  
1.017425425  
0.6425114036  
0.2621962403  
0.03059848831  
0.5558455471  
-0.2100947193  
0.6075057843  
-0.2554397495  
-0.9427660095  
-0.371611913  
-0.2812108058  
-0.4075652588  
-0.6703468905  
-0.1185662591  
0.2550020089  
0.2648190762  
-0.1739397108  
0.434060709  
0.5525706546  
0.7163737449  
1.780725956  
1.916082163  
0.1592808919  
0.2204150004  
0.923860822  
0.755162563  
0.543603884  
1.018958743  
1.359161644  
1.619955559  
1.261335964  
1.400704427  
1.008075881  
1.468392294  
0.9873637395  
0.7635775775  
1.458400887  
1.670801028  
1.80118306  
1.000381169  
1.831466793  
1.01526571  
0.7657165561  
0.8444040053  
-5.745208794  
-4.799386548  
-4.043996487  
-3.407659394  
-2.365845682  
-1.192816866  
-2.088668802  
-1.923500701  
-1.506659018  
-2.473437298  
-1.555730158  
0.5898580522  
-0.734910949  
-1.641502477  
-1.072462145  
-0.5565181868  
-0.4854466425  
-0.8764805745  
-0.3935936113  
-0.5117297925  
0.3884217524  
0.1083082725  
0.5958747482  
0.9998749754  
0.746986114  
0.1700170326  
0.5550073716  
0.4664189912  
-0.3259285363  
-0.4394704261  
-0.3452957621  
-0.6398470192  
-0.4391227792  
0.4812022381  
-0.04607565937  
0.3608402824  
0.0976608434  
-0.1990802547  
-0.2151515126  
-0.1789974984  
0.1453503163  
0.3255221771  
0.3718539599  
-0.7663038646  
0.37816612  
0.1337362964  
-0.1386353076  
0.5206338304  
-0.2206774546  
0.162108828  
-0.1845344408  
0.377331573  
0.105380502  
-0.5328890691  
0.2483938941  
1.139118701  
0.1987621797  
0.03940318758  
-0.3326838647  
-0.2302372423  
-0.329834701  
0.3166361755  
-1.210010487  
0.3927460354  
0.5260465965  
0.7764138357  
0.590510946  
0.1504858281  
0.4022079676  
0.7108789119  
0.9361401165  
0.6897585667  
0.5820641217  
0.6559502622  
0.09042382868  
-1.919776585  
-0.8971275392  
-1.03357761  
-1.343484697  
-1.074782103  
-0.1845431165  
0.07276393762  
0.3124430937  
-0.2009359684  
0.4258376477  
1.370792129  
1.328670528  
1.023966432  
1.340131195  
1.000643254  
0.4067247511  
-0.4585327245  
-0.4615348369  
-1.837095529  
-0.392951234  
-0.8627497563  
-1.079893806  
-1.101534832  
-1.091182989  
-0.282553903  
-0.333468468  
-1.117894675  
0.01130145513  
-0.2999229503  
-0.9564970619  
-0.7375438702  
-0.005448399374  
-0.7957475502  
-0.5958536125  
1.01072851  
-0.8661680867  
0.2382551581  
-1.050028287  
-0.3699738713  
-0.1082649949  
0.02919753477  
0.1202506273  
1.359303465  
1.047626851  
0.3675000121  
1.004451804  
0.9670078042  
1.644179073  
0.4508582672  
1.779263604  
0.8584065704  
0.9871359229  
0.8554270618  
0.5138661229  
0.1144564282  
0.3584413043  
0.09916681499  
0.6688045613  
0.6185246658  
0.2945098292  
-0.6248390503  
-0.3124254661  
-0.8267344468  
-1.181511733  
-0.8254646521  
-2.8285993  
-2.524233799  
-2.352109857  
-0.1181294259  
0.3393055987  
-0.6126606189  
-0.1649893932  
0.6854196249  
-0.1492395816  
0.2950044247  
-0.3845868106  
0.1410296853  
0.8572207192  
0.07025487946  
0.06597566116  
0.7851292646  
0.9043165619  
1.031517719  
1.477783593  
0.5005614807  
1.781777645  
1.612317337  
1.034432124  
1.35896072  
1.211094443  
0.1338496926  
0.01339896116  
0.529331942  
0.6459444001  
1.319644874  
0.6803573053  
-0.02261193093  
0.3118031852  
0.5339324007  
0.09336067352  
0.504042404  
0.3629978521  
1.651942478  
1.086149925  
1.560976291  
1.284748219  
1.831536359  
1.828623845  
1.947178525  
3.054543474  
1.885842689  
2.184872049  
1.014427082  
1.16349901  
1.118056833  
1.151338652  
1.19422198  
1.914686617  
1.429975678  
0.8696572518  
-7.506889553  
-9.948644996  
-10.41424523  
-5.078668977  
-3.289363432  
-2.019552394  
-1.668400335  
-1.969344326  
-1.919914679  
-2.061494566  
-2.158588461  
-2.254998946  
-0.90121918  
0.3824727663  
-0.4037932517  
-0.02808353263  
-0.5330837446  
0.2828739263  
-0.8400901308  
0.1201840645  
-0.6143838256  
0.5262656361  
-0.3134400787  
-0.4327359579  
-0.2035392221  
-0.6231837166  
0.2196905709  
0.06496550934  
1.380740447  
1.036853795  
0.8201205818  
0.5988574031  
0.003436388207  
-0.4719587524  
-0.09776194969  
0.2393973085  
0.09849249277  
-0.9799135232  
0.09780426036  
1.317656675  
0.599589294  
1.417173578  
0.7833459152  
0.4444980138  
0.6464534416  
0.4511108093  
0.9749216588  
1.359417097  
0.5110038723  
1.356041243  
0.9262760294  
0.8783498345  
0.4199616901  
0.5643244082  
-0.3783682682  
-0.1326094034  
-0.4673332129  
-0.6218372219  
-0.6502807569  
-0.7136126404  
-0.451488821  
-0.02126523552  
0.3083412661  
0.7149281813  
-0.3614803205  
-0.8567602621  
-0.8180963546  
-0.3160232785  
-1.24628237  
-0.6416667273  
-0.339683701  
-0.6154832707  
-0.2405769589  
0.339777432  
-0.1851276975  
0.4541304717  
0.4429859121  
0.6644039609  
0.5496731761  
0.3916761646  
0.06191576813  
0.5967619465  
0.25278644  
0.07070349192  
0.6513624242  
0.02736239585  
0.4635014927  
0.2870453917  
-0.3236498074  
-0.2441926575  
0.1914092684  
0.1105956892  
0.2560893991  
-0.06180401699  
0.1252304526  
0.1762979264  
0.3663746724  
-0.1128853639  
0.2774930963  
-0.707839613  
-0.7641899131  
-0.09558923666  
0.450141015  
0.4738874545  
0.1857828688  
-0.234156354  
-0.3671010755  
-0.4142596087  
-0.8677973262  
0.5852931326  
-0.4611317608  
0.1987833312  
0.5992349526  
0.7270549301  
0.6515694058  
0.1436167551  
0.6349434205  
-0.6768502069  
0.538709294  
0.4216867692  
1.030582078  
0.6971747551  
0.1238951731  
-0.5999781047  
0.4933138298  
0.5193049901  
0.02016890344  
1.180028156  
0.3238857779  
0.7345735279  
0.3454366875  
1.212966752  
0.02798635826  
1.114995034  
1.085697904  
0.5339811441  
0.7616074479  
0.7998848561  
0.6049155541  
0.6493643009  
-0.4744058151  
-0.398522708  
-0.201642043  
-0.6172913958  
-1.717354788  
-1.342184129  
-4.081393672  
-1.667092683  
-1.084186345  
-4.392841745  
-1.009065499  
-1.383491887  
0.3186903275  
0.06747106138  
-0.133304237  
-1.040156796  
-0.09950552507  
-0.6243243568  
-0.2386578933  
0.003712796568  
0.1922095678  
0.3601503081  
0.2853969192  
0.4968548568  
1.014484251  
0.7824338287  
1.21711738  
0.751202428  
0.7481438865  
1.366151053  
1.062847858  
0.9412805002  
1.069972595  
0.5053997253  
-0.07183271321  
-0.3742034665  
-1.15983026  
0.3718251084  
0.3542049364  
-0.4281262077  
0.6951698474  
0.1904310467  
0.5153757313  
0.688421036  
0.3080069155  
0.552160162  
0.05423732642  
-0.2767071503  
0.3884950823  
1.032773705  
0.9206255472  
0.3380490278  
0.6604136314  
0.4627053521  
0.4588067974  
-0.4348214321  
0.1984500999  
0.09975582422  
0.561293373  
-0.8978266596  
-0.6316330884  
-1.120463151  
-1.296839345  
-4.275631789  
-0.663168696  
-0.5353367195  
-0.8628594098  
-1.265452044  
0.00494554326  
0.2260483333  
0.4420194708  
-1.854494327  
-2.868314019  
-0.9485828347  
-0.009733159119  
-0.2234428924  
-0.6581198168  
-0.9508281352  
-1.788715681  
-0.1420326776  
-0.4166345339  
-0.2885885063  
0.3035710035  
0.0113593139  
-0.03870904815  
0.6280763527  
0.3325767114  
1.215020141  
1.068376749  
0.3752369988  
0.2848178884  
0.7147800111  
0.1146077437  
-0.04462177412  
-0.0745884517  
0.3990279013  
1.006479656  
-0.2184751793  
-0.02678052166  
-0.692168128  
-0.563752163  
-0.0860664362  
0.0493043295  
0.09616532251  
-0.5074056583  
0.6747224848  
0.9657629623  
0.8269690745  
1.009493482  
0.5741759273  
0.5252391049  
0.4334973114  
0.9353724317  
0.4395325844  
-0.6234714116  
0.3344035695  
0.384958296  
0.7486755561  
0.3981057141  
-0.8041268981  
-0.7260336219  
-0.2150475431  
-0.08362287249  
0.1236778053  
0.04715978306  
-0.292250763  
-0.1795085239  
-0.6373947622  
-0.9601375084  
-0.6704879007  
-0.602161567  
-0.0552118029  
0.04988695806  
-0.004257034208  
1.199808985  
1.263771736  
0.3066949236  
0.5271911092  
0.2846958354  
0.9413724749  
-0.2783823749  
0.6380076249  
0.5774452432  
-0.2408423331  
0.5189939309  
0.2646123081  
0.114333006  
-0.2309347894  
-0.2098737965  
-0.7453078891  
-0.3453967496  
-0.8299322124  
-0.1941444032  
-0.7410209249  
0.115050565  
-0.5644217841  
-0.3054134558  
-0.09447544548  
0.6284326759  
0.886862272  
-0.7724363864  
-0.661834978  
-0.009502130088  
0.003651305503  
-0.3377300257  
0.3182111816  
0.4222120937  
0.1740590517  
0.3274828867  
-0.5520146253  
-0.5256681598  
-0.005543722238  
0.5751650296  
0.2175041835  
0.5514740397  
0.3619588127  
0.3352807442  
0.527742172  
0.5392625073  
0.6517687625  
-0.1425331015  
0.06152107556  
1.194361075  
0.7259866994  
-0.1512093692  
0.2471255933  
0.23987148  
0.1146221666  
-0.7100923025  
0.2701726632  
0.08247478631  
0.03844713512  
0.3941171988  
-0.3044109087  
0.8221147823  
0.2119547081  
0.7405006676  
0.4135461088  
-0.3184211523  
-0.1818790472  
-0.6023335751  
-0.3854145344  
-0.4060198575  
0.4500922736  
0.08912465653  
0.8922415697  
1.115773802  
0.4901293498  
0.3834224503  
0.305555869  
-0.3360571468  
0.5474235958  
0.02771361739  
0.2093783564  
1.151042825  
1.290678152  
0.2987215425  
-0.2483746264  
0.3638353262  
0.6219547895  
0.2493284674  
1.820147867  
1.149471491  
0.9082991845  
1.07698306  
1.125303016  
0.1086384101  
-1.3962485  
-6.984769495  
-2.333783037  
-2.043159453  
-0.5554446386  
-0.2860592161  
-0.7774262367  
-1.09999651  
-1.386357237  
-0.9106502997  
-0.385180352  
-0.8820680871  
-0.3195847065  
0.04548592585  
-0.06299466342  
-0.7129214339  
0.9647201055  
1.08473948  
1.360445499  
0.5113675224  
-0.8099473554  
-0.6102748236  
-0.4975062596  
-0.8423791751  
-0.8245710502  
-0.7803929255  
-1.020572903  
0.1723566313  
0.4840313885  
-0.4575834873  
-0.4331633676  
-0.1948858523  
-0.5605022181  
0.6152335354  
0.6014142726  
0.5670897074  
0.5030146978  
0.8538354221  
0.7102240959  
0.3616318731  
1.727146596  
0.7645979239  
0.2977545919  
-0.07410017353  
0.5139550004  
0.2561535444  
-0.1720986871  
-0.2725700495  
-0.7488096228  
0.03973272238  
-0.7918504896  
-0.09413830169  
-0.1225259543  
0.392236912  
0.1700956301  
0.1074800688  
-0.468827103  
-0.6405255198  
-0.7862846856  
-0.07974311248  
-0.2808064205  
-0.0418933097  
0.6159545217  
-0.07484754441  
0.1696108291  
0.2193271849  
-0.3547120798  
-0.3410362222  
-0.3504037466  
-0.3666440896  
0.1153553871  
0.3736909175  
-0.1673089772  
-0.09029974348  
0.9051016142  
0.2813724435  
0.7167677732  
0.02630671009  
0.5139914405  
0.04371236389  
-0.2546142231  
0.3624342526  
0.3281891  
0.2104976171  
-0.1750263396  
0.8351203275  
0.7720109361  
0.7951142882  
-0.4059463253  
-0.05036402763  
0.2495042963  
-0.1781041486  
0.2701393505  
0.5649591039  
0.3778467737  
-0.2594279079  
0.7597269216  
0.09655952748  
0.02569336293  
0.1464564821  
0.06042853569  
0.7135328734  
1.148676103  
0.7795064179  
1.00984876  
0.559635994  
0.8308033261  
0.4414263286  
0.838395827  
0.09180154083  
0.3896959861  
0.131719381  
-3.398746347  
-3.779420253  
-4.002125608  
-1.266408621  
-1.471105259  
-0.636728719  
-0.4719044945  
-0.3954296877  
-0.4927915544  
-0.09547994302  
-0.08777801111  
0.7634003054  
0.09936343336  
-0.3856546766  
0.4387507786  
-0.08075207731  
0.8991654074  
0.5814869134  
0.6580289265  
0.62857938  
0.9818616857  
1.041028246  
1.812139249  
1.130708538  
1.473994201  
0.8014360342  
0.3531004996  
-0.004098179959  
0.3839389299  
0.8616291654  
0.1276126034  
0.4097834951  
0.4639819823  
0.9478079309  
0.609374417  
1.740667416  
0.01806393469  
-0.5586332949  
0.3745893149  
0.6481954274  
-0.1796691163  
0.8940056475  
0.896842465  
1.784069739  
1.46509189  
0.674557043  
1.097756834  
1.02474852  
1.562247568  
1.170250248  
0.5573669753  
0.6704816296  
-5.04377091  
-1.715370531  
-1.836697883  
-1.352969702  
-0.2738685803  
-0.1149967702  
-2.395932379  
-2.474351839  
-1.690651462  
-2.85899156  
-4.783480998  
-2.054000585  
-1.541758915  
-1.574928723  
-1.99184998  
-1.37582944  
-1.884660552  
-0.1365162195  
-0.1578464209  
-0.634027024  
0.5585493525  
0.4426129483  
0.836946842  
0.3436186764  
0.06142200711  
0.2035744705  
0.6736983949  
-0.3781679038  
-0.2629184917  
0.06381591289  
1.30953571  
0.2756012717  
1.27602602  
0.3365755638  
0.6913058681  
0.5608745178  
0.4311293062  
0.2095352936  
0.5182336256  
1.706080052  
1.392120913  
0.6619748286  
1.21528554  
1.173557726  
0.3008532907  
0.09608179937  
-3.474156665  
-1.659729796  
-1.374495312  
-0.837413489  
-0.9983828412  
-0.401251411  
-0.5194652361  
0.621850645  
0.01288054213  
-0.5045165609  
0.5831715158  
0.1151305283  
0.3511412158  
1.032944233  
1.232602535  
1.711318192  
0.6468081465  
0.6753418143  
0.4735169119  
0.7175152354  
1.003340737  
1.80857982  
2.486925767  
0.9296166226  
0.9838267709  
1.248610986  
0.3061675324  
0.629641501  
-0.3526401447  
0.1933192231  
-0.3885175062  
-0.177099096  
-0.3291575775  
-0.462413811  
-0.1428737269  
0.4679144003  
-0.1693661404  
-0.1727173629  
0.1465151233  
0.3975274252  
-0.8020407825  
-0.175522467  
-2.958906387  
-1.477311502  
-2.470708001  
-1.482253419  
-1.624604477  
-2.359913959  
-1.452543761  
-0.95754158  
-1.132317885  
-0.5972050994  
-1.503158841  
-2.646358483  
-0.5811029966  
0.4765435977  
1.627455621  
1.640493424  
1.690782148  
1.812948014  
1.781608629  
0.6598818468  
1.05486974  
0.9448122373  
0.7736002314  
1.487256994  
1.245777562  
0.8002194875  
-2.94936927  
-1.120493152  
-0.004997865735  
-0.7125267427  
-0.7517373456  
-0.1148036304  
-0.8642522545  
-0.08928112388  
-0.05262551642  
-0.08996581094  
0.22708478  
-0.03235216685  
-0.4216975378  
-0.3732119111  
0.6070985546  
-0.08081018706  
0.2980296312  
0.366125914  
0.09763569436  
0.3229701018  
0.7478994735  
0.6389068839  
-0.5091949454  
1.470021971  
0.4256150166  
0.2690895683  
0.6777086912  
1.050560971  
-0.2026333178  
-0.5022167917  
-1.62542279  
0.0215314549  
-0.1837979872  
0.4384538515  
0.06953697837  
-0.2749862344  
0.2803580152  
-0.1507041461  
-0.4320525925  
0.4837063296  
0.4619304259  
1.094856995  
-1.341048153  
-0.417217043  
-0.7805093663  
-0.9065463943  
-1.312100643  
-1.088114468  
0.07011369248  
-0.5171395302  
0.005752399627  
-0.414842773  
-0.3858569339  
-0.3470324391  
-0.3555953317  
0.2325941654  
-0.695709308  
-0.865866289  
-0.7657381065  
-0.9996238967  
0.650014753  
0.2658116621  
0.4179531426  
-0.2643742782  
-0.1323752471  
0.0254241905  
0.2151501576  
0.4369310697  
0.4384561952  
0.7255944248  
0.7129560382  
1.358275435  
1.633990096  
1.318816368  
0.3354886212  
0.2557918311  
0.7088528853  
0.3794235163  
0.6437773902  
0.5745064302  
0.5538987921  
0.4134251566  
-0.3621052528  
0.5879127066  
-0.0138386979  
0.0646795747  
-0.1721764467  
-0.2238831397  
-0.752492567  
-0.2146621024  
0.09326711291  
1.199103837  
0.3976321873  
0.2571100427  
0.2120368217  
0.7464898447  
0.6166184254  
1.63185904  
0.6873906854  
1.947123752  
0.9394916648  
1.479891452  
1.312531807  
1.093997027  
0.8767958543  
0.5925028941  
-0.008403078974  
-1.465501657  
-1.542486904  
-0.9291215108  
-1.341718998  
-0.2974548008  
-1.004086881  
-1.458716421  
-1.489238231  
-0.8084087527  
-0.3335619407  
-0.8153700464  
0.1479264255  
-0.6824558085  
0.4269911558  
0.7609323373  
1.338011135  
-1.901899017  
-3.473894093  
-0.7501429407  
-0.9016029841  
-1.029692041  
-0.09765525585  
0.4258606167  
0.2724679758  
0.8825962587  
0.9497739987  
0.7450650322  
0.9092750564  
0.6437737129  
0.0573900676  
0.3066287565  
-0.06009965606  
0.9417063123  
1.035027241  
0.3030860289  
0.8097748518  
-3.918106741  
-1.15742053  
-0.552780272  
-0.4306834189  
-0.8339520479  
-0.3397387151  
-0.5984589265  
-0.4613942675  
0.0210659281  
-0.5174000881  
-0.1336908484  
0.5396004538  
-0.267887832  
-1.193411401  
0.01887641879  
-0.08221869127  
-0.407121282  
-0.1624935652  
-0.5102633133  
-0.5574846092  
-0.500390252  
0.03269636779  
0.1463511444  
0.06041851309  
0.317361204  
-0.005187250164  
0.4190866897  
0.419794648  
0.07455632713  
0.009135019003  
-0.1595856275  
0.7279106615  
0.04139582337  
1.394484555  
0.4820934289  
0.6273538179  
0.3281965246  
-0.03393917104  
-0.468298011  
-0.4012593183  
-0.8707503003  
0.005076602128  
-0.1483233792  
0.05232539827  
0.06179174631  
-0.07751218119  
0.6353261921  
0.4377874472  
0.3429732839  
-0.2517933333  
0.2972150491  
0.3506384017  
0.8196691289  
-0.1765631443  
0.05830050459  
0.5850332399  
0.2370345333  
2.023936003  
0.5922646882  
-0.01132438995  
0.6939728195  
0.1834046838  
0.2214428886  
0.09980061418  
0.4408956718  
-0.579901315  
-0.7140079625  
-0.7857497757  
-1.007065673  
-1.182340551  
-0.3650642831  
-0.4041395679  
-0.1192579782  
-0.2520412287  
-0.5506444891  
-0.3638750358  
0.306319682  
0.05360093744  
-0.1707940354  
0.4846044627  
0.2537142985  
-0.1242937555  
-0.7536629091  
-0.04429317859  
-0.215329508  
0.5857018286  
0.2692761476  
0.6032885586  
0.4056617389  
1.055430587  
0.7286922624  
0.08035982771  
0.7511229121  
1.068694736  
0.3199449168  
-0.03983138009  
-0.2602651859  
0.5654438236  
0.04864964199  
-0.599301613  
-0.3810960425  
-1.06184312  
0.1424458596  
-0.2127347854  
-0.5773870689  
-0.3859679671  
-0.4220798966  
0.04873116183  
-0.2125577684  
-0.3015370468  
-0.6581303578  
-0.503781672  
-0.01704619968  
-0.2629555881  
0.1966503271  
-0.0628687154  
0.2531330573  
0.3606024573  
0.4613881573  
0.2075976803  
0.94267759  
0.6384520865  
0.7794893675  
1.46951685  
-0.02363205802  
0.4886432295  
0.7228462333  
0.1560723639  
0.7185890704  
0.1443868205  
-0.6794961387  
0.77952973  
0.608155099  
0.7579980013  
0.6120194826  
0.6106854727  
0.5279387833  
-0.1057150997  
-0.02922751146  
0.4661981271  
0.9305386875  
-1.995771746  
-2.646091467  
-5.588631809  
-0.5404802938  
0.9899200516  
1.20514248  
1.111820546  
-0.241464327  
-1.51705352  
-1.264804569  
0.1486541678  
-0.2942970365  
-0.9738456664  
-0.3884688758  
-0.4380407492  
-1.412992959  
0.3720858876  
0.5348792119  
0.1575414681  
0.6466348388  
0.3051953406  
-0.5777384651  
-1.64059094  
-0.5327643102  
0.704580337  
-0.7212910504  
-0.003500444929  
0.1552153721  
-1.27514301  
0.2268573225  
0.4189517768  
0.1787954096  
-0.07121115318  
0.2357314588  
0.904075453  
-0.90585835  
-0.3454133255  
-0.3373747244  
1.019522584  
0.4467781183  
0.3581817601  
-0.1827643885  
-0.1641195191  
0.63915675  
0.9247584356  
0.561988276  
0.7714768722  
0.5444102535  
-0.1100625206  
0.3380478928  
0.2743167659  
-0.9851431464  
0.01851159772  
-0.6639348522  
-0.882961046  
0.2528482752  
-0.1820375511  
0.5341939822  
-0.3748485747  
0.1139675103  
0.03813636717  
1.38043  
-0.2508275838  
-0.2093837544  
-0.453955025  
-0.03378311753  
0.7685585892  
0.4359114644  
-0.546084087  
-0.3090824787  
-0.5292886667  
-0.4761624164  
-0.48593229  
-0.4369115686  
0.5260493475  
-0.2835787214  
1.429870556  
1.150506153  
1.5010594  
0.05367277519  
-0.4995301436  
-0.2878083994  
-0.1602716301  
-0.4894408402  
0.3147151753  
0.3085455683  
0.1698593847  
-0.5660818496  
-0.8256180678  
0.00634319578  
-0.4459744774  
0.4528336159  
0.3037987513  
-0.5230570131  
-0.3990499165  
-0.4427413678  
-0.3299411536  
-0.5314405008  
-0.3050349471  
0.3787160237  
0.1068155609  
-0.4535194743  
-0.3621566458  
-0.7117205132  
-0.1446604925  
-0.2539194383  
0.3250419759  
0.5024305214  
0.4305176071  
1.024643403  
-0.2189761919  
1.184330783  
0.3584462828  
0.333570635  
0.1223180725  
0.2230816201  
1.486127453  
0.2817865431  
-0.004706729069  
0.5443614521  
0.07698612897  
-0.4146256457  
0.2284360561  
0.1286902438  
-0.2554875096  
0.03334688792  
0.04929456339  
0.0849701826  
0.5092711679  
0.1502229505  
-0.2100977433  
-0.3178320702  
-0.1076902337  
-1.146213336  
-1.070961201  
-0.7690436967  
-0.6173904484  
0.248024325  
-0.1862481327  
0.04688260961  
-1.199148334  
-0.07809437276  
-0.1567589911  
-0.02286232646  
-0.7063886503  
0.1812230978  
0.05329546329  
0.5554440382  
0.05007662141  
0.6584896081  
0.9118930407  
0.06899998346  
0.9766511028  
0.08906900358  
0.1316704773  
0.1435830946  
-0.06392074384  
0.5865527022  
-0.04893912094  
-0.03755565951  
0.2794325564  
0.05806492124  
0.03937774626  
0.2533293471  
0.7751781636  
-0.002357376271  
-1.153813996  
-0.5105010107  
-0.2518791024  
-0.2457891552  
0.3331783902  
-0.1636476135  
0.09161707854  
0.6310093801  
-0.2951736691  
1.152993584  
-0.2496828678  
-0.3110041436  
-0.08152258609  
0.3063641426  
0.1444481742  
0.1737972743  
-0.2163850646  
-0.3647485518  
-0.2439342415  
0.195035784  
0.3745601128  
0.4636604582  
0.5472454739  
1.362695544  
0.8482379143  
0.5822774123  
0.6773104817  
0.3034432135  
1.134722587  
0.2576330112  
0.3627100533  
-0.1331115427  
0.2055022522  
-4.91665337  
-3.140396105  
-1.677377187  
-1.897774363  
-1.378256982  
0.5513852342  
-0.941236245  
-0.03497856877  
0.3150861293  
0.2669654196  
1.022590314  
0.7366899922  
-0.139486388  
0.4600487249  
0.0668145888  
0.4498749196  
0.9543370633  
1.127817848  
0.5399189926  
0.4093921242  
0.6560344134  
0.8479263281  
1.933899093  
0.7247743903  
0.8079479904  
0.319638839  
0.3673703973  
0.761943552  
0.6832170428  
-0.1361164985  
1.223141156  
0.7832523197  
0.3214421723  
0.328372181  
0.1016040418  
0.1818841911  
0.8464318124  
1.608953719  
0.6129275452  
1.352605332  
1.661917428  
1.085813687  
-0.5863036401  
0.3919226906  
-0.1808311326  
-5.920668765  
-3.072521546  
1.172101365  
-2.349024036  
-2.319723823  
-0.1635634399  
-0.5252881847  
0.7384308494  
0.3225183594  
0.4526806003  
-2.258098065  
-0.685184603  
-1.097970527  
-1.523166858  
-1.883109646  
-0.8531818292  
-0.3648600759  
-4.91915117  
-1.477427456  
-0.9026987733  
-0.1514328866  
-0.005939457092  
0.1004886009  
0.2919760313  
1.317042482  
-0.02670876253  
0.138203987  
0.806725566  
0.02114681743  
-0.1930764239  
0.02519620176  
0.403753673  
-0.4698687984  
0.2824778401  
0.5913336184  
0.3490968262  
-0.6281639144  
-0.2138041411  
0.02236238729  
0.07018779616  
0.681600431  
0.3778291084  
-0.4673569013  
-0.1411461421  
0.5004766516  
0.1803209811  
-0.4011786467  
-0.1717019532  
-0.8944164225  
-1.061541245  
-0.9504572975  
-0.1523678873  
0.2724750699  
-0.3051841557  
0.6343603416  
-3.820806614  
-0.8762830816  
0.5616596392  
1.116122069  
1.43198732  
1.298841996  
0.9733207397  
0.7918470896  
2.697308895  
3.273549062  
3.184444862  
2.891430418  
2.417038287  
2.643164671  
2.583443522  
1.694998931  
2.228562115  
2.23379645  
2.836450383  
-2.557899441  
-3.189993712  
-1.187541031  
-0.6060490725  
-0.4428198481  
-0.2261781737  
-0.9142251544  
-0.1673257915  
-2.420859979  
-0.8946750668  
-0.164122368  
-0.8653849115  
-1.05997025  
-0.4827465305  
-1.17941797  
-0.8815120253  
-0.8426744247  
-0.9908571909  
-0.3294638218  
-1.232976625  
-0.4519829912  
-0.6869209842  
-0.9916008285  
0.8896335632  
-1.15626713  
-0.4063904243  
-0.8629016425  
0.3347084873  
-0.548488155  
-0.8557803283  
-1.265507065  
-1.318034327  
0.0685121377  
0.4525804297  
-0.7660382117  
0.411343312  
0.5615348644  
0.4840643019  
-0.08252476861  
0.4780648087  
0.2416090496  
0.03066975442  
0.7157570171  
1.023755588  
1.079329993  
0.5476321628  
0.01929222745  
0.07263781247  
1.000773361  
0.4421464844  
0.05234842218  
0.4893609193  
-0.09509365244  
-0.301311381  
-0.8716002974  
0.2431170963  
0.006880808756  
0.5371243438  
-0.175186242  
0.7800671644  
-0.4462542159  
1.075541825  
0.9519599173  
0.3863529475  
0.5193619114  
-0.4548241641  
-0.1080354368  
-1.149782927  
-0.003134230078  
-0.5068767445  
-0.3704749054  
-0.4898966555  
-0.2427097998  
0.3113803258  
-0.007468663894  
0.1436451159  
0.2814206995  
0.6901678518  
0.5338674489  
0.8116897034  
0.5060315464  
0.178367458  
0.729944655  
-0.9430770237  
-0.2124723202  
0.007404250514  
-0.7415507034  
-0.1620962083  
-0.6864178618  
-0.08455551453  
0.683859475  
0.03791662824  
0.341214801  
-0.1819689865  
0.6265691435  
-0.1194277697  
0.116471607  
-0.3461334027  
0.1566924129  
0.04814630956  
-0.1364564996  
-1.35993322  
0.2631052313  
-0.5716654161  
-0.2338840244  
-0.009005287728  
0.2604170445  
0.9425673372  
0.3613158326  
-0.2182133208  
-0.07852665658  
-0.05520721876  
0.2587420155  
-0.1762702685  
0.08921525521  
0.4854734665  
0.4609303626  
1.519219784  
0.7859507687  
0.7575745369  
0.4933549152  
-0.05173242962  
0.4778116726  
-1.208927263  
-1.327736286  
-0.3011362825  
-0.1601283956  
-0.3123173725  
0.05571640611  
-1.350683669  
-3.999081183  
-1.692933677  
-1.112968896  
-0.01211486685  
-0.3412684138  
-0.2278681744  
-0.9030216189  
0.619001636  
-0.5722714147  
-0.2283865641  
0.3548066495  
0.4450316997  
0.09846855505  
-0.3431358727  
0.4058344182  
0.8913799708  
1.120029462  
0.9010399303  
-0.4862081997  
-0.03623328854  
0.3974337925  
0.4492044614  
0.2725109837  
0.2923492166  
-0.3697814525  
0.3375387765  
0.214267535  
-0.4673836983  
0.00519641787  
1.455190695  
1.08767547  
0.7153900943  
-4.429353638  
-1.030228258  
-0.109864633  
2.169242016  
1.745714435  
1.360350972  
0.2336091808  
2.248492156  
0.8900571521  
1.734674027  
1.875418842  
1.384037632  
1.156396596  
-1.161169513  
-1.22526024  
-1.142188183  
-1.282997526  
-0.5469393423  
-0.6135281656  
0.5089778671  
-0.6658228624  
-1.191780679  
0.1109346819  
0.4236669886  
-0.6125955341  
-0.09480047055  
0.2058338023  
-0.07061020234  
-0.03255818861  
-0.4665797783  
-1.082775381  
-0.006444678402  
-0.6089379409  
0.186480162  
-0.06461986703  
-0.3216488815  
0.3288577368  
0.5870347606  
-0.3601076593  
0.7278188565  
0.8648189704  
0.05037089246  
-2.529301051  
-2.525454836  
-1.213849102  
0.1863849554  
0.07259942932  
0.8058705411  
0.08497852813  
-0.1789863901  
-0.1492981208  
0.1313102539  
0.740438537  
0.6162535912  
-0.5312507213  
-0.617218699  
-0.07122133875  
0.1694289934  
-1.171174963  
-1.030555396  
-0.5560992177  
-0.2762392165  
-0.5791712835  
-0.1892204208  
-0.6170562455  
-0.7864123332  
-0.2202145071  
-0.3895647797  
-0.1695235293  
-0.1727322519  
0.01359601154  
1.568208582  
0.9709587196  
1.204796224  
-0.3052864718  
0.004696965433  
-0.2659238351  
0.6513719573  
1.028165858  
1.703934853  
-0.03392063489  
0.2462450597  
0.5118933545  
-0.0815127681  
0.2156092099  
0.8984922774  
1.42014256  
-0.02233939571  
0.4329832082  
0.2092328648  
-0.1689038038  
-0.2644063732  
-0.0224842925  
0.3671196755  
0.5049048586  
0.002097257664  
-0.1671132368  
0.7837751082  
1.122416642  
0.1708617387  
0.4528326593  
0.6180194536  
-0.2762324371  
0.4558667731  
0.807002637  
0.4530408891  
0.9579736199  
-0.1568159333  
-0.6166639398  
-4.949843397  
-3.174544796  
-1.672317581  
-0.37183147  
-0.8474553154  
-1.946394565  
-1.42293559  
-1.201527042  
-0.5387696165  
-1.45251026  
-0.8632509874  
-1.468756494  
-0.3185409565  
0.2255719148  
-0.3406399744  
0.1242670422  
0.04795640117  
-0.6502546391  
-0.4333752935  
-0.02971666059  
0.144941295  
0.8444250863  
1.165590266  
1.578873002  
0.4602237443  
0.6356967168  
0.494907288  
-0.1453367704  
0.3155724196  
0.5692211729  
1.009197107  
0.2714431122  
0.8251287191  
-0.1917350636  
-0.8848922477  
0.7135483317  
0.7023503745  
0.8083559124  
0.1182640565  
0.202690168  
0.2198530688  
-0.0316523225  
1.183969893  
0.6665613002  
0.4517080696  
0.4780990456  
0.5162880666  
0.3352288246  
0.6758988931  
1.316203848  
0.9260543002  
1.213880348  
0.1558563429  
-0.4205956788  
1.024678699  
1.704846951  
1.874054741  
0.9109148054  
0.9901226958  
0.08216740177  
0.2487088903  
0.9708752989  
1.348493836  
1.115877442  
0.7727514887  
0.5998009093  
0.919890093  
0.4938738893  
-0.03756778861  
0.8344501495  
1.329723363  
1.542037912  
0.9732377371  
1.062050966  
1.454289216  
0.9091804117  
-2.543903438  
-6.302751026  
-3.751387439  
-2.725216102  
-2.49343327  
-1.691805567  
-0.6390480008  
-0.5556444555  
-0.462316667  
-0.4686274149  
-0.4199855368  
-0.8478304946  
-0.7761146827  
0.06804431097  
0.84427073  
-0.1100857667  
-0.6903715754  
-0.7614743555  
-1.06100193  
-0.2184778327  
0.8220300479  
-0.2636465252  
0.02150429439  
-0.3198955081  
-0.2933030428  
-0.2243270444  
0.1391684717  
0.08130413555  
-0.02108933322  
-0.3067789108  
0.1560301442  
-0.05069527423  
0.4214070475  
-0.3032050532  
0.0798141655  
0.9236361324  
-0.02120336128  
1.616183298  
1.216222056  
0.401724067  
0.5364927946  
0.3961703768  
0.5699010119  
0.8844400193  
0.437841166  
-0.6079366494  
-0.0499830765  
0.0801812307  
-0.3525314409  
-0.4220418052  
-0.08356664011  
0.06384376566  
-0.6571060693  
-0.2687409728  
-0.2409517037  
-0.06633827437  
-0.4834126872  
0.2624599278  
0.6894073386  
0.2692881257  
0.3294653625  
-0.1557146999  
-0.115579446  
-0.51249324  
-0.7958195621  
-0.4056138624  
0.6051515396  
0.9728847047  
1.638040141  
1.090788597  
1.447093464  
0.9971666655  
1.832190296  
1.260783813  
1.427322934  
1.912859286  
0.9999390748  
-2.723268971  
-1.476467951  
-1.536380187  
-0.6583629308  
-0.3223807189  
-2.444912388  
-2.498822992  
-0.04604941995  
0.7560098943  
-2.021609008  
0.6805690927  
-0.1224107507  
-0.2030410728  
-0.1879102209  
0.360963132  
1.024033443  
0.8573121575  
0.6598268039  
1.179375195  
0.6442478998  
0.3126343816  
-0.1456395685  
-0.2243941195  
0.8500725395  
-0.05327551088  
-2.249050826  
-2.270091543  
-1.277920644  
-1.109079022  
-0.3188370079  
-0.6460615914  
-0.7126190653  
-0.7496130808  
-0.3142351402  
-0.9607669832  
-0.4923916411  
-0.3134781589  
-0.338441918  
-1.046680615  
-0.9167909519  
-0.6115231926  
-0.2465877259  
0.7211279924  
1.021900294  
0.3423414916  
0.1630095075  
0.2794462484  
0.09512288631  
0.7742780762  
-0.07884418214  
0.229273046  
-0.1233588033  
-0.5040763432  
-0.5239205006  
0.4368236037  
-0.7959637356  
-0.0720915581  
-0.113970356  
0.4148692868  
0.2580817919  
0.06602881795  
0.1003902766  
-3.112985383  
-2.0863736  
-0.8754570349  
0.5698660447  
0.5615495055  
0.7649831414  
1.061827009  
2.135457384  
1.664016266  
2.670447251  
1.533837585  
1.303213142  
-0.1250252227  
0.8120283495  
1.275153735  
1.427277163  
1.631689836  
0.9422768476  
1.510164486  
-1.600772028  
-1.174817242  
-0.06872730771  
0.7846659852  
0.6883621731  
0.1085135986  
-0.5512323656  
-0.2833647763  
-0.2255499304  
-1.716399371  
-0.5071398282  
-0.3661525124  
-0.7807572554  
-0.5903851683  
-0.06850991685  
0.1085822608  
0.2840556655  
0.1501750987  
-0.1444127537  
-0.706753716  
0.2700104145  
-0.1838418712  
0.4687305986  
-0.06508543966  
0.09511508971  
-0.6523834867  
-1.386973097  
0.002311255748  
-0.9488665477  
-0.004467643937  
0.2521014039  
0.2013058145  
-0.02188656773  
-0.425912204  
0.1063332644  
0.2521784193  
0.6610054365  
0.8617549979  
-0.1473926797  
-0.8208646144  
-1.258584815  
0.3706781705  
-0.2971336786  
-0.2875716686  
0.3129838913  
0.006498856729  
0.6411721669  
-2.641934754  
-1.330494451  
-1.981076487  
-0.6140059712  
-0.1241972914  
-1.060248768  
0.5522602229  
0.4458354099  
0.7239810716  
-0.8521273731  
-0.1919860903  
0.5605036323  
-0.220823091  
0.3154338304  
1.193761577  
0.4374570617  
0.01622175109  
0.5271092403  
-0.1621229274  
0.3296338339  
0.4317494392  
0.9046646884  
-0.1737189296  
0.1458522652  
0.04449532376  
-0.5829181924  
1.484363515  
0.5774336986  
-0.4916437693  
0.3104945895  
-0.2610963443  
-0.3379137239  
-0.4993072659  
0.03199904768  
-0.4445030896  
0.02545781226  
0.1397408802  
1.04346195  
0.2517999644  
0.2629108686  
0.6864473334  
0.2557794839  
-0.549493125  
0.8377436176  
0.1375526726  
1.009951599  
-0.1227610278  
0.3847705437  
-0.008045641299  
0.675111739  
0.4001278976  
0.07544142469  
-1.749758898  
-2.434719225  
-1.621522597  
-1.529983967  
-2.557361362  
-1.441370158  
-1.073862565  
0.5437514974  
-0.1108894662  
-0.0672444665  
0.7243717443  
0.7641853258  
0.4777330472  
0.6151258229  
0.2750283152  
0.6685435738  
0.4491501675  
0.620596165  
0.5496442796  
0.5639004045  
-1.302291681  
-0.147880176  
0.3584715826  
0.4194087558  
0.2785857454  
-0.2709282849  
-0.4402160679  
0.4594041855  
-0.6228305656  
-0.09441265809  
0.0706701585  
-0.4602380999  
-0.5697255806  
0.6144926816  
0.2111479768  
-0.2104034558  
0.2042197044  
0.1389706339  
-0.3303462007  
0.2921451763  
