1.106897784  
1.086770547  
0.499481414  
0.3293758629  
0.7869300053  
0.321327741  
1.017854289  
0.6165118127  
0.04288629898  
-0.997780576  
0.3545684896  
-0.4396858458  
0.1923586433  
-0.9719447804  
-0.08868431293  
-1.026937543  
-0.4819465933  
-0.6760336796  
-0.7274441448  
-2.876623705  
-1.119597959  
0.7079896043  
-1.796997044  
1.184996279  
-1.162909916  
-1.076710994  
0.1002715404  
-1.018692003  
0.01252821833  
0.9183408216  
0.5128310882  
0.9322933789  
1.705305515  
1.05946403  
0.4287636659  
0.9921335645  
-1.073736852  
-1.968963759  
-0.812805806  
-0.5558474062  
-1.632503638  
-0.79509999  
-0.872953497  
-0.4341064177  
0.3835265996  
-1.084654627  
-0.02813713191  
2.320617441  
3.062353766  
0.3990726338  
-0.4657460443  
-1.286254204  
-0.003799096035  
-1.348741378  
-1.99089454  
1.984208036  
1.161576884  
1.339458328  
-0.330291722  
0.2398157901  
1.1056205  
-0.9871731429  
-0.8437863939  
-1.066083602  
-0.4183889066  
0.4469644161  
-0.2100075654  
0.2389364558  
-0.0596998863  
0.7444793884  
2.462534941  
1.19137318  
1.601498578  
-0.475480207  
1.150058274  
-0.1400936863  
0.3992507905  
0.6158731277  
0.315176982  
0.2343147226  
0.7844471925  
-0.1448207511  
-0.148537536  
-0.9620106867  
0.1127129416  
1.046557104  
-0.4980811649  
1.268370584  
0.3120346063  
1.196764719  
1.03902572  
0.6028420986  
1.297336672  
-0.4065424157  
1.563329116  
0.3087141627  
-0.282317392  
1.2071917  
-1.94883478  
-1.776995976  
0.6046901641  
-0.2024016816  
0.4835160386  
0.3103563897  
-1.022628784  
0.3636594645  
-0.7035780876  
0.3390570923  
-0.8609636662  
-0.4852188893  
0.5713126541  
-0.8096539379  
0.3903352124  
-1.815425631  
0.09705208692  
0.1593995584  
0.4714868213  
-1.092722217  
-1.368558802  
-0.2444146609  
0.3887598866  
1.263079002  
-1.599328465  
0.6540484485  
-0.2941358596  
-0.1208588663  
1.827713119  
-0.9760405903  
1.168110556  
-0.323877472  
-0.6444925175  
0.907096793  
0.1379566455  
-0.1284184515  
-0.2151415621  
-0.8924144228  
-0.5539744085  
0.1510581765  
-0.1023175221  
0.2053853835  
0.4420432478  
0.8360940683  
-0.4466352517  
-0.8564559175  
0.7252763896  
0.6982546991  
-0.2837011912  
0.335203516  
0.4750470239  
0.863364491  
-1.577799418  
0.5831490553  
0.7922377821  
-0.7021407229  
-0.221039931  
0.3696819532  
0.3269961691  
0.7864230814  
-0.9851542733  
0.05371502467  
0.9285716028  
-1.269170608  
1.128019182  
1.196416986  
-0.7127226769  
0.4228250823  
-0.5605093918  
-0.2408469937  
-0.2882490253  
0.09533107091  
0.7319314389  
-0.4065173126  
0.6417750985  
-0.2682625652  
-0.1534736691  
0.2626929608  
-0.1798383089  
0.364921229  
0.3579026887  
0.1897748166  
1.096509086  
-1.426890775  
-1.69269726  
1.102176172  
-1.29285012  
-0.2815529028  
-0.04521653001  
-0.03955172849  
-0.5739131362  
0.3476953449  
-0.6759293779  
-1.552233581  
-0.1989170849  
-1.420857153  
-0.1952142722  
-0.5557252201  
-0.4392302071  
-0.5515656469  
-0.5098978505  
-0.297999018  
-0.4125499446  
0.05528457773  
0.266658124  
1.960451238  
-0.466203856  
-1.584676571  
0.3586616787  
-0.1483686444  
1.186257695  
0.2966080608  
1.852400518  
1.717513873  
1.674616541  
0.6438292754  
0.2855348965  
-0.4627553562  
0.03999393486  
0.4527761748  
-0.3135604842  
-0.6833607832  
0.7355969226  
1.76845033  
0.03576915819  
1.431315521  
-0.1694596054  
0.04805699282  
1.339412488  
0.3431016879  
0.8214324715  
-0.4785514764  
0.9994109154  
-0.3284923577  
0.6449838795  
1.024494071  
0.04348360795  
-0.2654010734  
0.1382847338  
-0.1672177188  
0.09424255741  
-1.266598766  
0.6868609046  
-0.2538921772  
-0.7078418571  
0.8843733881  
0.9470100573  
1.575302298  
0.4824130891  
0.5197807776  
-0.4543131292  
0.3915733935  
0.00491641327  
0.9732511433  
0.725022709  
0.01746287389  
-1.225977034  
-0.2957840568  
-0.9624441577  
-0.758542724  
-1.251863494  
-0.63879682  
-0.6662493967  
-1.141519178  
-0.5403223533  
-1.170457425  
0.03213464889  
-0.4664852469  
-0.9818368046  
0.4930968212  
-1.160107465  
-0.9949550029  
-0.9483469012  
-1.393525691  
-1.496028695  
-0.5104485463  
0.09277255536  
-0.5282850246  
-0.3636018092  
0.1839587286  
-0.5564475043  
0.4379406128  
1.64259061  
-0.1841371908  
1.514226458  
0.05699891931  
0.9533575059  
-0.5596286166  
-0.9477800579  
-0.524081321  
-1.261071349  
0.2892239507  
0.2555570037  
-0.230103388  
0.09113563467  
-0.1322850723  
-0.1718663155  
1.102888712  
-0.2790922711  
1.0927082  
1.180129719  
0.5389810334  
0.6335933103  
0.9091101461  
0.4866007861  
0.5419548636  
0.5827788576  
-0.02502484705  
-0.2731366498  
-0.6735522616  
0.658891467  
-0.01529118942  
-1.139188136  
-0.4627341005  
-0.1811450508  
-0.4637044482  
-0.1805456147  
0.7105001266  
0.6445019365  
1.501737272  
-0.5812630456  
-0.0005561971404  
0.284468114  
0.3791103742  
-0.4753976819  
-0.1068080637  
-0.7168499368  
-0.5760211564  
-1.548361368  
-1.082760449  
-0.5273126223  
-0.09703399918  
0.1579348369  
-0.3488176084  
-0.01502868836  
0.9993265939  
-0.662773637  
-0.3852008804  
-0.451216136  
-1.039802967  
-0.4592714895  
-0.3600813718  
-0.1083386387  
-1.473052391  
-2.723924528  
-2.748304075  
0.2069405856  
0.4137957045  
0.5071315533  
1.245255315  
1.355588852  
-0.149537943  
0.2028412246  
0.2520109615  
-0.6030885948  
0.2438056044  
0.5688299007  
1.087191045  
1.219841676  
0.4823231835  
1.09031889  
1.742063849  
-0.311332599  
-0.5069053162  
-0.3309344664  
-0.3606660389  
0.337046248  
-0.2521035021  
-0.5913384211  
-0.9577164856  
0.4006910244  
-0.1791885488  
-0.8179309499  
0.4030678243  
-0.5626618374  
-0.4865714575  
0.3270025477  
0.1093411522  
-0.125401151  
-1.230453286  
-0.7334724285  
-0.8793303598  
-0.2674609498  
0.06697979687  
-1.238127996  
0.1943618081  
1.691221408  
0.7351607068  
-0.194359679  
-0.3719268135  
0.2187271048  
0.8713959764  
-0.5460981674  
-0.02313863535  
-1.278774033  
0.3119609247  
-1.102283318  
0.02835762368  
0.389498396  
0.2794011044  
1.265490678  
0.4428655214  
1.794293044  
0.8614446826  
0.2410359977  
1.101330017  
1.080034222  
-0.07380922375  
0.9748920709  
-0.3262151457  
-0.07221952678  
-0.7328185011  
-1.118357903  
-0.9110600994  
0.9085393394  
-1.015935732  
-0.4097438669  
0.135563455  
-0.387915307  
0.3579419792  
-1.014763832  
-0.1103246284  
0.7085383306  
1.289522362  
0.4974767984  
0.684401566  
0.2485466021  
0.9159146508  
0.2500661985  
0.07465379235  
0.595795979  
1.972160706  
-0.03611602421  
1.069523609  
0.3689412478  
0.7886061697  
0.6345137245  
0.3941618544  
0.3804289049  
-0.1090003015  
-2.131505045  
-0.2213233672  
-1.546575253  
-1.562209283  
-0.849753978  
-0.3185146763  
-0.7913287011  
-0.8637868056  
-1.753709281  
-0.2535651272  
0.2635788821  
-0.8849630826  
-0.4129740364  
0.7697652979  
1.061108745  
0.7783386593  
0.3888358031  
-0.67578958  
0.3922995979  
0.6730245617  
0.298627724  
0.8031294965  
-0.437682224  
0.5982403098  
1.187801253  
-0.1427322534  
-0.09205439819  
0.3434258905  
-1.544750493  
0.03397439207  
0.2560685715  
1.013685616  
-0.2406787093  
0.194558707  
-0.2041714609  
-0.2752316739  
-0.6732038308  
-0.3912142848  
-1.137160273  
-0.30666571  
-1.552793535  
-0.4675150011  
-0.09212672204  
-0.3483490764  
0.01236603192  
0.2671884771  
0.7717205323  
-1.090797522  
0.3559997242  
0.1039547512  
0.4526636148  
0.8988569176  
-0.5696837887  
-0.4210521607  
0.4640725922  
0.1364439693  
0.660708115  
0.5566115261  
0.6453892665  
0.6322274585  
-1.613481309  
0.04002815844  
-1.269594851  
-0.7224465478  
-1.379498499  
-1.573831589  
-0.5102935829  
-0.392054785  
0.819891938  
-3.075686032  
0.6165212543  
-0.6494376618  
-0.2832764184  
1.861135698  
1.363224857  
1.71083411  
0.3019933816  
-0.5017898869  
0.1339101735  
-0.3053461475  
0.6351918096  
0.08363754176  
0.1205806602  
0.2669540719  
0.6663212197  
0.08187938425  
0.6834974078  
0.05468664367  
-1.004812771  
1.234452545  
0.06362276738  
-0.1503098196  
-0.8143405988  
-1.236944625  
-1.211692051  
1.141520764  
1.36745478  
0.4997325713  
1.12164264  
0.8937624596  
0.5473582327  
-0.6633184869  
-1.876997144  
-0.3273733373  
-0.5138593927  
0.5131714566  
-0.1878683333  
-0.2107117551  
0.5099800415  
0.5203477038  
0.3354808484  
0.6244148362  
1.603779207  
0.9926174784  
1.332971766  
0.5394257849  
0.5364776244  
0.3216530486  
0.673961489  
-0.1590770299  
-0.09703128443  
-0.3516358036  
-0.6171854902  
-0.229441692  
0.1150166814  
-0.5559258467  
-0.5106392028  
0.2774744886  
-0.4072014663  
-0.5994136255  
-1.276547551  
-1.209361995  
0.1306797103  
-0.7399067445  
-0.07196756837  
0.2177545502  
1.639596516  
0.4755467629  
0.2466534312  
-0.04323762777  
-1.11932587  
-1.166091153  
-1.895418748  
-1.23250656  
-1.287421065  
-1.284219819  
0.831681655  
0.3933583112  
-1.95458156  
1.000173087  
-0.6104881646  
-0.6213364257  
-0.02951864705  
0.01481895887  
-1.699072626  
-0.5332079457  
0.729754863  
1.06762852  
0.2616623904  
0.1647486762  
0.4926894859  
1.828107228  
0.3486351538  
0.5112123276  
0.207251152  
-0.4644701664  
-0.57340127  
-0.107691864  
-0.7070138555  
-0.9251216132  
-1.331083342  
-2.366559488  
-1.911547007  
-0.01541826378  
-0.1478339453  
-0.5237078302  
0.7358827107  
0.9933900517  
1.165221378  
1.049198934  
1.399406334  
1.176567292  
1.652368343  
0.6427573228  
-0.3642040867  
0.3254503228  
0.8225812535  
0.4752160864  
0.1986775157  
0.2847474754  
0.1975483298  
0.3553216933  
-0.5245954269  
-0.482934595  
0.718894736  
0.7762262534  
1.918005824  
0.8328311275  
0.7390887115  
0.2765462294  
-0.04899533772  
1.476185731  
-0.01310294908  
0.06701331888  
-0.826536858  
0.63128235  
0.1864871842  
-0.8979860058  
-0.525526601  
-1.186932678  
-0.4120957539  
0.2824088663  
0.9055841046  
-0.696953897  
-0.6111753097  
0.8546812871  
0.5424547322  
-0.243254543  
0.1110035794  
0.9174506919  
1.243036964  
-0.3567097025  
-0.2976585624  
-0.4108622679  
-0.08083933587  
-0.465897374  
-0.03919002682  
-0.2410405486  
0.656753483  
1.961785883  
1.339227989  
-0.1255268366  
0.2479611538  
0.2910537179  
-0.1455339351  
0.8349017093  
1.457231819  
2.209958591  
1.784047744  
1.858091377  
1.3657262  
1.406328422  
1.462708694  
2.314913879  
-2.764938223  
0.3238371031  
-0.1012678184  
-2.444370055  
-3.668728745  
-3.267592313  
-3.786243465  
-3.354162728  
-2.736501472  
-1.044745928  
-0.1604660088  
-0.3396302759  
-0.7565895099  
-2.259089369  
-2.768532064  
-2.145870815  
-2.684648449  
-0.8344952187  
-1.596274083  
-1.028060205  
-0.619287952  
-0.03028487873  
-0.3400091933  
-1.795558511  
-1.927225119  
-1.351298933  
0.7841916414  
-0.2486558558  
0.1991036626  
-0.2815342895  
-1.953030707  
-0.2303822786  
0.3087468056  
-0.3997849147  
-0.872614191  
0.8477111221  
0.454119954  
1.260240294  
2.44014402  
2.440435384  
2.044621563  
1.365669121  
1.583737997  
1.219633808  
1.11402373  
1.273417167  
1.056376392  
0.54859264  
1.524396966  
0.864677793  
1.510450766  
0.2259169044  
0.6148738872  
1.171858589  
1.622832053  
1.628301873  
0.416133897  
0.6014956724  
-1.027359211  
-0.5301164227  
0.6479326722  
0.0951688943  
0.1147314593  
-0.004364052071  
0.8963835104  
0.7823996379  
-0.2262132827  
-0.7165685434  
0.04376657152  
-0.8789362011  
0.5578367511  
-0.7423214175  
0.7694055254  
0.4595900849  
0.5135827828  
1.111650321  
2.296215885  
0.343506224  
0.9458888258  
0.5878693682  
-0.1335910995  
-0.7537122142  
-1.396678965  
-1.543161831  
-0.3990924385  
-1.873025382  
0.2644131835  
-1.131964019  
-1.198326215  
-1.002787443  
0.4706245197  
-0.6480075658  
1.246584875  
-0.6324591483  
0.9878107962  
1.329330861  
-1.454951794  
0.8722660438  
-3.07858433  
1.564409821  
0.02425729591  
0.6858748114  
1.180250658  
0.6125591826  
-1.41657733  
-0.687051968  
-0.07174038573  
-0.3940225381  
-0.5742410372  
-0.4141407596  
-0.1765782594  
-0.4002417523  
-1.782703336  
-0.2902350659  
-1.359457054  
-0.3906333599  
0.2048797111  
-0.461176783  
1.333853009  
1.161078029  
-2.697599353  
0.2948669006  
-0.3259455128  
0.8361236985  
-2.102667637  
0.5304622529  
-0.7805026252  
-0.08966966988  
1.558924779  
-0.04416977095  
0.495244278  
-0.05575438148  
-0.1727570667  
-0.6880239268  
-0.7103658426  
-1.138793412  
-1.297074105  
0.06684301923  
-2.115090899  
0.1882645121  
-0.07297921474  
0.451486626  
-0.5527500375  
0.7358420719  
-0.6485614778  
1.772914375  
-0.7282090432  
1.266500137  
0.9254221712  
1.116052132  
0.1592750189  
-1.035140093  
-0.2749439966  
0.7963421808  
1.118344486  
1.46341223  
1.178354708  
1.493382984  
-1.281474111  
0.7773595785  
1.655684742  
-0.3568128932  
0.2987156822  
2.041353405  
-0.7646055386  
0.3185443312  
-0.4266514716  
-0.776154331  
0.6660487137  
-2.220640494  
0.1220953577  
-0.3166586848  
-0.3420153313  
0.3569687754  
-0.0264623475  
-0.0142390993  
2.232208189  
3.15534208  
1.688471427  
3.514603727  
1.678581982  
0.02949423209  
-0.5356380711  
-2.314974243  
1.402385246  
-0.1098669219  
-0.9590110018  
-0.300869307  
-1.66106684  
0.1115515988  
-1.823085926  
-0.04679280689  
1.209598272  
-0.5803985057  
0.1819237764  
0.2414340606  
-2.062320908  
0.2936349633  
0.3803566145  
-2.525888515  
-1.328483569  
-1.660681485  
-0.2093643588  
1.525480771  
-1.4868206  
0.006106376762  
0.4129957149  
-2.26983553  
-0.03651187434  
1.475132731  
-0.3486271879  
-0.7478810777  
0.8332842983  
-0.07397495626  
-0.6966340663  
0.9362917393  
0.03483314578  
0.01821773696  
-2.569659114  
-0.09236930799  
-1.416727265  
0.002643662529  
0.2542754553  
2.419317773  
-0.5480803336  
2.164215056  
0.2702709302  
0.2639565074  
0.210752291  
-0.7385583604  
0.3977068823  
0.2986229521  
-1.111372693  
1.151856666  
1.482102691  
-1.418908128  
0.7285944292  
-0.8247712574  
0.5664805423  
-2.184975232  
0.04528950573  
0.6502043832  
1.808719487  
1.230317887  
-0.9977300443  
0.1139171584  
0.3544205352  
-0.05734014439  
-1.401487853  
-0.4896096989  
-0.4916579954  
