-1.576720987  
-2.600333683  
0.3907727964  
1.420802471  
1.168051145  
-1.730703635  
-2.070867768  
0.2471972088  
1.655831261  
0.4560127974  
2.03022124  
-0.005490058852  
-0.7552607078  
-0.2803223234  
1.00839704  
-0.4947050901  
-1.951905949  
1.559782416  
1.801882481  
0.5060525111  
-0.1487296469  
-0.7480532529  
1.544390157  
0.1886063223  
0.1594750741  
0.240359037  
0.9431593495  
1.29887929  
1.473278687  
-1.39373825  
0.4012745639  
-0.7592269624  
-1.060730285  
-0.618476164  
-2.142491082  
-0.6727567396  
0.4140165699  
1.595770947  
0.5041781034  
1.418480738  
-0.4983754104  
-0.8267340377  
-0.7466748406  
0.3633081889  
-0.2018936369  
-0.980259831  
0.7662787822  
-1.691830528  
-0.9318938797  
0.9603290464  
-1.747046111  
0.01148893512  
-1.200974726  
0.1961003157  
-0.6310831416  
0.4737662296  
0.8429371277  
-1.265422462  
-0.4979621649  
1.288497036  
0.7944460791  
-0.5144558497  
1.35224216  
0.3262945002  
0.371408806  
-0.05667738016  
-0.1691208602  
-0.2165820795  
1.970380938  
-0.1565394296  
-0.6412183488  
-1.866847512  
-0.2024329029  
0.5883059828  
0.5574382458  
-0.28454283  
1.215643764  
0.6125299704  
-1.218983432  
-1.061416462  
-0.4982183244  
-0.2243669644  
0.3485791491  
0.6409118079  
-1.720794575  
-1.95345362  
-0.005287778078  
-2.558377602  
1.237116779  
0.9229812097  
-0.9786253294  
-1.507042772  
1.721885568  
0.5642792403  
1.43897479  
-0.5832533102  
1.583562149  
-0.3700468933  
0.1530333479  
-1.345876695  
0.793826325  
1.034969278  
-0.8466569584  
-1.60515963  
-1.525814576  
0.5157604538  
0.8066981277  
-0.1430576273  
0.2712155628  
0.03658846611  
0.6877363323  
0.9479234051  
0.8547837933  
1.497832079  
1.083105174  
-0.06153604726  
-2.193070248  
1.993448429  
-0.4713634944  
0.2582234661  
0.4234474476  
-2.59413761  
0.6216906924  
1.134166334  
0.02288001443  
1.104683897  
1.632858272  
0.07497771337  
-0.2333588408  
1.645374391  
1.846070956  
-0.244595425  
-1.273219131  
1.391505855  
-1.647633017  
-1.597046362  
-0.9078919712  
-0.6838257439  
0.8025128074  
-0.055991621  
-0.1632913193  
-0.7123069537  
2.185658613  
-0.7065611366  
1.533915652  
0.1725432153  
-0.5823599964  
1.361791309  
-1.489957775  
-0.3200065247  
-0.9084364655  
-0.05362478995  
-0.5458311775  
-0.8168073189  
0.323471957  
1.633245095  
-0.5589749529  
-0.4034270142  
-0.4577071649  
0.9638972307  
-1.295573736  
-0.05253866456  
-1.311786867  
0.07683837679  
0.1215782191  
-0.2616281322  
0.5058817797  
-0.3388506955  
-1.151898303  
-0.7584910472  
-0.01815188667  
1.086419612  
-0.05505637792  
-0.01293377349  
0.2504508998  
-0.7107084078  
0.5107338913  
-0.2192453645  
1.906468815  
-2.671147633  
-1.007286258  
0.8604937676  
0.9441350124  
2.05401166  
1.414232862  
0.8933695227  
0.3720828119  
-3.181855719  
0.4175476183  
-2.675766328  
0.437126881  
-0.3489198789  
-0.4529820785  
1.699183277  
1.146929439  
1.133251615  
-1.501494827  
0.5487628636  
0.6140640377  
-0.3247506129  
-0.1489090533  
2.105409044  
-0.6181906614  
-1.292218028  
-1.539317241  
0.8960120063  
-1.771099874  
2.949304691  
0.3369614452  
1.11840259  
-0.3276624359  
0.3132032297  
1.47205706  
1.111108587  
1.191030287  
0.4788806507  
-1.264812338  
-1.139581242  
-1.060115749  
0.8577815722  
-0.1848386298  
0.3002187713  
1.412872382  
-1.073797691  
-1.466269333  
-0.2440687226  
-1.055111201  
-0.3309469266  
0.2725415718  
1.208031453  
0.7296357496  
-1.687977307  
0.8352927759  
-0.5643249681  
-0.9359874168  
0.07388926976  
0.3239371455  
0.209120438  
1.131600514  
0.3946488007  
-1.091920092  
0.4782083309  
-0.07478406534  
0.6032459273  
1.411733053  
0.2073848632  
-0.6556013646  
1.143678903  
0.4242583407  
0.03684337143  
-2.004391639  
1.016375118  
-0.01266445854  
-1.35735575  
-0.2899046636  
-0.78207197  
0.08304707811  
0.1766485987  
0.3743278479  
-0.02691892485  
-0.7806751581  
-0.0002729145725  
0.3945221327  
1.066615354  
0.1370866186  
0.4666138509  
-0.8316973215  
-0.9918739666  
-0.3335940108  
0.7732113853  
-0.1890026883  
-1.028718446  
-0.9056520357  
0.5581567337  
-0.4257040514  
-1.042818624  
-0.235033659  
-0.3033404233  
-0.7826709315  
0.5690383835  
0.03288671185  
-0.3382045503  
-0.3759887758  
-0.6133708912  
0.3265806683  
-0.2757595544  
-0.167135719  
-1.97232195  
0.6113778962  
-1.956067183  
-0.83021946  
-1.96847948  
0.1480599575  
0.4634545222  
0.7056916253  
-0.06120084903  
0.9283740829  
1.069143557  
0.7202026783  
-0.2207552607  
-0.01496433904  
0.6400075679  
0.679360115  
-0.03515980627  
-1.109901713  
1.768402077  
0.8127242001  
-0.3068687383  
1.683092232  
-0.7715253242  
-0.3781863549  
0.7127354346  
0.6966066418  
1.22148466  
-1.14017596  
1.463100515  
0.6324634684  
0.3549493684  
0.7971148347  
0.6539359573  
-0.02677426517  
-0.6317628423  
-0.03840845052  
0.390118832  
0.1292072795  
0.5565356051  
-0.2201918849  
0.9471928848  
0.7980337655  
0.9146458657  
1.262210801  
0.2280229101  
-0.249549317  
-1.289303935  
0.4813423305  
0.2361471594  
0.6093796459  
0.3221054777  
-0.3974989745  
-1.287549582  
-0.4459160402  
-0.6254334958  
-0.6449526633  
0.3208339001  
0.536773706  
-1.411630044  
-0.1081620906  
-0.2978422988  
0.2208191859  
-0.3065496979  
0.3925308588  
-1.512149383  
0.7984028037  
-0.8376363457  
-1.360218168  
-0.118210852  
-1.217906598  
-1.702701935  
-0.6538712351  
-1.548506566  
-0.0534054174  
1.103676522  
1.48896739  
0.7305270869  
1.082654268  
0.09139877237  
0.4741706614  
0.9560036917  
-0.2578279129  
0.8950742976  
2.068405762  
1.835237792  
0.2019213378  
-1.497004603  
0.8164947935  
-0.01541771452  
1.501656046  
0.0004489503437  
-1.332179415  
-0.3980945228  
-1.778749242  
-0.3108133119  
-0.9254066282  
-0.3734414995  
1.798227367  
0.2189245561  
0.3225122195  
-0.5770898197  
0.1145208847  
-0.1129968824  
0.395230803  
1.11714296  
-0.6239618446  
-1.353124483  
-1.672107659  
0.2273423146  
-0.7081177531  
-0.5045854945  
0.4283589687  
1.175674735  
-1.135539281  
-0.5403204654  
-1.150002269  
-0.177190237  
0.4597546122  
-1.108001436  
-1.038600421  
-0.5525387854  
0.8097656595  
0.1021696735  
0.2035974489  
1.306441301  
0.2175958966  
0.9645013177  
0.5093511166  
-0.08461324864  
0.5611526798  
-0.3041199903  
-0.7023373815  
-0.6046641378  
0.7416175648  
-0.02283605262  
0.3469623958  
-0.7592916181  
0.5543963164  
-0.03721427297  
0.4465504222  
-0.3969321308  
-0.0303257811  
0.8127484134  
0.4398963812  
0.3145679864  
-0.5749890428  
0.2546671932  
-0.2539513628  
-2.247876768  
0.6343677957  
-0.3602291781  
-0.2308640478  
0.1951692247  
-0.08020625557  
-2.086898188  
1.150652837  
-0.4463970516  
0.7604435862  
0.1920337728  
0.6571057835  
0.3217119236  
1.865914846  
0.1635889862  
0.6350424574  
-0.7186700374  
-0.9693648054  
0.01319884331  
0.8939560852  
-1.074514585  
-1.942252806  
-0.8047681582  
-0.7029201781  
-1.476235413  
0.8506039498  
1.357431787  
-0.580335454  
-0.4069055312  
-0.3255936611  
0.3004989936  
0.5458738242  
0.687972483  
-0.5904902539  
0.4061747733  
-0.4107111715  
1.330905616  
1.279579233  
-0.1792877487  
2.216299258  
0.007929535555  
0.1133682246  
-0.02396869997  
1.685632807  
0.1726181675  
-0.6258445015  
-0.3628755542  
0.7392849031  
-0.4922059081  
-0.903437565  
-0.104101728  
-1.170210472  
0.1167022471  
0.6641049389  
1.542951796  
-1.225986486  
0.1656859161  
-0.2524197257  
0.5305329609  
-1.028439141  
-1.338513188  
-1.443945244  
-0.5087247809  
0.462993797  
-0.9698003329  
0.1664642264  
1.000555478  
1.34561088  
0.278730108  
-0.2089658084  
1.459190796  
0.8852463602  
1.277304775  
1.490817533  
-0.4646561162  
-1.744445895  
-0.3658390883  
1.115716155  
-0.7954349884  
0.3248097476  
-1.835523867  
-0.8256439462  
0.529604722  
-0.1772470091  
-0.3858432307  
0.04921950422  
-1.050283494  
-0.7696835397  
0.03956586925  
0.293843694  
-0.07450102306  
-0.2772733373  
-1.469837167  
-0.7635806599  
-0.1102556898  
0.4372418626  
-0.07825462771  
-0.05722325594  
-1.415691181  
0.4883433016  
0.8972679303  
-1.006229631  
-0.5635411299  
-1.319518205  
1.280431523  
-0.9579195975  
0.3698018428  
-0.1180048578  
0.638935373  
-0.7242146508  
0.02914972543  
0.1080082323  
-1.04748679  
-1.083861583  
-0.5353018258  
1.131122906  
0.2402525638  
-0.001242865413  
-0.5895302191  
0.5641443074  
0.3118296545  
1.188851071  
-0.04591609956  
0.2165347883  
0.5686127041  
-0.738281316  
1.385948642  
0.3565614015  
-0.07325274959  
0.9615062684  
-0.02201736323  
0.2892056355  
2.375264567  
-0.6008518455  
1.406242854  
0.417082631  
-0.08143340875  
-1.348523032  
-0.2637422156  
0.6671904262  
-1.40074381  
-1.543488539  
-0.7347102985  
3.439173172  
1.130920726  
1.677406317  
1.684165028  
-1.267688699  
-1.556110516  
-0.8460423172  
0.04144784522  
-0.7425847674  
0.4451248916  
-0.5039409533  
0.538840751  
-0.8022809112  
-0.07963532968  
-0.8636089271  
0.01388865092  
-1.908471401  
-0.8203280039  
0.1421929489  
-0.05153247799  
0.1022552874  
1.162508717  
0.9223302159  
0.6958673464  
1.193099208  
-0.6849100919  
-0.899115347  
-0.4407278945  
0.5573648172  
1.23590561  
1.509430966  
-0.3026268607  
1.115664934  
1.275435666  
-0.2081438993  
-0.8375303198  
0.4747388103  
-0.3566659706  
1.65069138  
1.418270134  
-0.009118270989  
0.7596561947  
-0.8062368382  
-2.167312469  
0.1396359567  
-0.1635723381  
1.269967036  
-1.300705365  
0.05480875081  
-1.089611304  
0.6984128762  
-0.4821080862  
-0.3128849975  
0.7491404534  
0.4260567259  
0.1210393778  
-0.006168457623  
-0.01963881346  
0.3473586212  
-0.2570775883  
-0.4573877242  
1.01582838  
1.092825609  
-1.301737942  
0.6464544402  
-1.581411714  
-2.266037728  
1.695549775  
0.6596684215  
-0.6051253164  
0.2159198166  
0.6707076938  
-0.1655401537  
-1.320070691  
0.6055765215  
1.017797839  
0.8671224321  
-0.1665021777  
-0.4037175174  
-1.237783542  
-1.21138433  
0.6935299853  
-1.462332369  
1.688908576  
-0.9825320856  
0.5623620131  
-1.705598804  
0.9181141082  
1.553901707  
-0.6264372893  
1.123841964  
0.6381911357  
0.1011519095  
1.197993035  
0.9883316328  
0.1980364814  
-0.01905703595  
1.843682469  
-0.7729792688  
-0.6821628605  
-0.09285919184  
1.117546519  
0.9203689934  
-1.33832229  
-1.117244274  
-1.366145038  
0.7593471295  
0.3237437964  
-1.222048759  
-0.4054310684  
0.2052190537  
-1.719680427  
-0.261639957  
-0.2357496822  
0.5792356652  
0.4063545503  
-0.08990037697  
-1.3891896  
-1.584214051  
0.9398296372  
0.7687978801  
-0.08385689328  
-1.576301215  
0.7867053111  
-0.7741614828  
0.644954391  
0.838154454  
0.826839659  
-0.8215253917  
-0.6250968884  
-0.8092406913  
-0.2861336009  
-0.9231828599  
-0.2440075174  
-0.3724382756  
-0.6106338624  
-0.4861870619  
1.092681938  
0.03110849425  
-0.670108895  
-0.5475302107  
-0.1567685873  
0.7944014866  
-0.6811554064  
-0.3079323982  
-0.209837301  
0.08007347734  
0.7925252493  
-0.2156742147  
0.1972611635  
0.7685950057  
0.5765922939  
-0.1316931477  
-1.618802554  
-1.288785152  
0.7816002612  
-0.6454806771  
-1.111956506  
-0.04038389687  
0.05647523432  
-0.5327165061  
-1.086042536  
0.7890471612  
0.9059719598  
-1.389853626  
0.5781546376  
-0.5394021211  
-0.3272346359  
-1.327648614  
0.5087713917  
-0.7403140264  
0.6654036395  
-0.9281230304  
0.592968347  
0.3372933138  
-0.4659938492  
-0.2179314745  
-2.062529751  
0.9031769731  
1.067509724  
0.1315074755  
-1.127003473  
0.3507767564  
0.2898127723  
1.117960033  
0.3000346411  
-0.9621067362  
4.285655044  
1.536443289  
1.367174897  
0.9043156442  
-0.353154978  
0.1679046934  
0.0414497247  
-0.2306125559  
1.791924214  
-0.05483656688  
1.861166107  
0.209407266  
-1.114091297  
-1.464361721  
1.458536  
0.7066928589  
-0.3602571317  
0.1477736413  
0.7121964859  
-0.9801425029  
1.10571652  
-0.07822810481  
-0.1340441503  
-0.3774295714  
-0.9850413882  
0.9273585745  
0.4620047345  
-0.5939057705  
0.0266049441  
2.238225006  
-0.04144083458  
0.7105906759  
0.6188200696  
-0.5000780051  
1.083744964  
1.146842526  
-1.551305919  
-1.147017953  
-0.3112937051  
-0.4815230525  
-0.4109430008  
1.989881454  
-1.218511871  
-1.685513359  
0.3797969852  
0.5421673746  
0.5819572893  
-0.6184556465  
0.3809929761  
-1.707329282  
-1.748494869  
-0.6312102765  
-1.654850815  
-0.0640357055  
-1.036536511  
0.2588271141  
1.41012642  
-0.5134192872  
-0.02812768331  
1.602476116  
-1.237129453  
1.961272514  
0.6514315767  
0.3343444575  
-1.642497991  
0.3511795386  
-0.02295306146  
0.1882350642  
0.7486883065  
-0.1394843897  
-0.6805014799  
0.9728101241  
-1.799332431  
0.2037355675  
0.8665685476  
-1.393932223  
0.3701595302  
-1.108853792  
-0.9979400873  
0.6925051653  
-0.9375624803  
1.609283913  
1.010565249  
1.416038246  
0.2140750166  
-0.3845918208  
-0.03634918811  
-0.1804204684  
-1.387753207  
1.730435728  
0.07301144804  
0.9995296554  
1.523037272  
-1.370135803  
-0.1001731017  
-0.9727067187  
-0.9027132824  
-0.8654440676  
-0.8890153797  
-2.097566059  
-1.705548236  
1.348568993  
-0.5401189731  
1.351086335  
0.01239194753  
0.002216772476  
0.2504988896  
-0.4306643011  
-1.283781911  
0.2923651889  
-0.6023451256  
0.5881619801  
-0.004514895666  
0.5355806169  
1.091471717  
2.2971285  
-0.5907659994  
-1.053709975  
-1.659509809  
-0.005521424554  
0.2781435229  
-0.4436274346  
0.3061042903  
-0.112122399  
0.3097017709  
-1.699818482  
1.285201406  
-0.7758850842  
0.6814400231  
0.7062057182  
-0.002147357091  
1.040286579  
1.217881965  
0.5573971468  
0.7083198697  
0.169836767  
1.654757366  
0.9463669546  
1.534582322  
-2.448635514  
-3.924800161  
-0.677376118  
-2.082267358  
-1.602367217  
0.1858948223  
1.62702812  
0.07977938947  
-1.17081019  
2.773957333  
0.9565747045  
0.3911318504  
0.2865483145  
1.00132922  
-0.0521132061  
-0.8207188429  
-0.004640894639  
-1.040908726  
0.9972557996  
0.9103127606  
-0.3562911534  
1.098190731  
0.8223310044  
0.2301618189  
1.2643614  
-1.186652735  
-2.092957492  
-0.7617047079  
-0.3639393029  
