0.2959401931  
-1.952551811  
-0.118682705  
3.503901778  
-0.02052302447  
0.001318271565  
-0.6949458041  
-0.4650656385  
-0.01551776118  
-0.4352973066  
1.022162836  
1.014412105  
0.3579228433  
-2.001226011  
0.8834933285  
2.084079947  
-0.5856909674  
-0.8407642389  
0.1453462676  
-0.9898414977  
0.1727481971  
-0.3557759073  
0.5247053434  
0.2781213882  
-0.2773894438  
3.620125839  
1.997063093  
2.924123419  
-3.209836284  
-1.436091357  
-2.432559311  
-1.720340424  
-2.240479279  
-2.484553908  
-0.5624368672  
-1.310447467  
-0.7274852022  
-1.346643506  
-1.450714201  
-1.740164317  
-2.086265714  
-1.125201838  
-1.575759431  
-2.272004044  
-2.459086864  
-2.643129938  
0.7271280836  
-5.700971572  
-2.690351818  
1.033362446  
1.728335586  
1.420590642  
0.9889462919  
-0.4219870859  
2.272950375  
1.742186066  
0.4235569192  
1.826455383  
0.0345819106  
0.9217299813  
1.412117409  
2.038331399  
1.151417074  
1.549647314  
1.783436721  
0.9644450072  
1.183971585  
0.7363842009  
-0.08769514636  
1.075591833  
0.6314999761  
1.374360507  
0.279152291  
1.495967878  
0.8983511576  
0.8952005735  
0.05901045737  
0.541982858  
1.088300042  
0.3651641848  
0.1648865087  
0.08525942935  
1.12765869  
0.116911817  
0.6167995368  
-0.8162306693  
-0.2471866635  
1.139064525  
0.4509490077  
0.4571543586  
0.692754969  
0.2464264642  
0.5726101529  
0.6994704542  
0.1360643975  
-0.6431836065  
0.05233558982  
1.914428216  
-0.7308847091  
0.9743286076  
-1.929130487  
1.073261172  
1.002705878  
-0.9210258851  
0.09454477521  
1.312136981  
-1.287024642  
1.317656177  
-2.345854431  
-0.4826812904  
-1.840799487  
-0.9562912033  
1.390964311  
-0.7477272107  
0.3678959276  
1.331935588  
-1.06158325  
-4.08631297  
2.329557982  
-2.274601738  
-0.1042479806  
-1.348096418  
-0.2194102465  
1.108580787  
-2.465135842  
-1.475638122  
-2.746536092  
-3.589699662  
1.071657361  
-3.113392056  
0.2926843573  
-3.811653214  
-0.9756820849  
-0.2358548827  
-1.200368001  
-0.258771981  
0.4552034376  
1.916406445  
0.1703183975  
1.378828832  
0.03516452324  
0.3206821238  
1.306412435  
-0.703949531  
1.76560735  
-0.5415445178  
0.5059730112  
1.98802354  
-0.7283216895  
0.0516441485  
-0.8924079091  
0.966035358  
0.2490947896  
1.788517011  
0.7666903238  
0.9688521354  
1.282299939  
1.126437174  
0.3814081968  
0.687475181  
1.604806319  
1.857521628  
1.026814767  
0.03476398717  
-0.207104564  
-1.882569425  
-2.306028848  
0.9250884774  
0.1684450782  
0.3884228902  
0.8231480161  
0.43109391  
1.651657906  
-0.6119542082  
0.4374568968  
0.6372630939  
0.2706988489  
-0.2053332374  
0.7328223413  
0.5653252401  
1.786754327  
0.6310777951  
-0.1269887333  
0.2031469258  
-0.9788877813  
0.7336418673  
1.454570242  
-2.37170283  
1.18769137  
-1.666954543  
-0.7043604372  
0.5577310202  
0.9508921712  
-0.07004573535  
-0.8350070024  
0.7595425265  
-0.05106273969  
0.09048576235  
-2.381882238  
-0.8301372859  
0.9245099202  
0.1061909545  
-0.1355314577  
0.02250209312  
-2.193130335  
0.2790259432  
-1.090479828  
-1.133232688  
-0.06950183154  
-4.180007165  
-1.620742858  
-3.309469825  
-0.5284273731  
-1.253362357  
-2.03736624  
-0.9249466695  
-1.224490984  
0.7337901918  
0.4552266662  
1.805638955  
0.3008697753  
0.166228612  
1.308380611  
-0.3324960607  
0.9019503011  
-0.5283951152  
0.05289589223  
0.4346681432  
1.699202758  
1.332213241  
0.02890039196  
0.7448986713  
0.8999760376  
-0.349382368  
-0.2953525067  
0.6845956467  
-1.306983603  
1.284482969  
0.7634665345  
-0.6252813711  
0.7023013144  
-1.035267337  
0.9689906199  
1.343586703  
-0.4842383138  
-0.06946145971  
1.131082419  
-0.4013220898  
1.374148246  
0.3527734644  
0.5416470838  
0.1237610418  
0.8992007161  
0.9972526349  
0.5046407021  
0.518393662  
0.4734382147  
0.2351645884  
1.018823129  
0.350148472  
0.8007786755  
0.7246319332  
0.8593147212  
0.22731877  
0.396228255  
-1.045754304  
0.1780816185  
-0.2195248157  
0.03296171129  
0.6232538032  
0.03704222302  
-0.4176399098  
-0.1859144934  
-0.3925589646  
-0.6736467392  
0.459813257  
0.5721216585  
0.7402358074  
1.041660416  
0.7521029231  
0.3263650987  
0.8945157246  
0.9807323391  
1.245084208  
1.245978306  
0.4699356805  
-0.3983651808  
-1.075408557  
-0.5078663072  
-1.111376379  
-1.208088628  
-0.7758599901  
-0.7418018322  
-0.4231749645  
-0.8457386307  
0.1145019823  
-0.3445929405  
0.02529651246  
-0.6049490976  
-0.8026792228  
-0.5943563685  
-0.9696496337  
-0.8154813084  
0.2201201193  
0.3906691601  
-0.3904802964  
-0.9887678692  
-0.6797686011  
-0.5563277609  
0.6056453522  
-1.22553598  
-0.1340919642  
-0.4996116186  
-0.4118159011  
-0.5131178022  
-0.2841483867  
-0.4133889846  
-0.8079497237  
-0.3406824137  
0.6254172712  
0.6635331114  
0.1074224658  
0.2108165429  
0.3953611335  
0.2480001709  
-0.3425584866  
0.3547071  
-0.1736534292  
-0.7907283428  
-0.2747739286  
-0.002366710636  
0.140976787  
-0.1728475335  
-0.6699486201  
0.3781968885  
-0.4159091883  
-0.9930570992  
0.3344812883  
-0.2636125452  
-0.05304444921  
0.2379739858  
1.645820434  
1.727095658  
1.341056627  
0.7192735106  
0.3949318521  
-0.7116154584  
-0.1412906304  
-0.05201225497  
0.3482174736  
0.2221156007  
0.7854340707  
0.1360769534  
-0.4115865807  
-0.2609131531  
0.4986778002  
0.3321919115  
0.01696033569  
-0.03528493436  
-0.03194505191  
0.3828097905  
0.1024248789  
-1.306292745  
-0.5016958812  
-0.2788218006  
-0.8375856673  
-0.6368421788  
-0.2263657164  
-0.5927962969  
0.4953670834  
-0.3758657976  
-0.6537609229  
-0.3868148546  
0.1324495165  
-0.5689248211  
-0.6288486198  
-0.3557659974  
-0.8391177666  
-0.2743925132  
-0.8633191649  
-0.01605383268  
-0.2726410678  
0.5571456794  
0.1295718997  
0.773103929  
1.32934693  
0.9889097556  
1.513294031  
0.902855065  
1.786497224  
0.7384664526  
0.284486916  
0.1895632465  
0.2171116361  
0.9174583821  
0.07316614742  
-0.2310712568  
0.1849385183  
-0.09562145879  
0.4280653536  
-0.07370095198  
0.4096965645  
-0.2504386487  
0.3475964211  
0.5935158505  
0.516781238  
0.1712585431  
-0.501839323  
-0.9643351216  
0.1396751839  
-0.9800161227  
-0.9097409201  
0.3309905241  
-0.8098330108  
-0.6166165498  
-0.9016082722  
-0.5234607656  
-0.6707937782  
-0.1963586445  
0.01564923141  
-0.7642102748  
-0.4599637698  
-0.2574063416  
0.1679105577  
0.6747107655  
0.2480510919  
0.2375998452  
0.3632738366  
-0.04120579576  
-0.7361814531  
-0.3964672596  
0.1977967231  
-0.09728389239  
-0.2066070712  
-0.1026027892  
-0.1796277403  
0.5698131138  
0.3830369684  
0.5828268468  
0.08556948502  
-0.0316399331  
0.1742771488  
0.1425603336  
0.9173057862  
0.3634734194  
0.5809556299  
-0.06906355231  
-0.2055328192  
-0.0310980697  
-0.860722988  
-1.52471351  
-0.4381777921  
-0.1249259934  
-0.04723599576  
0.6052486147  
0.3880269536  
0.7453869919  
0.2605060731  
0.4263366429  
-0.1623714354  
0.2884747505  
0.2226086349  
0.09927544363  
0.6571640037  
-0.08351450214  
0.1471569273  
-0.07698814505  
0.07918787  
-0.2344464299  
-0.8597042762  
-0.6890370078  
-0.547826712  
-0.8885784284  
-0.465046023  
-0.1648654552  
-0.4963501933  
-0.9313293346  
-0.1570587883  
-0.7582337374  
-0.07305430839  
0.8962041171  
0.03548560801  
-0.2648835199  
0.5861737549  
1.058864344  
0.4035098392  
0.4589659068  
0.4129074945  
0.687454937  
0.4959485964  
0.8343625393  
-0.5145738179  
0.001108018338  
-0.7167088455  
-0.0621459448  
-0.1312772099  
0.3634733192  
0.1625687579  
0.7848862694  
0.468737049  
0.6476857107  
0.8521036466  
-0.3216843852  
-0.4255925825  
-0.7278250588  
-1.093003008  
-0.1506747264  
-1.908591403  
-1.297355846  
-0.3593484749  
1.405158374  
0.2556847094  
0.5824940948  
0.2878897227  
0.2646102759  
0.1228389093  
0.8344106347  
0.4656805936  
-0.2826447918  
-0.02417799928  
0.03231106497  
0.3231402722  
-0.2532044306  
-1.145413455  
0.5077995301  
-0.4506321403  
-0.01993306152  
-0.2998048178  
0.06748417614  
0.2537445732  
0.4035703855  
0.6451476974  
0.7691212848  
0.4513313157  
-0.4187451485  
0.1727617079  
0.990731915  
1.139973165  
-0.05274406447  
0.1157402827  
-0.4601932005  
0.03218889607  
-0.5679490436  
-0.1396085171  
0.1688919435  
-0.4831271709  
0.4783837149  
-0.2084428688  
-0.5622237323  
0.319595139  
-0.5659062718  
-0.1238951991  
-0.3793351979  
-0.2191070918  
0.1861110736  
-0.3306304541  
-0.2353107276  
0.16892611  
-0.01596673034  
1.462449657  
0.1879966389  
0.3518260225  
0.4329108888  
-0.2795832605  
-0.4650707601  
-0.8796257143  
-0.1371179825  
-0.3418468393  
-1.104426508  
-1.189626861  
-0.4399477722  
-0.3857528801  
0.07213900327  
0.2497523206  
0.1376110898  
0.1050828861  
-0.5428830947  
-0.9644398795  
-3.829692829  
-4.739594669  
-2.593072816  
-0.5166717395  
0.33601778  
0.6409811594  
0.5532759351  
-0.04583497219  
1.136080991  
1.490969293  
0.2786066139  
1.255508783  
0.4752959331  
0.6506777764  
0.7420963423  
0.9800057109  
0.2317244221  
1.177092253  
1.105069412  
1.082035823  
0.478262891  
1.58634935  
0.403946502  
1.004327342  
1.153641921  
0.04281316836  
0.6685748284  
0.0766702024  
0.5316422766  
0.5448768555  
0.6551356471  
1.288041188  
0.7513017905  
0.5182548096  
0.3056438972  
1.241659949  
0.1707814023  
-0.1464389278  
-0.8993768752  
0.4051986355  
-0.3052267433  
-0.2871400242  
-1.063371068  
-0.4192563654  
-0.8745613289  
-1.103317427  
-0.7704559457  
-0.4609954331  
-0.2452669339  
-0.4667163864  
-0.2581877156  
0.1770926728  
0.01239692623  
-0.8321680537  
-0.6414863844  
0.1299786127  
0.1541066556  
0.1554374875  
-0.7623258897  
-0.8010565346  
0.08434482366  
0.3374244744  
0.0005478774657  
-0.6433033565  
-0.8029861885  
-0.405420981  
0.5088651218  
1.093408836  
0.8555084248  
0.5585666272  
0.5611843382  
0.4681556707  
0.1610058337  
0.2838109057  
0.07785814589  
-0.346227675  
0.2935982221  
-0.04842484022  
-0.02646337552  
-0.3663277967  
0.4516887686  
0.3245939649  
0.1719421981  
-0.7043974453  
-0.4831449898  
-0.5477363128  
-0.8629714566  
-0.6571783463  
-1.241816512  
-1.375168451  
-0.8074880595  
0.4299972071  
0.5728531059  
0.954823711  
0.0709732679  
-0.06544633206  
-1.021668631  
-0.1139229144  
-0.8966868178  
0.2907528778  
0.8812447528  
0.7202480345  
0.1208653898  
0.127293456  
0.4299160477  
0.3701487536  
-0.5022075786  
0.4678987528  
1.885346618  
0.6960654222  
1.459211298  
1.732720661  
-0.006865152863  
0.1170297498  
-1.007458765  
-0.5076969657  
-0.08189306838  
1.327675648  
0.7963881207  
2.052596546  
-0.2055902169  
0.675719411  
1.686679854  
-0.4443982151  
0.1938803417  
0.1061661412  
-0.5761861989  
0.1322301957  
0.3896514736  
0.01768376178  
-0.469118596  
0.3034688135  
-0.3758940205  
-0.2862333479  
0.7357352613  
-0.03174783972  
-0.5641042298  
-0.5660457596  
0.3692324934  
-0.009656441416  
-0.04145959123  
-0.3252780829  
-0.9236593068  
-0.4228503705  
-0.5996827784  
-0.4613887539  
-0.7429930016  
-0.4533236239  
-0.1636326168  
-0.04746487563  
0.335061013  
0.6226559344  
-0.8950074349  
0.0621007645  
-0.4135640892  
0.08463316719  
-1.066568688  
0.3100319661  
0.5354678897  
0.5581138646  
0.3939482084  
0.1872410514  
-0.06257429937  
-1.170151539  
-1.118123787  
-0.6743499333  
-0.4008358482  
-0.4947447597  
-0.04533081303  
0.3958739027  
0.2119243714  
-0.4351038168  
-0.6521693853  
-0.9035890503  
-0.111187976  
-0.4103794291  
-0.8951425662  
-0.1568178269  
-0.663851404  
-0.121915453  
0.02486939217  
0.2057321586  
-0.1261270922  
-0.2312637945  
-0.2858305751  
-0.1871219077  
0.1063103452  
-1.127347726  
1.207763718  
-0.101545426  
-1.110889356  
1.199480708  
0.7090323678  
-0.3116443837  
0.2153464621  
0.5160134601  
1.017705332  
-0.6633227959  
1.651052863  
-0.8821325484  
0.542994433  
1.218987284  
-2.436476825  
0.9553460081  
0.6484816924  
1.929297529  
0.7333924139  
1.091405891  
1.244927767  
0.8202256903  
1.016852787  
-2.301024022  
0.1026432083  
-1.932179125  
0.1174400898  
0.4106756116  
-2.03119148  
-0.3563514611  
-1.04734165  
0.7852761813  
0.6650430384  
-2.256513772  
-2.967006851  
-4.058876523  
0.1519277453  
-2.327205829  
1.952616102  
0.977125812  
-1.072963979  
0.9224731602  
-0.227693433  
1.227910263  
0.4721133992  
0.4925183707  
-0.145080081  
0.05655871693  
1.055508995  
0.1474455991  
0.5585649326  
0.1730058295  
0.6394568149  
-0.2454362345  
-1.505846305  
1.278043485  
-0.2919554821  
-1.457660369  
-0.4051021556  
0.4201438689  
1.574619677  
1.351302915  
1.031626606  
0.3163077906  
1.115300247  
0.8225449551  
0.5684959311  
1.68088076  
0.4971862543  
0.4137461219  
1.103563556  
-0.2238305188  
0.9857933572  
0.2598514081  
-0.9992248286  
-0.02547864601  
0.1117858395  
-1.801783555  
0.7321478716  
0.1108141494  
-0.8371091956  
2.004326379  
1.626427054  
-0.5472854636  
-0.9210949255  
0.5035551761  
-3.026986665  
0.4335022807  
-1.593808457  
-0.4986900454  
0.2437475206  
1.666928342  
0.8359428169  
0.2766168784  
0.9650125889  
-0.3555236258  
-1.091109007  
0.02278857854  
0.1692710954  
0.9861450794  
-0.1647169125  
-0.4194741352  
-0.9180737836  
-0.3215426914  
-0.4396350528  
-0.6763339231  
-1.073850911  
-0.3109058431  
-0.1080041281  
-0.8006919489  
0.289479179  
0.01466627463  
-1.018558176  
1.421227117  
-0.3360923402  
0.7555965789  
1.628904539  
0.852530195  
0.09619228639  
0.02781988658  
-3.133635437  
-0.07069460867  
-0.2601622243  
-2.927658522  
-0.4829037586  
0.05543467845  
0.03025590984  
-0.1992035801  
0.2788773841  
-1.267767127  
-0.06819220541  
0.2342815476  
-0.4137478986  
1.56441121  
0.4610019099  
0.5608376443  
1.697472234  
-0.9313546578  
1.048129453  
1.660949103  
0.08494254081  
0.136617012  
-0.28794207  
1.255229363  
0.05722340502  
-1.71607915  
0.5563146642  
0.6888768154  
-0.1043527572  
0.4594916147  
0.4627126483  
-1.890445562  
-1.105918067  
-0.6319994872  
-0.1117582906  
-0.3928620092  
-0.1254657972  
0.8902838532  
-0.6258170512  
-0.2799987534  
-0.9122677943  
-0.02068623831  
0.4145903699  
0.9064613375  
0.03704591849  
0.3300348997  
0.3648775413  
