0.6095138306  
0.8697807778  
1.798760931  
0.7616104963  
0.5154239092  
0.5023594089  
1.566968246  
3.082113948  
-0.3551514246  
-0.6045422456  
-0.8660554378  
-0.9348975201  
-0.5251125958  
-0.745492071  
-2.401093485  
-0.8667640911  
-0.7030284871  
-0.3070813499  
0.2433203104  
-0.6245997008  
-0.9780067988  
-2.27757577  
-0.7642843601  
-0.3035939354  
-1.706265658  
0.2895176331  
-0.1418870497  
-0.2198836543  
-0.9571779134  
-0.1721200655  
-0.4415196837  
0.01369532711  
0.4027470133  
0.237983405  
-0.2275157674  
-0.4337053647  
-0.02931199774  
-0.1314393217  
-0.08176665465  
0.04099266441  
0.4765513301  
-0.5195735722  
-0.823791458  
-0.3298295382  
-0.305518872  
-0.8852818393  
0.6709216645  
0.2040521551  
-0.2187739215  
-0.8763885614  
0.4066075559  
-0.3728678119  
0.8104268659  
0.8762361995  
-0.3103597512  
-0.5119061194  
0.4111355974  
0.7616789804  
0.4636150287  
0.03177942272  
0.1135678379  
0.4984861222  
-0.1098516967  
-0.02606682489  
-0.6102093689  
-0.6765712133  
-0.03268546372  
-0.1468357651  
-0.4252566399  
-0.5999586148  
-0.09136101047  
-0.7130188544  
-0.3627336805  
-0.5004792798  
0.7281514351  
1.244614355  
1.217959789  
1.895027692  
-2.144395539  
-0.2194901528  
-0.516613459  
0.5974612609  
-1.122468127  
1.607968337  
-0.8320962619  
-2.523063353  
0.7935633036  
0.2899233024  
0.5428206778  
1.05794833  
0.2274846355  
0.142549647  
-0.4888201438  
0.129335303  
-0.06798658606  
-0.1581789075  
0.5548836035  
0.1118415161  
0.4330347244  
-0.2375956348  
-0.9191847522  
-0.3735652683  
-0.2900244609  
0.3168575759  
0.4841301893  
0.579109635  
-0.1233298233  
0.7069614381  
0.0738804389  
-0.277416315  
0.756218465  
0.3976661789  
0.7479211449  
0.1232302257  
0.6402187012  
0.06885132459  
0.5978050145  
-0.2609405099  
0.2550748532  
0.3468194891  
-0.636860239  
-1.046502905  
-0.06634488913  
-0.6011411042  
1.517825769  
0.06781779989  
0.2358578721  
-0.4151415971  
-0.121169342  
0.4037375883  
-0.485156816  
0.490483136  
-1.400524085  
0.7618355203  
0.1984456568  
-1.358546758  
-1.170947693  
0.8864222289  
0.3971811836  
-0.07921096477  
-0.2321239228  
-0.8045898112  
0.1063490359  
-1.147147456  
-1.031597022  
-1.725003818  
-1.376407629  
-0.06239681146  
0.7282553234  
0.1303752263  
-1.017179002  
0.09697885788  
-1.115789729  
-0.5879678373  
-0.9365574724  
-0.4017525328  
-0.4179950835  
0.1782390494  
0.6313156443  
1.699416063  
-0.07788665267  
0.2724199047  
0.2764933863  
0.8560578107  
0.4456302478  
0.5635956692  
-0.436375439  
0.6391648434  
-0.2396621049  
-0.3732948941  
0.8170987342  
0.7555687572  
1.576310847  
0.3182569584  
0.5736542981  
1.047189125  
-0.1280610377  
0.7574540807  
0.4830801674  
1.323572184  
-0.3243152075  
-0.4928147224  
0.9683915766  
1.786824666  
-0.1534229327  
0.7180138183  
0.8132785648  
-1.251479221  
0.6620905696  
0.7516844024  
0.6647988782  
1.09410612  
1.19918807  
0.7312365204  
0.2677972719  
1.480942329  
-0.1495054637  
-1.231520327  
0.4211179789  
-0.5752715448  
-2.016234706  
-0.9644261726  
-1.170958989  
-1.421685537  
-0.6823886678  
0.1265165786  
0.01256122578  
-0.5040276589  
-0.3639561336  
0.0693365898  
-0.7698926038  
-0.3910949031  
-0.4475137962  
0.09218715204  
-0.3096132317  
-0.9979117581  
-0.4380927906  
-0.2991292356  
-1.6945749  
-2.228515074  
-1.453695617  
-1.023688639  
0.2311490753  
1.078433425  
0.1263256317  
1.251723459  
-1.594045508  
0.7343642828  
1.245365562  
0.9585534606  
0.6428876965  
-1.569923081  
-1.19044757  
-0.9961208674  
-0.6445906999  
-0.3466608444  
1.638883266  
1.157298234  
1.11498408  
-1.157572175  
-0.9838365797  
-0.1347287409  
1.103552622  
0.9382994691  
0.515703932  
1.0348721  
0.000957863434  
0.4225994736  
0.6780467586  
1.435248934  
0.5919072783  
1.078627305  
0.5610010987  
0.7669944667  
-3.313688505  
-1.888289096  
-1.076404628  
-1.136315388  
-1.866730918  
-0.2416088095  
-0.343313726  
0.5111508007  
-0.1983671764  
-0.06614596522  
-0.709743875  
-0.565118326  
0.8456841302  
0.1288725294  
0.3102555647  
0.0587438458  
0.006980304357  
0.1987542902  
-0.3646830322  
-0.3463050175  
-0.4783130546  
-0.1643894203  
0.338623527  
-0.5304650258  
0.3288512185  
0.4389146769  
1.367065728  
-0.2901798111  
0.3650490861  
-0.2323935632  
-0.4455685954  
-0.3664649078  
1.118909219  
0.1355665555  
-0.7218605463  
0.3646001952  
-0.3435174265  
-0.1139056087  
0.4832502837  
0.2033803964  
-0.0582988077  
1.23899476  
-0.7057271075  
0.1320278481  
0.06787192086  
-0.2110098362  
0.3207980624  
0.6113833529  
1.302232796  
0.7674742422  
1.075939206  
0.8427444361  
-0.1190985107  
1.345715937  
1.83718623  
0.787913076  
-0.351463077  
1.530240555  
-0.06123478205  
0.7933054834  
-0.316036291  
-0.5000383237  
-0.3159944265  
0.0007634873725  
0.8221338396  
0.3792458654  
0.1471087679  
0.3562787422  
0.6129994294  
-0.03206340632  
-0.0859179728  
-0.3084466781  
0.3695706242  
0.9576173419  
0.6569135117  
-0.7346909586  
-3.160127361  
-2.487331279  
-1.577961778  
-1.31780831  
-1.537003237  
-0.818973609  
-1.041857088  
-1.187379313  
-0.01030158724  
-0.1249703709  
-0.9076144751  
0.9667455584  
0.5150122112  
1.064483937  
1.009568105  
0.4614519444  
0.3039435515  
0.2308664856  
0.8546126472  
-0.1333597278  
0.09481376862  
-0.004387686619  
1.040118442  
0.6498567867  
0.4117904464  
-0.05307479532  
0.146802015  
0.151559933  
0.3433357514  
-0.3028332779  
-0.6591084207  
-0.3008758279  
-0.4525688075  
-0.7851806226  
-1.767396079  
-0.4430770551  
-0.823985155  
0.02838140228  
0.307799819  
-0.3886136886  
-0.1046574457  
-0.1975322317  
-0.32178244  
-1.344367233  
0.01165539179  
0.2986276389  
0.4020866877  
0.4730618091  
0.713066645  
-0.4555201235  
-0.08692524057  
1.60579634  
0.7510395501  
0.6098864962  
1.09519272  
-0.3045849315  
-0.007706874089  
-0.3280836256  
-0.1110861807  
-1.522938265  
-1.13697107  
-0.4083294046  
-0.4006135302  
-0.8145403734  
1.0830795  
0.5114364046  
0.4480513019  
-0.1039807179  
0.6380027709  
0.3534856515  
-0.2767000408  
1.260164043  
0.2076871616  
-0.1116361547  
0.108646142  
-0.5234401241  
-0.4916589614  
0.4585290579  
1.520385921  
0.7719856744  
0.308834537  
0.5786509635  
1.082336152  
0.4927468315  
0.3219360339  
0.1880585286  
0.8470832985  
-0.3283118174  
-0.1692942093  
0.242108552  
0.7783106634  
1.217642892  
0.2049234425  
0.1777912089  
-0.2486480446  
0.9601876941  
0.4914048345  
0.3755721197  
0.08219345562  
0.7473162574  
-0.6996799036  
1.114966927  
0.1412389161  
-1.515806361  
-2.747893301  
-2.849336941  
-2.138860635  
-0.1978660586  
-0.8233604192  
-2.949203859  
-2.815969636  
-0.5428370458  
-0.5789273571  
-0.3062652997  
0.4530171089  
1.283742898  
-0.5043256561  
-0.773990567  
0.1379537544  
-0.5789450191  
0.2216675789  
0.7192438558  
0.6267762188  
-0.06835757941  
0.4874307047  
-0.04445714773  
-0.74368053  
-0.2170395898  
0.3768973619  
0.9361507057  
1.955938211  
1.440358134  
0.8933185506  
0.7514820477  
0.3909901392  
0.07081835199  
0.6727652189  
-0.06602860767  
0.78293437  
1.165112322  
-0.6783049896  
0.08047825079  
-0.5721490846  
0.4808018647  
-0.2987131545  
0.2770368956  
0.04308310764  
-0.5784654546  
-0.3512734732  
-1.494270227  
0.1309192102  
0.09979499184  
0.6702218622  
-0.7302934731  
0.3067993788  
0.2167232472  
-0.763693456  
1.439152128  
1.060919009  
-0.07247210677  
-0.4442801278  
-0.2577028871  
0.3017333925  
0.6580231587  
-0.1728044795  
1.152904914  
0.5081438258  
-0.2382681635  
0.9699714167  
0.4125449715  
-0.5844106073  
-0.6603233836  
-0.5120409174  
-0.560684894  
-0.0295650138  
0.2317778743  
0.4389198704  
0.08101731909  
0.5405531467  
-0.3174984561  
-1.519678511  
-2.538783798  
-2.591232949  
-1.450019916  
0.4714920502  
-0.4942961794  
-0.4986596935  
-0.638143341  
0.7614713484  
0.8212382081  
-0.698045812  
0.07029355485  
0.2884706401  
0.3574622195  
1.120247484  
0.9642342838  
1.197215818  
2.347634232  
1.555134477  
0.6444002114  
0.5665086169  
0.7495291715  
0.9610980637  
0.5634219745  
0.349069426  
0.4605458191  
0.6227156416  
0.1311809019  
1.272105072  
0.2331112971  
-0.4071650745  
-0.8274866457  
-0.6067377053  
-0.283078591  
0.6430338729  
-0.4044387224  
1.414621389  
0.8454210822  
-0.001086233309  
0.7462800301  
0.9172579616  
0.1181190432  
0.5915678014  
-3.373126809  
-4.206706783  
-2.224627043  
-2.54184494  
-1.297141502  
-1.760398124  
-1.669381864  
-2.203061504  
1.060537393  
0.2349170304  
-0.07411054473  
0.2215975649  
-0.2526811116  
0.787281712  
-0.4043486623  
-0.1999537676  
0.07821974453  
-0.1564021315  
-0.9158587814  
-0.5943218531  
0.1030135172  
1.251211039  
1.016399263  
1.330540377  
0.7022443014  
-0.7685696673  
-0.2980125574  
0.3440192712  
0.9212925193  
1.068157551  
1.828752424  
-0.5325011356  
1.30767515  
1.602817801  
1.660007243  
2.213349295  
1.871976919  
-0.2787106411  
0.1668065835  
1.230402283  
0.4420380611  
1.006404723  
1.382548856  
-0.1878334889  
-0.7887750294  
0.06731000414  
0.01488226324  
0.6739255486  
-0.8857314421  
-2.906898022  
-2.210157165  
-2.949917946  
-2.766738549  
-1.493444082  
0.4591803128  
0.07032787087  
-0.2489810453  
-0.4502841874  
-1.096336923  
-0.01965413597  
-0.6359268732  
-0.1760064714  
0.5173256986  
-0.7951775806  
-0.6157830094  
0.03701528079  
0.4270028397  
-0.4702459155  
0.3500488933  
0.839504544  
0.7451232927  
1.356261386  
0.2587569261  
0.3790628023  
0.813514862  
0.2242360846  
0.6938696646  
1.716251741  
-0.6095365434  
-0.01429701725  
0.1544826441  
-1.221875483  
-0.4588797514  
-0.5855968904  
0.4872567869  
0.650806246  
0.8670863441  
0.3702042879  
1.102119802  
1.766825087  
0.6028891157  
1.016170324  
0.1070616695  
0.2115273552  
-0.4469394409  
-0.01709149263  
-0.9357474058  
-0.2366261489  
1.164901096  
1.301640896  
0.1764062022  
-0.2496383615  
-0.3614283628  
-0.26998564  
0.05783667801  
0.1237893476  
0.98490442  
0.3634913624  
-0.4387786583  
-0.3521814001  
0.1797647064  
-3.655393679  
-2.324191331  
-2.671395511  
-0.4522634877  
-0.3338713545  
-3.355846674  
-1.71369122  
-0.2103792562  
-1.355486624  
-0.9823766253  
-0.2808520192  
-0.321717116  
0.7165147916  
-0.5981016627  
0.7981872917  
0.3959144452  
2.441314209  
0.6181074105  
1.18060357  
0.7730557575  
1.614581182  
0.8418093135  
-0.4953719338  
-0.440161071  
0.6403815621  
1.603797221  
1.006131678  
-1.050673169  
-0.5625002625  
0.3131861895  
0.5169457192  
-1.089027388  
-0.6521411957  
-0.1126495429  
-0.5499633094  
0.6419598983  
0.1961897916  
0.5554436845  
-0.6987868733  
0.9007037799  
1.208862064  
-0.4317530695  
1.802099266  
0.7126246543  
0.3015598387  
0.2080515922  
0.6850420198  
0.9734932484  
0.7724318171  
-0.2969383613  
-0.9805389596  
-1.044466311  
-0.8430957486  
0.3133824029  
-0.7814013919  
-0.8330967468  
0.5402971924  
1.090556978  
-0.1609491732  
0.5235167207  
-0.1764008384  
0.3017499586  
0.03743649136  
0.03417660807  
0.4194536713  
-1.54817914  
-3.677424138  
-0.910652242  
-1.809456276  
-1.659875982  
-1.405255432  
-0.3751053924  
-0.3339300276  
0.5182924107  
0.7590591935  
-0.1664217614  
1.05071517  
0.8010029813  
0.7738674407  
0.3049156119  
-0.6531441765  
0.09420522352  
0.3415714085  
-1.233524973  
1.009071119  
-0.9495595616  
0.4575112423  
0.3333752481  
0.4412184764  
1.010039958  
-0.4060027895  
1.708369996  
1.778644355  
0.9403775488  
-1.039678519  
0.9725382905  
0.2933415219  
0.2329606024  
-0.7453558611  
0.08785854924  
0.03615406489  
-0.6190409899  
-0.03020597624  
0.3513639813  
0.8769302335  
0.4194691065  
0.1121560454  
-0.5953001954  
-0.1756117125  
0.4003102338  
0.2352146346  
0.9940880585  
0.8017860177  
0.03282471756  
0.7598262474  
1.209120743  
0.274221895  
0.3435660632  
0.04481921668  
-0.283385617  
0.549643333  
-0.4309783337  
-1.158848899  
0.5200928223  
1.530878408  
1.188857744  
-0.2159982504  
0.5573553573  
0.9152582916  
-1.314026077  
-2.906862502  
-1.994169174  
0.01983974977  
-0.5341527548  
-1.64254675  
-0.2437251707  
0.3335286462  
0.2723334662  
0.09611263402  
-0.01785531802  
-0.3271856616  
-0.4163695057  
0.1285022834  
-0.2567283377  
-0.0596805093  
-1.397981302  
0.6386177581  
0.1190594272  
1.092437684  
1.460354765  
0.03533195225  
-0.009796594427  
1.220052161  
1.795141095  
0.01345937602  
0.5673532787  
1.566157587  
0.0398810494  
-0.1509362658  
-1.327073586  
0.3281716183  
-0.05600866883  
-0.2176892561  
0.1619037566  
-1.077754183  
0.9219315891  
-0.9821366682  
-0.2914106851  
-0.05010665007  
0.278251711  
-0.1812526661  
-0.6900102855  
-0.9758313909  
-0.6740079494  
0.3345595972  
-0.1131090523  
1.284334837  
0.3706722018  
-0.958272979  
-0.4492764203  
-0.760729313  
0.5958342548  
-0.2896344076  
-0.5231571674  
-0.5967151128  
-0.7729063535  
0.4570913545  
-0.0174373967  
0.718303868  
0.07205547467  
0.9489605122  
-1.136951197  
-0.233979495  
-2.920031208  
-3.796187699  
-1.529409533  
0.1988842693  
0.4137989597  
-0.1553944268  
-1.185041429  
-2.238265984  
-0.1367085668  
0.9038418775  
-0.3463680241  
-0.1002828939  
-0.1309211339  
0.727378411  
0.6934732255  
-0.07551567383  
1.521065421  
1.133647872  
2.286452307  
1.196920206  
1.523378169  
-0.6189461341  
-0.2794727025  
-0.1867256919  
-0.2220429796  
1.121173709  
-0.3290429828  
0.1641367531  
0.8741139059  
0.7846465936  
0.7741323264  
1.487952668  
1.804460428  
0.4791719711  
1.376309748  
-0.178249141  
-0.3931264658  
0.7335324756  
0.6298453135  
0.459858521  
-0.03965105497  
-1.434258274  
-1.836398274  
-1.818953725  
-0.7320728217  
0.5332737856  
0.1466091172  
-4.081364391  
0.07384584748  
0.9046527108  
1.572294142  
2.220617299  
0.5999649028  
-1.591375705  
-0.1546803872  
0.346418117  
0.9792147033  
0.2858916465  
-0.5312669396  
-0.6371345007  
-0.02405655914  
0.5126726259  
-1.337642566  
0.8358970743  
0.3786196028  
1.036381507  
0.05490817157  
-0.3348629396  
0.9780029275  
-0.08194392643  
0.03115663543  
0.8496797831  
-0.2970293754  
0.2793245256  
0.6831381317  
-0.08720024815  
-0.3902790648  
-0.7868163196  
-0.7154746754  
-0.4520779186  
0.05164485371  
0.06710862842  
-0.352470528  
-0.1632859563  
-0.6088689462  
-0.4981466857  
-0.4957824474  
-0.303126205  
1.04609221  
0.2303122823  
0.1116881729  
1.137999925  
-0.5089477282  
0.04550045997  
-0.2478358669  
-0.9177287004  
1.017617235  
-1.226381284  
0.5084172229  
1.141913925  
-0.9807863167  
-0.202760085  
-0.6695898232  
0.3391294192  
0.5581020399  
-0.07599030164  
0.5669481179  
0.1254182829  
-0.7664384817  
-0.4570446851  
-0.06847053671  
-0.2689452838  
-1.008230035  
0.4278102027  
-1.495682864  
-0.3752412205  
-0.4957379446  
-0.613807951  
-1.494965  
-0.5751948052  
-0.2564284618  
0.9700821503  
-0.2523086474  
0.3591220813  
0.7612889292  
-1.628345112  
-2.14204687  
-2.352236387  
1.552066488  
1.821770104  
-0.2389208286  
0.1680313289  
-0.1794427303  
0.545276648  
0.7410869403  
1.848430786  
1.83672495  
0.7303670149  
0.8506975501  
0.4586068613  
0.3705478796  
0.1394720131  
-0.05834963016  
-1.119199537  
-0.4992294387  
-0.3004535739  
-0.4120003384  
0.2379942679  
-2.754236052  
-0.03296021161  
-0.2066288698  
1.691364291  
1.4149906  
0.6703883996  
-0.1344897317  
-2.040247098  
0.7076827411  
0.2296144216  
0.3305912388  
0.6288403558  
0.2821179033  
0.9100681547  
-2.812756518  
0.3118649605  
2.212578756  
0.6982499594  
0.2180316191  
0.4486654079  
-1.384341885  
0.540046602  
0.374422159  
0.1623642017  
0.03175407996  
-0.6812090126  
-0.3567549194  
0.3082012776  
-0.4594226708  
0.8742798226  
-0.4968880457  
-0.5990811126  
-0.3415124846  
0.8988078036  
-0.009219920373  
0.00135185844  
-0.199765756  
0.3221883253  
-0.2383677439  
-0.7126976175  
-0.4054680128  
0.7113461161  
-0.8961954061  
-0.932423001  
0.6791553963  
0.8925322126  
0.4718897342  
1.117550871  
-0.01052653899  
-0.1610304888  
-1.000457942  
-1.079661679  
-0.2336846676  
-0.1605765479  
-0.3515775933  
-1.40289085  
-0.7350491161  
0.2768496039  
-0.3433973515  
-0.27266824  
-0.872309818  
-1.124748516  
0.5048777285  
-0.5860721178  
0.7210455586  
1.760329751  
0.8318240842  
-2.854125873  
-0.740512147  
-0.2890165818  
0.3512877307  
1.283636594  
1.265722591  
1.854533755  
-0.8785155603  
0.1443510026  
0.1192752739  
2.350702347  
2.782374554  
2.324242815  
0.2018558454  
0.9431973488  
-1.980241563  
0.246502709  
0.3622946107  
1.910012199  
2.019067768  
0.04416608198  
-0.4070225731  
-0.8218439458  
-0.4953510433  
-0.6618411786  
-0.6836040545  
-0.7824380423  
-0.004644658285  
-0.3277706872  
-0.6488701973  
-0.6603938355  
-0.3051932774  
-0.2314165077  
-1.076188761  
-0.5535874667  
0.09892723328  
-0.2839113059  
-0.1542711436  
-1.186448267  
-0.9881678001  
-0.3539437834  
-2.288048827  
-0.03230052743  
-0.46469372  
1.161724055  
0.9491834351  
1.346479676  
-0.2699039248  
-2.971326519  
0.4916045145  
0.2073807362  
1.960209307  
1.752089918  
2.528976251  
-1.267770209  
-1.16950685  
0.05770421088  
0.349302664  
0.2981258317  
-0.4981845972  
-0.3324588945  
0.08160006407  
-1.150804517  
-1.913729495  
-0.6332754279  
-0.5776827615  
2.355284013  
1.444108381  
0.5413364321  
0.2196084784  
0.9229298697  
0.475288567  
-0.8757776771  
0.2311854515  
-0.1668157278  
-1.571217711  
-0.2499891642  
-0.5797991363  
0.1574235632  
1.373352059  
1.094209045  
0.238505582  
-1.629433297  
0.2508326298  
0.04780092403  
1.417189054  
1.124701112  
2.055730896  
-2.091475836  
-2.150782552  
-1.054250478  
0.5507722243  
2.132486519  
1.159889563  
-2.881223267  
-1.709999419  
-0.4168832626  
-0.3746541514  
1.282739248  
0.7297030074  
-0.5055297458  
-3.614172026  
0.5117220882  
0.2825409791  
0.1806808158  
0.4532171393  
0.8128480232  
0.0021249457  
-1.630052202  
-0.32249755  
0.8558191608  
1.670721355  
1.328713829  
0.4627336262  
-0.8219290645  
-0.3205576845  
0.07104518194  
1.260124044  
2.539893975  
0.6487955259  
-2.142156596  
-0.07283817542  
-0.2820346229  
-0.4596813834  
-0.07179561891  
-0.3861145752  
-2.205770345  
-0.03065396652  
-1.306321998  
1.356540597  
1.861420677  
1.335252929  
-1.321736296  
0.5721805325  
0.1218338507  
1.829094285  
-0.4999544527  
-1.041076369  
-0.1590588612  
-3.741902673  
-0.5027332624  
-0.4524821077  
1.52563381  
1.963834608  
-0.8942043119  
-1.188379662  
-0.7355087604  
1.442666412  
0.6301179378  
0.07387652713  
-0.2598553572  
-0.6795946601  
-1.259478847  
-0.3716727106  
0.4648790922  
2.062101074  
2.524651987  
0.7084073063  
-2.982874043  
0.3277477983  
0.4370684479  
2.418358412  
0.7190878896  
-0.6887117679  
-1.181878658  
0.2058449057  
-0.3655397336  
2.192726432  
2.118048075  
0.4126220931  
0.008740144959  
0.7909520948  
-0.1103079933  
0.9788851279  
-0.4052128412  
-0.3247983818  
-1.404403529  
0.1590155558  
-0.09887965555  
0.4440639812  
-0.7433785754  
-1.473418183  
-1.083401354  
-0.4896704761  
-0.8559367757  
-0.5548638099  
0.6658681913  
-1.108251655  
-0.6417947414  
-0.270892088  
0.7597335106  
0.2912147787  
0.06648794821  
-0.4891489548  
-0.8454988387  
-0.7522749842  
-0.1878535831  
-0.6373768679  
1.432186107  
1.92950304  
0.3165941441  
0.7894374551  
0.1376361134  
1.096521511  
-0.08222037345  
-0.09621640291  
0.9490146489  
0.07280278751  
0.4097156512  
1.443333733  
-0.6616239237  
0.3775091057  
-0.6957698128  
-1.67097393  
-0.8152288579  
0.1910409327  
-0.6852840214  
-0.4996010629  
0.2850011827  
-0.5436395362  
0.6284525351  
0.1631245358  
-0.3625999305  
-0.2193699562  
1.303110443  
1.729610942  
0.1986308738  
-0.01208793391  
-0.9620945458  
-0.7642232943  
-0.2263215038  
-0.9064085031  
0.01375943947  
-0.7094398745  
-0.44255106  
-0.3944877668  
-0.415366026  
-0.8551640916  
-0.001043978239  
-0.7727213724  
0.06645768314  
0.05021435451  
-0.3197457649  
-0.3981956841  
-2.128523762  
-1.273702248  
-0.2408996093  
0.4501340425  
-0.3819810334  
-0.1144214714  
0.3587648815  
0.04038516266  
0.1118540788  
0.3459427272  
-0.1106680062  
0.5613779197  
1.350696146  
1.092340841  
0.3618751556  
-0.3187985432  
-0.1811394297  
1.392112484  
0.9138693754  
1.296829128  
0.07916020665  
0.8634297055  
0.3214016629  
-0.1273792424  
1.343076962  
-0.7213141536  
0.6429263828  
-0.4775971079  
-0.3768154007  
-1.134726913  
0.04129777893  
-0.06890471491  
0.3136731685  
0.5618823312  
-0.3986596794  
-0.4754756777  
1.331330052  
0.7106259205  
-0.6361332123  
0.04398480566  
0.9858460556  
-0.04306192164  
0.6613279078  
-1.341076366  
-1.299269897  
-0.1459192504  
0.2333128111  
0.2323296116  
0.5106128883  
1.213910906  
0.2602168752  
0.2930958985  
-0.3082836644  
0.2662944822  
-0.6892809998  
0.4401463611  
0.9680047502  
-0.5409491671  
-0.3797871995  
-1.589415364  
-0.9868038283  
-0.1752336957  
-0.7745215002  
-0.9384937099  
0.416575625  
-1.521661408  
-0.1529792251  
-0.8875798786  
-1.010636981  
-0.5230792097  
-0.5101347114  
-0.04668641424  
0.7655535349  
1.481903169  
0.6875816786  
1.158998502  
0.4122339286  
0.7182449409  
-3.025438496  
-0.1354836003  
-0.1452763964  
0.4007656312  
0.5049533561  
1.310745419  
-1.647308391  
-0.2730012818  
0.45210143  
1.067131396  
1.304519685  
0.456492644  
-1.234418619  
-0.7092022166  
0.1271913087  
0.8035418398  
1.872060176  
1.276814108  
-3.764013427  
0.494255175  
-0.1979962632  
2.410560131  
2.815485027  
0.6139289357  
-0.1972745427  
1.703415035  
1.805702933  
1.538320557  
0.6285969865  
-0.2359195558  
-1.371642366  
-0.1648665956  
0.286724842  
0.2857311338  
-0.6323978218  
-0.6546861469  
0.1236102429  
-1.400161599  
-0.3973001026  
-0.3918129616  
0.8018274909  
0.3089403989  
-0.8078383136  
0.5799956871  
-0.09292007506  
-1.506713507  
0.3772754381  
-1.186815432  
-0.9139611139  
0.4876072155  
-0.01174399343  
0.1787307059  
1.818439635  
0.3921783991  
0.3426938814  
-1.175918311  
-0.6008717246  
-0.6358749381  
-0.5946160744  
-1.160436015  
-1.247710571  
-1.230853338  
-1.769012435  
-0.4222340451  
0.004452531376  
0.1459953306  
0.7857677314  
-0.00783266276  
-0.1448478498  
0.620019687  
0.3908959458  
-0.4744348591  
-0.7843424162  
-0.5824584769  
-0.008848287686  
0.5796981816  
-0.6001006755  
-0.02388992856  
0.4493043444  
1.263867602  
-0.1159973626  
0.1958237465  
0.1028531219  
0.6953345224  
0.3635705728  
-0.3984681114  
-0.3566136719  
-0.7012893834  
-0.2331829656  
-0.4831107816  
0.06133945178  
-0.7951875859  
-0.9717777788  
0.2055949961  
0.5734512913  
0.1106961907  
-0.3828363518  
-0.02792972527  
0.2620611775  
1.24778495  
-0.3863297061  
0.4136198429  
0.4057936573  
-0.3303065364  
-1.20438583  
-0.7467480366  
-1.617922093  
-0.03637582767  
-0.8419479048  
0.5913372546  
-2.500749103  
-1.196546172  
0.1178524419  
0.2381326045  
2.17418025  
2.304994331  
-1.025663598  
1.386676914  
0.4226499009  
0.248368235  
0.04835813282  
-0.6479261013  
-0.7775674335  
-0.2514149785  
0.3476997024  
0.9401945411  
-0.02972449828  
0.83833555  
0.8678959621  
0.3826281066  
0.1214395035  
-0.7096981232  
-0.2775381889  
0.139888136  
0.6431872971  
0.8414043127  
0.7223348678  
0.05893990225  
0.2558574205  
-2.161773795  
-0.2682390288  
0.2410109083  
1.99852414  
1.628442009  
0.04132251186  
-0.4456901736  
0.1753883435  
0.1849925112  
-1.165025282  
-1.454307293  
-1.579271701  
-0.9670453839  
0.3604370725  
0.6363114776  
-0.3794256661  
-2.169120405  
-1.009705253  
0.5999794586  
2.64788592  
1.207520599  
2.114333905  
2.622400148  
-0.192730658  
0.6794568407  
0.3132030292  
-0.6998139863  
-0.3022842852  
-0.9083978841  
-1.5604398  
-1.997370423  
0.4950491929  
0.8853778143  
0.7671582177  
0.2139811711  
-1.476232088  
-0.853352879  
0.2270228929  
0.9528853038  
-0.372039281  
0.7864336106  
-0.4912789653  
1.089026925  
-1.050736752  
0.09787418454  
0.3336231568  
0.7343513535  
0.08030473526  
-0.6738933267  
0.5612755943  
0.2984559509  
0.5330352384  
1.309446095  
2.119362054  
0.595661255  
-0.2122734028  
-2.878104829  
-0.5803660608  
0.5479241499  
1.478883767  
0.7320099113  
-0.4664125929  
0.2603908379  
-1.498927784  
0.9807838449  
0.8372295359  
-0.7275128724  
-0.5320305548  
-1.356084951  
1.267305025  
0.8517572092  
-1.002392468  
-0.5510993652  
-1.52385165  
-0.1431513144  
-2.867034086  
1.55844422  
1.277394662  
3.035066227  
1.354564578  
0.5712821021  
0.6913931427  
0.7774578401  
-0.1691380526  
0.1244134517  
-1.713801677  
-0.6166275096  
-1.155965493  
-0.9370668884  
-0.4903511409  
-0.7035561486  
-1.163732964  
-0.4272669071  
-0.4947671032  
-1.875128273  
0.2612762127  
-0.1303523227  
-1.14513507  
-1.142138552  
-1.083974016  
-0.3961278203  
0.3293691184  
1.438904536  
0.6907361886  
-1.256282789  
-1.738006535  
0.2070765386  
0.5838190916  
1.303801643  
0.008041275838  
0.9115972618  
0.8961847997  
-0.1503692007  
-0.1820388491  
0.01206276786  
1.065716268  
0.4842364044  
0.01979443597  
0.1294183852  
-0.6575633081  
0.4163246943  
0.1271584453  
0.1707230898  
0.6133085677  
0.6997338314  
-0.1133104972  
-0.7789166211  
0.2195208129  
-2.352716352  
-1.141955552  
-1.020393089  
-0.7365850873  
-1.361576354  
-0.615634501  
-1.09699144  
-0.3292359019  
-0.6128940168  
0.1874609924  
1.46569172  
0.8273269973  
0.1891700514  
-0.2796297218  
-0.1053720169  
0.9570829568  
1.109868602  
0.2754324949  
-1.897530736  
0.6826933855  
0.3434032148  
1.825536965  
2.251454301  
-0.556117186  
0.9559223702  
-0.1465550492  
2.138004688  
1.554047599  
1.006008035  
0.06907443482  
1.142541431  
0.7146967738  
0.8733449231  
1.163044096  
1.212616343  
0.3265424209  
-0.2999755992  
-0.6705781655  
-0.5601754082  
0.9368562421  
-0.1313659749  
-0.5926665713  
0.7847233475  
-0.04860971131  
-0.3618558957  
0.8376338609  
-0.4282633019  
0.89111351  
0.5617090382  
0.3848378124  
0.2896222125  
0.5087226176  
0.4813587949  
0.592835396  
-0.2604712515  
-0.763508453  
-0.7765136904  
0.6169857606  
-0.7509750362  
-1.154823764  
-1.241826454  
-0.3204879458  
0.06093988853  
-0.304702016  
0.2387267208  
-0.599358525  
-0.708698217  
-1.242081042  
-1.174221715  
-2.375714588  
-1.780461178  
-0.7717256604  
-1.334758506  
-1.169720643  
-0.1682243839  
-0.284335115  
-0.3619232127  
-1.443042113  
-1.01758822  
-1.555103651  
-1.881663042  
-0.0409800687  
-0.4031186898  
0.3306794594  
-0.6423874848  
-0.6216270752  
0.1911455719  
-0.2337061335  
-0.593553435  
1.362572362  
1.33553824  
3.269497542  
1.734019726  
0.6227010305  
-0.6256527868  
0.01444741951  
1.509953761  
1.150808241  
0.4520877216  
0.033844028  
1.317845513  
1.203371129  
2.139252717  
3.199804584  
0.8961895732  
-0.7538080287  
-0.3716820451  
0.8984818159  
0.8463479203  
-0.94403101  
-2.562088326  
-0.8141848565  
0.5121256235  
0.5101814423  
1.102765339  
0.3382519585  
0.277216962  
-2.521048593  
2.191407389  
0.2253967545  
-1.919548251  
-0.9064793268  
-1.422455475  
-0.8925221801  
-2.493590042  
-1.315406409  
-0.2376684561  
-1.243156308  
-0.5503594012  
-0.9194456696  
-0.5064261452  
0.334485554  
1.057934986  
3.033815009  
0.9830089763  
0.8012757514  
0.860361917  
-1.709383942  
0.4901130962  
0.0953717481  
-1.130680333  
-1.086438437  
-0.5573474969  
-0.1760912425  
-0.3371753365  
1.325191477  
1.997015456  
0.634659229  
-0.5192628764  
-1.569299299  
2.005963902  
1.665622653  
2.168742319  
1.371697181  
-0.7446800708  
-2.024321696  
0.2114311607  
-0.4116938227  
-1.754269258  
-0.8378902821  
0.0147764614  
-0.9999044417  
-0.4582195332  
0.2731181328  
0.6999881738  
0.3769034467  
-2.062397678  
1.275438985  
0.1782704759  
-0.2989336884  
1.144144168  
-1.268874825  
-0.2912014619  
-2.423861369  
0.9042621471  
2.212829218  
2.016995423  
1.482442074  
0.7421151905  
-1.896085242  
0.6901403274  
0.5212098564  
-0.02499411814  
0.3947519741  
0.3069971241  
0.2486625045  
-0.6162325448  
-0.2799497609  
-0.1735921349  
0.7153937304  
0.4155219402  
-0.6746991937  
-0.9750679237  
-0.5098304164  
-1.342837243  
-0.4588823548  
-0.7031920555  
-1.22014568  
-0.1623692985  
0.3095694983  
1.340346692  
-0.4666472676  
-0.549595903  
0.4482173438  
-0.6768269337  
-0.4573937696  
0.05267874975  
-0.1871283176  
0.06201067464  
-0.02614747028  
0.0995440198  
0.3171683925  
0.6501633948  
-1.1317016  
-0.297176456  
-1.738488861  
-0.8718480704  
-1.584790583  
-0.6317587738  
1.137689237  
0.4716391833  
0.1667921265  
1.85086235  
1.998459227  
0.2403610189  
0.8434035513  
-0.8089006642  
1.734277869  
0.7354191364  
0.8735939288  
-0.5060975279  
-0.5833675283  
1.525823025  
1.036977241  
2.15326742  
0.9660490298  
-0.7948233032  
-0.9086739092  
-0.4482605958  
0.003791703931  
0.4129031859  
-0.1971074679  
0.1106801166  
-1.986507431  
-0.2877070216  
0.7164333928  
0.5192229294  
1.738011518  
1.373385756  
-0.3774529882  
1.569210049  
-0.7014202113  
-0.1290534406  
-0.3484596356  
-0.2700366424  
-0.3717382302  
-0.8702573437  
0.03633057052  
0.560126793  
0.65346918  
0.311445311  
0.4754263474  
0.03099226094  
-0.2575667209  
-0.3239839863  
-0.3298620336  
-0.765373185  
0.457737263  
-0.8691265339  
-0.307047419  
-0.394391523  
-0.4318581481  
-0.241202144  
0.6520494911  
-0.8273143504  
0.278675448  
-0.6568464095  
-0.9209137188  
-1.254237923  
-0.6468751875  
-1.217381671  
-0.8914034342  
-1.592426488  
-1.907378114  
-1.724367377  
1.90760577  
0.5620754738  
-0.2739091107  
1.77517162  
-0.03140538982  
0.9923324823  
0.08460865753  
2.069950633  
1.212978266  
0.9570500085  
0.9303757658  
-0.5636683844  
0.4413221769  
-0.9659936582  
-0.1366596642  
0.03394272619  
-1.613970491  
-1.127893925  
0.08368787868  
-0.5908097186  
-0.3267419363  
-0.7125854952  
-0.3282623968  
-0.4226766021  
-1.073459932  
-1.914657433  
-0.03391477528  
0.790659325  
0.1766510041  
0.2716888032  
-0.2601072758  
-0.950545222  
-0.2843338109  
0.57505779  
1.693675046  
3.10854925  
1.496267562  
-0.6888354055  
0.2632121764  
1.206355107  
1.870994944  
0.6538806544  
0.3491623865  
-0.06112352698  
-0.402188129  
-0.5755443692  
0.01852456379  
1.657964621  
0.1492763132  
0.6285764216  
0.2286567538  
-0.2475295484  
-2.675042048  
-0.3602362872  
-0.7845239683  
0.5976523283  
0.03565011841  
-0.8778658127  
0.002470420182  
0.1837971092  
0.05368237224  
0.507050264  
2.624338592  
1.928349176  
0.6055905702  
-0.9027358019  
1.562024669  
-0.5414095838  
-0.1848976084  
0.3751159976  
-0.7388785427  
0.3822771872  
0.1660625204  
-1.724085806  
-1.232787271  
-1.751323571  
-0.7464550053  
-1.229080154  
-0.06827976529  
0.2283368165  
1.459532548  
1.554146004  
1.166365523  
0.1304425482  
1.877021405  
-0.5261893526  
0.1417805856  
0.06555807465  
-1.284415968  
0.8390953279  
0.3847885761  
0.6842915271  
-0.1570429189  
-1.08865461  
-0.9416457317  
-1.804921011  
-0.3180840271  
-0.983948846  
-0.0299825589  
-0.6059635511  
-0.6811766728  
-0.861473746  
0.3059680489  
-0.7423782635  
0.9736146461  
1.020827554  
-0.124870619  
-0.1311336146  
0.8008698395  
-0.9296098828  
-1.133406394  
-0.7492602687  
-0.3685105299  
-0.8362153991  
-0.5882629519  
-0.5540575155  
-0.06252623911  
0.07935394206  
0.7788108858  
-1.307710053  
0.834140812  
-0.8497824139  
0.02482562785  
-0.7319922034  
-1.081849974  
-0.119147914  
-0.2631983931  
0.7955294488  
-0.4028448578  
-0.4970796799  
-0.2702724202  
-0.5447735124  
-1.377864409  
-0.2007062995  
-0.7125357898  
-0.8664124603  
0.6043871996  
-4.979200806  
0.2874591706  
1.022188438  
2.598504319  
2.133113196  
1.778966718  
0.7697096414  
0.4505854517  
0.1580708014  
1.38805119  
0.9940267326  
0.7932427247  
0.9978566263  
1.270302452  
1.996829192  
1.45941197  
0.455449069  
0.5535230423  
0.2120717103  
-0.4904168102  
-0.6954949509  
0.8424392236  
1.687755189  
1.151358185  
-0.4362574865  
-0.8662331655  
-0.4182199843  
-0.4797209115  
-0.8264188503  
0.1225494917  
0.6914319716  
-0.2242671012  
0.1295234214  
-0.8630461658  
-0.8598964043  
-1.529643982  
0.5915224786  
0.3985857099  
0.197448202  
0.888806799  
0.1613777714  
0.6646049073  
0.02355416783  
0.8352255764  
1.735157922  
0.6302484008  
0.03919710262  
1.30271334  
-0.4622890048  
-0.5677365041  
0.4483225841  
-0.709530071  
-0.1076734337  
-1.380592753  
-1.548206174  
-1.666220064  
-0.5621312587  
-1.503769418  
-0.5924481028  
-0.5120729996  
0.223966356  
-0.5490650358  
-1.017778287  
-0.1578829919  
0.08400289654  
0.1075410599  
-1.068199882  
-0.1618730772  
-3.090584859  
0.1037425487  
0.6257020638  
0.8364460569  
1.082817364  
1.444224104  
0.9060088138  
-1.61685157  
-0.1612617066  
0.8831803299  
0.9608479714  
1.777678143  
1.004675427  
0.4304923771  
-0.9454522756  
1.195757824  
0.2106280692  
0.3484962646  
-0.0933853709  
-0.5397364254  
-1.45394719  
0.3701600004  
-0.8290944801  
-0.5135233081  
-0.5926990765  
-1.383314902  
0.6053933747  
0.2706773002  
-0.6885712065  
1.617601286  
0.6539779429  
1.007373778  
0.4170983463  
-0.3945864097  
-5.447110618  
1.110120154  
0.9664960735  
0.08470209456  
0.2097301348  
-1.047382018  
-0.9084736942  
-0.5947712465  
-1.90357593  
-1.20094674  
-0.3964197152  
-2.003488412  
-0.4644341512  
1.351863976  
1.094804386  
1.3060586  
1.63263245  
-1.176410842  
0.1068994895  
1.355744783  
0.04137219606  
0.996573245  
2.159260612  
0.5615254167  
0.03193007914  
-0.69048693  
-1.021171465  
0.5985315717  
0.4806627949  
0.6954782548  
-0.2704816872  
-1.423013408  
-0.477748589  
0.6372604032  
1.164922845  
1.566756012  
0.9990922986  
-0.09247783491  
-0.01608309146  
-0.8163549943  
-0.6696863216  
0.02446106823  
-0.6298560431  
-1.276781579  
-0.1460975988  
0.2012590166  
-0.2852322929  
1.008507801  
0.9241144273  
0.1990018815  
-3.159870038  
2.432504946  
1.602748475  
2.637341935  
1.528354587  
0.8715840705  
0.4328918063  
0.001600130856  
-1.635744976  
0.3117651809  
-0.9859780627  
-2.079581889  
-1.609817858  
-0.6258436685  
-0.378575195  
-0.1228548913  
0.4367922978  
-0.09772781454  
-1.005058763  
-0.08053122523  
0.969198034  
0.590258815  
0.4870264988  
1.171670492  
-0.4415128134  
-0.6696743834  
0.186616507  
1.287463989  
1.267028503  
0.8211678682  
-1.376046277  
0.590392404  
-0.41703767  
-0.7014244393  
1.351535558  
0.8502880904  
-0.3906842332  
0.0860612777  
-2.557416469  
-0.1768910925  
0.4372835302  
1.442082581  
-0.01656443136  
-0.1774889335  
0.5758320717  
0.1943404156  
0.4474344931  
-0.6162686787  
-0.6372596953  
-0.18234032  
-0.5409999572  
-0.3699797369  
0.1319899979  
-0.1189489543  
-0.08284060466  
1.074488992  
1.258936247  
-0.01667172242  
0.7576239041  
1.301016588  
0.7592309342  
-0.1591556336  
0.8373493626  
-0.4994445993  
0.45088694  
0.4321103357  
0.1024247085  
0.07772228508  
0.6937670382  
-0.5495838084  
-0.8411995135  
-1.909222863  
-1.403032046  
-1.52703005  
-1.745059093  
-0.174420693  
-0.4415512248  
-0.95006356  
-0.8704931858  
-0.4492189817  
-0.2826878912  
0.2926833743  
-2.579668285  
1.173021146  
-0.7093577948  
-0.6053338616  
-0.7789120832  
-0.9432822801  
-1.119708564  
-2.266623428  
1.28343296  
-0.367390139  
-0.004805448205  
0.8437707057  
-0.1977050447  
-0.3928484592  
1.034719956  
0.004564270117  
1.164607717  
2.743509384  
0.6880638104  
-0.148065328  
0.6021017101  
-0.02016915605  
-0.5067817276  
3.092725642  
1.39438901  
0.3819446521  
-0.6305954531  
-0.6415956828  
-1.320883917  
-0.4469540541  
-0.2459234096  
0.2679192451  
-0.310953134  
0.7300977747  
0.9223477641  
-0.4427242399  
-0.4605604055  
0.5553336641  
1.817013457  
1.120812484  
1.544463164  
-0.0700490649  
-0.8884002161  
0.3235232651  
0.574344573  
0.798730981  
1.413109541  
1.041174201  
-1.62891804  
-0.7159674863  
-0.1189678513  
1.744286732  
1.623519189  
1.32485217  
0.03235083529  
0.4551002307  
-0.1652822275  
0.06354223089  
-0.7685770039  
-0.9611189627  
-1.776139588  
0.1051660756  
-0.3608991653  
-0.9924472577  
0.6791822603  
-0.7051086454  
-1.222914738  
-1.744890356  
-1.114497558  
-2.119520267  
-0.7223273137  
-0.3240089523  
0.04500657678  
-0.3947320825  
-0.6969360971  
-0.1200191201  
-0.595350942  
0.3401623931  
-0.07194798548  
-1.077020765  
-1.043166918  
0.6662713223  
1.738571892  
1.659284267  
-1.07540037  
-0.2108866616  
-0.4070138127  
0.6516660654  
0.6227751649  
0.2461928728  
0.1903208645  
0.9455247161  
1.333290288  
-0.3317358564  
0.584950507  
1.070004719  
0.245821886  
0.1165824035  
0.105577955  
-0.1815999468  
0.238130709  
-0.3938882094  
-1.286912371  
0.04395139083  
0.8678832592  
-0.09412640163  
-0.2751361977  
-0.2922195371  
0.4077595918  
-0.7193135076  
-1.603901873  
-0.3475159685  
-1.500930024  
-0.6249786727  
-0.1980112667  
1.110903801  
0.2745603234  
0.8060095034  
1.30431972  
0.8274806193  
1.630281935  
1.367812982  
0.9594762653  
1.304737739  
1.539613147  
1.445018508  
-0.5275115381  
1.103609654  
-0.282626828  
-0.02736350003  
-0.04477963938  
-0.8989390098  
-1.87182369  
-1.610953244  
-0.8582210719  
-1.912080388  
-1.642171982  
-0.2270384526  
0.02874565374  
-1.242562087  
-0.5341142024  
-0.4628808217  
-0.3159569389  
-0.8452598013  
-0.5098487851  
0.2526417691  
0.2575889501  
0.535614371  
-0.664867277  
0.1271599404  
-0.5783539125  
-0.3677104253  
0.2604791122  
1.046456474  
-0.04274828953  
0.8291985369  
-0.300296257  
0.1849113181  
-0.3128875102  
-0.4843509299  
-0.9547891369  
-0.3680362908  
-0.9546391942  
0.8286965725  
0.619354689  
-0.09063913831  
0.4411952162  
0.5883198331  
0.7438460695  
0.8038837561  
0.2934479025  
0.001002194013  
-1.457893218  
2.132436292  
1.999816005  
1.19839547  
-0.02783060023  
0.2582165526  
0.5346870102  
-0.2034061867  
-0.8872981394  
-1.436734246  
-0.8921617636  
0.2109868854  
0.1403597461  
-0.448221832  
-0.1160490624  
0.8304373396  
-0.1391727081  
-0.5030197303  
-0.0122150485  
-0.7061804328  
-0.4602169431  
0.4764080953  
0.4795839992  
0.04255106012  
2.782586176  
1.544694601  
0.7583516529  
0.0348407317  
0.9455278341  
0.2699515728  
1.120910894  
-0.6508512736  
0.5391193812  
-1.111613611  
-0.1522389039  
0.01709651943  
0.7420085029  
-1.376818448  
0.08705749565  
-0.288992295  
-0.1771124714  
0.2155679685  
-0.1736135987  
-0.3842640021  
-1.008648853  
-1.062221718  
-0.7099376398  
-0.3733021087  
-1.949901946  
1.298049159  
1.628851671  
-0.5117787033  
-0.5311900512  
0.3712933541  
-1.545526489  
-0.1759836231  
-0.2181293363  
0.1940535517  
-2.365067137  
-1.122457251  
0.06055844554  
-1.058885006  
-0.988671573  
0.8119789204  
-0.1440582228  
-0.2179255324  
-0.7967105439  
0.7501016836  
0.7456048109  
2.297342986  
1.620278999  
1.326230727  
0.7750350481  
-0.3069981349  
1.417106628  
0.8047773326  
1.364138429  
-0.324501661  
-0.6916024443  
0.5317682568  
1.495681497  
1.055699235  
-1.139952512  
-0.8904057829  
-0.951575167  
-0.3851536701  
-1.219693855  
-0.7992064008  
-0.3042841916  
0.02777672108  
-0.2728764541  
0.09934540738  
-0.06440050218  
-0.427692819  
0.2458705553  
-0.4582730224  
0.0366122981  
0.8008127554  
0.6818487991  
-0.7385888718  
-0.252747196  
-0.4815773745  
-0.04484106268  
0.5808080294  
0.248324573  
-0.354760554  
-0.05725646806  
-0.08089118095  
0.8818748121  
