0.6934235726  
0.8555139117  
1.218571007  
-0.9989914747  
0.267106392  
0.5088996372  
1.381198227  
1.914808697  
-1.174968367  
-0.3917691671  
-0.4849312796  
0.3242884724  
0.6157680025  
-0.3524272244  
-3.021320122  
-2.064918693  
0.08174300029  
0.4663207472  
-0.04239321826  
-0.1164928883  
-0.2504673529  
-0.7992956514  
-0.2029313093  
0.3344479222  
-0.4921965012  
-0.2302507867  
0.769632329  
-1.136563956  
-0.2603903221  
-0.4484969413  
0.06468392017  
0.2645944705  
-0.7903230254  
0.9388936239  
0.5682484752  
-0.1225750439  
0.5668780786  
-0.4239118134  
-1.197635634  
-0.5608629765  
-0.7414064797  
-0.5459449764  
-0.8400555104  
0.03659805774  
-0.192167511  
-0.3261848849  
0.05871710621  
-0.1636760049  
-0.69735005  
-0.8162547112  
0.2268740293  
-1.314809993  
0.8734259116  
-0.7385388609  
0.6103304938  
1.025110927  
0.1589105604  
0.4907990261  
-0.5517317634  
0.4401881438  
-0.597457961  
-0.1883196129  
-1.040111412  
-1.2308275  
-0.827987618  
0.5976505355  
0.8127163556  
-0.433685663  
-0.09064922239  
0.1704240794  
-0.08136340262  
-0.8526454622  
-0.4679733181  
1.246404985  
0.3307354479  
-0.5555646915  
-0.6372200082  
0.07229246108  
-0.6436463706  
-0.3703271651  
-1.067900778  
-0.5159585791  
-0.9216877695  
-0.07644139193  
-1.5706515  
-3.323428073  
0.8187999819  
1.247442481  
1.196211806  
-0.3691784917  
-0.5282180877  
0.1094985841  
0.0002165623205  
-0.4926393778  
0.4885278577  
-0.2475456584  
0.8037377808  
1.756084462  
1.73905277  
0.2348172505  
-0.3074605558  
-0.3525824297  
0.3841551965  
-0.07887248832  
-0.3132986702  
1.607927361  
0.5507122226  
0.6322279643  
1.707902165  
1.115177428  
0.5104102735  
0.7985033103  
1.175323305  
1.604541384  
-0.3877367054  
0.3514526107  
-0.4760832312  
-0.6860322612  
0.3231099208  
0.06842815363  
0.8818046489  
-0.9968440451  
0.4634378845  
0.8906516518  
0.6859570452  
1.150862827  
0.3593929956  
-0.7318532343  
-0.8817841546  
0.2413636687  
-0.0835396671  
-0.4887383068  
-1.126103146  
0.1343768313  
-1.470466393  
-0.8074590162  
-1.5400601  
-0.7466608207  
-0.6160957429  
-0.09727771715  
-2.220184452  
-0.9056611728  
-0.5684944064  
-1.507450066  
-0.8957930567  
-0.9010916089  
-0.2178781685  
0.09168579113  
0.03184180145  
0.2261539675  
-0.1627834837  
1.019201629  
0.4808481192  
-0.4730265297  
-0.3051326222  
-0.5216893851  
-0.01410496719  
0.7257932967  
1.250358958  
0.682266228  
1.825756216  
1.154299767  
0.3616058908  
0.6998732117  
0.608316084  
0.6761798985  
0.2840912561  
0.3637673281  
0.7067781791  
-0.3886436823  
0.8105053847  
1.291682343  
0.336865429  
0.5493766797  
0.7930756425  
0.966249026  
1.561636242  
0.7439581876  
0.6760445707  
0.7786001637  
2.011674061  
0.5231143795  
1.003739942  
0.5131267488  
1.04589141  
1.147876662  
0.4171594945  
1.53817033  
0.6355382398  
-0.08346785571  
0.6252536491  
1.168574382  
1.083860551  
0.3128831441  
0.7002346072  
1.600409632  
0.0965905388  
-1.57230331  
-1.227603558  
-3.79118008  
-1.76154364  
-1.892614557  
-2.649247085  
-1.472575883  
-1.594503428  
-0.7932148945  
-0.5600699373  
-0.4522262744  
0.667016893  
-0.6202315447  
-0.105242845  
-1.067636098  
-0.8601756619  
-0.3251420856  
-1.574810415  
-1.517191927  
-1.543145467  
-1.315528636  
-0.3708149142  
-2.315514182  
-0.3270737058  
-0.5557692653  
0.7827257415  
1.313235549  
1.756843655  
1.838378955  
-3.280243628  
-0.7999009029  
2.020261433  
0.4233195741  
-0.423633996  
-1.542078137  
-0.9717044202  
-1.145551298  
-0.7035062667  
-0.3783135003  
-0.3651207101  
1.308119142  
1.133677796  
-2.053989606  
-1.295322122  
-1.885974233  
0.6324502522  
1.005501843  
0.5233151238  
1.213563999  
1.341197441  
1.502508631  
0.506905398  
1.740055275  
0.664543221  
0.2231556951  
0.8235585494  
-0.2850328177  
-3.45484018  
-2.61537588  
0.04273930651  
0.1932080182  
0.1260195181  
-0.07197764287  
0.6733712196  
0.9710653449  
0.2750945824  
0.3174274081  
0.8735984319  
0.2478094236  
0.3410417056  
1.63971572  
0.07509228041  
0.09500628568  
0.2050836775  
0.9624486753  
0.5265089799  
0.6921764123  
-0.2547235941  
-0.8303108121  
-0.2661809684  
0.2802712295  
0.6390061822  
-0.1060097645  
0.3475096162  
-0.7016233843  
-0.14860822  
0.2904611055  
0.3058718111  
0.1057475642  
-1.332200182  
1.255833157  
1.419464874  
0.4062453938  
-1.076236743  
-0.2320487932  
1.059927896  
0.4464693974  
-0.2658648242  
-0.5800676166  
-1.34341661  
-0.8007546056  
0.1997538321  
0.7649259747  
-1.184537723  
-0.5869930247  
0.02357052088  
0.08108635618  
0.9954038525  
0.5637786751  
0.7901063656  
0.7881558563  
1.300476379  
0.3517542448  
0.6779372415  
-0.2050364856  
1.213025473  
0.3089968576  
0.235932356  
-0.6854614055  
-0.3680235383  
-0.1446592262  
-0.08522802559  
0.5378371179  
0.2347260405  
1.545210676  
-0.6493353953  
-0.4417751068  
0.08942712316  
1.008069528  
1.276210489  
1.212559422  
1.56240933  
-0.2063880079  
-2.75175665  
-3.709686065  
-3.164329053  
-2.384245874  
-1.666123748  
-1.574004939  
-0.3308201466  
-0.7664807193  
0.6302157297  
-0.3049164431  
0.3430293369  
0.8089321616  
1.839261554  
0.7318447291  
0.9971216716  
0.6821810103  
1.160336973  
0.5212576218  
0.2364983571  
1.095884801  
0.7691714322  
-0.2721409497  
0.6788905374  
0.1939567068  
0.102936592  
0.5652527544  
-0.6376496744  
0.2318317763  
0.1491694352  
0.03299161657  
0.2868050801  
-0.3790899415  
-1.033246335  
0.02941356098  
-0.4113462176  
0.173896823  
0.1972156939  
-1.244608131  
0.1452462742  
-0.6564905038  
-1.337633334  
-0.8831608063  
0.6834226639  
-0.4640735955  
0.7381561203  
0.7868962222  
0.2497863778  
-0.1379345277  
0.6641402539  
0.1637487734  
0.2122075619  
0.7171472255  
1.203324041  
-0.4219580988  
-0.3575733605  
0.04837034974  
0.6673862994  
0.005860274318  
0.3296042719  
-0.9731768229  
-0.2745609227  
0.04643789304  
-0.201413487  
-0.7759820679  
-0.1220823743  
0.3378080907  
-0.04814509899  
0.7093513299  
0.170808279  
1.379348925  
0.5549958987  
1.864334506  
0.9362675273  
0.1920471835  
-0.5720379215  
0.03991550778  
0.4858328945  
-1.008686854  
-0.2501937012  
-0.2968872055  
-0.3970948285  
0.436795886  
-0.5114171551  
0.5284725022  
0.2074648575  
0.4387543965  
-0.4414413977  
-0.2590406024  
-1.008039702  
0.7870287857  
1.37590429  
-0.7804758236  
-0.6083872971  
-0.1832905262  
0.7973979149  
-0.2352344357  
-0.399358094  
-1.145449547  
-0.2643402936  
-0.3018318369  
-0.5669625143  
-0.1492514681  
0.2662524811  
-1.875715679  
-2.753464842  
-2.300606871  
-0.6970536241  
1.440077578  
1.267366491  
-1.033180368  
-1.136856318  
0.7306257436  
0.8577844553  
-0.169350209  
-0.09355751026  
-0.8612751503  
-0.2383910753  
-0.3019374076  
0.9373266243  
1.045667121  
2.071356636  
0.6261404932  
1.076102863  
-0.047474681  
0.5930283366  
-0.6944448939  
0.2060592217  
-0.1121232481  
-0.2803769632  
0.04147352949  
1.075839013  
0.7213181428  
0.3450610336  
1.499232993  
0.7185460437  
0.8834702044  
0.3987022723  
-0.997596002  
-0.5980426622  
0.2412250084  
0.3406177095  
0.1054969054  
1.080333948  
0.1048303851  
-0.09174148067  
0.0955558504  
0.0602073585  
0.259168298  
-0.08557948386  
-0.6012970935  
0.4805732803  
-1.126699513  
-0.8270548869  
-0.6874903436  
0.5177114518  
-0.1025790154  
-1.155768157  
0.3321465857  
0.210038387  
0.08532481915  
0.9888843559  
-0.5478747046  
-0.7603592702  
-0.672346886  
-0.9860295209  
-0.1046217905  
-0.05814895043  
-0.7736553758  
-1.264602694  
-0.7403796522  
-0.6690760355  
0.1389528942  
-0.002480417836  
-0.3979409728  
-0.4291266736  
-0.7898419266  
0.06688747534  
0.2352064336  
-0.09631389431  
0.5327024927  
-1.522562874  
0.4609367298  
-0.3944506026  
1.366651421  
1.888739986  
0.5680597048  
0.7953153638  
1.606437027  
0.9086943205  
0.3589174846  
-0.0396328439  
-0.07396183997  
-0.4710453807  
0.2922729913  
-0.4630814542  
0.1987646519  
0.1482131573  
1.040928455  
0.6292572286  
0.3517459976  
0.5066239291  
-0.2604482251  
-0.6925707479  
-0.631428071  
-0.5322065031  
0.5663583668  
-0.05621779202  
0.3625762689  
-0.1312211249  
1.109722939  
-0.6800425659  
-1.799305255  
-1.786295502  
-0.3455801961  
-1.98148643  
-1.115448523  
-1.584706017  
-0.5522192528  
0.2912873161  
0.348646734  
-0.1871549451  
-1.452805604  
-0.7257412398  
-2.001419726  
-2.201251986  
-0.7609220403  
0.5217750241  
0.02154769288  
0.3839970861  
-0.2332664665  
1.215867221  
1.881310928  
1.594723699  
0.07912849677  
-0.4849442123  
0.3228142823  
0.5376137173  
1.282767262  
1.257705842  
1.051204301  
0.3736402285  
0.7490189932  
1.10503319  
-0.4245640371  
1.450034941  
1.108830807  
-0.5412952154  
-0.06118885857  
0.2612007606  
-0.6329048956  
0.3041312973  
-0.3987841951  
0.7209527014  
0.3820941878  
0.2593672261  
-0.757835402  
0.4308480761  
1.153006362  
0.402664228  
1.65473271  
0.2784962281  
-0.009052965823  
0.4629265816  
-0.1316429192  
0.3531869794  
0.5872886312  
-0.8302288964  
-1.298816231  
-1.025261409  
-1.086837853  
-0.5971255664  
0.05750062565  
-2.291558646  
-2.318412914  
-0.202339308  
-0.5473839766  
1.467426246  
1.309555485  
0.2983223385  
1.583673689  
0.06194595123  
1.257989246  
0.3400383479  
-0.8394681222  
1.56539624  
0.6007026755  
-0.08007197409  
1.410989945  
-0.07326807473  
-0.06742834725  
1.146581351  
-0.3825121944  
0.3760720143  
1.085762729  
1.280076154  
-0.7126867757  
1.114701964  
0.3636984936  
-0.1794023622  
0.2829744975  
-0.2277991668  
0.8880019789  
-0.4191785242  
-0.6412130566  
-0.7570235583  
-0.3493812936  
-0.6407298932  
-1.409764817  
-0.6509937095  
-0.07623697505  
-0.6491965846  
1.436938852  
0.2443958252  
0.381655139  
-0.3098714281  
-1.343403796  
-1.080366703  
-0.6446665447  
-0.6375199148  
-0.460402084  
1.155204591  
-1.693941259  
-0.4137580544  
-0.2400050913  
-0.949862742  
-1.948513364  
-0.2863282954  
-0.2860416098  
-0.6075223402  
-0.7774861598  
-1.123383607  
-0.4173896909  
-0.2278192536  
0.6759995783  
-3.257503165  
-0.07331024054  
-0.7198029689  
0.9480916463  
1.894113298  
0.9752901797  
0.4068098076  
2.409950844  
1.70066809  
0.6952712307  
0.560997461  
-0.1042421284  
0.3874177087  
-0.5667842036  
0.2735811215  
0.4576719826  
0.8819741955  
-0.4744852595  
1.261511836  
0.07874740846  
0.7845847639  
1.007371242  
0.5061730898  
-0.04370489016  
0.7476212783  
-0.06481462346  
0.5331246907  
-0.2599321486  
0.0309297398  
-0.9527231402  
-0.1463042953  
-0.8770521661  
-1.200102043  
-1.851800097  
0.2216168806  
-0.2697203446  
-0.2833228679  
0.08696308782  
-0.2834939972  
-0.4897140148  
0.2904838761  
-0.5850020161  
0.5521211207  
0.1049935147  
-0.4496366962  
-0.8446529695  
0.09278044436  
0.06005226244  
-0.2741599078  
0.01020670228  
0.7932680744  
0.06551947228  
-0.9151115538  
-0.4763446759  
-0.2101661984  
-0.186486152  
-0.5122612787  
-0.1886920305  
0.3699705527  
0.3889112995  
0.5035670397  
0.2778217323  
-0.01985805772  
0.01469141044  
-0.6116694609  
-1.878687444  
0.2362866124  
1.150916274  
0.2669006094  
1.431406458  
0.7007031056  
0.149351683  
0.5705902648  
0.006684039438  
0.09104449176  
0.3474375023  
-0.1547278113  
1.16318652  
-0.1547844599  
0.3950988537  
0.4710049813  
-0.3641174297  
-0.5033683843  
-0.48968432  
0.09304137748  
-0.9793778856  
0.6810165073  
1.205173646  
0.7921512057  
-0.3919743954  
-0.3771773062  
-0.6708037616  
0.05503141072  
1.231667693  
0.7922948769  
-0.1351043728  
-0.7482465015  
-1.235220066  
-0.416738643  
1.320435103  
0.9774020654  
0.4992039186  
0.05742853308  
-0.7367315428  
-0.7427571594  
-1.06438653  
-1.152913277  
-1.290058276  
-0.0149224739  
0.5187341758  
-0.08593078007  
0.5531310886  
0.4169351258  
0.03624700889  
-0.5822425569  
-0.3449482748  
-0.6207642863  
0.995098617  
-0.09896354109  
0.9247884953  
-1.032314969  
0.4983649614  
-0.3662701253  
-1.488240734  
-0.9519653496  
0.2427687274  
1.058680208  
-0.439644406  
0.609073202  
-0.491309619  
-1.90946322  
1.947236509  
0.4009714064  
0.5742322227  
0.08238563898  
1.535494749  
1.611382398  
0.4911959831  
-0.3922962245  
-0.2680552578  
-0.5890859055  
-0.3027464191  
0.1894527974  
-0.7903096738  
-0.7395368929  
0.3143384312  
-0.07670632282  
0.1568339135  
0.1399680751  
0.1476813468  
1.460269345  
1.165914734  
0.5697706718  
1.198602195  
-0.3962379822  
0.3553083503  
0.0789397129  
0.06755787304  
0.1632353937  
-0.8076194984  
-0.6544531307  
-0.9932960538  
-0.1689812247  
-0.03466144392  
-0.6638718031  
-0.3128140833  
0.1263163003  
0.3013353054  
-0.7440124821  
-0.7256583465  
-0.2108319656  
-2.054051077  
-0.1455401297  
0.03959155512  
-0.663407953  
-0.5444303827  
0.796879872  
-0.3609787502  
0.1471918291  
1.195384723  
0.3874105733  
-0.5419003016  
0.5817335949  
-0.6195418546  
-1.265110416  
-0.951249349  
0.5955434681  
0.6412577923  
1.00311546  
0.6165865748  
0.1399262694  
-0.2260058173  
-0.05336370975  
0.01152883212  
-3.836660353  
0.5954381264  
-0.2892593468  
0.91736558  
-0.3530690281  
-1.002230418  
-0.707554256  
1.914600767  
-0.8301038007  
-0.6730503616  
-0.04004178896  
0.3186877111  
0.7801593955  
0.502221078  
0.7910258293  
0.4598120387  
0.1441487388  
0.06670008158  
0.8084896351  
0.06890410311  
0.03604692299  
0.02766090885  
-0.7266691667  
0.1090607893  
-0.648300737  
0.002163205691  
-0.005841953541  
-0.6251104972  
1.655267866  
0.3876841204  
-0.5232025048  
0.3106661261  
-0.6029916229  
-0.04578097315  
0.08672651335  
0.1139306384  
0.3608686224  
-0.286316707  
-0.04511927724  
-0.6896104529  
-1.331773027  
-0.04515741985  
-0.9413439121  
1.788617213  
2.644449783  
0.536741697  
-0.8042919485  
1.935775369  
1.774601514  
0.8910774287  
0.7047401611  
-0.6503120527  
-0.6786602205  
1.596461536  
0.5760815597  
-0.04873747191  
0.07452599992  
-0.8096172375  
-0.8191148451  
-0.81166624  
-1.658975361  
-1.257035565  
0.3438793403  
0.2055301081  
0.9251508484  
-0.8700083131  
-0.6839011615  
-0.3597000276  
0.2853086572  
-0.1712379835  
-0.133130489  
-0.125193905  
0.03129010402  
-1.767226848  
-0.6501064015  
-0.662968556  
0.180297991  
0.002673610096  
1.236488318  
0.4463521258  
0.0218334761  
0.5062891273  
-0.1043766803  
-0.01806429101  
0.2330876461  
-0.08762080843  
-0.576844554  
-0.1339358042  
2.015215524  
1.602534522  
1.162328216  
-0.8470816469  
-0.9458848388  
-0.7939848307  
-1.468724189  
0.4369733516  
0.1106507639  
0.405768079  
0.4381214404  
-0.1920557558  
-0.4750882206  
0.5607753516  
0.3810133328  
0.3809934365  
0.6732836836  
0.9754475242  
0.3916329434  
-0.06732068629  
-0.004306245934  
-0.8720117474  
-0.836745829  
-1.25355861  
-0.128342634  
-0.4704146941  
-1.376598268  
0.3636301145  
-0.673631083  
-0.5777390884  
-0.5458045511  
0.381158992  
-0.3536806441  
-0.6180120669  
1.079878379  
1.435303591  
-1.390900481  
0.05651446889  
-0.2728522067  
1.784045761  
1.257356562  
1.466900247  
1.309091337  
-0.2448965769  
-0.3452831484  
0.6420725198  
2.269219781  
0.06392637148  
-0.3370678294  
1.218979324  
0.06625214359  
0.2037837269  
-1.346633347  
-1.037776821  
-0.8936717285  
-0.005869679574  
-0.3040777207  
0.01634169709  
-0.6756765085  
-1.660798913  
0.7750258959  
2.738525259  
1.717543803  
1.053004473  
-0.4326853381  
-0.2145659623  
-0.8406975824  
-0.6260273097  
0.3721342757  
0.2677880906  
-0.4651707699  
-0.9757794794  
-1.173864157  
-1.084637311  
0.6581190586  
0.2915628175  
-1.0897491  
1.34255118  
-0.79758712  
0.9952815018  
0.4636237894  
-0.6656271558  
-1.041899125  
-0.8453142115  
-1.284074296  
-1.059712404  
-0.9268526938  
0.1285782311  
-0.5769712929  
1.107074261  
-0.7064557818  
0.3929027199  
-0.4271455175  
-0.2660795884  
0.526155159  
0.2578918647  
0.3930654105  
-0.3554759197  
-0.2662553126  
0.06802112355  
-0.3770018475  
0.4567698629  
0.7037793311  
-0.1398786696  
1.072895378  
0.3096373296  
1.226209467  
0.1886283892  
-0.5684207417  
0.05283270652  
-0.8500263684  
-0.5897682604  
-1.103455456  
-1.789880765  
-0.7160568666  
-0.1652918431  
-0.4404083764  
1.038429135  
-0.2756662769  
0.5123607693  
-2.426515935  
1.08277084  
0.4741937178  
1.811492968  
1.047650858  
0.5973242912  
-3.122278919  
0.789106325  
-0.8460543277  
1.08476309  
0.6553131073  
0.3814793007  
1.593548069  
1.083360002  
-1.937881649  
1.807143281  
2.299788507  
1.477521579  
-0.2291819694  
-0.572187808  
-1.741695297  
-0.7030423426  
0.1292991999  
0.8834145062  
1.237024392  
0.2796833046  
0.04792938861  
-0.8235370892  
-0.8050356011  
-0.2792011303  
-0.378763058  
-1.381832737  
0.47146758  
-0.4096680723  
-1.19619347  
-0.2884524633  
0.3579400998  
0.2271845843  
-0.08684545278  
0.2469368114  
0.5878574414  
0.6470998038  
0.06479671691  
1.133126893  
1.314353316  
-0.5749237179  
0.4362651162  
-1.904573274  
1.079967276  
1.632427288  
0.4662466021  
1.642151967  
0.7791364416  
0.9838545754  
-0.4615123033  
0.7760923147  
-1.106571842  
0.9710137333  
2.419714164  
1.091472207  
-0.3199812435  
-1.573502375  
-1.177721964  
-0.4533837491  
-1.403279024  
-0.7172150496  
-0.9316469403  
-0.3921288804  
-0.2917883279  
-2.368733814  
-1.455793126  
1.928403556  
0.5652547567  
0.230935547  
-0.07353828704  
-0.2559592298  
0.1727405908  
-0.4421839849  
-0.6169675444  
-0.4176671395  
-1.144171242  
-0.893621707  
-0.3146908636  
-0.1563329823  
2.186220015  
1.512421841  
-0.2492015766  
-0.4147355038  
0.1448163191  
-0.8030523859  
1.155495394  
1.432625015  
2.200392196  
0.6304888262  
-2.443998875  
0.3849358703  
1.43262576  
0.4777794351  
-0.49915311  
-0.6456122298  
-3.874311998  
0.5009972268  
-0.3690966735  
0.1620618055  
-0.5523184038  
-0.6653520566  
-1.630718939  
-1.925472819  
-0.2445473697  
0.1156172531  
1.33076755  
0.1951547494  
-0.7145096059  
-0.3935255133  
-2.23843485  
0.1279019797  
0.7249908206  
2.203487355  
1.044305277  
-0.4288425044  
-0.6717546163  
-0.232021976  
0.9498483465  
2.767616166  
0.2144774915  
-0.05079493342  
-2.333016779  
-0.1066091947  
0.2119469299  
-0.6098381878  
-0.1473666561  
0.6664283793  
-1.962608353  
1.549069179  
0.9897504886  
1.566489791  
1.718789452  
1.388836447  
-2.328143551  
0.1189750519  
-1.079773543  
0.2492790027  
-0.3900013875  
0.4555221006  
-0.424801463  
-0.6319862156  
-1.27474415  
0.8409687044  
2.336460163  
0.2687797117  
0.556978896  
-2.052066938  
0.657383204  
-0.7631636536  
-0.9000231584  
-0.6951947551  
-0.6560902342  
0.5308731684  
0.9995342866  
-0.1787520288  
1.844990598  
1.927349972  
0.122005663  
-0.1309073869  
-1.774758497  
-0.5967330872  
0.2750501317  
0.9178919674  
-0.5684498447  
-0.2460783498  
-2.465360909  
-0.8375873088  
2.713271793  
2.483510129  
2.271056827  
0.8576064415  
2.219641768  
-0.6924375596  
-0.9994939725  
-1.846272976  
-2.561140342  
-1.721051087  
-0.9286184807  
-0.4781228846  
-0.5420876047  
-0.1113403006  
-1.383113774  
-0.8389753331  
-0.1262539778  
0.01783573366  
0.02595423878  
0.03026058055  
-0.476427884  
0.12047252  
-0.3871655913  
-0.5199803845  
0.3859840793  
-0.3822284001  
0.0625321935  
1.314594024  
-1.198545029  
-0.9562473302  
-1.155222323  
-0.7378300319  
0.7178210667  
1.006286883  
0.50523872  
0.5716221159  
0.04058299932  
0.9822689869  
0.2847878721  
0.3539197833  
-1.197548732  
0.8783282666  
1.076652198  
1.424926832  
0.2979939642  
0.2391731065  
-0.4578681402  
-0.5267821803  
-0.01862690332  
0.1969212041  
0.134581737  
-0.3091365016  
-0.6714858595  
0.4539042561  
1.035970139  
-1.41381845  
0.208655955  
0.6346247874  
0.4026250519  
0.04244099042  
0.7466376094  
1.31068727  
1.081758605  
1.089103216  
0.002919426583  
-0.7328756499  
-1.417138955  
0.09750842017  
-0.3542086151  
0.7161556783  
1.33573451  
0.4971454561  
-0.2739569378  
0.2836454977  
0.604662  
0.3452065456  
0.9088884245  
2.857905556  
-0.1202356858  
0.4345175539  
0.1278464757  
-0.3844906884  
-1.082352741  
-0.3644558675  
-1.638314701  
-2.294344858  
-1.756436342  
-1.203855577  
-0.9572459069  
0.4801736554  
0.6937142558  
-0.5810280268  
-0.3508006525  
-0.7994847372  
0.2050376113  
-0.6352300164  
0.1107747908  
-0.7214985938  
1.113404835  
0.8991594883  
0.5816912857  
-0.2031862302  
-0.2559632766  
0.1926283221  
1.099872844  
0.1401743735  
-0.5198911544  
-0.8026306824  
1.479861073  
0.5544734214  
-0.02209706005  
0.2362204931  
-0.1868259968  
0.4045356124  
0.04131223024  
0.5815985738  
-0.1152811468  
-0.3943939831  
0.3234330965  
0.2984830753  
-0.5769693754  
-0.342561984  
-0.09216082858  
0.4668156051  
0.9065773874  
-0.4665994112  
-0.340679654  
0.7804378418  
0.8034097086  
-0.5841714031  
-0.003699686836  
0.3341791412  
-0.8905734585  
0.259279361  
-1.131850849  
-0.2596948117  
-0.2706141273  
-1.350256771  
-0.596767921  
-0.1536898878  
-0.5593344654  
0.7399541757  
0.3441073624  
-1.256249697  
-1.164208329  
-0.8415297042  
-0.03463413974  
-0.6239421538  
-0.5921506858  
-0.258837925  
1.054382549  
1.392611945  
1.687043805  
-0.08062006241  
-0.07169115828  
1.230488436  
-2.787573343  
0.1433487326  
0.547420612  
0.08548146936  
-1.505844826  
0.7516539241  
-0.9850708167  
-0.264092272  
1.16005593  
1.021353474  
0.0570002741  
-1.28984722  
-0.8238088072  
-0.9519997172  
1.017231487  
1.517118  
1.262547777  
-0.4512600606  
0.7469769322  
0.1327263948  
1.178538523  
1.678820714  
0.3970583166  
0.6968978618  
-1.128707682  
-0.475371343  
0.1500034951  
-1.00942894  
-1.852307748  
-1.444101671  
-1.793007591  
0.563160624  
-0.8765260533  
-1.184042268  
-1.287883509  
-0.3708305692  
-0.09598641105  
-0.9460905077  
0.2160371593  
-0.6354008126  
-0.9112310889  
0.3335361423  
-0.2646043443  
0.5530828272  
1.650131415  
0.09979518232  
0.9909525816  
1.017306915  
1.468595031  
1.040588139  
1.628905859  
2.338581253  
1.490386131  
-0.2049497634  
0.9993120685  
0.3277804409  
0.9159024052  
-0.5358810214  
0.5125466228  
-0.1388394447  
-0.6669338405  
-0.290859503  
-0.9808739992  
0.2042434885  
-0.842065051  
-0.1247566293  
-0.09846649582  
0.1238714295  
-0.2910125717  
0.3844365302  
-0.3646302861  
-0.1747747286  
-1.113086713  
-1.276483786  
0.1268637077  
-1.030516406  
0.7849117864  
-0.5077043093  
-0.334032388  
0.3819794132  
1.024231193  
1.114235083  
0.6134706481  
1.183187583  
-0.3469307447  
0.7057625623  
0.3003868019  
0.2125686728  
-0.08168985991  
0.3954269523  
0.5874110876  
0.1699430711  
-0.2714495628  
0.5562745085  
1.124397683  
0.5859744512  
-0.507538528  
0.696842171  
0.9357849037  
0.4565196807  
1.268122076  
1.233957812  
0.3536971276  
1.450121457  
0.02326345884  
-0.9976192654  
0.7152307909  
0.93204393  
0.668069325  
0.6098194453  
0.8321365058  
-4.573051932  
2.211306262  
1.12539319  
0.6517093832  
-0.2929729649  
-2.933671261  
-0.2512347644  
-1.540015216  
-1.041206505  
-1.832192751  
-0.8497127693  
-1.567504133  
0.1830932982  
-0.7138687867  
-0.8480839546  
-1.547224059  
-0.3084261649  
-0.1176849411  
-0.3099969315  
-0.8361734809  
-0.6187644216  
0.3032870576  
1.379947435  
0.7278549892  
1.693142175  
0.3164365621  
0.7418265631  
-1.193058881  
-2.173547982  
-0.5035401167  
1.472606227  
1.339872146  
0.7958858419  
0.4668346701  
-0.4840974471  
-1.081706292  
-0.750340872  
-1.494941309  
-1.172780712  
0.2014188392  
-1.187687959  
0.3941251785  
-0.8879380826  
-0.2840528153  
-1.313810055  
0.6242683364  
1.796374146  
0.177421265  
2.722417585  
1.266182504  
0.4203044875  
0.337330296  
1.50458719  
-0.2222222835  
-1.034515305  
-0.1912180603  
0.2405350684  
-0.8284277197  
-0.6444478166  
0.05288482842  
-0.02697390968  
-0.8508637098  
-1.126531361  
0.2858454826  
1.065580249  
-0.5100198274  
0.006846262262  
-0.6810574149  
-1.194957742  
-2.014625002  
-0.4107900335  
-0.3888161018  
0.7347621742  
-0.3821116571  
-0.5100682541  
-0.6640276576  
0.04393983299  
0.1867262542  
0.9926269198  
-0.2237547028  
1.979125918  
0.720437938  
0.4602054189  
0.8354066983  
0.1406104503  
-1.026523297  
0.6515254601  
0.3359942117  
0.1153860599  
0.1605456393  
-1.743613486  
-0.4670827702  
1.224910713  
-0.6668056036  
0.001306507472  
0.2697131279  
0.03560517422  
-1.370298533  
-0.1165407676  
-1.439927196  
-0.0156761155  
0.3816601245  
-0.9661816824  
-2.745621009  
-0.06055970533  
0.9395152488  
-0.05535654851  
-0.82028191  
0.07899798261  
0.2944094598  
0.2833356647  
1.051382714  
1.068389664  
1.046549908  
0.2543360192  
0.7589253826  
0.9824644239  
0.9367445827  
1.365792623  
0.5326885244  
2.430459812  
1.899392327  
1.932372991  
1.425264016  
1.816278749  
1.690714642  
1.478640612  
0.5031210066  
-0.4684629864  
0.2852406476  
0.2767775303  
-1.020934666  
-2.322997449  
-1.759080858  
-1.228041754  
-1.090477957  
-1.764268683  
-1.249043621  
-0.8757185984  
-1.748966067  
-1.15831057  
-0.2473922141  
-1.035841984  
-0.6616097851  
-0.5362593263  
-0.2859840903  
-0.07346270719  
-0.2189189077  
0.729889591  
0.418281693  
1.105820595  
0.6843641459  
1.335620212  
-0.3431708744  
0.5307245189  
-0.5702304387  
0.1210690847  
0.9632557242  
-0.1461317797  
0.006139473847  
1.332384538  
-0.4298757646  
-0.4735869504  
0.4222622652  
-0.2943284963  
-0.1851572614  
0.9761852343  
-0.582786176  
0.3110404886  
-0.7352340054  
-0.4366485087  
-1.388279092  
-0.08277682534  
-0.09245237399  
-2.688482048  
-0.255367801  
0.6061649212  
-0.4498760694  
-0.1572303824  
-1.494411207  
-0.4045629987  
1.019294545  
1.087775698  
0.8093341958  
-0.04340608265  
-0.3795881892  
0.6375845489  
0.05069584604  
0.8004957592  
0.8580353283  
0.1097522594  
-0.1993847523  
-0.1779179565  
-0.03391993106  
-1.042592731  
-1.448839566  
-0.7764979483  
-1.769587848  
-0.5785238826  
-0.8388840918  
-1.498383744  
-0.6336471329  
0.4243842666  
1.276057221  
-0.2619794979  
-0.360764287  
-0.928696302  
0.4822491125  
0.2817008457  
0.7640407852  
-1.47114192  
0.537659923  
0.0241276379  
1.242885369  
0.09248352654  
0.2937154472  
1.027888606  
0.5661164352  
1.475004194  
1.279530965  
0.2147288828  
0.6833635192  
0.590549342  
-0.4393761625  
1.223242975  
0.4989803013  
-0.3907188449  
-0.7731324986  
1.046906663  
-0.434709965  
1.189258809  
0.7250653152  
-0.6990240084  
-0.6074588155  
0.9601946452  
0.4334504389  
0.04332818351  
0.7198740845  
1.087648492  
1.011219959  
1.08818816  
0.944073586  
-0.2391008762  
1.035780518  
-2.328014827  
0.7291559128  
1.140539981  
0.4518181753  
0.1094306383  
-2.126691426  
-3.568909333  
-0.9619008775  
0.6343136021  
0.1307377282  
1.244634502  
-0.7656582074  
-0.4240585575  
0.9156503043  
2.288750521  
0.5565666581  
1.770894712  
-0.2884900293  
-1.027965474  
-1.115978873  
-0.7302224887  
-0.3620624496  
-0.1118284335  
-0.6248801097  
-0.9333949044  
0.3248553897  
-0.3005371027  
0.1546139528  
1.004872461  
0.5061807411  
-1.122511468  
-1.162319865  
-0.400400135  
0.1989458552  
0.1961334816  
1.160350031  
0.5890193472  
-0.9394280238  
0.4142382541  
0.5623229035  
0.6430072819  
0.02354338357  
-0.3975752545  
-1.110941315  
-0.4271693124  
0.1915084825  
-0.5105839351  
-0.8477690488  
-0.3174246701  
0.1777648321  
-1.278632495  
-0.7849000644  
-0.4947232644  
1.81274809  
1.597495868  
-0.8814980454  
-0.4953832512  
0.2651365066  
-0.1904649215  
2.198420648  
2.166648668  
-0.7300595553  
0.1041068033  
2.053887692  
1.09151285  
0.02732446571  
-0.6004069395  
-3.001618217  
-1.247361044  
-0.6732030237  
1.070650432  
-0.4138806402  
0.6572496655  
0.3642699072  
0.2902282884  
-1.02051583  
-1.129167654  
0.6704222944  
0.3225340309  
-0.4817016091  
-0.678001094  
-1.402340321  
-0.1469505023  
0.2038256314  
0.7395143741  
-0.063886857  
-0.9429755368  
1.027214778  
0.1911509034  
1.250164989  
0.4573182981  
-0.8379827742  
-1.415807687  
0.9690143995  
-0.1618990074  
-0.06076588967  
-0.03442665952  
-1.229048384  
-0.6152471164  
-1.552185221  
-1.141176089  
-0.3935739889  
-1.503356352  
-1.216313678  
-0.5551990622  
-0.7862686349  
-0.4720120302  
-0.2290312521  
0.5060204129  
0.9314116942  
0.02420224402  
-1.032100372  
0.3462777365  
1.048265222  
0.07354937519  
-0.3304499323  
0.6734942547  
0.3423217459  
-0.0447218567  
1.010544872  
0.1820574985  
0.6660699161  
0.8305279665  
1.973415949  
1.093455056  
1.287252938  
0.7627475872  
0.574095349  
1.127398337  
1.07114802  
0.1721916159  
-1.534352069  
-0.5911857835  
-1.522432912  
-0.5634588498  
-0.8849703464  
-0.57457842  
-1.424124909  
-1.90226968  
-0.699430036  
0.6678762943  
0.7662978355  
-0.7315404064  
0.5108774785  
1.110540725  
0.8404725432  
0.6208206699  
0.4811858755  
0.2365701811  
-1.258797356  
-0.07192529424  
-2.30141045  
-0.6725648327  
1.471515612  
2.450435073  
0.7875871281  
-0.5239929775  
-0.7549455941  
-0.2685950172  
-0.853372179  
0.3021298892  
-0.9154656951  
-0.499352445  
0.07734639566  
0.7863891446  
0.07346178088  
0.1251097598  
-0.128192336  
-0.459834395  
-0.7759548985  
-1.393007805  
-0.7571371796  
-0.06987746926  
1.263014906  
-1.112155985  
0.8811723141  
0.653610269  
0.1450576204  
0.7566569319  
1.530683095  
1.082542741  
0.7606831083  
1.328625345  
1.212273042  
-0.1331170932  
0.04507904482  
0.6078766698  
0.7691569548  
0.8621889034  
1.48710314  
0.419428907  
0.74791675  
0.5722724363  
0.8660475949  
1.166351584  
1.265098987  
-1.931037061  
-1.816625635  
-1.674689436  
-0.400927009  
0.5318512221  
1.511452019  
-1.021904623  
-1.165281329  
-0.8036999524  
0.7308994648  
0.5610596018  
0.4415047275  
-0.6251850007  
-0.8233859281  
-1.000595412  
-0.6499928452  
-1.092306676  
0.5359774577  
0.153005241  
0.09710369001  
-0.08492377121  
-1.117832384  
0.7647906906  
1.927816676  
0.2575779628  
0.6274418223  
0.02164748538  
-1.65409094  
-1.166581324  
-1.235453997  
-0.8609571038  
0.639951158  
-3.064384653  
-2.407100411  
0.3208111651  
1.49883698  
-0.2850469214  
2.871428467  
0.3458358844  
-0.2302313143  
-0.6015128454  
0.0664041708  
0.247499543  
2.963956764  
1.09153193  
-0.9805471352  
-0.4377227821  
-1.186228913  
-1.052347821  
0.8730475796  
1.350478992  
0.3379057147  
-0.4442333641  
-1.158792235  
-0.7689210628  
-0.1427925483  
-0.4436612915  
2.007143046  
1.639394162  
0.2526206672  
-1.051017365  
-0.06877494509  
0.7924852602  
-0.1073139519  
0.7391456582  
0.0485495889  
-0.3721801635  
-0.6040514094  
-1.328118227  
-0.05289181643  
-0.6053925336  
-1.198050641  
-3.155665653  
0.1257529843  
-0.5857132874  
-1.252923913  
0.09793550875  
0.7748467902  
-1.147171585  
-1.069155733  
-0.04537258628  
-1.082163983  
1.15959778  
1.843619372  
0.3319341375  
-2.445308425  
-0.7364419676  
0.00960512601  
0.6822803861  
0.4523742196  
1.392523988  
-1.006477403  
-1.555447294  
-0.7215888868  
-0.072487714  
-0.7318138328  
0.7936412556  
0.3237853428  
0.7258991175  
0.3426116854  
0.1342379725  
0.368150349  
-0.296812135  
0.3815297483  
0.5977307344  
0.9255322896  
0.8528743823  
0.6497064987  
1.345688446  
0.1770805696  
-0.2112891008  
0.3690861127  
-0.410300402  
0.9380371207  
-0.1224508986  
0.8328244557  
0.7856823445  
0.6304573034  
1.334853927  
0.9031236086  
0.08855005106  
0.740879484  
-0.5762452463  
-0.06980092856  
-0.01449737984  
0.1751520224  
0.609718554  
0.4960040003  
0.4963788437  
1.184271801  
1.617339383  
1.739193809  
1.651265145  
0.09077828476  
1.352827468  
1.034092279  
0.4131907488  
-0.3747532484  
-4.385670239  
-1.190256559  
-0.8255422637  
-0.9530364054  
-0.598378382  
-0.9915512393  
-2.780720742  
-0.602238325  
-1.328830567  
-0.190705674  
0.0214793609  
-0.4365382548  
-1.73605517  
-1.254361786  
-0.2427850312  
-0.9358078303  
0.4664533972  
-0.9407146777  
0.1128208958  
-1.5284807  
-1.287013075  
-1.869089791  
-0.7202167326  
0.1085834955  
-0.03289223892  
-0.7028733842  
-0.5220111387  
0.8393535286  
0.2356792962  
-0.6659320968  
0.9025040314  
-0.04558086396  
-0.1386561796  
1.102219226  
1.226192958  
0.6627508959  
1.327266646  
0.707345308  
1.0157727  
1.872191839  
0.6594219798  
0.263966018  
0.1566126916  
2.238476122  
0.7168113898  
1.504183858  
1.19578301  
0.887570573  
0.3226058259  
1.401110428  
1.038839217  
1.436242736  
0.1400798551  
0.377517706  
0.3188538  
0.9282592477  
-0.4890290894  
0.08776385075  
-0.1163171234  
-0.06046004585  
1.191617433  
0.06112150707  
0.5756225419  
0.3846389534  
0.2834134919  
0.733205761  
0.1625083295  
0.6380780076  
-2.280026683  
-0.9677623587  
-2.880955721  
-2.090179621  
-1.47783283  
-1.070978919  
-1.262897144  
-0.2986977475  
-0.8396738705  
-2.264005298  
-1.475157918  
-0.43157393  
0.3970871254  
0.2921738644  
-2.270388564  
-1.392041639  
0.1142701109  
1.828981285  
1.905182437  
0.8708900538  
1.085724891  
1.125838849  
0.03147011975  
0.4528625144  
1.369024758  
1.683077918  
1.240242774  
1.927644266  
1.335338477  
0.8781870666  
1.914804022  
1.544894369  
0.01367436596  
0.8424165207  
-5.476879228  
-0.7482160944  
-1.574361884  
-1.42175908  
-1.585653466  
-1.551495109  
0.3697435236  
-1.016220126  
-0.05819425061  
-0.4881125353  
0.104748839  
-0.4194839106  
-0.4017184401  
0.5268537873  
-1.3184675  
0.9971259866  
0.2230929471  
1.055332746  
1.252278358  
-1.483127271  
-1.203296156  
-0.8155125437  
-0.0622950027  
1.091133455  
0.290819546  
0.1241984537  
0.7700789288  
-0.6762050077  
3.084463349  
1.258898899  
-0.1562791083  
-2.037108747  
-1.60647132  
-1.578755497  
-0.8915175688  
-0.3016468127  
0.2762208318  
-0.4140834493  
-0.03282451235  
-1.783774314  
-0.6852791579  
0.03775030677  
0.2791809686  
1.142566215  
-0.3508569996  
0.5453886685  
1.108377798  
2.34900546  
1.903286064  
2.476103527  
-1.667250501  
-0.5800063681  
-1.10785636  
0.3120922008  
1.771592763  
1.284824987  
-1.369085495  
-0.6785904357  
0.4585195975  
0.4351186264  
0.1313694691  
1.854514623  
-2.300272104  
-1.369472506  
-1.934431333  
-1.746259649  
0.236317602  
0.5849774058  
0.7781235336  
-0.4514986796  
-0.6415590721  
-2.13594384  
0.4632111986  
3.31115249  
-0.5063920996  
-0.01415973555  
-1.234980344  
-0.2022370972  
0.7631315561  
0.9518628516  
1.096635401  
-0.7713805031  
0.1109458845  
-0.67034168  
0.5395033995  
1.71729211  
1.38003886  
-0.2231583714  
-2.447647386  
-1.488339874  
-1.814119664  
1.596173677  
0.9726178376  
0.69863093  
1.051033263  
-1.010636126  
-0.2848799871  
-0.4790520067  
-0.7485433218  
-0.1862384773  
1.353709264  
0.410279848  
0.8406897015  
0.9965095636  
0.4738537173  
0.3519954344  
-0.4213966876  
0.4930491327  
-1.400922313  
0.3469345419  
1.353241969  
-0.0846862388  
-0.3635641421  
-1.719447247  
-0.1494501414  
0.5923434334  
0.2963372989  
-1.995173681  
-2.825675759  
-0.7953914842  
0.1318277394  
-0.05479318846  
0.6473445543  
-0.2215110168  
-1.405377383  
0.2337940193  
0.2951263009  
1.574727561  
0.5775408095  
-0.3020402813  
1.579335609  
0.7229321046  
-1.499474028  
-1.346066958  
0.1625781563  
0.3742147433  
-0.6760641332  
1.600928542  
-0.5783102254  
-2.732871513  
0.09933614728  
0.3266552441  
0.9547556361  
0.9576965792  
0.4152345786  
-0.8598584311  
-0.813916608  
-0.1982211558  
0.1783171998  
0.9222629658  
0.449139693  
1.094853178  
-1.110902858  
-1.403365462  
-0.5468284307  
0.1685597652  
0.7450950973  
0.8096871917  
0.6952722256  
-0.02055839239  
0.3458699158  
-0.0113546377  
-0.01620952294  
-0.9404824582  
-0.4091999533  
1.140758385  
1.42859638  
1.565521385  
-2.047837982  
0.2561697984  
-0.6783801554  
0.5432935125  
1.893757009  
1.667594559  
-3.26679934  
-0.4807617603  
0.4125115324  
-0.8409995234  
0.2764829215  
1.20178876  
0.01919176779  
-1.700224641  
-0.6110437109  
-1.241811191  
-0.1660149632  
-0.04752246529  
0.1030825876  
0.3467784792  
0.9784606212  
0.5603524428  
0.03488611578  
0.45294458  
0.008442699706  
-0.017564643  
0.3779883638  
-0.2712883588  
0.5894803454  
0.5009283703  
0.6622765065  
0.5918918611  
0.04902523074  
-1.209038114  
-0.06615105783  
0.2877658541  
0.2286235447  
0.5788821687  
0.6692835119  
1.012342948  
1.947802393  
0.9463574826  
0.3616713911  
-1.239643398  
0.6709084825  
-1.814525291  
-0.9303329873  
-0.2361941859  
-1.565507927  
-1.569125693  
-0.7700111461  
-1.624767329  
-0.4807215551  
-0.7628428244  
-1.312298261  
-0.3768168443  
0.3681866079  
-0.2732425832  
1.074030181  
0.5682545023  
-0.5576591787  
-1.69333746  
0.4370054559  
-0.7783168288  
-0.603900736  
0.3772461982  
-0.221645375  
1.128781879  
0.3191680515  
-0.5824232921  
-0.3948672716  
-0.1521944963  
-0.6144713591  
-0.32083386  
-0.2289599238  
-0.4240487365  
0.1176281839  
0.165708299  
-0.3571193139  
0.4400640563  
0.5347192967  
1.41727716  
2.433141652  
1.193267403  
0.8069662125  
1.016950371  
1.489998245  
2.191068643  
1.211309261  
1.744049367  
0.2161103331  
0.4942836531  
0.2527129368  
1.110612784  
-0.9656422962  
-0.4593003859  
-0.8007409416  
-0.9930514467  
-0.2180646071  
-0.7986345262  
-1.349626902  
0.1673503321  
0.1923522625  
-1.380977226  
-0.1131745088  
-0.4429894547  
-0.6240221238  
0.1089255331  
0.05432599034  
0.2117174873  
0.2199417967  
-1.218286132  
1.295464262  
0.9825405312  
-1.288117687  
1.458332506  
0.5850861947  
0.4990407385  
-1.079638404  
0.3904701034  
1.312276012  
0.4539887462  
0.4305620247  
-0.2043461088  
0.2891306822  
-0.05971489598  
0.6831782256  
0.7890381617  
0.5888126522  
0.9815514117  
1.500831705  
0.9295625845  
0.8917050216  
1.545517349  
1.642742767  
1.531695394  
-2.255085281  
0.03591822456  
-1.506333181  
-1.572765472  
-2.383586794  
-1.386760092  
-1.606110827  
-1.433564983  
0.009156801312  
-0.3327998806  
0.1766040021  
-1.125141604  
-3.107341385  
0.4574840123  
-1.070297038  
0.7863172336  
1.450188754  
1.221542761  
0.1558670001  
0.2708009176  
-2.317039379  
-1.036119048  
-0.2066177197  
0.4599507764  
1.1057635  
1.5989376  
-1.741410243  
0.372831779  
-0.8236702181  
0.7953629268  
0.4510241013  
0.4320335159  
-2.275255031  
1.138775776  
-0.2251238258  
1.598744976  
1.464578456  
-3.018522772  
-0.7645071567  
0.1274052125  
0.2252566123  
1.224099052  
1.290351766  
0.1572585755  
-0.08283339297  
1.059582235  
-0.2232593137  
1.179318559  
-3.420373511  
-0.7467389513  
-0.6765800349  
-0.5718527661  
-0.06382052767  
-0.356757364  
-1.038327331  
-0.7029978679  
0.07215275918  
-0.05247615179  
-0.8957782945  
-1.98294906  
-0.4769670393  
-0.5911199851  
0.5673253982  
2.005202731  
1.434413622  
0.5904888876  
-0.7142137873  
0.476405747  
0.7149958487  
1.167485894  
1.557142204  
0.3677856388  
-0.7328573369  
0.0443382699  
0.05457591417  
1.189885553  
1.619846541  
0.7860845606  
-0.7336575016  
-2.569813169  
-1.77291643  
-0.9260545276  
0.5448284405  
0.8785356865  
-1.650637346  
-1.295521111  
-0.6531381695  
0.4182719943  
-0.1290544896  
-0.6497406632  
0.3349309793  
-0.2715453598  
0.04902937299  
0.02664178163  
-0.1643253459  
1.138946321  
-0.1102922304  
0.9844903771  
0.9463322757  
0.6893458562  
-0.01738033691  
-0.5441379055  
-0.09778477999  
0.5658923067  
0.8554678395  
-0.4181024908  
-0.5211538507  
0.04928953442  
-0.9260168013  
