-1.138965163  
-2.060020893  
-0.7587475071  
-0.3423602804  
1.628936105  
-0.3083733292  
0.5637381642  
0.08907745052  
0.8860238034  
0.2952936021  
0.6124404555  
0.3315045417  
-0.1587332535  
1.433583868  
-0.1230667592  
-0.2632587591  
-0.2616667931  
-0.4751943875  
0.8320349956  
-2.044986815  
-1.321166524  
1.049470166  
0.2511631561  
0.8086381348  
0.2417353169  
0.05911225766  
-0.2620635176  
0.2503010406  
0.7781722049  
0.7926141153  
0.5826756571  
-0.1106206044  
-0.3356495671  
0.4979592672  
-0.3401898426  
0.5700223049  
0.2507922612  
0.9465286352  
1.355912407  
-0.1774528069  
1.285346578  
-1.16978909  
-0.8544018101  
-0.8243008767  
-1.270365487  
-1.524352973  
-0.8208710048  
-0.6184064055  
-0.9720572098  
-1.870559293  
1.228220014  
1.172771694  
0.8631270257  
0.6342871247  
0.9198499037  
0.07227710327  
-1.150368283  
-0.05135428785  
-0.5875834804  
-0.2316458204  
0.08981760681  
-1.028136411  
-0.29706407  
-1.073559614  
-1.724392798  
-1.295793604  
-1.93752711  
-2.533606868  
-0.1450090091  
-0.501082232  
-1.419870904  
-1.126357432  
-2.031773527  
-2.163796159  
1.313304379  
-0.5471536959  
-0.4459951383  
-1.491910137  
0.0126110588  
-0.1515497499  
-0.7929260154  
-0.9813987099  
-1.592668074  
-1.076044886  
-0.8910794541  
-1.477051366  
-0.9970565071  
11.46039484  
14.17154774  
3.94765441  
0.2574815591  
0.9752213176  
-0.2972353693  
0.2522964008  
-0.1580238117  
-1.218858384  
0.3128871428  
-0.4897924153  
0.1011293815  
-0.04473850222  
-0.2877038438  
0.4291157056  
-1.052754193  
0.2135214505  
-0.1346470744  
0.7581080198  
-0.7931366282  
-0.2701763713  
-0.2031309662  
0.374256795  
0.1876180757  
-0.08396023426  
0.9723904663  
0.7691050952  
-0.1866883272  
0.9417604203  
-1.263533375  
-0.05876373682  
0.4596876636  
-0.3648406481  
0.803174367  
2.435169837  
-0.9290796135  
1.059171235  
0.920928698  
0.6247036045  
1.212071702  
0.3152738041  
1.709291761  
0.9374010952  
1.406469  
0.04168118102  
-0.1394786586  
1.395292206  
0.3461311989  
1.704412855  
-1.029589621  
-0.2975029482  
-0.8331526719  
-0.8080674964  
-1.313291869  
-1.130398611  
-0.6237282642  
-1.05815762  
-0.5114990171  
-1.053319325  
-0.6606952829  
-1.596604443  
-0.8093705793  
-0.4900678479  
-0.07240590927  
-1.45864807  
-0.1307577552  
-0.4182167382  
1.034682895  
2.881136159  
0.4716820327  
1.539661629  
0.3225154095  
0.5181557882  
0.2411167971  
0.1014202472  
0.109633848  
-0.7374302309  
0.5181401744  
-0.269532213  
-0.6122641157  
1.47729203  
-0.1465692612  
-1.998718561  
-0.5655415537  
-0.8880561477  
0.1231435376  
-0.6674023898  
-0.6792586288  
-1.375137329  
0.0890883271  
-0.0670736182  
-0.5940450042  
0.1197436145  
0.1279699248  
-0.6085231142  
-0.004135019228  
-0.4408769025  
-0.852153157  
-0.3888405021  
-0.5207070253  
-0.7154733739  
0.09428134019  
0.1056883508  
0.2068834328  
-0.06906982992  
0.9118217616  
0.08264303138  
-0.06472339778  
-0.2402355359  
0.6836940275  
0.2199009582  
-0.07726866304  
0.7193071764  
0.08197558501  
-0.564185428  
-0.4819099966  
-0.6265313904  
-0.1930671222  
-0.7160774267  
-0.5715433002  
-0.4234327921  
-0.1420040566  
0.0836362351  
-0.270578234  
-0.6656634835  
-0.1519104459  
0.1294065803  
0.3371551183  
-0.7986591171  
0.4197461382  
-0.08791967864  
-0.3021548555  
0.07427212261  
-0.2172390255  
-0.0145648114  
-0.2819618113  
0.03999155999  
-0.3781583799  
0.009371584309  
-0.07719262474  
0.3618511954  
0.05711105145  
0.724119092  
0.3887326883  
0.2126562319  
-0.1429821675  
-0.2592870297  
-0.5916910299  
0.1422458572  
-0.1160911075  
0.1062796972  
-0.08116118629  
-0.1068980704  
-0.267979328  
0.1334712938  
-0.1389046296  
-0.002946899954  
1.252380532  
0.6723443129  
0.3309948221  
0.7711029913  
0.05392838354  
-0.7083366501  
0.2996735212  
0.7278544185  
-0.04154781972  
0.8786981943  
-0.658946569  
-0.512046224  
-0.08250512813  
-0.5293057883  
-0.5978316925  
-0.9327029268  
0.1894116379  
0.1164239919  
0.1399059374  
0.1132974618  
-0.5854566589  
-0.09840011789  
-0.2479934341  
-0.2419838137  
0.2344900704  
1.15422259  
0.03897229475  
0.3182739074  
-0.2104877419  
-0.1923738499  
-0.1782747355  
-0.05506399112  
0.2326128007  
0.3757998889  
0.3949706148  
0.03043088005  
-0.3159243218  
-0.7507439925  
0.431570803  
-0.178329142  
0.3379162777  
0.5488071  
0.4877097208  
-0.05519965115  
0.1757932977  
-0.4757395817  
0.6553368462  
-0.4299737005  
-0.03188127579  
-0.472399881  
-0.4696991626  
0.5893061741  
0.1672720773  
0.3541379782  
0.2921759929  
-0.5025158634  
-0.1308559068  
-0.09059569388  
0.09149679518  
0.1704580811  
-0.1314952551  
0.05553435807  
-0.4055100951  
-0.237380498  
-0.3666258063  
-0.7043474975  
-0.3377496641  
-0.1793927107  
0.1923026193  
-0.5033416129  
0.6901623845  
-0.1079588387  
-0.03067929199  
-0.1406896185  
-0.5766884593  
-0.4184325672  
-0.04360537726  
-0.4389186863  
-0.06992922441  
-0.2701317504  
-0.08938743282  
0.08723390905  
-0.04809149267  
-0.1975462848  
0.4902522661  
-0.7532455536  
0.2449246511  
0.3044881952  
-0.3296921963  
0.3547466211  
0.05842076753  
-0.3313485949  
-0.02666286138  
-0.1802304507  
0.1184824194  
-0.1764255619  
-0.1102767401  
0.2927037399  
0.2146748663  
0.3317880451  
0.4022002896  
0.2632872578  
-0.0201095151  
0.05959790893  
-0.2095203009  
-0.1132019947  
0.9389344264  
-0.5044880259  
0.3004617169  
0.4572361321  
-0.2496398796  
-0.3557999552  
-0.6286899659  
0.06489296258  
0.6158098451  
-0.2821274367  
0.670842703  
0.6804285148  
0.539957518  
0.07151221617  
0.2795604844  
-0.2206598788  
-0.2959154022  
0.4242563823  
0.2863283718  
-0.310512326  
-1.037702891  
-0.3160830955  
0.2164965884  
0.6752914235  
0.09149093417  
-0.1793860379  
-0.1525626256  
-0.4228264795  
-0.3785530582  
0.4939127638  
-0.06155446401  
0.700309966  
-0.3124961773  
0.1963073498  
-0.4555038202  
-0.6891100582  
-0.8364046616  
-0.4255035458  
0.3157641236  
0.9633176931  
0.9749663015  
0.3348037621  
0.311150494  
-0.03038438025  
-0.3695927314  
0.2515231205  
-0.1872525832  
-0.6074719803  
-0.6859783277  
-1.094721446  
-0.932894626  
-0.9562099776  
-0.7334953871  
-1.16992613  
-1.002590767  
0.05541094897  
0.5695252587  
-0.3597857996  
-0.6899319207  
0.2879046959  
0.8976022332  
-0.02655093543  
1.825505756  
2.466366489  
0.7395827075  
0.4744345996  
0.9774865505  
0.2570751875  
-0.1450951117  
-0.4796301308  
-0.2631796774  
-0.3693116499  
1.375062832  
-0.4438280288  
-0.6141795897  
-0.9469028367  
-0.8217056306  
-0.08983059471  
0.6133873881  
0.2951433225  
-0.5880933741  
-0.6538138641  
0.1486903659  
-0.6289708987  
-0.2032933185  
-0.6778427951  
0.008808736984  
-0.6545285107  
-0.3842991722  
-0.282931358  
0.2889861952  
1.363301511  
0.9385293361  
0.5383951005  
0.2931023592  
0.04912215475  
-1.14230598  
0.3513941305  
-0.1821786646  
-1.112966965  
1.319099344  
1.071938056  
0.4095469368  
0.09698937838  
1.234684457  
-0.3803908183  
0.2328880446  
-0.4914145053  
-0.3554952069  
-0.2079725963  
-0.8398099178  
-0.9302966428  
-0.4577714246  
-0.3307559438  
-0.8575264309  
-0.6452449317  
-0.2133959783  
-1.198197429  
0.1953180178  
0.1064679462  
0.02529670156  
-0.04124860456  
0.3547269558  
-0.3337984426  
-0.8824336186  
0.1240243989  
0.1393463313  
-0.5884221134  
-0.003616273039  
0.5818318241  
0.05055611081  
-0.06097676246  
-0.3568983002  
-0.1262189224  
0.268950859  
0.1443849471  
1.582398748  
0.8339411139  
1.508442012  
0.2675106815  
0.160197781  
0.2925944415  
-0.3627913666  
0.02425676403  
-0.8070833451  
0.9457156671  
0.6054194489  
-0.1563665614  
0.4513072436  
-0.4860591372  
0.6561441698  
-0.5108008912  
-1.254318808  
0.1238092583  
-0.3356249445  
-0.1435345754  
-0.537764914  
-0.1050486739  
-1.262272275  
0.487059757  
0.6876453566  
-0.08823206289  
1.221825523  
-0.3811983364  
-0.2479299242  
1.092884225  
0.2639373137  
0.7037010982  
0.07827703525  
0.3786898928  
0.9719579754  
0.4762783566  
0.4491949687  
-0.3059246876  
-0.9021334759  
-0.9271247901  
-0.1188403954  
-0.4871008187  
-0.4934962021  
0.1580465872  
-0.3480220719  
-0.4962378406  
-0.5018276799  
-0.3025882579  
0.4640548361  
-0.6866953186  
1.753744414  
1.391925029  
0.5887634913  
2.196409684  
-0.05255020486  
1.741421429  
-0.4534357593  
1.364574311  
-0.79142852  
-0.419883964  
-0.3146460462  
-0.1017802376  
-0.3633321771  
-0.05904821963  
-0.864970896  
-0.1061869342  
-0.951412402  
0.8542146491  
-0.7251308766  
-0.8947359483  
-0.4755848136  
-0.4805464318  
-0.4259781148  
-0.7734064497  
-0.1997843636  
-0.2131002554  
-0.5660557052  
-0.942145735  
-0.506386615  
-1.138194537  
-0.1480722054  
-0.4926296458  
0.4932134201  
0.5839968994  
-0.9225563098  
0.09412363232  
-0.1773736085  
0.3185524829  
-0.280455898  
0.2304308895  
0.06273835882  
0.02754987541  
0.7454949456  
0.8134370376  
-0.836330798  
0.8776833358  
-0.07786266548  
0.5556318899  
-1.099974662  
0.03301299078  
-0.6072542554  
0.8742024882  
1.985908651  
-0.7154095033  
0.2540986814  
1.862839509  
1.73803656  
0.8982253438  
0.1413333384  
0.854877699  
-0.4741022276  
0.05429830773  
0.363064844  
-0.5778768561  
1.056323072  
-0.2751088596  
0.0009695754718  
-0.5453621426  
-0.09636931809  
0.3064448803  
-0.5526373586  
1.290283146  
0.3370024611  
0.6837027667  
0.2735695499  
0.01657686765  
0.4673872184  
-0.3588526881  
0.7057574997  
-1.421464355  
-0.5218244143  
-0.2682325634  
-1.319202565  
-1.608402487  
-0.3098735701  
-0.8328763615  
-0.1761838352  
0.2080123849  
-0.5191628795  
0.3650760561  
-0.2445186673  
0.2185110277  
-0.4241491258  
-0.3319384011  
0.151707493  
-0.03195766613  
-0.6235309671  
-0.04286617073  
-0.7763559548  
-0.1431541283  
-0.1819165228  
0.2786786171  
0.008198417616  
-0.7541451725  
-1.253679233  
-0.6152313962  
-0.9399801275  
-0.0293279862  
-0.4152828606  
0.1043518748  
-0.2689901009  
-0.6236151423  
0.5903394963  
-0.1455971752  
-0.705834346  
-0.3079797409  
-1.143495791  
-0.2837529427  
-0.8855243428  
0.02351287313  
0.1149643638  
-0.2540304479  
-0.1687202923  
-0.6222202956  
0.5619366443  
2.022125066  
0.209264862  
1.611257102  
-0.599220642  
0.6559427504  
0.01837042775  
-0.04247005487  
0.8192941859  
0.403905408  
1.509647614  
0.4749279992  
0.3731582992  
-0.2708034971  
0.8838778257  
0.07193641046  
-0.09281025133  
1.243486517  
-0.8571677438  
0.09673089006  
0.878776769  
0.3028251613  
1.568637399  
0.9562780021  
-0.4197818619  
0.7862611232  
1.006631083  
0.6135738293  
-0.5719045679  
0.7623568002  
0.2920192261  
0.442074725  
0.5324084272  
0.3837440431  
1.457265965  
0.5477322316  
1.127456216  
-0.08653589513  
0.1127932948  
0.9400458091  
0.242757059  
-1.595415538  
-1.283504139  
-1.881510061  
0.4652706508  
0.2633204113  
-1.089839224  
0.5787811932  
-0.5784508026  
1.577203536  
-0.02983648492  
1.157919947  
0.8524506473  
-1.244652918  
-1.445366568  
-0.9690093171  
-2.053082276  
-1.133443063  
-1.337300379  
-0.7578808375  
-0.78508874  
-0.6983718336  
-0.07314744118  
0.1884969346  
1.358628982  
0.9161724116  
0.9833030461  
1.165503164  
-0.149961612  
0.6983581981  
-0.5992515757  
0.9806594188  
0.5081001867  
0.2932341279  
1.153054334  
0.6011622724  
1.043436242  
-0.4841470486  
0.2548628854  
-0.1072102158  
-0.6795909422  
-0.688897544  
-0.4384459832  
-0.5552484517  
-0.006388044052  
0.05239263956  
-0.5289090306  
-0.6225625808  
0.7308364931  
-0.3712902625  
