0.8626891887  
1.142623333  
1.923956559  
1.159172169  
-0.974530257  
-2.013471932  
-1.20390593  
2.185451028  
0.110025878  
-1.673617582  
0.1171724187  
-1.820909746  
2.150000089  
0.08424215727  
-0.206647754  
0.659476431  
-1.277318784  
-2.457616414  
1.792542791  
0.5762111866  
2.141648342  
-0.8015234135  
-0.4612372062  
-0.4060955865  
-0.4277157205  
-1.402308817  
0.3408777249  
-1.555666817  
-0.09416757317  
-0.9856359953  
-0.7376699732  
-0.7952765096  
0.7463032153  
-0.3759351476  
-0.7082220509  
-0.695786052  
-0.4458046897  
-0.9909985208  
-1.394276878  
-0.572445509  
-0.8506818186  
0.735854392  
-0.1148393573  
1.727113355  
-0.5059225559  
3.096548744  
-0.1886642984  
-0.05468316363  
0.9296514667  
0.6100764041  
2.136248721  
-3.034915952  
0.9669976057  
-0.9637454163  
-0.6506210575  
-0.1535826321  
-0.05003098448  
0.970458369  
1.308470301  
0.7740705194  
2.199545225  
-0.4190659681  
1.622079181  
-0.09615006716  
-1.148576111  
-0.2951486298  
0.1573977178  
0.353564693  
0.5480567369  
-0.486326215  
-0.3979405928  
-0.7829132174  
-0.1131517597  
-0.1787195541  
-2.498089147  
-1.89748617  
-0.6614762544  
0.7018311798  
-1.541569402  
0.5123304401  
0.1560807583  
-1.343895483  
-0.3399553951  
-0.6520726103  
0.3680826211  
-0.9778708888  
-0.3385545249  
6.042092997  
4.527726881  
-1.418618038  
-0.8616814535  
1.993681395  
-1.05572241  
0.2376402808  
-0.292793493  
-0.5683375917  
0.5124920391  
-0.1338966603  
1.93989095  
0.3090601563  
-0.09315179338  
-2.412198733  
-1.514863103  
-0.2270859146  
0.879630648  
-0.1505069912  
0.3495288213  
-1.126989182  
-0.6058676774  
-0.6361904635  
-0.08198761515  
-0.1923644295  
-0.7104754184  
-0.2507544758  
1.20198559  
-0.362481572  
-0.1511470543  
-0.06106436792  
1.077747993  
1.017130621  
-0.3632948825  
-1.158657497  
1.168047853  
1.853423365  
-0.9326764976  
-0.1376969145  
1.097971734  
-0.596325685  
-0.2133299716  
-2.297336505  
-1.258868049  
-0.1946439044  
-0.9256497908  
1.219461459  
0.3936054393  
-0.05936207141  
0.4325847131  
0.6961064649  
1.757190051  
0.5793652183  
1.080771549  
0.6329926769  
0.2683631971  
0.5867702818  
3.611918561  
-0.1812717315  
-0.5979452381  
0.06356772792  
-0.2777303988  
-0.6184303836  
0.9439528256  
4.753020418  
-2.497384834  
1.075474929  
1.436981509  
-0.5249663538  
0.218868964  
-1.951197646  
-1.626830047  
-0.9162048772  
-1.1407209  
-1.750137226  
0.242526843  
-2.250615825  
-1.615334501  
-1.736034888  
0.8431651847  
-3.549418742  
1.119516192  
1.29430659  
-0.1082251643  
0.9973140269  
0.05760807737  
0.1890774675  
-0.394275734  
0.03366015924  
-0.01254583905  
-0.4005966454  
1.298111472  
-0.1011139746  
-0.2988345406  
0.6548338565  
0.5242918564  
0.319597541  
0.2563126127  
1.424350295  
-0.7794755308  
0.5607553698  
0.7766575767  
0.3754587746  
0.6520121073  
1.564796956  
-0.4292412577  
-0.2531991475  
0.2714541202  
1.143305541  
-0.7087196053  
-0.06202320012  
-0.684757327  
-1.327977262  
-0.2383926783  
2.176497749  
0.06909495167  
1.197354872  
0.7165452  
-0.1750456668  
0.008911140423  
-0.7075945449  
-0.8200987417  
0.7599164213  
-0.4129436945  
-1.150404264  
-0.8997040893  
-0.03007977482  
-1.169318331  
0.1032570815  
0.6731890558  
-1.309986017  
0.4605109739  
-0.2807511629  
-1.352071003  
-0.4509192572  
0.8654664127  
-0.008760211459  
0.2701998251  
0.5298339589  
0.2919980268  
-0.6475273981  
-2.804186384  
0.1697301212  
0.595821151  
0.1403538441  
-0.1501861633  
-0.5143513197  
-0.7282914342  
1.233664834  
0.729762675  
-0.5861530139  
-0.9167738813  
-1.853567002  
-0.461711722  
-0.06205195775  
0.6886185533  
1.043949923  
-1.71196654  
1.687544499  
-1.50401253  
-0.5705862463  
0.1049727821  
-0.4602076681  
-0.4067075151  
-1.586979768  
0.7837994383  
0.3178060545  
0.2435943061  
0.5392799157  
0.9572736831  
0.9374025252  
0.4914752452  
-0.03768302507  
0.7688958692  
3.001069116  
-1.123903106  
0.1610509366  
-2.071747481  
-0.3938467063  
1.278501268  
-0.08199082918  
-0.9910115083  
-0.8159180374  
0.3508373551  
-0.6397073429  
-0.7664480788  
0.1116513614  
0.8043477847  
-0.7809799485  
-0.7869690826  
-0.02344174876  
-1.025564641  
-0.7261794027  
2.031073249  
0.6287242716  
-0.2322525494  
-0.3102845524  
1.173823901  
-0.7101808337  
1.424902861  
1.642984663  
0.646057186  
0.1960199744  
0.8901074002  
0.2446935832  
-0.5228179771  
0.282419985  
1.362668643  
-0.7638186053  
-0.9554758188  
-1.107550336  
-0.1919676621  
0.1855313876  
0.3674415726  
-0.1948850362  
-0.2334784788  
-0.8635753773  
-0.5220197968  
-0.246798695  
0.1626235118  
-0.9291192158  
0.1658621794  
0.5063687835  
-0.8326432615  
1.282384603  
0.7896848546  
-0.7135701342  
-1.587390822  
0.1142029708  
-1.056917833  
0.5054300929  
0.8569573288  
-0.9612939854  
0.1157696338  
-0.5681603853  
-0.6058121352  
-0.4604750085  
0.5511744852  
1.238240187  
0.2398264774  
0.1168696085  
0.9425299397  
1.099415616  
-0.7814017807  
1.336646694  
-0.01632603277  
1.280818035  
-0.2508730814  
-0.2773690722  
0.4195450465  
0.04362436764  
-0.6964324952  
1.381171551  
2.20034393  
-0.2998300459  
-1.127610767  
0.05456487475  
0.2372781397  
-0.1198580367  
-1.265513064  
0.9968446791  
-0.5903355573  
0.1054929505  
-0.2084583612  
0.6569829172  
0.9984181448  
0.01666601107  
-0.7313267755  
0.2928406813  
1.897935411  
-0.5278981075  
0.7255043435  
-0.5314515526  
0.7855579384  
-0.01161386537  
0.1060887178  
0.7716237369  
1.121998891  
0.1481886724  
0.5332727099  
-0.02467535455  
-0.8978962155  
-0.8845954922  
0.3653420012  
0.4047293049  
-1.335056288  
-0.9457645542  
-0.4059971443  
0.516801188  
0.4563950509  
0.8795776826  
-0.1076173139  
1.998761167  
0.06823951924  
0.3921614887  
-0.05056134635  
-0.1154993748  
-0.8835558024  
0.6198686677  
-0.436534252  
-0.8835108494  
-2.047952527  
-0.698474141  
-0.005387548208  
0.07143991889  
0.3249486986  
-0.7474634147  
-1.116651762  
0.2757387095  
0.2819907736  
-0.5978869851  
-0.3288149604  
0.1089126483  
0.3002232447  
-0.3072573156  
-0.6423728631  
0.9843615626  
-0.05927375712  
-0.5420555886  
-0.5431612779  
-0.2644746485  
0.5643880481  
-1.230872551  
0.2509649286  
0.5534553769  
2.232338974  
-0.597065179  
0.8808786621  
0.4419822948  
-0.8065100129  
-0.7548201743  
-1.914800574  
-0.9454801851  
0.4967601433  
-1.222598937  
-0.5279131847  
-1.182160579  
0.06933342546  
-0.07378810654  
0.06870039457  
0.8269967873  
0.06821471005  
-0.6871006296  
1.361381509  
0.3649917781  
0.7204734325  
-0.1905146921  
0.3483322585  
-0.02760602291  
-0.8950020016  
1.274825576  
0.8237785944  
1.23147737  
0.8796164134  
-1.411782451  
-0.9542636204  
0.2768898553  
0.4996374868  
0.2079472673  
0.5322371494  
-0.8414480141  
0.7703258244  
0.8083844808  
2.639845067  
-0.2336164096  
1.44479372  
-0.1561719467  
-0.9619017941  
-2.053511838  
-0.2276917155  
-0.773642426  
-0.9818539036  
-1.125237337  
-0.9311813065  
-0.2558665502  
-0.0895893149  
0.3384328901  
-1.352025271  
-1.583068458  
-0.7134134979  
1.736344067  
-0.1790119583  
0.6163527765  
-0.6503634747  
0.3666928136  
-1.061673211  
1.097707305  
0.3927419482  
1.678579968  
0.6340548927  
-0.2597426568  
-0.5266503856  
-0.4108313525  
-0.2162681985  
0.3983903504  
1.148437108  
0.4721361271  
-0.3694232945  
1.455272448  
0.3016822756  
0.1707770095  
-0.1958631916  
-1.495848025  
-0.3717884766  
-0.5037413971  
-0.8454659321  
0.08197909777  
1.172623754  
0.9409623265  
-1.060077579  
0.08278243118  
0.5280301827  
-0.06581232468  
-1.192812596  
-0.3231393451  
0.8558182112  
-0.06514082288  
-1.447274204  
-0.102536806  
-1.930813329  
0.8409191522  
0.2802559849  
-0.02497531628  
0.258563093  
-0.7959257218  
0.05835923313  
1.212155152  
0.7208174101  
0.9280095515  
-0.4755746977  
0.27730707  
0.5137958228  
0.3924748387  
-0.04776914494  
-0.7568842322  
-0.3156911032  
0.2518178361  
0.44733225  
-0.04353834524  
-1.32884684  
1.385885239  
0.3091309654  
-0.286150385  
0.5775253173  
0.8834561752  
-1.43374781  
-0.4285363425  
1.038234193  
-0.8350537653  
-0.9169234885  
0.3304655264  
1.446334211  
-0.2847203275  
0.2740537152  
0.2744466017  
-1.308392233  
0.2307625477  
-1.005640832  
-1.363078211  
-0.058754555  
1.218030334  
-0.1364390258  
0.981943864  
-0.2406309473  
1.4413563  
-2.084095133  
1.103629096  
-1.989974348  
-0.3390346144  
-0.82595567  
-0.8629665059  
-0.3630161743  
0.6854266849  
0.09302561305  
0.7708693572  
0.1735073912  
-1.34206588  
1.414223859  
1.366032125  
0.5141988462  
-0.04274988344  
0.06616056853  
-1.381497594  
-0.5400898177  
0.08979923929  
-0.01287206419  
-0.4510993503  
-0.8690192634  
0.8903283411  
1.574709027  
-0.4995270824  
-1.134199087  
1.488629912  
-0.6951369194  
-0.2309692306  
1.597861506  
0.5056171842  
0.9138066966  
1.451213278  
-0.5067934294  
1.627165011  
-0.01067497656  
-0.7235501345  
0.8137902324  
-0.3414637781  
-0.764663674  
-0.04401976408  
-0.2608165964  
-1.022620562  
-0.469135513  
0.6792035927  
0.4701643476  
-0.05831556625  
0.02218481732  
0.5931184541  
0.5775675586  
-0.1489548725  
-1.03299146  
-0.767160266  
-1.464537718  
0.387489103  
-0.2429653177  
-0.8140655797  
0.08469095488  
-0.5025264747  
0.923639686  
-0.08436757827  
1.060462731  
1.462025053  
1.558522976  
-0.6139128996  
-1.494042733  
-0.2745443667  
-1.364518032  
0.8764643279  
-0.1384315461  
0.06104946402  
-0.02937428027  
-1.135207378  
0.1672852  
-0.3283998099  
0.3085598829  
0.2893043373  
-0.3493715251  
0.7581245334  
0.2588477249  
1.138396263  
-0.6978281971  
1.203557151  
-0.09749778903  
-0.9434841498  
0.7046549743  
-0.5123652554  
-0.6615056506  
0.6861582327  
-0.7602678428  
-1.072597527  
-0.1458291624  
0.1989286555  
0.3761216674  
-0.6862870002  
-0.1662384938  
-0.918211764  
-1.980552446  
-1.035444413  
0.1885393556  
-0.8774001322  
-0.7788788218  
0.8900197378  
-0.4197826417  
0.1380738181  
1.068149388  
-0.6580385299  
1.098404809  
1.807289338  
-0.1883403566  
-0.8178073993  
1.678837165  
1.174370329  
-1.746183282  
0.7087322392  
0.6496776177  
-0.4317597005  
-0.4468012051  
1.593079248  
-0.3717594899  
1.593928946  
-0.2493134753  
-0.1317232891  
-0.5169664947  
-0.3420487819  
0.453524993  
1.092903923  
-0.1087759979  
-0.390955243  
1.117737775  
-0.6416796051  
1.099122545  
-0.08149476707  
1.882952413  
0.4849861663  
-0.2553976394  
-0.3095334394  
0.7493453723  
-0.3348975075  
-0.1796718309  
-0.8492265376  
-1.352326145  
0.3666247972  
0.4052270855  
-0.1456782207  
-0.8571287684  
0.2413811352  
-0.7359051582  
-0.4195926607  
-1.11940958  
-0.2996784654  
-0.8189673349  
2.304913792  
0.6406295044  
-0.3392862764  
1.186335904  
0.3116622141  
0.9316057231  
0.700192821  
1.055732148  
-0.8106470607  
-2.398468939  
-0.1223817141  
-0.1360974889  
-0.2985274048  
-0.6111897722  
-0.9666888266  
-0.2615189032  
-0.1034483676  
0.1972358022  
0.2972466152  
-1.045323073  
0.1931083647  
1.629691612  
-0.4848677041  
1.239077824  
-1.461547566  
1.916754845  
0.8134043487  
-1.001857847  
-0.1448899802  
-0.3829905102  
0.8605948717  
0.2761748234  
-0.8950109625  
-1.238898159  
0.6978002895  
0.4510491891  
0.01782652844  
-0.4140487863  
-1.033726467  
0.4194347031  
0.5727226758  
0.4793603436  
-0.2986947136  
-0.634728585  
0.5704387196  
