-0.231552729  
-1.039563308  
-0.09180971886  
-0.1159965177  
-0.3479020067  
-0.1082134174  
1.14713338  
1.192513666  
0.7643811819  
-0.06062232016  
0.1987697862  
-0.007728524352  
0.3641835063  
0.5578791132  
-0.4580318078  
-2.125612975  
-1.131939021  
0.3136855046  
0.8685979625  
0.4380018749  
0.5603929491  
0.6192485062  
0.1128668459  
0.04565138426  
-0.7754718305  
-0.7305382841  
-0.4889246411  
-0.877105103  
-0.7844751288  
-0.5356784206  
1.012924125  
1.133340867  
0.811698459  
-0.3399001021  
0.1010750045  
-0.2029148315  
0.8326657458  
0.8598121954  
0.2501451564  
-0.01718854001  
-0.08754703978  
-0.5113684831  
-0.4241957891  
-0.1236482615  
-0.1023738768  
-0.5637962114  
-0.5089408127  
0.3170599641  
0.3337076139  
-0.02174177598  
0.560630905  
-0.7043392622  
-1.151128326  
0.09905274485  
0.8113939993  
0.8902464363  
0.2452304009  
-2.811941739  
-0.5001912701  
-0.3091430966  
0.7606016706  
0.7384361038  
0.3285042428  
0.3786915523  
-0.2580812991  
-0.09336414905  
0.4679748323  
1.319154514  
0.660705005  
-2.546182005  
-0.7430039184  
-0.7481597278  
0.01108508013  
0.485657783  
1.074073747  
0.09649200288  
0.08387814227  
-0.03701136304  
-0.6072320124  
-0.3439760806  
0.8028043726  
0.125302153  
-1.567296489  
-0.9066016976  
0.3671966599  
0.2847448679  
1.384733501  
0.7711464704  
-0.1380530646  
0.1102439427  
0.4460345954  
0.6868443058  
1.122169805  
0.6851245955  
-1.6295614  
-0.4528559789  
-0.002852865423  
0.9706986434  
0.8364406303  
0.3295877353  
-0.3784874304  
-0.1256349197  
-0.2699484984  
0.4385066475  
-0.8971759425  
-0.8079064666  
-0.8308196347  
-0.1925319407  
-0.4766124057  
-0.3147698962  
-0.04897846681  
-0.4155046343  
0.1756995504  
-0.7694322217  
-0.5281675591  
0.668936562  
0.681161521  
0.3710565066  
0.334346865  
0.2797026572  
-0.4501292097  
0.4024199667  
0.1101740848  
0.4305935432  
-0.08787940635  
-0.009054485607  
0.136494572  
0.7890639382  
0.7335381651  
0.3198474447  
0.7881838764  
0.1796084874  
-0.02615052064  
0.7243781988  
0.6800185247  
0.08344198305  
0.02193596873  
0.1533758909  
-0.6452104396  
-1.130181728  
-0.06233467479  
-2.152017958  
-1.491036717  
-0.9283791733  
-0.8908598702  
-0.414272423  
-0.5987893734  
-0.7654199226  
0.2272807902  
0.1482098087  
-0.335686308  
0.1146548702  
-0.4475166318  
-1.55678899  
-1.526102864  
-0.2068409069  
-0.7611721127  
0.143629617  
0.1594830841  
-0.06157437199  
0.5481797013  
-0.07823548979  
-0.2061064102  
0.3318855613  
1.082051904  
1.210652582  
0.850339555  
0.4807010152  
0.7093890475  
0.1442553989  
0.8866953733  
1.036020201  
0.3135024672  
0.2966121725  
-0.1721264442  
0.3392775282  
0.8236293176  
0.7258559513  
0.2537368718  
0.04120281687  
-0.03762526113  
-0.2251565121  
0.8147401314  
0.4990600403  
0.3528626076  
-0.2655748441  
0.1357110514  
-0.7264076926  
-0.4993441757  
-0.5195356228  
-0.8138549781  
-0.693902871  
-0.02959012097  
-0.3069932196  
0.1538929741  
0.4753699637  
0.9829775765  
-0.6538402046  
-0.7117536957  
-0.8452932019  
0.3449687468  
0.6858561546  
1.151447834  
0.09255252104  
-0.2810719879  
-0.4230313256  
-0.173385227  
0.8383595136  
0.6237230833  
0.7463505155  
-0.02094524508  
-0.2646719829  
-0.1576448355  
0.8006879539  
0.1684877735  
-0.1481240723  
-0.8381368611  
-0.06137102542  
-1.057061932  
0.09283472737  
-0.1189077715  
0.1787708142  
0.3463333039  
-0.1411267773  
0.1052692955  
0.4636985107  
-0.2271562855  
0.3564147907  
-2.705831775  
-1.165545132  
-0.495829277  
-0.3355186852  
-0.4714263677  
0.1189852352  
0.0129405581  
-1.127501158  
-0.2648873019  
0.3735004723  
0.3130221574  
0.4435620704  
0.7632390022  
-0.2617443793  
0.02958583856  
0.0137496992  
-0.0566468091  
0.4007148477  
0.3416574891  
-0.8526878255  
0.2296081458  
-0.5337556679  
0.8460325011  
0.8302851613  
0.6567309576  
0.6148673267  
0.08322173636  
0.3664696674  
-0.3249064414  
1.236327243  
0.5554142539  
-0.2805211731  
-0.3666603677  
-0.4400068542  
0.7274381077  
1.262169192  
0.7907105395  
0.0123941302  
-0.01291034796  
0.05622321909  
-0.02821162869  
-0.3204144011  
-0.4835976269  
-0.04351861627  
-2.512864469  
-2.218973734  
-0.3131528731  
0.3812495659  
0.7886823945  
0.5245835428  
0.3339138854  
0.6647556218  
0.2300127927  
0.6264411019  
1.221271416  
0.5130619124  
-0.2138966299  
0.4424518012  
-0.7819037821  
-0.06915751669  
-0.244817414  
-0.2607032588  
0.01453488221  
0.08947006597  
-0.1398212323  
-0.4610052553  
-0.4744348101  
-0.5822897922  
-0.2126233354  
0.7601241426  
0.3061687393  
-0.09112089527  
-0.08040348772  
-0.5188578889  
0.349509357  
0.01144094965  
0.4384486104  
0.301565023  
0.6163573847  
0.6356505662  
-1.443630376  
-0.5301338771  
-0.03856336995  
0.6274313064  
1.413548098  
1.143708949  
-2.835046829  
-0.8498652856  
-0.2228112871  
0.2958162819  
1.177426724  
0.317311886  
0.3427657113  
0.5170139389  
-0.1225794876  
-1.379062527  
-0.2675930938  
0.005400459315  
-0.3733928303  
-2.325396814  
-0.5712984959  
-0.7307565409  
1.163788822  
0.9642274961  
0.9548666883  
1.019146947  
0.6225026871  
-0.2120082399  
0.6173922461  
1.431471407  
1.062174631  
0.006315714192  
0.5214712568  
0.6595992043  
0.7000434036  
1.082091373  
0.991871695  
0.8079162021  
0.3074177539  
-2.596530455  
-1.157634835  
-1.297454315  
-1.214070738  
-1.003810058  
-0.8450888575  
-1.099541938  
-0.9620738008  
-0.6616647763  
0.5618887203  
0.9222503103  
0.7728334178  
1.273952509  
0.4772025862  
0.6113146837  
-0.13505754  
0.5796065397  
0.0775833244  
0.6635212186  
-3.308006728  
-0.2153927364  
-0.4568949339  
-0.7359881283  
-0.2041788843  
-0.01343082124  
-0.99336433  
-0.4269285717  
-0.3255253683  
0.2676191282  
0.2937703013  
-0.5545232758  
-1.10502918  
-0.7181516636  
0.01200948694  
-0.406340933  
0.2506288697  
0.2369312852  
-1.764117568  
-1.274421203  
-0.06854938165  
1.345584058  
1.2863937  
1.621959799  
0.6334725352  
0.3825678233  
0.7273670873  
0.7803391294  
0.9722222653  
0.1482396089  
-1.26484194  
-0.6945867109  
-0.1263015133  
0.4757215322  
1.452037136  
0.9844060197  
-1.698676058  
-0.6433365402  
0.1440922684  
0.7180691683  
1.434529988  
1.351116947  
1.388970936  
-0.132315771  
0.4581520123  
-0.03158171003  
1.538371996  
0.9760943745  
0.4605534482  
0.8510076332  
0.4501067366  
1.369455219  
1.526739268  
1.449120636  
0.1114245015  
0.4471669282  
-0.01936804224  
1.08884482  
1.502704505  
1.12376252  
0.4976311147  
0.200521699  
0.704919589  
1.424226407  
1.121188623  
-3.72281731  
-6.065591743  
-9.017183587  
-9.256711692  
-6.888485461  
-6.517647664  
-0.9450837461  
0.6365734994  
1.110520346  
1.837985969  
1.649092345  
1.611376097  
1.382756243  
1.22809018  
1.97718458  
2.437186251  
2.209987691  
1.971636203  
1.295740615  
1.200988361  
1.580258546  
1.476753741  
2.717093716  
1.572615635  
0.4583572124  
0.8265620613  
0.2919114868  
1.603449476  
2.077120573  
1.807879567  
-2.41561897  
-0.567471289  
-0.6510153802  
-0.02771556041  
-0.3908287718  
-0.3097155517  
-2.812302408  
-4.560950826  
-4.270491535  
-3.61019454  
-1.033888906  
-0.6474790565  
-0.9030553008  
-3.596732422  
-0.8906143664  
0.335178541  
1.102989087  
1.452081937  
0.7680171152  
0.5899395762  
0.4438578848  
0.6381087505  
0.7089701173  
0.9995810663  
0.6752646951  
-0.6548388965  
-0.35105809  
-0.3958926022  
0.2699538792  
1.535237905  
1.329119356  
0.6346458133  
0.2162415301  
0.3829595451  
0.242168639  
0.4895722224  
0.2780042481  
-0.1787430818  
0.5278749543  
0.002889450167  
1.224831425  
1.006633989  
0.4503810053  
0.9767812104  
0.009138550666  
0.3854395951  
0.9584750228  
0.02727155785  
0.01117150804  
-1.722709048  
-0.3535520552  
-0.3974621868  
-0.4637325191  
-0.5080923216  
0.001209029994  
-2.033158711  
-1.498162673  
-0.490029109  
0.5338161314  
1.391046128  
0.3247470246  
0.2593819957  
-0.08584803506  
-0.0359034542  
0.9248556231  
0.9783622138  
0.6505000142  
0.4667708248  
0.5294795365  
0.07304412574  
0.2675628197  
0.178536145  
-0.06755496704  
-0.8943039678  
-0.8773685691  
-0.9057894391  
-0.1416293151  
0.4999132151  
0.1223252212  
0.2019925844  
-0.09872193442  
-0.07777075185  
-0.0249308529  
0.3587895611  
0.04054884474  
0.1724360191  
0.09118343313  
-0.7350521627  
-0.5336077218  
-0.5045004155  
0.5765488368  
1.050537985  
0.2347545924  
0.6834829181  
0.4253312908  
0.6291775623  
0.1279355002  
0.3087668205  
-0.2979858166  
0.09391259509  
-0.3981830179  
0.08128190631  
0.01146041354  
-0.2562903035  
-0.03224928703  
-2.501503193  
-0.8780657162  
-0.7102977395  
-0.05396628903  
0.4110322398  
-0.06949380423  
-1.431703395  
-0.818106573  
-0.1473868819  
0.1046832331  
1.108311749  
1.290987848  
0.5611052126  
-0.02442825006  
0.6245591952  
0.4461047109  
0.7712111556  
1.128475444  
0.7435222157  
0.3425069087  
0.3376113131  
-0.3966145346  
-0.4554792681  
0.5524979756  
0.1883818579  
0.6304411288  
-0.1587013104  
-0.3713083521  
-0.2732984006  
0.08334486225  
0.3184051707  
-0.4917044357  
-0.2457896028  
0.05997524661  
-0.05924434092  
-0.01246221555  
-0.1114762864  
0.1909018982  
-0.2297876992  
-0.3637996247  
0.0896127784  
-0.3216603356  
-0.4937920046  
-0.4546627922  
0.2153451076  
0.06135855004  
0.003961297917  
0.2394964642  
0.0465076837  
-1.612233587  
-1.935557292  
-0.6595228587  
0.4386743953  
0.5950330668  
0.4870443838  
0.01251383292  
-0.735388073  
-0.03796882915  
0.8087460959  
1.337429851  
0.5866480581  
0.4366455585  
0.265649633  
0.3675725571  
0.9756872658  
1.418109559  
0.3666405326  
0.1448410649  
-0.2586531153  
0.1122590692  
-0.0798603941  
0.6448843621  
0.2128444756  
1.040383854  
-0.7323445902  
-1.148135442  
-1.183895763  
-1.099714983  
-1.097691479  
-0.5953739499  
-0.8718702407  
-0.3367622532  
-1.099669532  
-0.2770795842  
0.2793522084  
0.6344787254  
-0.08241994828  
-1.013223986  
-1.136420944  
-1.478468808  
-0.03441836826  
0.561815266  
0.598789539  
0.3525144635  
-2.58176511  
-0.73524814  
-0.3745972631  
0.840368196  
1.016266509  
1.368364008  
0.6119298809  
0.523178834  
-0.09918495251  
0.5179836833  
0.4079780408  
0.5332061971  
0.8423269585  
-0.2242826925  
0.3036374722  
-0.368184476  
0.7040188204  
0.1350401757  
-0.1588951185  
-0.868529317  
-0.4351806002  
-0.0372039083  
1.004708611  
0.9069845266  
0.6805545017  
-0.2843120069  
-0.400792967  
0.02018023081  
0.3611941754  
0.944960563  
0.7207512601  
0.1566134668  
0.2347970412  
-0.1184381794  
0.167137525  
0.8574254718  
0.7922363114  
-0.08219089551  
-0.9021976249  
0.183842705  
0.5911566176  
0.1932433239  
0.3421638689  
-0.2225753208  
-0.4990990329  
-0.6197270946  
-0.2017331684  
-0.209979689  
-1.042511173  
-0.6064977473  
-0.6456480712  
-0.5159223358  
-0.5720451763  
0.269661471  
0.3543581629  
0.2205386168  
-0.1110076633  
0.02688977808  
0.01942819857  
1.0407595  
0.9755887912  
1.033335877  
0.1317296114  
-1.67897045  
-0.5926728144  
-0.4064599437  
0.6409446312  
0.9045725805  
1.000396904  
-0.6485222311  
-1.758643008  
-0.7243013312  
0.9887941407  
1.110632668  
0.8337416546  
-0.3268534912  
-0.1380604569  
-0.4983302665  
0.8497547308  
1.078803235  
0.8953637702  
0.2622080768  
-0.5834606819  
-0.1190319535  
-0.5837928939  
-2.124820915  
-0.7174473085  
0.08245199596  
0.4365183137  
0.3056645838  
0.07603324839  
0.8311550471  
0.2311107694  
0.2304387478  
-0.4092055919  
0.05642424584  
0.2022147006  
-0.003895285408  
-0.4102851178  
-0.5499036567  
-1.768254395  
-1.57721194  
-0.6825312524  
0.3023438233  
0.5747938632  
0.2443076311  
0.2829846753  
-0.1841945745  
0.2872055244  
0.09201314873  
-0.2612802948  
0.1031134197  
-0.3415599714  
-0.02139660815  
0.113644511  
-0.2051904948  
1.116201698  
1.068731121  
0.04748226046  
0.2854002868  
-0.1456742833  
0.3372894632  
1.07182913  
0.7468210794  
-1.897877147  
-1.643643063  
-0.9343538438  
0.05548688284  
0.4417969208  
0.02782280746  
-0.1407610152  
-0.1423177695  
-0.3254792667  
0.3220095814  
0.270198391  
0.1905345112  
-0.2770424912  
-1.358281578  
-0.8478133599  
0.7517065358  
1.080782417  
1.406250457  
0.7597517798  
-0.1865129739  
0.28714699  
0.485834832  
0.8094638365  
0.3374633967  
-1.223957272  
-0.5039257882  
-0.3862053174  
1.432867114  
0.7673571063  
0.1647492287  
-1.0456731  
-0.9615070528  
-1.231264018  
-0.2566519261  
-0.3348164148  
0.2139049083  
-0.216690997  
-1.129029947  
-0.09030464062  
0.85933977  
0.5059674373  
0.924665018  
0.3054447865  
0.2665861429  
0.2709448437  
0.1756923684  
0.2902127284  
-0.04118950693  
-0.3128835659  
-0.2367169678  
-0.1155762011  
0.9976694736  
1.22960405  
1.304823363  
-0.1862077833  
-0.2240925341  
-0.2153634408  
-0.2425343075  
-0.02027653038  
-0.8383843764  
-1.59904111  
-2.285622799  
-1.668379557  
-0.05282039695  
0.6585780578  
0.7330136861  
0.2188711706  
-0.6171097495  
0.09032860293  
0.9733499561  
0.638626082  
0.8411422235  
0.2919271816  
-0.3590303559  
-0.1058897352  
0.04126582217  
0.3340580515  
-0.266837366  
-0.151882481  
-0.7380521537  
0.2341261756  
-0.4416830647  
0.1748643217  
0.243729461  
0.0540417296  
-0.374937194  
0.379366455  
0.6014161131  
0.9912764049  
0.8390424065  
0.4708284033  
-0.1764282208  
0.08685976479  
0.3226826722  
1.530001978  
1.040940577  
0.997224545  
0.4093931548  
-0.01676334457  
0.8977969714  
1.516843271  
0.5810367658  
0.3755222627  
0.08211083805  
0.5447093373  
1.189217221  
0.6247526533  
0.8772492813  
-1.775582736  
-0.9831173055  
-1.435285496  
-0.9363904907  
-0.7250348977  
0.05180339111  
0.2707457816  
-0.4189838537  
-0.1778930259  
0.1200985658  
1.343348703  
1.261870246  
1.186927551  
-2.902229792  
-0.6864228864  
-0.9322536681  
-0.7773616276  
-0.5665445336  
-0.4791895502  
-1.069202164  
-0.8934397444  
0.9343742677  
-1.105896736  
-1.714457964  
-1.182035824  
-2.080403818  
-1.167834151  
-2.791789116  
-2.549509984  
-1.58736918  
0.6939805661  
0.9261807702  
-0.7297295878  
0.7359469626  
0.9816525892  
0.7381117552  
1.051059191  
0.7760117022  
0.6063001983  
-0.5393371063  
-0.6433003625  
0.006358376247  
0.7187102711  
1.460632638  
1.30291946  
0.663902788  
-0.8106859006  
-0.3343148291  
0.269941283  
0.5568471734  
-0.077282483  
-0.3579353437  
0.02377033001  
-0.09107934308  
1.00980514  
1.826729183  
1.255151127  
-0.5403210189  
-1.832081378  
-0.6906109337  
-0.6310438307  
0.04987161047  
0.01328399408  
0.2806320279  
0.2630254711  
0.5300440711  
0.2313198406  
1.215908036  
0.984536325  
-0.05584037675  
0.8220949844  
0.4209990773  
0.6360087572  
1.712305928  
1.292687198  
0.7057053057  
0.1713399868  
-0.3882271496  
-0.04138641378  
0.805039637  
0.7569588614  
1.224632051  
-0.352490831  
-1.29918464  
-1.833513714  
-1.078780914  
-0.3867106279  
-0.9418440748  
-0.5011526799  
-0.940449492  
-0.8867555057  
-0.02505899711  
1.067966667  
0.238113283  
0.6565869024  
-0.1536736697  
-0.6226497219  
0.4628180215  
0.3292734386  
0.03107770733  
-0.5296545772  
0.1431183301  
-0.2459749826  
-0.4144451225  
-0.08256762698  
0.3921204924  
-0.3054017408  
-0.3493903474  
-0.1111545382  
0.2377586291  
-0.08471836623  
0.1188759216  
0.05973934835  
-1.332794486  
-0.4335308849  
-0.2286417026  
1.069275321  
0.9168288174  
0.6496636343  
-1.041132008  
0.04287946947  
-0.4878662562  
0.7678926635  
0.4274060156  
0.3281910925  
-0.6483793688  
-1.369832999  
-0.2155080909  
-0.9123708161  
-0.6398643387  
-0.08855489089  
-1.321655706  
-0.7437882419  
0.362538053  
0.4779339515  
0.6728470529  
0.4820881388  
-0.1252592719  
-0.166110893  
-0.310724287  
0.9901389693  
1.096400249  
1.007781271  
0.602588617  
-0.1712492838  
0.728561257  
0.5859665813  
0.8440491794  
0.6020602762  
0.3854434363  
0.05002665317  
0.1860709972  
0.5061390785  
-0.5675283777  
-0.392512821  
0.1175183108  
-0.0817351924  
0.3816491549  
-0.138064363  
0.04512919214  
-0.1880340677  
-0.0102512949  
0.5218406274  
-0.1613490776  
0.1970708739  
-0.1936834261  
0.2783558693  
-0.05758080885  
-0.797562454  
-1.144092856  
-1.476710839  
-0.9506328727  
-1.169320741  
-0.5787322517  
-0.6848538929  
-0.2383534988  
-0.9238275348  
0.6124183688  
0.617906614  
1.010270299  
0.2155596148  
-1.102144218  
-1.157412446  
-0.3359652866  
1.127422135  
0.6698406891  
0.7256929816  
0.3937133032  
0.2237902636  
-0.2613668584  
0.9766754401  
1.518784356  
0.5776412087  
0.1353899764  
-0.1815633529  
0.3394137844  
0.6369458116  
1.159276204  
0.890106072  
0.2282499568  
-0.3760104359  
-1.645226708  
-1.912873663  
-1.96293532  
-2.182980595  
-2.442658963  
-2.142068382  
0.06555605749  
1.194407533  
1.320052665  
1.79869746  
-2.597209222  
-1.014287966  
-0.06717022562  
0.06056020792  
1.008061235  
0.2756302315  
0.7286236716  
0.04890962292  
0.4717493787  
0.3364766717  
0.6979821146  
1.301406098  
1.209135098  
0.7895879006  
-0.09492289877  
-0.2487292082  
-0.2710927245  
-0.2018391726  
-0.1503124379  
-0.3557621981  
-0.1291810085  
-0.3048970806  
-0.1118988415  
-0.3321300805  
-0.2944164155  
-0.1122240734  
