0.8450447114  
0.3304806267  
-0.9895263498  
0.3934242915  
0.05747049299  
-0.01643817214  
1.859978429  
1.569711769  
0.9368866602  
1.209908474  
0.5953623581  
1.13995305  
1.417335545  
2.595496398  
1.899712476  
0.05179311566  
0.6428761964  
0.6747023339  
0.2415805888  
-3.454731958  
-2.019137347  
-5.370669286  
-2.475306764  
-3.968056091  
-2.278275558  
-1.602883751  
-1.103961917  
-2.31696239  
-2.695573992  
-1.330359803  
-1.435281172  
-0.8121599454  
0.05979146867  
-1.168740812  
-0.1770571993  
0.2580800045  
-0.9810929801  
-1.554709613  
1.111536692  
0.04660892053  
0.1142674543  
0.1702658112  
1.100630991  
1.386008059  
1.620915093  
-0.6781357285  
0.7933205228  
0.6232967391  
0.3825218779  
1.560520163  
1.010197042  
2.163915387  
0.5227366109  
0.8972114141  
0.04981387426  
1.411734464  
1.845560979  
1.649987688  
1.069762503  
0.986114423  
1.384199702  
1.792268566  
1.378028865  
2.051575192  
-0.7567493884  
1.604211207  
1.065850808  
1.94994447  
3.30232926  
2.698225381  
1.429117914  
-3.098797023  
-3.390145807  
-3.560807679  
-2.539672618  
-2.198027468  
-3.448584239  
-2.049547391  
-1.818109029  
-0.02741204141  
0.5570335576  
0.5080785764  
-1.846233079  
0.3848948622  
-0.0002743271781  
0.9341494758  
1.507209087  
0.03390445634  
0.09478509618  
0.06762363934  
0.30074522  
0.3370216793  
0.6719262175  
-1.291075646  
-0.1896430825  
-1.009561792  
-0.2455156251  
1.338789844  
1.390063769  
-0.5829740559  
0.4493267315  
0.3596836205  
0.4557431286  
0.9687566671  
0.9075323918  
-1.466780678  
-1.180258021  
-2.375198627  
-1.469499608  
-0.8869883157  
-0.2083480187  
-1.822732765  
-2.416389566  
-0.3217159511  
-2.984536537  
-1.347390143  
-0.2014666113  
-0.20741078  
-2.644356185  
0.3108548672  
-0.877298972  
-0.5063222437  
0.04261916357  
0.440462938  
-1.95693442  
-0.3917331722  
-0.6168657413  
-0.395273882  
0.1990705426  
1.16761101  
-2.518322067  
-0.2330320704  
-0.4680524266  
-1.423661253  
1.110205118  
2.416378878  
-0.4473455076  
1.926217862  
0.5897698374  
1.842236199  
2.442737478  
2.791401528  
-0.5693635136  
0.7050003741  
-0.6876022553  
0.4457464998  
0.5575166652  
1.297249471  
-3.883431393  
-1.70256577  
-0.7629390495  
0.4365183023  
1.230093472  
1.139368281  
-0.007285870305  
-0.3038476514  
0.4862820335  
0.1235733425  
1.398025677  
1.495960301  
-1.43440814  
0.5730767592  
0.3285672607  
1.136355374  
1.60937271  
1.686355339  
2.297417954  
-1.629340875  
0.8571948171  
-0.149957045  
-0.07176870937  
0.2123493732  
0.6787479684  
-0.3494361706  
-0.1770460351  
-0.05011897858  
-0.134105199  
0.9715265695  
1.339718925  
-1.410098739  
-0.05702811698  
-1.176048907  
-0.7926820021  
0.3563687176  
-0.01016654891  
-1.02050862  
-0.1679798415  
-0.2764262377  
0.7752394374  
1.733043276  
-0.02628410509  
-1.51778826  
-0.7390906338  
0.1468031168  
0.3047233734  
0.9829324418  
1.198006908  
-0.6510804283  
0.02909605115  
-0.4465444996  
-0.05464494316  
1.015596051  
1.320103547  
1.310960956  
0.425139723  
0.8908782311  
-0.1999664822  
0.1585133766  
0.3723443228  
0.6640608417  
-0.649537015  
0.1276982474  
0.3529482521  
0.3025648619  
1.486709382  
1.915425258  
-3.298993291  
-5.141860285  
-3.942419965  
-3.210332402  
-1.160734273  
1.569085913  
-2.595878943  
0.1596402721  
-0.3665381811  
1.011301127  
1.391549086  
1.519405438  
-1.826296531  
0.9760195777  
-0.126694936  
0.7662559459  
0.8166872494  
-0.6051162343  
-0.1930748778  
0.3548285406  
-0.03818257688  
1.410432309  
1.667545801  
0.696545243  
1.05861825  
-0.01306030269  
0.3156276332  
0.9611672349  
1.690979093  
0.1728282283  
0.1870942335  
-0.4224080906  
0.5823194454  
-0.1370460127  
0.3385560611  
0.06559581298  
-1.016300632  
-1.62596887  
-0.3699029893  
-0.147896892  
0.1311205256  
0.32012489  
-1.10678218  
0.3153923339  
-0.214924985  
-0.2057003459  
0.8880065615  
0.3574793877  
0.06441994014  
0.01739256474  
-0.09848178371  
0.979161582  
1.805290026  
-0.1936206299  
0.7469282517  
-0.1668073249  
0.6108437804  
-2.167150977  
0.6454402555  
0.01730386021  
-0.2419159313  
-0.7428987771  
0.07016870692  
0.61858607  
0.6208910918  
-1.217952367  
0.6603727427  
0.7447885343  
-0.3082204342  
0.8169805517  
0.9430299109  
1.109137927  
-1.54291293  
-0.630966044  
-0.4539870718  
0.5610526599  
0.7291426483  
-2.461399459  
-0.4446755675  
-0.02122736374  
0.5206074776  
0.47381127  
-0.1958028643  
0.6420147723  
0.372879915  
0.1864019472  
0.1807837299  
0.5923030575  
0.1198810162  
-2.013813983  
-0.6613305065  
-0.4672739137  
0.03678524504  
-0.1719123151  
-0.0001624116733  
-0.8884349896  
-3.850065677  
-0.4213478982  
0.4865876233  
-1.273625763  
0.2799406761  
-2.354883194  
0.3218010306  
0.2744765948  
1.202076812  
1.226563167  
1.363873565  
0.2761617635  
0.5203893511  
-0.1477073034  
0.2335364871  
0.7994893401  
0.286414069  
0.686604466  
0.3566748984  
-1.086798274  
-0.217985544  
-3.594460837  
-1.281382671  
0.4319681295  
-0.4231442028  
0.5304267027  
0.9229593235  
1.235035546  
0.08132583309  
0.5882035793  
0.5501024702  
-0.1293191732  
1.027815793  
0.6723478817  
0.8538591111  
-2.224800019  
0.03136277782  
-0.03678069563  
0.9938659812  
1.89786472  
0.7769868614  
-0.7857460295  
0.4751433988  
-0.03075270465  
0.890275954  
0.3724205901  
1.045191689  
-0.5777014705  
-0.2189517061  
-0.6975348491  
0.04172690185  
0.9295667126  
0.7453122933  
0.6458331741  
0.1082567535  
0.1415931015  
0.04929476328  
-2.076169901  
1.122802415  
0.2231404234  
-0.5304490735  
-0.196378518  
-0.2540442581  
0.1664136757  
0.3412031672  
-0.2816555113  
-1.244992803  
-0.07129760751  
-0.816494623  
0.3044682272  
0.9809571792  
0.1143878077  
-0.416387281  
-0.3741175844  
-4.101584872  
-0.9242865722  
0.08310581111  
-0.7627189466  
0.1227925307  
-0.4183092148  
0.1469458651  
0.3397569044  
0.05507124329  
-0.325348891  
0.5319320836  
0.3010930368  
0.9729667046  
1.010828624  
1.292502552  
1.087229723  
-0.3053522179  
0.1822263068  
0.2485159205  
-0.02803373583  
1.372663643  
0.360716674  
-0.250053294  
0.5586876798  
-0.3037064856  
0.8651449817  
0.6896963083  
1.345525169  
-0.3393720233  
-0.3546127868  
-0.4286842668  
0.2613507006  
0.5266060176  
1.202531846  
0.7286463346  
-0.03893507647  
-0.09037789343  
0.2530856968  
-1.572468347  
0.8372195146  
0.9762549784  
-0.08627002185  
0.2768080301  
-0.5407067221  
0.1762035471  
0.1219804373  
0.215945141  
-1.468143823  
0.1225520584  
-0.5865358575  
0.2707716864  
-3.507595578  
-0.613807223  
-1.454548067  
-1.495728783  
-2.655969536  
-0.1236210726  
0.4529850115  
0.1764626226  
-1.449638472  
-0.5861711532  
-0.04236955658  
0.3418224949  
0.6322246478  
0.7610100652  
0.6085081719  
0.09422498941  
0.148555823  
0.8915764228  
1.477291996  
1.62259602  
-1.828815437  
0.2918776945  
-0.05757172341  
1.079333426  
1.124574225  
1.384639149  
0.5394757289  
0.2713088104  
0.3388851887  
-1.63415709  
0.4707816004  
-0.9105897144  
-0.2049118882  
-0.8143374956  
-0.1687540647  
0.7468499256  
0.4154044561  
0.4579372429  
-0.3979293808  
-0.2628237754  
-0.9382226556  
-0.08145360501  
0.7961771823  
0.1755536311  
-0.3901223146  
0.03946308576  
0.1159580415  
0.5483302426  
0.3069879831  
-0.8967477274  
-0.2341920265  
-0.5395268916  
-0.7113106551  
-0.3883364476  
-0.1620052438  
-0.06113283043  
-0.3665054693  
-0.04188215756  
0.2987446975  
-0.3947944612  
-1.148927808  
1.377429895  
-0.290625039  
-0.2335776763  
-0.8361186373  
-0.3584192624  
0.1684820656  
0.02823542166  
-2.658460984  
-1.543781408  
-0.673413634  
0.008441817787  
0.5904575797  
1.711023118  
1.465538249  
0.2732602045  
1.160366183  
0.9655600883  
0.8372849165  
1.347824122  
-1.252912637  
-1.945137369  
0.2244275834  
-0.1957315723  
0.2092232121  
0.05454315001  
0.4255244692  
-0.550658267  
-0.5036361102  
0.00331265306  
0.1470792986  
1.415553595  
0.9366497607  
0.9701034795  
-0.2842700202  
0.4362533503  
0.2301279829  
0.2973198561  
1.532556887  
0.1535958182  
0.7691454597  
-0.03345551233  
0.7115257808  
-0.3464207426  
1.214540852  
0.3794765797  
0.2182172372  
0.2938107438  
0.5387736676  
0.5923064449  
-0.7122708765  
-0.03866684881  
-1.413139766  
-0.003110161736  
-2.95905895  
-1.813001624  
0.07637838589  
0.090712699  
-0.6400708025  
0.2608683098  
-1.133053375  
-0.9892196974  
0.02703194984  
0.04200258253  
-1.079415332  
0.5950327295  
0.5546611085  
0.5090820803  
0.4123567188  
0.4469974683  
-0.4917085599  
0.4012902963  
-2.706939858  
-0.339957324  
0.4235334181  
0.3262296852  
-0.5867831205  
0.2696735633  
0.9327046848  
-0.4479168713  
-0.1977227526  
0.5601136438  
-0.4526763369  
0.3983877178  
-0.8478626704  
0.05669532061  
0.9281355956  
0.4862531378  
1.077314901  
0.4393008185  
0.751816889  
0.4675223406  
0.7842207078  
0.919172895  
0.08523128021  
-0.3273309315  
-0.01725681451  
-0.1122268071  
0.4728819627  
1.054751455  
0.08301126194  
-2.952016358  
-0.1248211359  
-0.1248777483  
0.1187737604  
0.7906223273  
-0.8991695301  
0.1321623289  
0.3587243075  
0.2862283947  
0.03957525388  
0.4888748993  
-0.5124929679  
-0.4280454137  
-1.656440224  
-0.6431176643  
-0.2215972058  
0.0517232057  
-1.08037912  
0.5867177232  
-0.241987059  
-0.2077504522  
-0.2167497582  
0.7871735261  
0.0117581506  
0.2080462583  
0.4624957152  
0.6675056074  
0.2078956357  
0.8174242327  
-0.3411440883  
-0.3051186419  
-0.5265914425  
0.2879877789  
1.09922977  
1.851225628  
0.6476186194  
0.760142144  
0.358978697  
1.362323911  
0.3834035583  
0.2132267675  
0.1186544314  
0.1118385656  
-0.4010537916  
-3.554370821  
-3.054002986  
-1.122287587  
-1.154317269  
0.1231435288  
-0.2941135984  
0.973854008  
0.8587063679  
1.144813004  
0.7598344688  
0.7306780158  
-0.4912514568  
0.7422399182  
0.686959237  
0.6776102122  
0.2168851194  
0.5034656758  
0.4465003624  
0.35862132  
0.1184599151  
0.472407496  
-1.873714627  
0.06859394843  
-0.3697335099  
0.4721476057  
0.274515765  
0.6558694198  
-0.1039555756  
0.8959799834  
-0.6111060913  
-3.226118558  
-0.4114637663  
-0.1455369226  
-0.8420519277  
-0.1949128303  
-1.083977633  
-0.08311208319  
0.3937201289  
1.546977422  
0.6356551653  
0.4686103645  
-0.1290788425  
-0.1267726031  
0.05236327217  
-0.1989388385  
-3.386750161  
-0.01899028978  
0.07713134331  
0.08729756119  
-0.04644410651  
-1.990984656  
-0.4764037721  
-0.1561840395  
0.3778448266  
1.031069274  
1.362405232  
1.060910968  
0.4107028059  
-0.04469242662  
-0.09588519907  
-2.350928169  
0.40714433  
-0.3054545511  
-0.7420023306  
0.009962149715  
-0.006321417066  
0.6290685037  
0.1584172806  
1.432022237  
0.2027112942  
-0.4746956499  
-0.9043198343  
-0.06063686034  
-1.520187474  
0.768666257  
0.1099043695  
-0.08056997545  
-0.2999472752  
1.133703049  
1.473657705  
-0.7315028611  
0.3230361931  
-0.3439994311  
0.1954272806  
0.2398203084  
0.9887852979  
0.1207211408  
0.03470617489  
0.1311751553  
0.4787753909  
0.9087175753  
0.7139846658  
-1.619538201  
0.1280816002  
-0.4342998978  
0.5651568455  
0.6821225717  
1.088623956  
0.6254149028  
0.3116117385  
-0.2614614859  
0.5593622525  
0.5485834511  
0.9011499299  
0.9174273766  
0.9378867741  
0.1902549062  
0.1059946939  
-1.925087557  
-0.4665351898  
-0.03906100138  
-0.8606461294  
-0.2206280108  
-0.4971998424  
0.5238800819  
0.4671029506  
0.4658013879  
-0.2267272105  
-0.5727017119  
-0.951374602  
-0.263336811  
0.4688680596  
0.7090329097  
0.5569039486  
0.3454790548  
-0.3915578337  
0.202752174  
0.9635838344  
-1.19811086  
-0.1748499186  
-0.8569078256  
-0.6418689356  
0.3918635982  
0.6620774959  
0.4605393093  
-0.3964957887  
-0.13950965  
-0.05966564115  
-0.5404075709  
-0.3856301783  
-0.1365246397  
-1.664228745  
0.04101435833  
-0.1226993636  
0.8220484726  
1.0790368  
0.9871001517  
0.1389748885  
-0.5911051803  
-0.3582021229  
0.0360646376  
0.9744038084  
1.165951677  
0.4481084253  
-0.2373524961  
-0.4212097214  
1.025188242  
0.6989505546  
0.8188592363  
-0.9258341793  
0.04194883343  
-0.1965791969  
-4.31267663  
-1.414569167  
-0.3265340703  
-1.560554018  
-0.4512357823  
-0.3052344012  
-0.341962153  
0.920603361  
0.8279975223  
0.8723809928  
0.2427311154  
0.4338318972  
-0.4980835758  
-0.1865549875  
0.09206998156  
-0.01693919316  
-0.7576070236  
-0.3372587224  
-0.03523674281  
-0.131101984  
-0.2725091953  
-0.0008102272914  
-0.2539592575  
-0.351895083  
-0.1491494367  
0.1245163377  
0.7918089451  
1.068502889  
1.056350213  
0.3786919348  
0.5577289839  
0.4336786385  
0.3223365079  
-1.422581623  
-1.899951368  
-1.558445024  
0.04296869442  
-0.1295491198  
1.006865794  
-0.9012830364  
0.1013477727  
0.3548308464  
0.2009052672  
0.1683954257  
0.5468039304  
1.017365949  
1.221680842  
-1.386130023  
0.4112914661  
0.354867826  
0.2050133932  
-0.3142600484  
0.1260562033  
-0.4844560072  
-0.2803254573  
-0.5705894436  
0.35707113  
0.5828922297  
0.8316095792  
0.7460073603  
-0.2810819558  
0.115376729  
0.1254455737  
0.6867516041  
0.5552786419  
0.5076608156  
-0.05895587313  
0.3588973924  
-1.490811406  
0.2201533529  
0.4671614404  
0.04609502711  
-0.09366446035  
-0.2505369524  
-1.055418601  
0.3223126683  
-0.6216249159  
0.4819901477  
-0.2510978615  
0.3020883978  
-0.1030102589  
0.146435567  
0.766528594  
1.14959045  
1.129532294  
0.8510305041  
-0.8672464605  
0.1271127804  
-0.1059195511  
0.05382937555  
0.1127578267  
-0.5245376767  
-1.260197539  
0.0440503599  
-0.9688334847  
-0.8006942041  
-0.5955437639  
-0.1775889896  
0.316342554  
-0.2230431524  
0.3981771242  
-0.008640619949  
-2.054571712  
-0.168069195  
0.03167323306  
-0.06627787808  
0.7956504437  
1.110457577  
1.059269195  
0.1457791119  
0.02463625595  
0.2130595533  
-0.2454815055  
-0.1412723559  
-0.1119563899  
-0.07899364607  
-0.05902008299  
-0.234238305  
0.4528080035  
1.543512018  
1.355844442  
-0.9606702893  
0.8597259562  
0.485575281  
0.4961499811  
0.4724731733  
0.3852086791  
-0.2998933238  
0.5260433632  
-2.64686094  
-0.5783212506  
-0.3761996979  
-0.6990462033  
-0.03515081172  
-1.141982665  
-0.6319238703  
-1.366475367  
-0.2313943971  
0.5841830064  
-0.2176568947  
0.2043457074  
0.3509821764  
0.5851945867  
0.4943786411  
0.0382538957  
-0.4836517404  
0.2586877351  
-0.4772962643  
0.7792930276  
1.467959354  
1.154534678  
-1.430410087  
0.04585497967  
-0.5151356985  
0.8192690415  
1.310593691  
0.693515582  
0.1970433501  
0.2933105741  
0.1995236491  
-0.4482024209  
0.1241511468  
0.2018367106  
-2.522699028  
-0.1845065035  
0.0880967536  
-0.3817761433  
0.1399084367  
-0.4502131628  
0.06244714011  
-0.700632751  
-0.1533081905  
-0.1719409826  
0.8587039463  
-0.9465579141  
-0.2082399689  
-0.2063818154  
0.3595358908  
0.1372885521  
-0.2381003573  
-0.1668423103  
0.27374823  
-1.151851843  
-1.803842916  
-0.9011040652  
-0.1583585821  
0.1044718598  
0.1397513714  
0.3525142682  
-0.6719371893  
0.3264413074  
0.01854853451  
1.332952896  
0.9060029889  
0.1084232346  
0.01729622009  
-0.06975509026  
0.2750106035  
-0.7137450612  
0.2998288916  
-0.2679211837  
0.08024132958  
0.2060262818  
0.3426543407  
0.258891708  
-0.1024314204  
-1.887861677  
-0.2626697183  
-0.08293432677  
0.9111614643  
1.082918931  
0.2556457257  
-0.5336364128  
0.002748679022  
-0.008202098905  
0.8833977942  
1.017389273  
0.7988680412  
-0.5790092228  
-0.01206703821  
-0.8842821938  
0.729054705  
1.115892109  
1.125107093  
0.5810568928  
-0.408192136  
-0.2090308211  
0.2445077697  
-0.5465220527  
-0.1867930118  
-0.2319773856  
-0.04940987701  
0.2584778249  
-0.245882085  
-0.3757277835  
-0.2778690669  
-1.083069134  
-0.3446979876  
-0.7375303827  
0.5628098368  
0.6566198907  
0.6985755903  
-0.07736036219  
-0.1172613662  
0.4358628834  
0.8674272056  
0.9754739279  
0.5514389836  
0.3628469794  
0.7951976359  
0.4001556041  
0.5484944767  
0.03224413177  
-0.1528456021  
-1.286792249  
-1.084729505  
-0.9685102965  
-0.1940426461  
0.6588206752  
-1.08335853  
-0.2915013219  
-0.1472352679  
-0.2789476871  
1.542895013  
0.7230728875  
-0.1418084405  
-0.5018905955  
-0.06872954369  
-0.08432510796  
-0.1461320776  
-0.1972238752  
-0.4521465748  
-0.06498736656  
-0.425995466  
-0.3286985955  
0.1117988986  
-1.355008087  
-0.2829735567  
0.09798742155  
-0.372343051  
-0.3068329469  
0.3429694042  
0.8003020104  
1.12083607  
0.1278622812  
0.5186599749  
0.1770827228  
1.006343365  
1.015211144  
0.8819817092  
0.454431061  
-1.189668872  
0.06303716748  
-0.44030661  
-0.6547176962  
-0.5329218486  
-0.1478267252  
-0.4706195954  
-0.671719576  
-0.2494689378  
-0.5663971321  
-0.02205093331  
0.04923972373  
0.1199642441  
0.1404171833  
0.03746855113  
0.02587849747  
-0.3063260972  
0.168254226  
0.2117770628  
-0.3488583455  
0.02481937754  
-0.002497581239  
0.05920666597  
0.276962688  
-0.09534688834  
-0.04568315926  
-0.2387682849  
-0.1199337548  
-0.09257495566  
0.3830358061  
-0.06270544377  
0.2338974259  
0.2097095604  
0.2275234812  
0.4116944388  
-0.3447483266  
-0.09358807932  
