-0.2566266488  
0.03273381655  
-0.08461683239  
-2.721391992  
-1.107486702  
-0.4414560277  
0.3174072896  
1.521948272  
1.445026835  
1.514230245  
0.5296636773  
1.084989905  
0.8391033356  
1.36764905  
1.3120287  
-0.6687337956  
-2.298791729  
-0.1348160344  
0.1255400282  
0.7178564253  
1.49009703  
0.1229020397  
-1.910591475  
-0.2296102622  
-0.8789390618  
-0.9396546082  
-0.2849050609  
-0.7507214862  
-1.832884272  
-1.476217001  
-0.7160712569  
0.2110422079  
0.6617472039  
0.3726295778  
-3.034765816  
-1.038154036  
-0.03903306291  
0.3660613196  
1.483121539  
1.283276812  
0.5566985503  
0.1916643376  
0.369495879  
1.282958427  
0.9334965442  
0.2367181106  
0.4728569549  
-0.03245496114  
0.04038862927  
0.02883858127  
-0.08746257792  
-0.5448377024  
-0.2699777529  
0.5489214031  
0.5906718377  
0.1781028788  
0.38620753  
0.9379248156  
-3.646097283  
-1.195086566  
-0.2473113818  
0.204103488  
0.6126975802  
0.6299147763  
0.1724008131  
-0.1351452172  
0.2261867249  
0.3995732862  
0.07589472662  
1.030057848  
0.2891995823  
-2.788061863  
-1.270418333  
-0.1543367268  
0.689337449  
0.5699523605  
0.7525896964  
-2.012225413  
-0.9798724199  
0.3988330566  
0.5247178733  
0.6957108125  
1.00654199  
0.1526988543  
0.2061405281  
0.6238886781  
0.2237431442  
0.4635727733  
0.5562916958  
0.22644624  
0.05062474902  
0.2087735196  
0.1985126451  
0.320830802  
0.08978448385  
0.001482262419  
0.1205999268  
0.2614766868  
0.5344572096  
2.049065338  
1.493989681  
-2.271736973  
-1.482696493  
-1.258455801  
-1.025791058  
-0.4223809943  
-1.625400351  
-1.580786254  
-2.606530581  
-1.027774851  
0.01026424732  
0.8857024827  
0.6118717283  
0.6736278686  
-0.4740432372  
0.4671539072  
-0.1458155712  
-0.6760684505  
-0.2559977491  
-0.2979969688  
-0.08950302321  
-0.3499715103  
0.1199786877  
0.4040725315  
0.1430514931  
0.411879854  
0.1735048864  
0.1590693543  
0.7729164056  
-0.03268496259  
1.033361867  
0.6598840418  
0.6875985602  
0.4189870003  
0.05908675727  
0.7693761387  
1.319911236  
0.9239327184  
0.8396619718  
1.306462056  
-0.2492561943  
0.1078558697  
-0.251580349  
0.1459194741  
0.1385048939  
-0.9668933441  
-0.2243237407  
-0.1672456717  
0.6372411789  
1.234262326  
0.9356987754  
0.209823528  
0.2841018208  
0.2261098428  
0.79386354  
0.9780810982  
0.8996394191  
-1.844787855  
-1.756045271  
-1.633643722  
-1.728176975  
-1.136041654  
-1.352606711  
-0.9759547111  
-1.531324747  
-0.7403135796  
0.7925227353  
1.063407305  
1.307571569  
0.9093464266  
0.8470933135  
-0.7211138441  
0.2910208861  
0.4521993477  
0.5591126897  
0.5552458688  
0.8551407001  
1.014904301  
0.7599227428  
0.9666969905  
1.103103107  
0.875602767  
-4.884569483  
-1.32633195  
0.2665002653  
0.6948494888  
0.8161641712  
1.366237333  
0.6561578732  
0.6853255999  
0.631850478  
1.180204571  
0.8284970795  
0.8511055087  
0.5000354853  
0.5730672371  
0.9887088806  
0.7675812931  
1.509931636  
1.370998165  
-3.783746869  
-1.822080375  
-0.6643057582  
-1.140276444  
-0.7637333549  
-0.5715659495  
-0.1702096412  
-5.361059776  
-0.7079189972  
-1.132686778  
-0.1174903359  
-0.4371474023  
-0.7950163925  
-0.7130633468  
-0.615493382  
-0.7961562291  
-0.04595849374  
-0.3305376977  
-4.145661743  
-2.276956275  
-0.6488685753  
0.8152446219  
0.9039683948  
1.642725601  
1.235979237  
-3.953942195  
-0.8548717669  
0.07759482276  
0.2128101729  
-0.4287445787  
-0.3628786  
-1.24044809  
-0.1873646133  
-0.3950482016  
0.9488746167  
1.163886189  
1.390322501  
0.8835776651  
1.257165491  
0.6215825451  
0.6233121807  
1.370205381  
1.258116839  
0.3821965392  
-0.006948042955  
0.1944151479  
-0.05093516167  
0.8028600768  
1.031906263  
0.5452539945  
0.5285890802  
0.7436254667  
0.628475383  
0.4927988772  
0.4531070562  
0.00407818906  
0.6721710245  
0.2462663126  
-0.1132441127  
0.7166462561  
0.7899214666  
-0.7093944996  
-0.1937173842  
0.5888495151  
0.5730938848  
0.1053075149  
0.2984221672  
0.07396561614  
0.8109896958  
0.03437630173  
0.01477293798  
0.2949256779  
0.03894165861  
-4.433110064  
-2.57649481  
-1.264700245  
-0.4056971758  
0.9322434387  
0.7532144556  
-1.423904301  
-0.990556086  
-0.2735274775  
0.001690112079  
0.913097668  
1.225970847  
1.603316685  
-1.887435535  
-0.7503256557  
-0.2847001533  
0.984858489  
0.745049828  
0.7707427937  
-0.08789224051  
0.03664171875  
0.2289787572  
0.3926968827  
0.5832026158  
0.7782510107  
0.2712718366  
0.3244754712  
0.1932226008  
0.4926326739  
0.9112163225  
1.078208771  
0.9173737845  
0.03813002667  
0.008682471039  
0.5175220196  
1.391949418  
1.575612692  
0.8561721568  
-2.868228251  
-1.500354926  
0.1499162695  
0.7316925186  
1.324443409  
0.8313681967  
0.9118606131  
0.1603398422  
0.0256291971  
0.08424888224  
0.5593526669  
0.2741071412  
-4.550377896  
-1.770199981  
-0.5018487694  
-2.016961713  
-2.549575319  
-0.1677755391  
-0.01358687589  
-0.4696635984  
-0.5170167814  
0.7608095944  
1.189808215  
1.262759416  
1.353892737  
-2.390238742  
-0.8445037628  
-1.023257874  
-0.8515707734  
-0.2651110043  
-0.3675247674  
-1.105695892  
-1.326624817  
-0.1753367109  
0.2961462919  
1.241021984  
0.5530016113  
-3.214182554  
-0.7947120057  
-0.6309861954  
1.063022217  
1.013931907  
1.515795997  
1.321369461  
0.7122214749  
0.05292434449  
0.1510569686  
0.4442132785  
0.5765907163  
0.6306890659  
0.5777839379  
0.3836918887  
1.003411584  
1.547191818  
0.7879917317  
1.006998005  
0.4530049986  
0.4585436235  
0.5145371367  
0.03672023436  
-0.002279942192  
-2.523936848  
-0.974249483  
-0.5557083308  
-0.7571603596  
-0.1265192114  
-0.5922522113  
-0.9926846268  
-0.3101190548  
-0.463332333  
-0.4381017039  
-0.7482711927  
-1.107322211  
-1.062072467  
-0.3787570091  
-0.1954339487  
-0.3230266276  
-0.07708438355  
-0.3605716935  
0.1412027538  
-0.2543523751  
0.09032774675  
0.1281775641  
-0.05401362188  
1.735186  
1.423873004  
1.359682188  
-0.3306382074  
-0.7105585403  
-0.2200547731  
0.7568243925  
0.6886614069  
1.005144735  
0.3373262061  
0.5331603979  
0.6996775228  
0.5112855869  
0.2868473621  
0.7054464119  
0.2929373973  
0.8399126988  
0.4578545361  
0.1083272047  
1.18521572  
1.186872784  
0.8661724912  
0.4699584708  
0.4084429719  
1.046729014  
1.38560297  
1.519774751  
0.1129950979  
-1.27591675  
-1.404060987  
-1.048650213  
-1.152091292  
-1.303974809  
-0.4188154771  
-0.04764230404  
0.1653422454  
0.1285320996  
-0.07347697884  
-0.7193548709  
-1.064977975  
-0.5243620367  
-0.5084470225  
-0.8173307669  
-0.7409848065  
-1.344905434  
-2.000141784  
-1.085673962  
-1.204967932  
-0.7608271266  
-0.6164262001  
-0.09301401532  
-1.711668279  
-0.0662580564  
-1.084614839  
-0.3268896778  
-0.6834304264  
0.1838663257  
-0.04662632818  
-0.2948384191  
-0.3600627369  
0.5951755335  
1.118911727  
1.197966926  
1.228354196  
-3.13302886  
-0.7307604055  
-0.3472652646  
1.1210042  
1.642060014  
1.399775265  
1.032382348  
0.5595223599  
0.49714467  
0.472696796  
-0.4723778916  
-0.0643585735  
0.3525211728  
0.6054702377  
0.5374281879  
0.1108419793  
0.05932072089  
0.19532987  
1.344242002  
0.7781106424  
0.006752212598  
-0.1609746735  
-0.0003204534618  
0.2619531835  
0.6106723571  
1.524005817  
1.019369609  
-2.56975045  
-0.217471787  
-0.1816157778  
0.5392346844  
1.611188672  
1.121686433  
0.7455074264  
0.02253688095  
-0.0229133155  
0.5904320191  
0.4350655006  
-0.06125182308  
-0.001656610313  
-2.917994003  
-0.6473002215  
-0.3131701131  
0.7295790608  
0.9142180258  
0.5923031801  
-1.749305114  
-0.6875426121  
-0.2457671346  
0.2035631495  
0.1805519231  
0.1585727005  
-0.5971077145  
-0.5241577991  
-0.3820184553  
-0.02744854933  
-0.01998719338  
0.003120520025  
-0.5708001647  
-0.122381937  
-0.9406832072  
0.2602765402  
-0.3726692478  
-0.6050455107  
-0.4126172641  
-0.5093802663  
-1.132099061  
-0.6456113028  
0.5764375536  
0.7325845959  
0.3098887141  
0.5261347439  
0.2930108814  
0.2932819852  
1.457076688  
1.399855697  
1.221814407  
-1.151773762  
-1.417622363  
-0.9268944877  
-0.928300346  
-1.032533949  
-1.051213669  
-1.654044155  
-1.469508877  
-0.6078614449  
0.9511791199  
1.409581308  
1.466089539  
0.768197511  
0.6178122279  
-0.03103289765  
-0.1629040011  
0.4347911488  
0.6032636952  
0.442113292  
1.112071863  
-0.3121506118  
0.7730384057  
0.6372632363  
1.177341134  
0.9535159342  
1.470597931  
-1.049776136  
-0.695843722  
0.01344126552  
0.9303592101  
0.4032538986  
0.1214741403  
0.6537460435  
0.6747225372  
0.4258412338  
0.9944999504  
1.219049213  
0.4680473708  
-1.506106846  
-0.9670663663  
0.1628282996  
0.7753873551  
0.5584436263  
0.6021919894  
-2.528021694  
-0.5558139459  
-1.060316042  
-1.022757714  
-1.199050407  
-1.300296729  
-0.5798755798  
-0.6507757938  
-1.110383617  
0.6326864516  
0.7565245893  
0.9493354386  
0.7433147145  
0.159645989  
-0.3708459482  
-0.0878019186  
-0.1114107515  
-0.06155322818  
-0.4879577469  
-0.4804803469  
-0.2027350192  
0.626771379  
1.098777556  
0.2528805316  
-0.5641295346  
-1.066288814  
-0.7651483403  
-1.281581839  
-0.8711465884  
-0.9370724531  
-3.399856207  
-0.9955932623  
0.0230125693  
0.4661362909  
1.398151545  
0.8907806519  
0.8876817044  
0.5223898245  
0.2235143205  
-0.004146488627  
1.409750931  
0.731288123  
0.364844765  
-0.9551880443  
-0.53971067  
0.2677494958  
0.9752636502  
0.1912508454  
0.713215615  
-0.339272605  
0.2223517571  
0.3768415828  
0.4617797495  
0.7564247822  
0.3081821256  
0.07302272118  
-0.745128705  
0.3532464299  
0.6255961988  
0.4774523993  
0.2586510157  
-2.111435354  
-0.9800896952  
-1.875133285  
0.1089173153  
0.8443483734  
1.188118009  
-0.5023244287  
0.4544667029  
0.1197220565  
1.435315673  
0.8714572318  
0.383007595  
-0.1536877635  
0.5784991902  
0.3556947313  
0.8441019923  
1.162237413  
0.3337425859  
-0.1390806032  
-0.04290748491  
0.2471757593  
1.097612042  
0.7819781793  
0.4820615579  
-2.286208463  
-1.319353799  
-0.3432039909  
0.9542315499  
0.7373893038  
0.4195603262  
-0.3865259373  
0.4718753218  
0.6092163892  
1.362272479  
0.3718053704  
0.5679009112  
0.07092572838  
0.4499647687  
0.1821520562  
0.7698872116  
0.2526760993  
0.6386155848  
-3.655303827  
-1.685083227  
-1.167418905  
-0.8215891681  
-0.6616040085  
-0.8376269278  
0.02571717245  
-0.5205947759  
-1.662292978  
-1.897712673  
-0.04223678089  
0.5052078282  
-2.03415492  
-1.308527026  
-0.172291217  
-0.07756626107  
1.673981649  
0.964453163  
1.437160294  
-0.2114682185  
-0.187873271  
0.2357263008  
0.8934795118  
0.561301932  
0.349133193  
0.5021323624  
-0.1393505964  
-0.2605218686  
0.07525943  
-0.2671778121  
0.003794059366  
-2.597732028  
-2.056654221  
-1.066019007  
0.2458532137  
1.181260851  
1.546426182  
0.6457953463  
-1.393249917  
-1.037808418  
0.3988799788  
1.514141676  
1.290825841  
1.365743901  
-0.5087617039  
-1.014289364  
-0.5774894042  
-0.2660788518  
-0.5152921657  
-0.6935800204  
-0.7653552107  
-0.00325327112  
1.056223477  
1.138659306  
1.492351908  
0.8537917822  
-2.736994065  
-0.9564860463  
0.06372238451  
1.216530796  
0.7661368314  
1.419303307  
0.5913121527  
0.4401564028  
0.5860348634  
0.4147397919  
0.6726853882  
-0.05589550351  
-0.8380344063  
-0.6900336818  
0.07224259339  
0.132509148  
0.04731661346  
0.1236592318  
0.3031618085  
-0.09777262472  
-0.2093617824  
-1.596195816  
-1.304995258  
-1.128599834  
-1.120388322  
-0.9171495075  
0.3857302002  
0.04228739186  
1.147865184  
0.9701894918  
1.232589534  
-3.033990506  
-1.120307098  
0.07912512829  
1.738275776  
1.320539145  
0.8589864051  
0.3260873939  
0.1543363133  
-0.010466526  
0.0007961757957  
0.04525869266  
0.05939560999  
-0.1984228377  
-0.5716196573  
0.4046811668  
0.2293501677  
0.7677830769  
0.6104101464  
0.2401356211  
-1.114023537  
-1.422469248  
-0.06369480244  
0.6292286267  
1.059258936  
0.6608289695  
0.4017423  
0.7076389745  
0.3929635864  
-0.3314327544  
-0.6002269121  
-0.7556843991  
-0.527841784  
-0.4915237719  
-0.5301026771  
-0.4446977238  
-0.715789991  
-0.6169300937  
-0.3298994595  
0.5278174426  
-0.05539343287  
0.4619625472  
1.301554452  
0.5979769288  
0.2353739852  
0.2531358288  
0.4518807839  
1.357748338  
1.674407585  
0.7323260073  
-0.2890662662  
-2.179778964  
-0.8535530968  
1.076543418  
0.3940199982  
1.085846898  
0.7096617752  
0.4048373798  
0.5721139764  
0.1588024693  
0.1590325584  
0.7119468637  
-2.452557785  
-0.7038581047  
-0.9209221424  
1.920860484  
1.092539776  
1.304153694  
-1.150893362  
-1.255152484  
-0.3161887769  
0.7745913519  
1.911438525  
1.589586289  
0.8081765805  
-2.103169348  
-1.716313037  
-0.8910289646  
-1.121676219  
-0.9788864352  
-0.7562335631  
-1.304765854  
-0.5904969026  
-0.2591905148  
-0.4999205266  
-0.6084119256  
-0.8989861506  
-0.2878833457  
-1.22571998  
0.09422292599  
1.100886709  
1.497197569  
0.9440548464  
0.4074273513  
-0.7183498786  
-1.334432465  
-1.350092606  
-0.8243568525  
-1.294096736  
-1.000588729  
-1.06468899  
-0.8004916311  
1.143585277  
1.234546536  
1.313728381  
0.864769422  
1.098558229  
0.01857637016  
0.2546573071  
-0.1922114078  
-0.395409594  
0.4224421782  
-0.4558487605  
0.1222741581  
0.9555620511  
1.710153823  
1.173032976  
1.13426181  
-1.293387853  
-1.600402119  
-1.070694041  
0.5132727949  
0.9583488391  
1.219534852  
0.2931267302  
0.1875332614  
0.03135379939  
0.2798389494  
0.4390534829  
0.7490239129  
-2.850309562  
-1.181800307  
-1.207300407  
0.2646575989  
1.168167225  
1.428511347  
0.3644228543  
0.1524888123  
0.220324709  
0.5421318032  
1.251776576  
1.408023073  
0.8006802312  
-0.1719221036  
0.04340335341  
0.1870184982  
-0.1087381353  
-0.3239026454  
-0.9291370804  
-0.97730375  
-0.675685961  
-0.1369056886  
-0.4688711662  
-0.2460153756  
-0.5964703933  
-0.4228888204  
-0.6101616837  
-0.4507768096  
0.02545176231  
0.1976288699  
-0.5109317034  
0.1241185907  
-0.6680748056  
-0.1776837391  
0.1950020456  
-0.7307601572  
0.100770331  
-1.59810737  
-0.3145677716  
0.2774124504  
0.6170492231  
0.3318597805  
0.08494020957  
-0.1726427967  
0.0320752362  
0.4076259449  
1.34306457  
0.5440646945  
-0.7299791845  
-0.1827369053  
-0.265777733  
0.1598978046  
0.8848056837  
0.1444096192  
0.3682104712  
0.3181144491  
-0.1916515419  
0.4966424186  
0.2004942491  
0.6750081222  
0.6886918248  
0.8333216071  
-0.113174238  
0.1810489675  
0.8452435531  
0.7628570432  
0.8881807311  
0.525467984  
0.1094317884  
0.9532923185  
0.3718337603  
0.9315478549  
1.215866674  
0.1893998983  
0.1135732271  
-0.1265653931  
0.728162624  
0.4706645355  
0.8644235989  
0.4290691248  
-2.696647998  
-0.9994503807  
-0.6171239978  
-1.579752772  
-1.36598435  
-4.81937292  
-2.855196608  
-0.780345224  
0.7031593346  
1.109121213  
1.181144884  
0.6878892733  
-1.498850663  
0.08919381456  
-0.4157780445  
-0.2908477438  
-1.747846023  
-0.09469663079  
-3.898458579  
-1.811941285  
-0.693907039  
1.138659336  
1.055523146  
0.5070143151  
0.6383195402  
0.1084681187  
0.608888042  
0.2275298484  
-0.1055339216  
0.4099921982  
0.5643033783  
0.6420772884  
0.2962749862  
0.3328561062  
1.376629269  
0.697465747  
0.4060897342  
0.124887063  
0.4209161173  
0.7772185817  
0.4939254475  
1.085239231  
-1.074188467  
-1.158435806  
-0.8356454228  
-0.5343594191  
-0.05518203627  
-0.870832551  
-0.6433564845  
0.06341928209  
-0.8101800639  
-0.6747530264  
-0.3009113597  
0.5462646663  
0.05717900449  
-0.09068240463  
0.1135933991  
0.9948388064  
1.74533739  
1.260106725  
-0.1211177149  
-0.8485299043  
-0.6948746815  
0.9545471105  
0.5520151467  
0.5795842717  
0.6558741437  
0.8610622488  
0.05264112457  
0.5623699863  
0.8431155233  
0.2711110356  
-0.2790605764  
-0.2854216393  
-0.6165695684  
0.09122960866  
1.245113587  
0.01928356162  
-0.8435370328  
-0.4078998694  
-0.4671792625  
-0.3516313364  
0.3630357644  
0.6917134548  
0.546548266  
0.1463528896  
-2.500225263  
-1.503020835  
-1.332741918  
0.3731711272  
1.192596991  
0.2813278006  
0.4777277006  
-0.2276075148  
-0.1291040428  
1.226330274  
0.8251316815  
0.6247066486  
0.5421800961  
-0.0633494463  
0.1598541941  
0.3221786011  
0.3575184931  
0.04054206925  
-0.3622419334  
-1.88146782  
-0.7385862411  
-0.6660325831  
0.2754846374  
0.8496238518  
-0.5198866313  
-0.04870226293  
-0.1950689034  
0.06920283577  
0.6727349299  
0.8653542478  
0.4888668931  
-2.145355741  
-1.09053136  
0.07279210358  
0.3941644837  
0.854791656  
0.6621303414  
0.07694654302  
-0.4516576847  
0.3527213838  
0.4734084727  
0.0760712948  
-0.060769879  
-1.275281501  
-0.3220560639  
-0.1241229936  
0.8319669063  
1.077590012  
0.06907735291  
0.249459432  
-0.4549647463  
0.3488916752  
0.7618631751  
0.8382164746  
0.6716949678  
-0.4561360049  
-0.3866941323  
-0.2353080906  
0.1390523964  
-0.4445174907  
-0.3224963096  
-0.6862951757  
-0.2898764443  
0.0730788428  
0.1009076274  
0.2134408812  
-0.4026531541  
-0.3027261352  
0.4886501632  
