1.349927289  
0.171797304  
-0.4806036712  
-1.146224698  
-0.8416943024  
-1.571581872  
-2.269353622  
0.05122453291  
1.172737699  
1.478722771  
0.7888590228  
0.915669947  
-0.1133330119  
0.5638247897  
0.9916326877  
-0.333884546  
-0.6090462102  
-0.3581911735  
-1.367542897  
0.05792615594  
1.712915627  
0.1045111568  
-0.4473561792  
0.4050973627  
0.07778026546  
0.3257281912  
0.627416259  
1.371014902  
-0.6954870903  
-0.1569345805  
-1.73996983  
-0.1280552443  
1.164635671  
1.910920285  
-1.007360966  
0.3690345159  
-1.501476105  
-0.9483340094  
0.1854143986  
0.8221057025  
0.1899339609  
-0.2563711934  
-0.2770962067  
1.028047793  
1.528158641  
0.6671002457  
-0.3863790846  
-0.2334065401  
-0.6503391572  
-0.05050930957  
0.2094508929  
-1.365171385  
-0.1866550903  
0.06013704396  
-0.7148039875  
0.7519487076  
0.8873457153  
1.266156594  
-1.061365248  
0.1213290756  
-1.771816193  
-0.6385413991  
0.3513759988  
0.2479157809  
-0.6795191977  
-0.4995883351  
-1.013366263  
-0.5286920174  
-1.513135324  
1.850707572  
0.6736079103  
-1.048270082  
0.03636074888  
-1.870040436  
-0.07339727805  
0.5237330227  
0.8555693355  
-0.8857447898  
0.134014097  
-1.508481016  
0.4068093012  
0.9472190127  
1.333986703  
0.8124301687  
-0.1206574483  
0.2530546668  
0.4195982175  
0.007577834589  
0.4343685601  
1.077421094  
-0.4840833486  
-0.5284944542  
-0.6447943692  
-0.09398480724  
0.3502368086  
0.4240941839  
-0.1308965984  
0.02085212649  
-0.6692423016  
0.8576564796  
0.9335398622  
-1.729625963  
0.2662308059  
1.021041631  
0.9805866788  
0.3588608511  
1.107890029  
-0.03868487089  
-1.0016689  
0.2316928158  
-1.667413681  
-0.04031940251  
0.6148717365  
0.1837372003  
-0.2722381441  
-0.0969670936  
-0.8830716608  
-0.9573873017  
-1.297215034  
-0.3197231638  
-0.100595608  
0.2049980212  
-1.518577518  
-0.2251988855  
0.4087967327  
-0.4215736998  
-0.1991414081  
0.09976947446  
0.07957343616  
-0.8243341072  
1.469883891  
1.621890906  
0.9145265318  
0.4855536154  
-0.02280978097  
-0.645934229  
-0.1850284856  
1.274909997  
0.745221977  
1.890783796  
1.316197704  
-0.1930171135  
-0.4565912591  
-0.514858722  
-0.4741277986  
-0.7937494701  
-0.04781663608  
-2.124171522  
0.361234151  
0.9654921349  
1.440085957  
0.8033715374  
-0.3544237448  
-2.297746373  
0.1588080605  
1.132509782  
0.9670479397  
0.1519176548  
-0.3523259376  
-0.3794371532  
-0.1750961364  
-0.2731336227  
-0.5343449362  
0.5642878463  
0.4083007193  
-0.7647933016  
-1.186422823  
0.5217063859  
1.221690086  
1.621219742  
0.7427414961  
-1.320618977  
-2.060649632  
0.1347580927  
0.7541049958  
1.15197798  
-0.2615672293  
0.07071863148  
-0.8437794426  
1.382224869  
1.647538551  
0.1663541924  
-2.686059965  
0.5395532022  
-1.527098988  
-0.168322574  
0.3187246139  
1.094987051  
0.9004283121  
-0.2228224604  
-1.26349825  
0.125133361  
1.728442539  
0.8892242053  
0.3128316273  
-0.00808988256  
0.1683651948  
-0.8175523355  
0.8895302494  
0.2889329026  
-4.141338008  
-0.7800976771  
0.1087616393  
0.5262584088  
-0.2778386197  
0.4173736666  
0.7947748047  
-4.533598915  
-1.000983316  
-0.9728942316  
0.3063364519  
0.6537041199  
0.2402472344  
0.3221576935  
0.4686801454  
-0.1547937307  
0.9196126867  
0.8637460977  
-2.425422253  
0.2131097079  
0.4631597857  
-1.611707846  
1.266166598  
0.8883039225  
0.906084433  
-3.746891531  
0.5954031552  
-0.003912810142  
0.3340550596  
0.5142033215  
0.5747924247  
0.3643580077  
-0.6846107886  
-0.6412493427  
-0.4401274035  
0.945801749  
0.9281418419  
1.654240169  
0.1628301899  
0.8355751108  
-1.082433561  
0.4873497944  
0.6154990295  
0.5247206456  
-0.5176434912  
-0.1370978124  
-1.053482334  
0.648124893  
1.305210471  
0.4674230406  
0.4219692652  
0.02624583874  
-0.231906136  
0.4782095494  
-1.049173316  
0.1948467763  
0.1392914468  
-1.203225849  
-1.410968058  
1.076021923  
0.8217253903  
0.8375852475  
-0.1816700782  
-0.3889587833  
-0.8341163613  
-0.7168151587  
0.8121408256  
0.3295963835  
1.690639978  
1.121059411  
0.4303050153  
-0.3354132824  
0.006829431833  
-2.812720285  
-1.539892101  
-0.5123747217  
-2.432955489  
0.2048222107  
1.841229469  
-0.3719709897  
0.5544672005  
0.7404377904  
-1.397667088  
-0.6132318818  
0.56548101  
1.22666848  
0.1628019847  
0.6590769131  
-1.107268507  
1.064595908  
1.29294408  
0.362048462  
0.4933405503  
-0.04597593482  
-1.379651707  
-0.2630950171  
1.167140428  
0.8517145561  
0.674975374  
0.1008750212  
-0.05608260885  
0.1984191664  
1.092475486  
1.181727968  
0.8304185087  
0.166393836  
0.4432654281  
-1.677791745  
0.2536072437  
1.143298299  
1.814786906  
-2.949223529  
1.170259659  
-0.8971422839  
1.145582113  
1.671265091  
1.400988578  
1.892486994  
1.090567219  
0.6158902238  
0.158245344  
0.4525303476  
-0.3453231806  
-4.213164918  
-1.270460298  
-4.957240998  
-3.399362794  
-2.823722873  
-0.9027952259  
-1.699734443  
-0.799237279  
-1.306732197  
0.1235492322  
0.6168063086  
1.545052518  
0.771862457  
-1.417999238  
0.6646117369  
0.3085791792  
0.6690799812  
1.182988261  
0.5597081987  
0.5971912103  
0.2714328709  
-0.4682381907  
-0.3986672087  
-0.01105019484  
0.9643344655  
-4.135339546  
-0.2889323006  
-1.12051503  
0.3984424176  
1.454006483  
0.597962547  
1.491655246  
1.297739955  
0.1793073211  
0.7703551535  
-0.09201679129  
0.5007031743  
0.1089366838  
0.4454024078  
-0.463488079  
0.2019756685  
1.299753346  
1.27153019  
0.486537664  
0.1901113425  
-0.1806393529  
-0.5054510915  
-0.7097195268  
-0.4367894121  
-2.474651718  
0.2208604534  
-0.110595126  
-0.8021976426  
-0.5209567246  
-0.2781822433  
-0.2028098459  
-0.1878653908  
-0.7266833803  
-0.463404332  
-0.7626219132  
0.2145543154  
-0.7029430934  
-0.01398927645  
0.134654785  
0.3746357997  
0.6416991371  
0.5980196397  
0.2261774252  
0.2872658703  
0.1431979908  
0.255087109  
-1.306416106  
0.6222587513  
1.218991453  
1.114099014  
-2.433239835  
-0.3745237305  
-1.024573263  
0.01015198606  
1.008352353  
1.146574463  
0.1429285558  
0.7438671044  
-0.415445046  
0.5641176607  
0.3783241147  
0.02327034803  
-0.556828167  
0.3697702836  
-0.01242351743  
0.6029237964  
1.404993913  
0.4353666516  
0.7426686622  
0.02061782361  
-0.5903717108  
0.8750730182  
0.7731281173  
1.052391752  
-0.1945405477  
-0.8266981557  
0.05705825182  
-0.1445912305  
0.05625438836  
-0.5724426086  
-0.3219262508  
0.4146443394  
1.079885809  
1.57231963  
0.5873802931  
-1.33807573  
-0.04057008419  
-0.06034676534  
0.04748394879  
0.5707805089  
-0.2008352342  
-1.732777557  
-0.3396032715  
-0.08580438356  
-0.2757843791  
0.855883583  
0.3874607016  
0.6438541728  
-1.857796301  
0.02584698052  
-0.7892367338  
0.09554605685  
0.1757201115  
-0.09048835607  
0.4941867968  
1.300486755  
0.8237485871  
0.1063517291  
0.007161813091  
0.8232702806  
0.4130804624  
-4.032369694  
-1.227865741  
-1.624186304  
-0.2444615216  
0.666807243  
1.238084084  
0.2024124641  
0.258691275  
0.2960837414  
-0.3729921005  
-1.259989448  
-0.221577971  
-0.6968839273  
0.1366738366  
-0.4234899549  
-0.6089703575  
-0.1725629197  
-0.2757621346  
0.07579120489  
1.152402324  
-0.00892301889  
-0.06789736582  
-0.9109406254  
0.5778455809  
-0.2988503021  
0.5485669509  
1.552793683  
-1.484957742  
0.6000677462  
-0.9460388413  
-0.6511750017  
0.8601031118  
1.23035757  
1.382275918  
0.05985042165  
0.2622518105  
0.6594279219  
-0.02770605174  
-0.3364307919  
-0.5046200395  
-4.133293932  
0.008812659138  
-1.27493479  
-0.5037753724  
1.949565455  
1.923402895  
-1.415561607  
0.5129274332  
0.6836331469  
0.2025353522  
0.4237874549  
0.4159469205  
0.1789673031  
0.07344944033  
0.2354029706  
0.1209172901  
-0.07551497544  
-0.0009551633792  
0.2148953988  
-0.1878409096  
-0.4424102059  
0.1345040305  
-1.265418209  
-0.4638053012  
0.06327121655  
-0.3225050617  
-0.8200547814  
0.1044838621  
-0.8568199288  
0.218556043  
0.8585259971  
0.6097000768  
0.4938928625  
-0.02400725165  
0.02839258419  
2.039654682  
1.146239995  
-1.916949872  
0.1989127517  
-0.2443137507  
-0.8329865421  
-0.2365310461  
-1.055658406  
-1.269058093  
-1.394619441  
-0.6458143225  
0.2526162004  
1.018867  
1.626319256  
0.4991990339  
1.236703702  
0.1050246749  
-0.2570764803  
0.05050336491  
0.6172865491  
-0.01784781469  
1.039628303  
-0.2264363605  
-0.3899133028  
-0.5992082843  
-0.347119629  
0.2974059444  
0.9095989429  
-0.3009367361  
0.4849841708  
-0.548867561  
0.5317052261  
0.7119865714  
0.7807521624  
0.5483483359  
0.7191178658  
-0.7361846781  
0.3900196107  
1.188362119  
0.2807180427  
0.4289837633  
-0.1506867632  
-1.236531963  
0.5506297019  
1.030458444  
0.944496649  
-1.895855505  
-0.6587982098  
-0.2291134089  
0.09875802492  
0.3385182968  
-0.2799332557  
0.1588760965  
0.2427400868  
0.7525699071  
-0.9381188319  
0.3981375568  
0.5655071393  
0.3791934405  
-0.006029223888  
-0.656245227  
-0.3554505066  
-0.9817416497  
-0.7567899781  
-1.203503539  
-0.830356056  
-0.6742831874  
-0.827452285  
1.284253156  
0.506239734  
-0.6653307257  
-1.292892034  
-0.09481032492  
-0.5396518862  
-0.2472546888  
-0.002064254079  
-2.93395639  
0.07604756213  
-0.64087118  
-0.07926387096  
1.359314668  
1.225245206  
1.114063473  
0.551454167  
-0.1283901477  
0.4061791536  
0.9533910343  
0.2466768855  
0.59612236  
-0.5497855918  
0.3324824526  
-0.5410370079  
0.6853504737  
0.5483903623  
0.6988434525  
-0.3852164374  
-0.5082307977  
-1.220562849  
-0.365386851  
0.6947679564  
0.3161406429  
0.1392000892  
-0.6949826356  
-0.6093468403  
0.003061447507  
1.076506842  
1.00867298  
-1.365217516  
-1.140777521  
0.01798217211  
-0.5735105097  
0.5428764996  
1.217610623  
0.8296351766  
-0.5142701313  
-0.1171646077  
-0.2060831425  
1.515172541  
1.14332228  
0.06240367875  
-0.6786119086  
0.03151324729  
1.074413101  
0.8550259803  
0.912227183  
0.3721477461  
-0.6389768497  
0.5197693981  
0.8256114751  
1.034723161  
0.1445984133  
-1.445264542  
-0.1704932327  
-1.777421053  
0.2766632491  
-0.009116092037  
0.6317668181  
0.2067395899  
0.5007270281  
-0.1210714924  
0.7820999174  
0.8984655671  
0.9867110359  
0.2562240213  
-0.1755627873  
0.02313422988  
0.4616607014  
0.6307947968  
0.2869903492  
-2.312710545  
0.2248681886  
-0.2965404684  
-0.2541635223  
-0.03873615186  
0.02599458568  
-0.04881641094  
1.080941499  
-1.956328586  
-2.426232868  
-1.468853015  
-0.5304826503  
-1.972540174  
-0.6235370813  
-1.762100078  
-1.733131097  
0.516109106  
-0.03508597938  
1.207405287  
-0.8135726994  
1.374025871  
-1.073650644  
-0.4843708351  
1.178364685  
0.8533796963  
0.30946761  
0.02167677489  
0.4168897125  
-0.1765223919  
0.1979948339  
-0.3853719953  
-3.307537586  
-0.9264581419  
0.2752370567  
-0.822275187  
0.7394960319  
1.024862973  
0.6055998551  
0.5299027401  
-0.2119313383  
-0.6929056064  
0.7179820329  
2.127069262  
1.605882645  
0.001674895721  
0.4929011793  
0.04332681701  
0.1552213892  
0.8412934497  
0.1595375884  
-0.0885892939  
0.2969453622  
-1.25131184  
0.3494053635  
1.640449064  
1.086723669  
-1.860557047  
-0.4684744777  
-0.8005762175  
0.7339102554  
0.8439714802  
1.459505913  
0.358783253  
1.283371151  
-0.4236811661  
0.2097858854  
0.6297378436  
-0.7739808669  
-1.026089655  
0.3357068877  
-0.7652957757  
0.1618727613  
-0.2910762287  
-0.1469697695  
0.505287847  
0.2551177656  
0.2438529234  
-3.882328252  
-2.323398571  
-1.437518599  
-1.886190767  
-0.6763155986  
-0.3685881235  
0.2486894796  
1.797417026  
2.169279215  
2.193495398  
-0.9682486371  
1.022884571  
0.2040055731  
-0.004174505752  
1.31648131  
1.426896832  
0.04405971989  
-0.1861357723  
-0.8770358527  
0.1275907235  
0.1368881608  
-0.0561263923  
-0.2465084341  
-0.9432367199  
-0.4040339905  
-1.24849602  
0.6549443209  
1.082073561  
0.5641775576  
-0.7349912022  
-0.5301728086  
-2.016295431  
-0.6186202477  
0.8604611924  
0.4134691711  
0.4269967506  
0.0201020773  
0.03498654646  
-0.119033094  
0.6811114265  
-0.08054840002  
0.1367884274  
-0.2800638057  
-0.2067726218  
-0.2708623327  
0.2876846821  
0.309253111  
-0.8329747619  
-0.2014643695  
-1.044041247  
-0.331366638  
1.559973995  
0.1718035205  
1.028935274  
0.296037688  
-0.7284135307  
0.8379474638  
1.521430343  
0.7264107453  
0.150018672  
-1.105356104  
-0.8325672032  
-0.1647261875  
0.5651075107  
0.5618575535  
1.121352436  
0.02123309938  
-0.7194168584  
-0.7903275224  
-0.43108053  
-0.4630319753  
-3.236419889  
-0.1458681193  
-0.2743056105  
0.4367661562  
1.127428472  
0.9759578986  
0.3588131284  
0.230131707  
-0.2090582074  
-0.3970131473  
0.8298127792  
1.696509318  
0.6175326685  
-0.3816556352  
-0.1376143913  
0.2662944696  
-0.5222043071  
0.3069888151  
0.3114934003  
-0.7960004016  
0.2526109291  
-0.9947495418  
-0.3395661364  
-0.1302239022  
-0.7390466591  
-0.1233634306  
-1.226031266  
-1.926986357  
-0.1041546662  
0.7238706507  
0.4458581961  
0.2945612557  
-0.3308198033  
0.5339964802  
-1.338502685  
-0.5835880211  
0.5607664371  
0.2901688712  
0.002026261975  
0.946142398  
-0.5040832507  
1.000296354  
1.423105458  
0.9159914264  
0.2183506706  
-0.3511904765  
0.1878203695  
-0.1057125519  
-0.4761480618  
0.09900889208  
-0.7263686634  
0.1600469652  
-1.844248906  
0.5568496063  
1.201893574  
1.754764391  
0.02600729139  
0.01872531734  
-0.6989800905  
-0.9322770638  
0.01201360513  
0.1661677855  
1.437888098  
0.7221695195  
0.1227414555  
-0.4108870891  
0.9901858108  
0.08922982763  
-2.855259432  
-0.1487380108  
-1.140912295  
-0.2990903398  
0.6545031917  
0.7957313631  
0.1447227231  
-0.161568318  
-0.06700119558  
0.382369913  
0.8610640407  
0.707286651  
0.4278373124  
-0.2840745718  
-1.19890049  
-0.01647064307  
0.4850578951  
-0.5951109917  
-0.7389747901  
-0.3627906043  
-0.2008090158  
-0.2500024824  
-0.5015657686  
0.006871057893  
-0.00226754744  
0.3017235804  
-0.03960126328  
0.2073039013  
-0.4472318972  
0.4089407476  
0.6679261549  
0.4434590431  
-0.4436084275  
0.4787538507  
-0.1287845351  
0.6485650208  
0.5192491933  
-0.03118641178  
0.3629255386  
-0.6458990012  
0.6646263507  
0.1998317842  
0.169129707  
-0.2232128322  
0.08318713392  
0.2673600098  
1.054151019  
1.458554349  
-1.331882177  
0.4373224529  
-0.4021894668  
-0.7941382323  
0.5972182228  
1.346333121  
0.2953096103  
0.2215328848  
-0.276394062  
0.5966677543  
0.06066747614  
1.257494731  
0.453716215  
-0.1573301542  
-0.1556201922  
-0.9810819519  
0.01969715983  
0.8405167391  
1.524861217  
-0.1870501674  
-0.1656354336  
-0.469838397  
0.7881543777  
1.328112224  
1.721038984  
0.8490176766  
-0.3220342987  
0.5194342196  
0.6428670665  
0.6891119479  
1.208880122  
0.3466223254  
-0.1966090434  
1.226695018  
0.9100768413  
0.852584916  
0.5515122509  
-4.672722271  
-3.949381709  
-2.767620591  
-1.963185451  
0.1229426682  
1.40762439  
1.027174945  
-0.8478387693  
-0.3743126091  
-0.5929579693  
-1.039258078  
-5.138213998  
-3.178453896  
-7.07058872  
-1.698354645  
-1.573531479  
-0.3350806331  
0.5891226573  
0.5477913239  
0.03084112481  
0.7908070264  
0.0343686952  
0.776028858  
0.7915818517  
-0.07706969998  
0.5741802121  
0.1077296336  
-0.4964263611  
0.7077331191  
2.159629177  
1.104380843  
0.499189571  
0.7636878461  
-0.4389813817  
0.2142389069  
1.051994146  
1.015622393  
-0.6400734762  
-0.0316997731  
-0.4376409944  
-0.4721784948  
-0.1512000316  
-0.1681996903  
-1.114787941  
0.9749642167  
0.3992114142  
-0.3466978765  
0.1104654504  
-0.2071370689  
0.03810214289  
-0.6396259108  
-0.695810627  
0.9756024635  
1.399583133  
1.467237065  
-0.412948282  
0.04015480208  
-0.9897561862  
-0.4305749083  
0.6834844406  
1.455361186  
1.344068093  
1.068650196  
-0.4806429226  
0.7092234417  
0.8751759256  
0.5153112258  
0.3307758659  
-0.9323933929  
-0.2492525263  
-1.009274357  
0.4290090807  
0.5143177031  
-0.1070644286  
-0.3786715174  
-0.08391568541  
-1.001896451  
0.5681522918  
1.633354671  
0.03448090992  
0.1849928253  
-1.601199695  
-0.6462857315  
-0.466048692  
0.750347071  
1.153883024  
0.1000731919  
-0.1714405002  
0.6090843563  
-0.5873222845  
0.3268989807  
1.216054448  
0.5119415461  
0.7007790499  
-0.5202550849  
-0.9352116199  
-1.256441082  
-0.951472643  
-0.5734913212  
-1.211397044  
-1.133677439  
-0.5857825493  
0.4565349734  
0.9102415176  
0.8486050213  
0.232191288  
-0.6556452197  
-0.1898051199  
-0.2626595151  
0.9615534214  
0.396323177  
0.9879657569  
-1.051641135  
0.9386156763  
-0.2923145764  
0.573985251  
-0.1103555482  
0.4732409048  
0.1624093031  
0.3452443442  
-0.7949882179  
0.01482886951  
0.5755151443  
-0.354646562  
-0.2125142414  
-1.161642678  
-0.4073586608  
-0.1850218797  
0.9669017994  
1.191196381  
0.02864948286  
0.7638272322  
0.03057333142  
1.642636898  
1.286442315  
0.3553075397  
-0.1750206712  
-0.2282830534  
-0.5719464821  
-0.3175894485  
-0.4431806089  
-0.6323918058  
-0.6208625936  
-0.4050757087  
0.1949562359  
-0.367108254  
-0.1134133308  
-0.07586547301  
0.07982166429  
0.03768518797  
