-0.4236934758  
0.9377723691  
-0.4351352883  
1.576199869  
-0.7052777562  
-0.5655586852  
0.1426508091  
-0.4063828649  
0.2470075039  
-0.2450020241  
0.1646182731  
-0.4508289639  
0.652199383  
0.2364231397  
0.2993035622  
0.8329750438  
-0.5673796591  
0.6160609903  
-0.9649189954  
0.5309769132  
-0.2268257324  
-0.6749950148  
0.7277458753  
-0.8401759193  
-0.409774736  
-0.7309052074  
-0.6061817233  
-0.9729242427  
-0.6249601232  
-1.260880725  
2.551671217  
0.573466386  
0.2635175198  
-0.1349645117  
0.07749777942  
-0.2087294324  
0.2990549947  
-0.1305978063  
2.037334164  
1.267242585  
-0.6516080431  
-0.4278168612  
-0.5085772898  
-0.8827206146  
-0.08026155723  
-0.5262166574  
0.0534893687  
-0.7437374559  
-0.1484852611  
-0.3629076692  
-1.088703673  
-0.1462955962  
-0.5757065589  
2.077165121  
0.9079652719  
0.01527062374  
-0.07337812687  
0.1030405944  
-0.02319519481  
-0.3838788558  
-0.955629801  
-0.4935017331  
0.3949774273  
-0.491212784  
0.1545181111  
-0.6179685553  
-0.4275483427  
0.3669748661  
-0.420792933  
0.1234623594  
-0.7448387554  
1.878885802  
-0.6482392407  
1.435743398  
0.4394431271  
0.436195793  
2.700271507  
0.1278162127  
0.5035602078  
-0.4872402545  
0.4734000365  
0.1043273574  
0.0526435045  
0.7346485567  
0.4584066433  
0.8771201703  
0.1917983439  
-0.6709473555  
0.502542099  
-0.03597008509  
0.3123688023  
-0.3116721438  
-0.4412038234  
-0.05331991677  
-0.1607397302  
0.3062391634  
0.3426323418  
-1.076957554  
-0.5858664886  
0.01544028371  
-0.02705372476  
-0.788845984  
0.07403450627  
-0.6267662667  
-0.8673489398  
2.488436141  
0.1454223818  
0.6924802742  
-0.3660590984  
0.423618014  
-0.2028350959  
1.322304349  
-0.1163688118  
-0.9924404735  
0.5039210716  
-0.7408573474  
-0.08846314062  
-0.2415053885  
-0.3456174017  
0.4995903347  
-0.184164079  
0.3687873712  
-0.838819539  
-0.01000923538  
-0.7668415563  
-0.6035512762  
0.02235056212  
-1.34244156  
0.6693550231  
0.3206681111  
-1.038209046  
2.304397519  
0.9783827515  
-0.4817365657  
0.4515107628  
-0.1376563704  
0.6684828316  
-0.3965964425  
-0.3061700613  
0.2668698819  
-0.8744194111  
0.1650387056  
-0.4024516518  
0.6644338516  
0.8710618764  
-1.225502463  
0.02881850328  
-1.068691628  
0.09390594439  
2.175307372  
0.5472105575  
-0.1769025415  
-1.234150766  
1.57009109  
-1.077487006  
1.98198002  
-0.4326063621  
-2.088795815  
0.4328270894  
-0.6265778658  
2.293716285  
0.6991531965  
0.06192515752  
0.04147861085  
-0.2379156129  
0.6903469129  
-0.1535145169  
1.015414687  
-0.7580237323  
0.7176017325  
0.4509385298  
-0.8647689289  
0.4596633097  
-0.231773094  
0.724915528  
-0.1859852984  
1.617876473  
0.5250121861  
-0.06922220347  
1.696135865  
-0.5703277787  
1.362545389  
0.3514373575  
-0.5739622798  
0.09895579652  
-0.3359010664  
-0.1258248793  
-1.265421186  
0.3781123925  
-0.01529045371  
0.2135836084  
-0.8300704459  
-1.244912704  
-0.6756596567  
-1.067221236  
-1.203277422  
-1.781829039  
-1.334135533  
-0.1654580377  
-2.034352717  
0.7770505419  
-0.08227411897  
-0.03902883663  
2.328312853  
-0.06573597489  
-0.2601904052  
-0.3428489522  
1.138724933  
-1.173591138  
-1.34701026  
1.276737729  
-0.1943897826  
-0.7719898863  
-0.1433771236  
-0.7517034112  
-1.120142224  
-0.007745971736  
0.6962335477  
-0.1109727953  
-0.7735009144  
0.6106347379  
-0.3620486301  
1.03514207  
-0.9539377224  
0.107347098  
0.9922327527  
1.335940715  
-0.1435683409  
0.08340748228  
1.882009815  
-0.3166873097  
0.02055212065  
-0.9718674162  
0.3974284193  
0.4962973667  
-1.525837287  
2.068897072  
0.2261467653  
-0.2240628141  
0.8997660551  
-0.385666523  
2.206456101  
0.4142946591  
0.8331733708  
1.099776987  
1.128092706  
-0.1811691673  
-0.3583859897  
1.263252648  
-0.8347104003  
-0.4941283158  
-0.1683437475  
0.1560274748  
0.3401950706  
-0.167440464  
-0.03982582062  
-1.029089199  
0.0375909368  
-0.3671258623  
-0.6837016267  
0.2953005152  
-0.8166195876  
0.3319337083  
-1.508846457  
0.8793033825  
1.209882824  
-0.4438232791  
0.7394397646  
-0.9958622487  
1.009255329  
-0.6802541169  
-0.7773431194  
-0.5991298606  
-1.021926601  
2.084790746  
0.6304420829  
1.023589633  
-0.0203127508  
-1.391083293  
0.2713838208  
0.2133020882  
-0.520625778  
-0.03493898139  
0.009077049844  
0.3751728108  
-0.4307985521  
-0.7567696742  
-0.6249221302  
-1.270847873  
-1.694201283  
-0.5342729469  
-1.852099092  
-1.828334322  
1.95555059  
0.4435095483  
0.7193069318  
1.013164532  
0.6692160054  
0.2401873642  
0.5297419908  
-0.140744263  
-0.5089321982  
-0.7249849197  
0.5501291802  
0.2418534995  
-1.210627695  
1.014059117  
-0.4207601438  
2.960599514  
-0.4956796629  
1.484797014  
1.759981938  
-0.1605546538  
0.453261754  
0.6818255804  
-0.6559326469  
0.1383316498  
-0.9871499361  
0.2012968022  
0.4423630251  
6.686118678  
1.014395833  
-1.353912608  
0.7857355258  
-0.150859454  
0.2560948056  
-0.4913023389  
1.157959973  
-0.9823165126  
-1.576808434  
-1.097316268  
-0.6879696239  
0.03121604682  
-0.6642940187  
-0.1993348487  
-1.509477856  
-0.764481847  
-1.152068383  
-0.6155634717  
-0.6370815636  
-2.057415382  
-1.31381933  
-1.907102476  
-0.9821440101  
-1.65686587  
-1.77326582  
-1.397075325  
0.09148804474  
3.883886353  
-0.6996329892  
0.49131015  
-1.007199738  
0.6828960796  
-0.8497919376  
-0.5086463402  
1.141415662  
0.2181090304  
0.9117947445  
0.2196651783  
-0.3470929122  
1.383764602  
-0.3861605978  
0.5349273802  
0.05918572073  
-0.08242523536  
0.5117480577  
-0.3626321954  
0.3695773012  
-1.002561178  
-1.785915758  
-0.2025273019  
-0.4104933059  
-1.086758491  
-0.8803401295  
-0.4955048141  
0.09746068439  
-0.2527302295  
0.2151107402  
-0.5455696097  
-1.823074936  
-0.8617166959  
0.04368247091  
0.5517077467  
-0.2137554791  
0.440768336  
0.3706851793  
0.697432968  
0.5016218331  
0.2867105061  
1.434936225  
-0.2111945235  
0.01323504544  
-0.9436780262  
-0.4515888251  
1.557981837  
-0.06857656374  
1.250731218  
-0.2553473719  
3.58988958  
2.121590071  
1.798836974  
1.374024203  
0.3175309079  
1.529873179  
-1.091123262  
-1.435277991  
-1.106294815  
-0.7525940415  
-1.540581373  
-1.234561315  
-2.660713621  
