-2.14340652  
1.320178526  
0.3414666389  
0.3730760896  
-1.291677522  
-0.9980801273  
0.8459332918  
-0.05075302209  
0.6170497737  
-0.5631993532  
1.743371455  
0.2660576251  
0.08568270038  
-0.1743201438  
-0.3176401152  
0.8296731878  
-0.1952159732  
1.296420292  
1.353851061  
-1.687701023  
1.204451676  
1.093267188  
-0.4664682436  
0.04579059252  
0.713496935  
0.4039808377  
-0.5209011557  
-0.9309114232  
-1.298850496  
-0.8449639564  
0.7468870384  
-0.8593631859  
-0.4915134628  
-0.2437665197  
-0.05690452321  
-1.380182379  
-1.587116959  
-1.527911575  
0.3049461228  
0.370216949  
-0.203434971  
-1.226866008  
-1.094806842  
-1.212116365  
-0.2359672341  
-1.059981321  
-2.013636184  
-1.394343169  
-1.576186772  
-1.531148133  
-0.5910002546  
-0.7594733366  
-1.459442915  
0.6582584244  
0.1318790413  
-1.113568055  
-1.594486741  
-1.088050713  
-1.618844747  
-1.373781192  
-1.056745563  
-0.2570678973  
1.732364367  
1.334662683  
0.8124314718  
0.6336654711  
1.753446297  
0.481969327  
0.8356121337  
1.049366608  
0.6344082171  
1.959868851  
-0.03896348142  
-0.9888647453  
-1.58386351  
0.001780000668  
1.636915781  
0.3449663318  
1.372083976  
-0.7700109807  
0.2599269756  
1.013558109  
0.5264403852  
0.2303292325  
-0.04546754707  
-0.1688596983  
0.7310464594  
-0.5723208644  
2.076686554  
-0.4713330489  
0.7518548118  
-0.2611684071  
-0.3221973313  
0.5149531916  
-0.3980295359  
-0.368880343  
0.4729022439  
-0.297139384  
-0.0813033475  
-1.740894726  
-1.323734238  
-0.5531989935  
0.6603434308  
-1.789705238  
-1.875752088  
0.2049775578  
1.266168101  
0.1873762532  
-0.04046513505  
0.9397982754  
0.1051423984  
-1.7863638  
0.6825444246  
0.02148492507  
1.740173289  
0.1743185555  
1.306618231  
0.07483289224  
-1.298702127  
2.007267693  
-0.1984530981  
0.2912023372  
-0.1032811501  
0.773662173  
0.908583759  
-0.5655006373  
1.122053474  
0.2296483333  
1.728761751  
-0.2956177438  
-1.384129667  
3.249642437  
1.828011843  
-0.02728330198  
0.3456503939  
-0.2479010069  
-1.537861671  
0.4971746814  
-0.3051692366  
-0.3670312074  
-0.9211747353  
1.162855111  
-0.4187671337  
-1.937964486  
0.7707530183  
-0.006090582079  
1.252221541  
-0.5510808946  
1.123926022  
1.996616915  
-1.546458846  
0.3528235616  
-0.7046392913  
-1.010307011  
0.1087041282  
1.468940749  
-0.1881626665  
-0.4626487432  
-0.06429407596  
-1.147075434  
0.5027692927  
0.8601386398  
0.5265313906  
0.03370181265  
-1.039836359  
1.073238479  
-1.007472211  
-0.43363581  
-1.587730473  
0.3681245183  
0.2486887562  
-0.5539495081  
1.76964899  
-0.7182293101  
0.7468554783  
-0.1699274699  
1.212144485  
0.6103133847  
-0.5911660918  
-0.5352121728  
0.8096391386  
1.603622731  
0.9681489883  
-0.2491308031  
0.1620255983  
-0.1266775368  
1.069450401  
0.516038165  
-0.1249415722  
-0.1262505358  
-0.8643618633  
0.4676453301  
-0.5691562018  
-0.5644943064  
-0.1366163924  
-1.174079407  
-0.8743264631  
-0.9128842471  
1.430084473  
-0.3062075994  
0.03033684216  
-0.0403877601  
-1.845342051  
2.545056368  
0.3981651964  
0.7073851036  
0.3603650959  
-2.583645552  
0.1533314009  
-0.6047306875  
2.198387164  
-0.7842001523  
0.8028208444  
-0.5937527806  
-0.6280993985  
1.113889943  
-0.3857125183  
-0.7405073229  
0.808837715  
-0.2542326199  
-0.3017224881  
-0.5698034605  
-0.6635591567  
0.3926939988  
1.16612408  
-0.3438954258  
-0.3704078326  
0.19787015  
-0.2249800556  
1.878852934  
-0.4699747592  
0.712080607  
-0.4437575004  
-2.227034644  
0.3290552512  
-0.1772505727  
-1.529074985  
0.03911929845  
0.2633840212  
-0.580007071  
-0.5988083621  
1.515508746  
0.3690190264  
1.210665887  
-0.4477387857  
-2.065851783  
0.4726894789  
-0.3109051321  
0.08370422497  
0.6657653678  
1.017071312  
-0.5622838568  
-1.472834724  
0.2105584843  
0.1892155243  
-0.5438036715  
-0.2833866545  
0.7120188136  
0.384600496  
-0.3503057388  
-0.5839432769  
0.4591178117  
-1.147473712  
-0.2545054203  
1.599523899  
1.986100704  
-0.03498237119  
0.8531085043  
0.7311137784  
-0.3205884002  
-0.5321238535  
-0.05553594269  
0.3438375629  
-0.2929664642  
0.9695772772  
-0.4827155447  
0.4953103934  
1.126671334  
0.4544950215  
0.8737011394  
-0.4311664447  
-0.1439992961  
-0.6324752773  
1.542128369  
-0.9985832511  
-1.210651746  
0.7418264184  
0.4685197555  
-0.7874940705  
0.8106053978  
0.1018919782  
-0.3893999018  
-0.6569709985  
-0.5503201674  
-1.340475303  
-1.166490478  
-0.4148454497  
-0.07538053462  
1.01855992  
0.9492763603  
0.8146908673  
-1.00914313  
-0.1476390509  
-0.4144573027  
-0.5721605937  
0.8858842498  
-1.280806556  
-0.5006890275  
0.7783786266  
-0.2896042456  
-1.554236785  
0.3021884031  
-1.143663889  
1.936626656  
0.04499014036  
1.541475915  
-0.7270713131  
-1.177842392  
0.2620091178  
-0.4650976924  
3.326515033  
0.5528976172  
1.512780603  
-1.026037389  
-0.6962676954  
-0.1392026494  
-0.3822094701  
-1.365892199  
0.5491963333  
-0.1643327019  
-0.7274642939  
0.168598586  
-0.1379821314  
0.031091847  
-0.724525816  
-0.4042724134  
-0.422779803  
-0.8253677239  
-0.9981034623  
0.7819328502  
0.3084334344  
0.1640299233  
0.9972665258  
-0.1589220583  
-0.197186029  
0.3158550983  
0.02913875325  
-0.6655836494  
2.744823586  
0.5683097889  
1.292829445  
0.5655147092  
-0.4283441443  
0.7873108756  
0.337731146  
0.14950884  
-0.5638190326  
-0.7175026458  
0.7098629905  
0.2096488804  
-0.1814716582  
0.9268101031  
-0.3387723528  
0.7060488761  
-0.8807385119  
-0.1404566905  
0.1133066758  
-1.699174031  
0.02762270494  
-0.1459862231  
-0.3132552886  
-0.5563780424  
0.6175701944  
-1.560334886  
-0.7338740918  
0.62744364  
-0.333432896  
0.4619256404  
-0.2409457507  
0.619603246  
-0.009182557023  
0.2894793507  
-0.05016508161  
-0.2109023699  
0.7416735009  
-0.7591359205  
0.3127423505  
0.2909388102  
0.2265281354  
1.373602879  
-0.9002481984  
0.1371635224  
-0.6902120229  
-0.4172387932  
0.8132287615  
-0.5558289754  
0.4225238876  
-0.2570597615  
5.796133431  
2.038042265  
1.570001309  
1.639280414  
-0.02763164373  
-1.162414411  
0.5912295431  
-1.28225545  
-2.038205767  
-0.5939655288  
-1.175390803  
-1.553521257  
-1.070957042  
