-0.1622733552  
0.7097741289  
-0.5262199017  
1.430603725  
-0.2743048772  
-0.5657046041  
2.598233572  
-0.8035903523  
0.5754132229  
-1.204185588  
-0.9163967917  
0.005859263171  
-0.05678791994  
-0.3022107323  
0.02953293093  
1.100904465  
0.00625364504  
-2.008067868  
-0.08410316352  
1.189208505  
-1.200209425  
-0.5057543869  
1.751702716  
-0.5508191943  
0.2680256255  
-1.163278797  
0.9239827345  
-1.055496797  
0.1064380761  
-0.9782909888  
-0.8289503901  
0.9688515366  
0.5786967813  
-0.3400203557  
-1.185892353  
-1.056868544  
0.8386454115  
0.606006314  
1.872554826  
-1.29938187  
-0.09242091307  
-1.033994247  
-0.4330532963  
-0.01548785652  
-0.7584585968  
0.8452776212  
1.656403779  
0.4481826841  
-0.4571772068  
0.3050590749  
-0.939382918  
-1.391313076  
0.3427394325  
0.9611993472  
-0.9776658492  
0.884980831  
-0.5260239977  
0.4310109461  
-0.1652052042  
-0.08784194085  
0.3253829983  
1.83428794  
1.397584085  
0.546945795  
0.8783972462  
0.4881455774  
-1.219001467  
0.1355183689  
-0.6440457595  
-0.3815289774  
-0.01082634186  
1.126430446  
-0.4234491264  
0.466276923  
-0.2971574306  
1.105831186  
-0.3485730631  
-0.7618197534  
0.748802988  
-0.7287005859  
0.4374035394  
0.1634211113  
-0.7706732678  
0.6405361332  
-0.3391023203  
1.399760314  
-0.5388284738  
0.132299072  
0.4932026158  
0.9530474685  
0.5147238689  
0.09395024694  
-0.7749601029  
0.110370554  
0.1753718653  
0.009270755938  
-0.6480667219  
-1.248277144  
-1.241983191  
-0.09463541622  
1.071343506  
0.404671354  
-1.383127265  
0.02570733342  
1.676728923  
0.6623590091  
0.1012968426  
-1.403939349  
0.4122032992  
-0.1817210602  
-0.768535015  
2.511807166  
0.24013383  
0.05481822335  
0.2441435811  
0.3947361633  
0.339613152  
-0.5566221136  
1.109364635  
0.1099570487  
-0.8084418266  
0.7030598672  
-0.7723141941  
-1.956089676  
-1.201393455  
0.501033795  
-1.862793523  
0.2740214005  
-1.222209846  
-0.9991795425  
0.6386365307  
-1.318257191  
-1.891098243  
0.5441204032  
0.2314828089  
0.1623834615  
0.4271894182  
0.3062137504  
-0.2361525166  
1.54829643  
0.4802972731  
-2.225048837  
0.8846703164  
1.282005352  
-0.1491775888  
-0.9479602181  
-0.6917840747  
-0.8262266423  
2.420024685  
-0.2780079382  
0.7635575878  
0.3033754008  
-0.1578593568  
1.384895535  
-0.3767366217  
-1.964788895  
-1.475922827  
0.1171058726  
-0.1788000542  
0.01099668412  
1.531237101  
-0.06669479346  
-1.00847224  
0.2553303411  
0.2400487759  
1.009122548  
-0.2460597262  
0.5212603898  
-0.2659549295  
2.327967528  
-0.5441679165  
-0.4010404954  
-0.4591191297  
-0.5942403776  
0.2742814817  
-0.8235991742  
1.155097851  
0.4313167198  
-0.6410393729  
1.188614814  
-1.041341777  
-1.763230446  
0.8833660191  
-0.4635148384  
0.241653133  
0.3091966941  
-0.1425590379  
-0.02536888488  
0.2255165549  
-0.5890244288  
1.050019298  
-0.3918366203  
0.1151060944  
1.293640096  
-0.7686064731  
0.8135583745  
0.4229643899  
-0.7049702974  
1.328500978  
-0.2390831434  
-1.35913227  
0.2493934216  
-0.2023850201  
-0.4437875353  
-0.2791623957  
-0.740213491  
1.097990693  
0.9856341572  
1.291466719  
-0.9368847017  
2.767238104  
-2.707798543  
1.955655524  
0.385233857  
-0.4981952625  
0.746862367  
-0.8851971543  
0.2681362526  
-0.3357768057  
0.3429988611  
-0.5223859774  
1.03818529  
0.8070598768  
0.6736167607  
-1.849913529  
-0.006233000514  
1.200709877  
0.5680920992  
0.4082291267  
0.5975584469  
0.2928989111  
-0.4220072724  
-0.07137644434  
-1.184124709  
-0.7003983486  
0.274311575  
1.089745381  
-1.938126727  
-4.122082131  
-0.7020146832  
0.4653142332  
0.9618463972  
-0.6738650316  
-0.4651009952  
-0.7624072579  
1.445166911  
0.5784172486  
0.2122452385  
0.1839899798  
-1.13775664  
-1.818854508  
0.475641435  
1.575829121  
-0.6735693401  
0.2294489031  
1.365623166  
-0.2659660831  
1.992152768  
-0.6082773439  
-1.150388575  
0.335278714  
-0.9093126056  
2.522629331  
-0.6087049744  
-0.1535980125  
-0.3685547831  
0.1334172906  
0.5960911723  
-0.3715660493  
-0.2015053208  
-0.3579360116  
0.07317963963  
-0.1792833539  
0.81842296  
2.10990591  
0.332834105  
1.177518865  
-0.4525106726  
-0.04989508795  
-1.755906192  
-0.8026239671  
-1.018896708  
-1.952923401  
-1.107773344  
-1.139835253  
0.315884761  
1.0789459  
0.4446134918  
-0.7277230716  
-0.5616421018  
-0.4267995109  
-0.2393827984  
0.5500889389  
0.1602922689  
0.4540716622  
1.386647324  
0.7818370855  
-0.06836292175  
-1.015793627  
-0.5969299526  
0.9068564081  
-0.6304401043  
1.345477456  
-1.577347897  
0.4434236392  
-0.2398947309  
0.1183775937  
0.7826824035  
2.535982615  
0.5136942408  
0.7003943352  
0.5762794249  
0.8454885894  
1.188408139  
-1.635551094  
-3.209083997  
-0.4655406172  
0.318734526  
-0.7668380512  
0.221861727  
1.558642439  
-0.6170934746  
-1.766226234  
-0.2013351985  
-0.1745071182  
0.06382305225  
-0.4474064875  
1.865855665  
0.02582533469  
0.7869221618  
0.2236421964  
0.1821781881  
0.4915874021  
-1.153684244  
1.438858732  
-0.47596375  
0.6401889169  
-1.158064859  
0.3518155387  
0.3231797486  
-0.1496420802  
-1.553072692  
0.06361522357  
1.205479454  
-0.2359367004  
-0.8938191785  
-1.294953354  
1.735482017  
1.476198775  
0.3084876878  
-2.545033031  
0.6381061387  
2.352128817  
0.2489161671  
-0.8120322112  
0.4046611696  
1.356094964  
0.916283537  
-0.5150568976  
-0.2733136265  
0.7843905011  
-0.6804055541  
-0.800938258  
-0.5048646596  
-1.109686118  
-0.4086058853  
-0.8417450371  
0.5331623108  
-0.3536431288  
0.4903487613  
-0.07661364272  
0.02293710374  
-4.013254739  
0.6231876818  
0.1834518048  
-0.5462852978  
-1.017212368  
-0.8182785578  
0.1534359109  
0.907904603  
0.9127634614  
-2.279505454  
0.1709772674  
-1.359463611  
-0.5730830787  
-0.7848996081  
1.053211671  
1.0061865  
1.516455026  
0.5796122824  
-0.5973319278  
0.5742001858  
0.7957628369  
-0.1354941632  
-0.3971793651  
-0.04351647123  
1.567845822  
2.148005759  
0.3195797204  
1.175751701  
-0.4608108836  
0.07069133365  
-0.5814704086  
1.048064921  
0.08762607414  
0.2519504309  
0.07854933206  
-0.9249319873  
-1.259855342  
-1.502233749  
-0.7560287604  
