0.7535168149  
0.1000710955  
0.08964570542  
-1.308017887  
0.5585332225  
0.6336690572  
-2.300819909  
0.01907935248  
-0.1042293541  
1.108567563  
-0.4094949192  
0.232199441  
0.5342651854  
-0.07767763263  
0.5627892917  
0.668693822  
0.4499997239  
-0.1798682847  
0.01327465259  
-0.3164758354  
-0.8029155875  
-0.4411585488  
-1.63517922  
0.4306196923  
0.193952737  
-0.03451726741  
0.2873003296  
0.4164730606  
0.2619365332  
0.5586927999  
-1.87881372  
0.3109437962  
0.6953915285  
0.6318237389  
0.2229741761  
0.06383601199  
0.319208916  
0.5263378023  
-2.590331202  
-1.886013203  
0.03357235861  
0.006669033148  
0.3215776323  
-0.01388100657  
0.5940698688  
-0.06298795656  
0.2443233311  
0.2051533066  
0.5464934539  
0.4285239627  
0.1864400612  
0.2691983036  
0.376750256  
-1.553933101  
0.1711492863  
0.1028174884  
0.2209030351  
0.3695316634  
0.7139611995  
0.6207603866  
0.7911074998  
1.091301632  
-0.1652407485  
0.7291249088  
0.5015622809  
0.9219966382  
-0.1661938789  
0.2279537879  
1.02663166  
0.053619807  
0.2379797053  
-3.168893171  
0.8325548389  
-0.3556530627  
0.1141855764  
0.6202221053  
-1.953454195  
-0.833876464  
-0.3093491845  
0.1001637067  
-0.522269218  
-0.4526176714  
0.6272939335  
-0.8017474532  
0.3558446244  
0.007220541487  
0.287879195  
0.2787543409  
-0.4735450472  
0.5697767031  
-0.120466814  
0.5709075912  
0.7838312751  
0.4420728727  
0.5564050793  
0.2027833677  
-0.07807392368  
0.4781466798  
-0.7432612728  
0.7916804117  
1.559012547  
0.7009770751  
0.8342372005  
0.9747607161  
1.320866898  
-1.541433366  
0.01981736604  
-0.8598635215  
0.4965597761  
-0.7869386071  
0.0906348714  
-1.006474116  
-0.863633292  
0.1042920251  
-1.363822025  
-0.05040127577  
-1.093457318  
0.3480665925  
0.3337125785  
-0.9374950837  
0.07730369918  
-0.1510893532  
0.1499096844  
-0.9291459141  
-0.003015725503  
0.2880960317  
-1.553037754  
0.4542293193  
-0.6735061001  
0.2625410862  
0.7484040469  
-1.344218584  
-0.5782760292  
0.6886476407  
-0.09432751366  
0.2829452726  
-0.7299474184  
0.2020299699  
0.5403056277  
-1.917144888  
0.2834567351  
-1.123429908  
0.3658393417  
-1.373818962  
0.1833623039  
0.2707918433  
-1.107364805  
0.171996235  
-1.567959205  
-1.59382772  
0.7733184943  
-0.1824676535  
0.6538527819  
-0.561337633  
0.531663864  
-0.9421550575  
0.7662829029  
1.517694744  
-0.7174273762  
1.299237568  
0.1594455251  
-1.24017186  
-0.2939335786  
-0.03156508815  
0.7020186697  
-2.238469701  
0.8479416384  
-0.2408828482  
1.009939795  
-0.7712925609  
-0.03025110631  
0.4192158013  
-0.5662658266  
0.5972875186  
-0.5739245994  
0.7493495571  
-2.125789437  
-0.2858280886  
0.355949013  
-0.5186750286  
0.3159506223  
-1.591888035  
0.9985917348  
0.9014342852  
-0.1862897043  
0.8540143959  
-1.335004793  
0.2420371385  
-1.504964666  
0.872485101  
0.3636062039  
-0.2199331496  
0.5479319744  
0.4207399998  
0.6047082419  
0.7635739078  
0.8584105287  
0.6725921922  
-1.104051177  
0.6352773924  
-1.362465027  
0.3906216658  
0.7782036289  
-1.635042789  
1.343434954  
-0.4850352196  
0.5581309454  
-0.7819946592  
0.370248426  
0.2990377316  
-2.03999405  
1.244281868  
0.1559234487  
0.9473378699  
0.8221001259  
-0.5848571482  
0.8648602997  
0.4670368188  
1.253676177  
0.9451322303  
-0.2350976901  
1.283616734  
-0.8186941878  
0.9634764677  
-0.8241032274  
1.072960943  
-0.6248753475  
0.6370337522  
0.8723473989  
-1.986127276  
1.12923848  
0.5428242342  
0.9802839046  
0.7559916513  
-0.03953624124  
-0.1916818684  
-2.26276122  
0.1394851765  
-1.407869554  
0.349415616  
0.6783090195  
-3.414256177  
-1.499538303  
-1.302176157  
-0.1668432069  
-1.657375029  
-0.4563744318  
0.8003087277  
-1.530878325  
1.279273376  
-0.03323572981  
1.057629639  
-0.5987830403  
0.9058629841  
1.42891155  
-0.5788350237  
0.6742844698  
-0.7330207975  
0.3319386616  
0.5097374835  
-0.413632799  
0.4957585424  
-0.4841994527  
0.4760321344  
-1.782072592  
-1.541685607  
0.7174833222  
-1.381286853  
0.2204873949  
-0.9563463618  
0.4006328127  
1.10574806  
0.5375865625  
0.6783504511  
-2.021873942  
0.02378148342  
-1.090282625  
0.7439967566  
0.94866805  
-0.4457144479  
1.105958552  
0.6175164437  
1.024906003  
-0.1499074742  
0.6972918749  
0.9782859988  
-0.01679366278  
0.5571560441  
-0.3162785414  
0.1350005681  
0.1803809703  
0.2540167774  
0.2704515123  
-1.64204574  
0.7903800135  
-1.312809923  
0.2728735165  
0.7077779911  
-0.8751400229  
0.7694950713  
-0.4634469209  
0.5678371068  
0.614303652  
-0.3658569952  
0.8152911975  
-0.3080256672  
0.4234431266  
1.191764607  
-3.309086779  
0.4016887072  
-0.8176291933  
0.4348184004  
0.8315209202  
-0.7288673961  
0.8409459495  
-0.7922166261  
0.4060140465  
0.7797817568  
0.5454197179  
0.6610920362  
-5.141828564  
0.5879778606  
-0.004257766061  
1.241408369  
1.198184759  
-0.4610783417  
0.469981013  
-1.349515201  
0.8524552001  
-0.081281262  
0.6764623688  
0.5610011492  
0.6774714883  
0.3390726921  
-1.795214833  
0.8769551705  
0.2140202443  
0.866654819  
0.07021656864  
-0.07081753132  
0.6148775707  
0.5813641122  
0.5189496662  
-1.610576309  
0.1360470888  
0.2184344525  
0.33234852  
-1.656508346  
-3.528369377  
0.3891067534  
-0.9236714003  
-0.02452665599  
0.4422388641  
-0.3791766322  
0.1075412435  
-0.2396648288  
0.4077841023  
-0.5817784292  
-0.8255363573  
0.8383128168  
0.09463267974  
1.125579802  
0.8548624747  
-0.1749082026  
0.5273154587  
0.4345207131  
1.102395051  
0.3912826896  
1.185222272  
0.4879788955  
-0.702158088  
0.6908883385  
-0.415639542  
0.830210264  
1.116824631  
0.8766460751  
0.7900285719  
0.7347672795  
1.149092234  
-0.1985651965  
1.258341249  
0.2375715298  
0.2743682142  
-0.06629529942  
-0.3002066903  
0.5797226522  
-0.9978397441  
0.04484431919  
0.2094682167  
-1.014480547  
1.296217646  
0.9537314483  
1.163157912  
1.495660883  
-0.2834897761  
1.432710828  
-1.057499549  
0.8164431133  
-5.225341814  
-2.426882018  
-1.939355764  
-1.738839878  
-1.409019288  
-2.34861268  
-0.8513336663  
1.465589738  
0.9949259997  
-0.3106480725  
2.068212765  
2.069318988  
2.376389258  
