1.460076325  
-1.386423149  
-0.9918201169  
-0.6558685475  
-0.9671842489  
0.3003495381  
1.153927366  
1.547010852  
-0.3428105495  
0.5178923003  
1.049051999  
0.393910575  
1.010897767  
1.046502859  
0.07698911088  
0.04507980086  
-0.4695063509  
-1.060847563  
0.8680505929  
-0.4496256339  
-2.419741915  
-2.022733757  
-1.058357483  
0.3986460658  
-0.1146002535  
-0.9199559489  
-0.4784780121  
0.6875374348  
1.234650273  
-1.159093813  
2.135179908  
-0.02098380449  
0.08587463067  
-0.3913728042  
0.3611653706  
-0.5105359775  
-0.1644893391  
-0.3652604098  
0.7788031777  
-0.3867958852  
-1.202132626  
0.9985980082  
0.293037591  
-0.6808514824  
0.1419700539  
-1.080160317  
1.130506876  
-0.3924333967  
-0.8536957111  
0.2847603431  
1.358713853  
0.06979548409  
-1.595168688  
1.689668883  
0.2297235777  
-2.344221304  
0.3287694392  
1.39216346  
-1.122534809  
-0.3673426577  
-0.8757194767  
1.881800772  
1.18824443  
0.9268473327  
-1.750483615  
0.04801832694  
0.3480969284  
-1.204007849  
-1.241615959  
1.443698867  
0.2453184427  
-2.481831011  
0.00618101138  
0.6067358763  
1.044111777  
0.4503909011  
-0.9009320368  
-0.08128567186  
0.1618118573  
-1.413221325  
-0.8965603669  
2.527204  
-0.3982859356  
-1.40351009  
-1.092338272  
0.134274996  
2.292382879  
0.5321788102  
-0.502099941  
1.31900748  
1.135593702  
-0.2408123054  
-1.342421544  
1.64398435  
-0.7212088877  
-1.886778515  
-0.02203152979  
1.811969906  
0.1807088093  
-1.018433351  
-1.265649338  
-0.1201978216  
-1.092493704  
1.111931008  
0.520391646  
2.551871689  
0.3502110098  
0.1356278272  
2.43656619  
-0.4681262838  
0.1887896094  
1.613967272  
2.162388055  
1.006399452  
0.3477480329  
-1.019349305  
-0.06170815519  
-2.862461275  
-2.167815107  
-2.101657732  
3.403878646  
1.787983339  
-0.2022373354  
0.3016937643  
1.510370405  
0.5857147048  
0.4716509077  
-0.6902123618  
-0.1261677536  
-0.4769270729  
-0.3748152965  
-1.377386121  
-0.596524516  
-1.334261471  
0.539780378  
1.431243402  
-0.4418404623  
-0.5994689788  
-1.482800647  
0.5646112148  
-1.160162522  
-0.6954855973  
-1.099859577  
0.5713121963  
0.1116686007  
-0.5078489912  
-0.5830886763  
-0.4463534719  
0.3753456665  
-0.8535312302  
0.4222070766  
-1.021207307  
0.9104736897  
0.04537564602  
-0.03364120144  
0.6596710113  
-0.06163407023  
0.2435382822  
0.5102219683  
0.1239024969  
-0.3776013488  
-0.4880096109  
-0.637036226  
-0.4785318971  
2.000281573  
1.915269707  
-1.390503243  
-1.279283341  
0.03624723541  
-0.6030069065  
0.1376703756  
-0.9279823309  
0.2610502599  
0.6959075885  
-0.4752414084  
-0.02125164257  
0.5493868157  
-1.048835016  
-0.589383373  
0.06438960486  
0.4515422314  
-0.4366801083  
0.05409842682  
0.3348563254  
0.2464173352  
0.3960407856  
0.1133384658  
0.4980886753  
0.6257521659  
0.3407822572  
-0.3650982837  
0.6258077774  
0.644766005  
0.4854396297  
-0.1368908955  
0.507355683  
0.4592041542  
0.3560624422  
0.02188006399  
-0.3147945869  
0.07967212623  
-1.540910957  
-0.2623535122  
-0.4726476714  
-0.8656903933  
0.1862550612  
-0.4219648358  
-0.9421914573  
-0.4120087253  
0.4782844118  
-1.013857494  
1.125133687  
0.03309688799  
0.1071668594  
0.2984064091  
3.562595136  
-1.104443125  
0.04695485651  
0.9160894123  
0.2858997102  
0.0309004733  
0.1056744872  
-0.4539735939  
0.5882279154  
1.176502364  
-0.3375922261  
-0.425430663  
-1.159391953  
1.09505063  
-0.1153906433  
-0.4756675831  
0.2546603207  
1.136495082  
0.06123117205  
0.1185919816  
-5.7286497e-05  
0.3254640861  
-0.1487971201  
-0.253639066  
1.408545883  
-0.2617214445  
-0.1404415573  
-0.8100501786  
1.743736413  
0.5666010181  
-0.2095540858  
-0.2752489139  
-0.3963423519  
-0.00586291103  
-0.4327198767  
0.5294613933  
-0.5827396087  
0.05225151011  
-1.306346323  
-0.4455830291  
-0.1245139894  
0.1703602193  
-1.245232242  
-0.8460623158  
0.1994845949  
-0.7506642367  
0.03757295031  
0.08338643766  
0.9742598494  
-0.3826609032  
-0.2567013816  
0.2091001575  
3.607877556  
-0.1679087743  
-1.630664361  
-0.2486022418  
0.02028750558  
-0.7456606942  
-0.474350314  
-0.1310669629  
1.445792182  
-0.1711083733  
-0.9950039444  
-0.7334704023  
0.6428193845  
0.07875856477  
0.4071446665  
-0.1231510698  
-0.3341643091  
1.655683579  
0.2792274855  
-0.1921088884  
0.263033972  
0.329744203  
0.1540700641  
-0.5136480652  
-0.03406543542  
0.005657634123  
0.04472232614  
-0.04749527735  
2.534952024  
-0.3492939809  
-0.8177147664  
-0.4214967242  
-0.9238895572  
-1.129566222  
-1.522331763  
-1.213660047  
-0.7666620366  
-0.9840602339  
-1.193774503  
-0.401531479  
-0.585143228  
0.1582599971  
-0.4200043707  
0.1740819195  
1.200495921  
0.2397800218  
0.1919487611  
0.08401904137  
0.8167836865  
-0.5413601716  
-0.1103899489  
-0.5344522051  
2.226625165  
0.04995988431  
0.4071622142  
-0.03001625131  
1.075231717  
-0.576427056  
-0.9414487763  
-0.361447146  
-0.7086996594  
-0.5396097011  
0.1439967321  
-0.003581661751  
0.1449207891  
2.418123209  
-0.6410732639  
0.429290243  
-0.7764930449  
0.410766133  
-0.1765849481  
-0.940962128  
1.756757683  
1.742894723  
-0.3291067616  
-1.589492698  
-1.429008987  
1.809982059  
-0.3000337226  
-1.028536965  
-0.6945425252  
2.674204365  
-0.2543232948  
0.1883669665  
-0.3888092322  
0.07161621941  
0.0137229696  
0.2918002719  
0.1442532103  
0.9416571152  
-0.293357585  
-0.2287067422  
-0.9673493497  
-0.5253596742  
0.03449765217  
0.1976614136  
-0.5007828447  
-0.5837706574  
-0.04919497246  
-0.8914511817  
0.2768173747  
-0.3233643483  
-0.8281240179  
-0.2811041554  
-0.3957082514  
1.036021478  
-0.8208423768  
-0.2049936764  
-0.2509583936  
-0.3645004653  
0.4703428557  
1.635003999  
-0.5933778016  
-1.317047731  
-1.347705123  
-0.596948827  
0.2860203079  
-0.6950791999  
-0.5463152819  
-1.699293536  
-0.4275878614  
-1.052478488  
-1.329409716  
-1.083483372  
-1.789422253  
-1.248158879  
0.8943285758  
2.008551516  
1.664473245  
2.155671114  
-0.1260056582  
0.6792740029  
1.598476238  
1.37431964  
2.332992138  
1.379227581  
0.01972363531  
-2.168001374  
-0.2710674092  
1.294308845  
-0.492756622  
-0.6080827914  
-0.4693174496  
2.358226102  
1.14764823  
2.642879886  
1.442832183  
2.473493537  
0.1848741516  
0.3506235737  
1.100262774  
2.399449017  
0.3826682779  
0.1878979089  
-0.9708406417  
0.1346345097  
-0.7306256265  
-1.81855763  
0.5187699428  
0.5300922792  
-0.2347694609  
0.3374134435  
-0.08654240683  
0.3468423315  
-0.5927564295  
-0.178761605  
-0.3808397374  
1.138568636  
-0.04796774139  
0.08459468106  
-0.1435208877  
0.8218682595  
3.01725427  
-0.5774101216  
-0.7164794256  
0.3542287072  
-0.3794704466  
0.7198438249  
2.422503706  
-1.609821132  
-1.925099782  
-0.7536548308  
0.1901784233  
-1.019906477  
-0.7941177149  
0.2047479398  
0.5914602473  
-0.9259236409  
-0.3133153016  
0.1164085407  
-0.2656789404  
-1.674480324  
-0.3619714602  
-0.1076252411  
-1.149572235  
1.429464692  
-0.03885814521  
0.5502462879  
-0.1238475539  
-0.9106561123  
-0.1051611146  
-0.02200092605  
0.1134036054  
0.5067146901  
-1.345394004  
-1.794452877  
-1.680718153  
-0.1306388798  
-1.305903495  
-0.4226329539  
-0.7673041298  
0.353125212  
0.6041910904  
0.0618196443  
0.6296982721  
0.7260251067  
-0.009836080198  
-0.9822807222  
0.4231314497  
-0.7098396287  
0.2284067378  
0.1959802677  
-0.5060070256  
0.4146794713  
0.1434705162  
0.06676498532  
-0.6089092609  
-1.006275345  
-0.6576400269  
-0.3108332012  
-1.055246736  
-0.002126347286  
-0.1974232507  
-0.5195060372  
-0.9427109448  
-0.1183185776  
-0.4139491096  
-0.6702828156  
-1.321460774  
1.1392189  
0.4960676896  
-0.4104482776  
0.0493859199  
-0.9264318697  
0.1632401068  
-0.3850165227  
0.06675702523  
1.379538192  
3.699799475  
-0.03934133518  
-0.3154347507  
-0.5634376572  
1.768914684  
0.8737318718  
1.805258865  
1.151377078  
1.387028801  
2.350531672  
0.834125139  
1.796135762  
1.429482466  
0.4882047117  
0.8320707505  
1.069143209  
0.4009270803  
0.8351256669  
0.4195650564  
0.1129095476  
1.619475896  
-0.8599446477  
-0.7373180492  
-1.956246905  
-1.131282018  
-0.814327979  
-1.084312797  
1.349012745  
-0.5256090727  
-0.661144897  
-1.664885458  
0.2440060062  
-0.2053715982  
-1.102307293  
-0.4695109141  
-0.4156703586  
0.3027578402  
-0.668994569  
0.225268596  
0.635665597  
-1.048467275  
0.2150803939  
-1.045765502  
-0.8393183596  
-0.8666934892  
-0.5614837674  
-0.6081975696  
-0.1554959399  
0.2667135756  
-0.1000042747  
0.03204235806  
0.2709948155  
0.1277359069  
-0.00420251517  
-0.4923039578  
0.01651246022  
-0.1572356277  
0.2505072665  
-0.1301000917  
-0.7447073985  
-0.08584883061  
-0.3156165172  
-0.3379018178  
-0.01731444658  
0.5599329992  
0.2950474167  
0.6335341862  
0.1287472155  
-0.1150955766  
-0.05627417106  
0.7207540951  
0.4971031727  
-0.2776302862  
0.06159610845  
0.7989106512  
0.8263904765  
0.3991842104  
-0.1126196147  
-0.7503561862  
-0.4292430472  
2.234974561  
-0.7214980775  
-0.8550106317  
-1.750885964  
-1.532120049  
-1.804003828  
-2.534948395  
-2.107213005  
1.942572353  
-0.2891968118  
-0.0174932528  
-0.2573486613  
0.1987118274  
1.669791975  
0.6700022395  
0.8388331018  
0.3055365593  
-0.09377123735  
0.1286025486  
0.305390207  
0.4668734099  
-0.1349116385  
0.1641879155  
-0.08947349951  
0.1618423806  
0.8511213454  
-0.2679701327  
-0.4868993528  
0.003753760145  
0.2097991855  
0.3761410702  
0.2961546581  
-0.05201886196  
0.2922851058  
0.102889135  
-0.4280810728  
0.06545216472  
0.7728662906  
-0.1598475744  
0.08983655972  
-0.1254454632  
-0.2411761098  
-0.5446850845  
-0.3075928984  
0.3064584302  
0.3996397483  
0.4979659096  
1.519699508  
0.4977580062  
1.474829731  
0.2685989707  
-0.1786485889  
-0.4277246093  
2.399545409  
0.3158242218  
0.1208145743  
-0.5498594956  
-2.564422145  
-2.130246208  
-1.832991752  
-1.56845347  
0.02185155342  
1.055447728  
4.440258102  
6.151867853  
5.128711605  
-0.05227992117  
3.465899151  
0.6733400851  
0.418896339  
1.252578334  
1.488338319  
-1.865849631  
-2.389866687  
-1.90872446  
-2.532853155  
-2.361405185  
-2.289802695  
-1.6177999  
-1.260157803  
-1.697151193  
-2.556984541  
-1.482999863  
0.1393572773  
-0.7869557667  
-0.1511075634  
-0.4844502299  
-0.599810648  
0.4141076428  
0.6710579458  
-0.3225094713  
-0.2175366451  
0.7969791967  
0.07341364546  
1.081432127  
-0.4833677933  
-0.7244571061  
0.7330681532  
1.425233058  
-0.01900348386  
-1.263927777  
0.453768767  
-0.1972909507  
-0.580343941  
-0.4807859475  
1.979740136  
1.983470737  
0.171479714  
-0.01059627229  
1.118360628  
0.04426384447  
-1.517912598  
-1.899329102  
-1.67392012  
0.4689448637  
-0.4100844938  
-0.3107790195  
0.5864044756  
-0.7745967042  
-0.67547206  
0.5350847499  
-0.1546209452  
-0.3493085664  
0.06207991662  
0.2485022622  
-0.4719702558  
0.01882050681  
0.2791209046  
0.1451941991  
-0.3192375934  
0.5635298376  
0.8747716716  
0.6102219721  
-0.4543992599  
-0.0603640859  
1.044892413  
1.025797846  
1.097416074  
0.3538663455  
0.5501499646  
0.6838416907  
-0.2724373  
-1.072817631  
-0.06988752489  
0.2673250026  
-0.3005684037  
-1.074683984  
0.1681746648  
-0.1689011372  
-0.671108849  
-0.9657008609  
-1.166245368  
-0.07211628813  
-0.3256460941  
0.06295608237  
-0.1849283108  
-0.2179606398  
0.4377731451  
0.3043755689  
0.9866353302  
0.3882314065  
-0.1651137498  
1.022701079  
-0.3436168808  
0.4269610011  
0.328377232  
-0.04815897479  
0.8318992105  
0.4403545279  
0.2478650361  
-0.0878928817  
-1.127686066  
0.4555918407  
0.3840674372  
0.2763906737  
0.9954833508  
0.948629503  
0.2928963303  
0.3071978187  
-0.1927831201  
0.001377483086  
0.1307972994  
0.1874319532  
1.293720685  
-0.4771063952  
-0.46353579  
-0.755147611  
-0.08228765965  
-0.2789816432  
0.02964078103  
-0.3757925971  
0.6565266299  
-0.4449657273  
0.07241261141  
-0.1012396025  
0.6198979759  
0.5726008186  
0.2072243925  
0.06280516361  
0.499610247  
-0.3696270364  
0.1228941091  
0.03353937853  
0.6649582952  
-0.1343471081  
-0.503613326  
-0.8971157789  
-1.050579828  
-1.952355958  
-1.743198795  
-2.057998134  
-1.422361914  
-1.207164191  
-2.060698583  
-1.646737329  
0.657418673  
0.8841850111  
0.2096170119  
0.356472267  
0.1887200457  
-0.4465468502  
-0.3535086644  
0.1321270883  
0.08075873413  
-1.176296063  
-0.4697478069  
-0.5323520829  
0.04822538983  
0.4155902986  
0.09613050322  
0.4904167107  
0.7469173154  
0.2584529235  
1.02813904  
1.332103825  
0.4439999765  
0.6654510463  
0.4482191716  
0.5912113414  
-0.09567631236  
1.662653813  
0.5105740624  
1.093321189  
1.229029036  
0.9929524659  
1.090671765  
0.8419553339  
1.18823186  
1.128728622  
0.2120992537  
0.4016392068  
-0.5841353223  
-0.7674544672  
-1.024665309  
-0.2861475732  
0.3314289966  
0.3504457541  
-1.03437132  
-0.7010210524  
-0.2573228007  
-0.9623831525  
-1.048372499  
-1.622961378  
-1.389997786  
-0.7626749621  
0.8999747551  
-1.040095734  
-0.8180648155  
-0.3818533208  
-0.6921269416  
0.4856113949  
-0.05531386906  
-0.2631522101  
-0.831214537  
-0.3903572114  
0.1026091492  
-0.6810854036  
-0.8350188583  
0.2299970873  
-0.5785679808  
0.185681503  
0.513282176  
-0.2448280948  
-0.05089741539  
1.014901091  
0.6359016913  
0.8944350681  
0.5317598629  
0.7786361144  
0.2962786503  
0.01985065637  
0.3155563767  
0.2098624618  
0.2680162106  
0.435083328  
0.6866127506  
-0.2603932911  
0.9754749312  
0.1943822339  
0.1392959843  
-1.263123608  
-1.898790801  
0.3771285526  
0.4189899597  
0.2965041437  
0.5171080659  
0.8483859387  
0.1232145886  
-0.5127488889  
-0.888684067  
-0.3046532281  
-0.6607408826  
0.2329699221  
-0.2608136512  
