0.02219708339  
-0.4587485105  
0.6419193546  
0.3549714737  
0.08640882477  
-0.7705832989  
-0.2144869223  
0.2314976102  
0.2178700772  
-1.154928108  
1.010850259  
0.7986562398  
-0.2534796787  
0.5405162735  
-0.03006958443  
-0.4981099393  
-0.856703007  
-0.8702363638  
2.041490655  
0.4205718177  
-0.6658182617  
-0.482262946  
0.4271428884  
0.009187771832  
-0.07786375371  
-0.7562416117  
0.7336444251  
0.7904982444  
-1.002677756  
-0.02887342045  
-0.4500148837  
0.7696420389  
-0.6832295657  
-1.672954633  
0.1428974703  
-1.212883524  
-1.095845499  
0.1414279154  
1.360691229  
0.6632649021  
0.3343086989  
2.617582708  
0.1802290891  
-0.3860423488  
-0.902429624  
0.08809325338  
-0.8038087013  
-0.7468327054  
-0.2323608104  
1.96973925  
0.5270865214  
-0.9107199391  
-0.01994615903  
1.245197131  
0.6238578835  
-0.9720888027  
0.08552594434  
1.419857241  
0.9758168355  
-0.2343903487  
-0.02142833421  
0.5490182294  
-0.4294434394  
0.4597237359  
-0.5825218712  
0.2299657412  
0.4893489162  
-0.2721605977  
-0.6333133304  
1.486993135  
-0.1687437631  
-0.4278964459  
-1.899339808  
-2.352011564  
0.5564922051  
-1.02903333  
0.3846307109  
-1.447389719  
-0.628280348  
0.06744373921  
0.09204819127  
-1.133650008  
-0.6458238949  
-0.9792777586  
-1.159344537  
0.1041897216  
0.6696579633  
-0.8062249272  
0.08698447455  
0.3230627229  
0.6010858912  
-1.219432979  
-0.8211110776  
0.05451660052  
-0.04628149168  
-0.7027524148  
-1.305656114  
1.620210886  
-0.4009353998  
-0.5319822296  
1.289791575  
0.566071237  
-0.3504323125  
-0.02951590688  
1.382050311  
1.882325578  
1.236477689  
3.202995657  
1.163384852  
-0.04066857616  
-1.14745987  
3.033701609  
1.01926133  
-0.9996320847  
-1.289664343  
-1.182620229  
-1.101344454  
-1.127700806  
-0.142771873  
0.1918725285  
3.716973636  
2.894761226  
0.4935947463  
2.162672122  
0.7382573852  
0.7309429714  
-1.055484116  
0.6494757876  
0.186541615  
-0.3663482461  
1.083500186  
-0.5424219371  
0.3807259029  
-0.04510140416  
0.5424531346  
0.2225137795  
0.02794164782  
-1.177542974  
-1.489140107  
-0.8085638259  
-0.6106346038  
-1.092138072  
-0.273483615  
-0.2158885542  
0.1481959683  
-0.1870751163  
0.3169854436  
0.6010330283  
0.8252576224  
-0.4647327511  
-0.05945892243  
-0.8115428904  
0.1593326042  
-0.9782649044  
0.2020994741  
-0.2486901043  
0.4565227887  
0.3666082061  
-0.730023359  
0.03401573381  
-0.1447327543  
-2.088169637  
0.1189861549  
-0.5880684912  
2.460751379  
0.8562806212  
-0.04252889013  
-0.5973464608  
0.533725324  
2.078020003  
-0.02778085215  
-0.7045294461  
-0.7202169454  
0.3670173584  
-0.475243341  
-0.4812479152  
0.4260342346  
0.6394622535  
0.9331074974  
-0.140654268  
0.1424470595  
-1.050068209  
-0.2022442345  
0.3604615993  
0.1397552362  
-0.1340849361  
-0.6043324005  
-1.845969224  
2.418810545  
0.3537407932  
-0.4251846215  
0.07330536503  
-0.687014141  
0.07312051991  
0.3849665806  
0.6387525903  
-1.579634613  
-1.310819972  
-0.255513307  
-3.451566853  
0.6275459919  
0.2322218204  
0.5817286963  
-1.433912498  
0.06554837921  
-0.02292326656  
-0.268991237  
-0.4196774992  
-1.096563327  
0.9997788277  
0.7525090096  
-0.1390930386  
0.2271010088  
0.5524264794  
-0.1650333235  
2.369878867  
-0.04893658283  
0.6408816419  
-0.9799338779  
0.6132019104  
-0.7387015112  
-0.7025771332  
0.06469904902  
0.2237142502  
1.317520795  
-1.362506372  
0.06183734917  
0.08631420266  
-0.3462794861  
-0.3562481158  
0.2156515263  
0.9196011047  
0.6574868458  
0.001776753842  
-0.04403964543  
0.3379406638  
0.5504174052  
-0.4215062229  
0.4152637038  
1.734869449  
1.043323154  
-0.00886684658  
0.1615222261  
0.5326661966  
-0.2158056166  
-1.930940112  
-0.5274802177  
-0.8416548615  
-1.185686635  
-0.5903172407  
0.8796229013  
0.5506810436  
0.3415142782  
-1.328055858  
0.01689515131  
-0.6560869382  
-0.579307708  
-1.000532539  
0.6194784332  
-0.460723711  
-1.026235981  
-0.3399123147  
-0.3967135873  
0.3970050337  
-0.8688478852  
-1.342757759  
0.0885001439  
3.255651115  
-0.4989579409  
0.3672357431  
-0.1229487245  
-0.190274463  
-0.7409525672  
-0.9214197832  
-0.8478882742  
2.59235327  
0.2116547092  
-0.5858774544  
-0.1914001954  
0.8132986919  
0.09248939152  
0.226832691  
-0.5314690467  
-0.8629253639  
-0.1509923211  
-0.8029990734  
-0.7775912977  
0.1047714899  
0.1935905287  
-0.8692966084  
-1.488933292  
0.5148047697  
0.3207902024  
0.3316509738  
0.1011980421  
1.963121296  
0.23867874  
0.2043060439  
-0.01296983088  
-1.826048168  
1.791175944  
1.30245752  
0.4534159784  
0.6724175583  
0.1344401755  
-0.07877573785  
0.02681976768  
0.5202585925  
0.09484918869  
-0.6700145873  
-1.571872614  
0.8268241194  
-0.4709699873  
-0.544891148  
-0.878060121  
0.7760919385  
0.3557735656  
0.1632707003  
0.2461730023  
3.643817799  
0.9110034662  
-0.2370691493  
-0.3852214414  
-0.8832323031  
0.2129743488  
-0.09651085669  
0.537346976  
0.2202467079  
0.577850795  
-0.01525178559  
-0.3359559188  
-0.323884274  
1.550115589  
-0.398814752  
-0.8452014044  
-0.4101220074  
-0.07233925477  
0.03528666286  
-0.6744761742  
0.6489085262  
-0.05741955507  
-0.1418536466  
-0.5143335929  
0.1377876197  
1.145549862  
0.2581554494  
-0.1243274702  
0.751053347  
0.9117174486  
-1.482803543  
0.4877880491  
-0.4710256199  
-0.6051330443  
-0.8676758538  
-1.022299037  
-0.2473773555  
-0.006949330663  
-0.5324425956  
-0.7553506146  
0.3020251381  
-0.7714819809  
0.2936957525  
0.9794797492  
0.2692060225  
-0.3720897287  
-0.4328568325  
-0.1200099726  
-0.001997953246  
-0.4804722665  
-0.9878717046  
-1.566865878  
-0.39954652  
1.482074769  
0.2914266486  
-0.09406347837  
-0.2538121582  
-0.1956127768  
1.011793729  
2.669800114  
-0.4615731696  
-0.2372193168  
-0.9169018081  
0.1627354452  
0.0125277516  
0.07546862723  
0.5314220143  
0.3497847188  
-0.7420338135  
0.4535201014  
0.1212199746  
0.07343085111  
-0.06642492609  
0.2690183762  
2.613157226  
0.9240165066  
0.8503272677  
1.233964206  
-0.4489521276  
-0.272873004  
1.37972702  
0.3446150063  
2.001119032  
-0.2077651811  
-0.5720430729  
-1.392663471  
0.3491328651  
1.813434947  
0.2248651473  
-0.05188073199  
-0.1259858619  
-2.773033017  
-1.163303716  
-1.050051706  
-1.004921318  
-2.640067633  
-2.32878348  
-1.0509673  
-1.794377753  
-2.804040591  
0.4566269817  
0.8476892297  
0.1051057603  
0.2946247562  
0.9449397026  
0.1665225368  
-0.3259550128  
0.2905674633  
0.3534988683  
1.595532381  
0.09524438101  
1.687759201  
0.8060481275  
0.2115159383  
1.221303123  
1.703259446  
-0.5719094288  
-0.8363933873  
-0.4535950014  
-1.053692298  
0.03299297204  
-1.098251785  
-1.79943221  
-1.082427749  
-1.424429436  
0.5851823398  
3.020310091  
-0.5829169038  
-0.9628739826  
-0.5519782477  
0.3964814906  
-0.434319573  
-1.181209036  
0.2741273945  
0.693583875  
-1.421692098  
-0.8157123183  
0.135926183  
0.4407638885  
-0.2353482946  
0.1076554282  
0.18961907  
0.06146355523  
1.741368566  
-0.9311398349  
-0.4229909453  
0.03970485539  
1.072963271  
-1.509379179  
-0.1752763559  
-0.6611630299  
-0.3876221064  
-0.5573284354  
-1.242342579  
-0.2582183645  
0.1433190129  
-1.369160478  
-0.1205328239  
-0.8812638117  
1.141665832  
0.8888051352  
0.3097763277  
0.8116504706  
2.230385023  
-0.5698528529  
-1.19768165  
-0.9306931865  
0.3131448847  
0.1323571508  
-0.3227069565  
0.1243907383  
0.4126393364  
-0.248842713  
1.326922746  
0.8492827305  
-0.1888544289  
1.661789785  
1.97205321  
1.276063272  
2.202483352  
0.04651626627  
-0.5596074423  
0.8676712218  
1.435639869  
1.16654452  
0.65033125  
1.034031398  
-1.03957734  
-1.190800147  
-1.348861068  
-2.57144852  
-0.3749002791  
-2.002805634  
-2.16075002  
-1.905705262  
0.862538566  
2.237351646  
0.4661558407  
1.395318737  
0.887649928  
-0.03244081149  
0.5304595411  
0.6070160322  
-0.1828052802  
0.476289315  
0.1406384899  
0.01423096661  
0.5748786648  
0.1488374896  
-0.7070031881  
0.3515770476  
-0.6396582514  
0.06481695891  
0.1495878114  
-0.5841010427  
-0.8422534708  
-0.1693568665  
-0.3104554898  
-0.6069027359  
-0.5511486179  
-0.5176814801  
0.8675960794  
-0.6682097629  
0.311572177  
-0.0534198759  
-1.278303312  
-0.953929873  
0.5516896161  
-0.3290297768  
-0.1239476632  
0.8114268665  
0.3917166792  
1.162986108  
-1.300512681  
-1.313885382  
-1.997243612  
-1.363909221  
1.194271807  
0.172500008  
0.1192983707  
0.02554646856  
0.4618551102  
0.8535641212  
-0.8005780991  
0.5223725818  
0.4066077011  
-0.07164792913  
1.48179589  
-0.008818002683  
1.182174922  
0.6379745483  
0.1115664748  
0.3656514814  
-0.1690711838  
-0.153202234  
1.22885035  
0.6975166833  
0.08343905766  
-0.1600075888  
0.5914380119  
-0.1971911585  
0.5927924246  
-0.104315026  
0.3229714249  
0.8460784576  
0.03573715189  
0.3851991558  
-0.1895301923  
0.6501776985  
0.9637043798  
0.4046780908  
-0.1446231662  
-0.04203949808  
1.681270573  
-0.6363374877  
0.5716502683  
2.417895872  
0.3890444298  
-1.981112326  
-1.680330026  
-1.881879206  
-1.8047363  
-0.9713384877  
-1.734183423  
0.5764497807  
-0.5961303423  
-1.06041725  
-0.5757523051  
-0.5639045506  
1.872593344  
0.2243753718  
-0.2958997431  
-0.3145821163  
-0.01180781209  
-0.5274995839  
0.5327343072  
0.6914637527  
0.01641458834  
-0.8235278306  
-0.1704081098  
0.4943157937  
0.393891445  
-0.4588068461  
0.08091236812  
-0.5573500808  
-0.3336163875  
-0.02029787957  
-1.073523954  
-0.17974083  
0.4481392902  
0.3895804773  
0.09487473021  
0.1489433495  
-0.4547960064  
-0.08836167282  
0.176382208  
0.3450739158  
-1.48496718  
-0.7253603916  
-0.4592406534  
-1.049567077  
-0.01198249147  
-0.05895611193  
0.1937589625  
-0.01634115007  
0.9512339301  
-0.9870986728  
-0.2677337477  
-1.13456085  
2.600294367  
0.4134211103  
-0.03883777557  
-0.293369973  
-0.8990086775  
-1.270334768  
-1.701534012  
-1.910966197  
-2.158503796  
1.121726659  
5.091362861  
7.29492789  
7.147289833  
-1.193006672  
3.163371539  
1.101143753  
1.058065113  
1.56248299  
2.285927946  
-1.3716428  
-0.7564108557  
-0.7552170735  
-1.640052451  
-1.575528783  
-0.8537172648  
-1.305316475  
-1.423376773  
-1.047781214  
-2.215764073  
-1.367282832  
-1.266005358  
-1.060960918  
0.1561033726  
0.5816164215  
0.506649848  
-0.783097915  
0.8211607563  
0.1352551605  
-0.5429843871  
1.047210513  
0.9075121155  
0.009048554518  
-0.6691944304  
0.2241556499  
-0.6132814138  
-0.6825424611  
-0.4189395723  
-1.103911986  
-0.7668658543  
0.04740933077  
-0.2719074685  
-0.1289990694  
0.7020147073  
1.518337947  
-0.01548704851  
-0.7854272771  
1.346793049  
-0.0824619718  
1.016203906  
-0.2906939283  
-0.1682575666  
1.260771611  
-0.8295751143  
-0.1307419234  
0.6699131074  
-0.4846011291  
-0.4421460029  
0.3079827055  
-0.07996149259  
-1.091224501  
0.1051753894  
0.2364736188  
0.2559955564  
-0.2368533882  
1.18597371  
0.5936076498  
0.4013184959  
-0.6665141174  
0.4860697697  
-0.06441437  
-0.67019182  
-0.3143809547  
-1.440563917  
-0.1821565197  
-1.275665601  
-0.1466940468  
0.1089037796  
0.5378385848  
-0.6036994116  
-0.1928581696  
1.032512379  
-0.6690906854  
1.0141196  
-0.8454233372  
0.5665296586  
1.076711078  
-0.1928114568  
0.05690796341  
0.6652439905  
0.2785089681  
-1.042758142  
-0.3201660079  
-0.8754664596  
-0.8122495562  
0.1998976442  
0.07813940318  
0.4401227652  
-0.3353847913  
0.2448550401  
-0.347915576  
0.121781286  
0.4850639451  
-0.2444200299  
-0.3678954733  
-0.1074843049  
0.1037268371  
0.5192584127  
0.0686055042  
0.05313436383  
-0.1450516061  
0.1811458471  
0.8753857383  
0.01631012201  
0.1331012532  
0.2063132887  
0.1414754322  
0.283794827  
0.1012400712  
-0.5274061819  
0.2006437306  
1.89900622  
-1.582191055  
-0.3261281643  
-0.2773941156  
-0.6803539706  
-1.006776763  
-0.2425805003  
-0.5615947588  
0.4828929248  
-0.4425429645  
0.3247686915  
-0.4171149595  
0.149488595  
-0.3042394893  
0.2874045533  
0.8637175588  
0.5839481372  
-0.06708398713  
-0.01997231862  
-0.3674327685  
1.904855435  
0.4629314602  
-0.7458321198  
-1.006059929  
-1.48331262  
-1.746061774  
-1.167349794  
-0.5954538847  
-0.1905537084  
-0.9413094325  
-0.3891449481  
-0.9459276672  
1.037599376  
0.07517524463  
-0.3944614666  
-0.9260138094  
-0.06032351184  
0.06907427421  
0.2329017549  
0.2433964976  
1.046889814  
-0.2729179592  
0.8323996025  
-0.1939025507  
-1.259863854  
1.398450733  
0.8937654255  
1.456963556  
-0.535984085  
1.173889783  
1.757760696  
0.3023298993  
0.2357125655  
0.7533399527  
1.533057496  
0.5382282402  
-0.07846021291  
0.3209104962  
1.189279772  
0.4015299517  
-0.3719886256  
0.2379054984  
0.4669738095  
0.3199302857  
-0.2282638472  
-0.2375560303  
-0.643187244  
-0.6378239732  
-0.4082087205  
-0.7610424395  
-1.958430909  
1.004436222  
-0.533823363  
-0.5031401969  
-0.5311782955  
0.01675440752  
0.7247106193  
0.5865089124  
-0.4714161038  
-0.8794893654  
0.2389016537  
-0.2497908127  
-0.3222593784  
-1.358078655  
-0.9312761065  
-1.174588998  
-2.143313682  
-1.059846821  
0.6110596995  
0.07122488502  
0.2560484325  
0.4756085774  
0.546162272  
0.9951148883  
0.8927029806  
1.545278048  
0.979842075  
1.215836595  
-0.5160089625  
-0.1579710085  
0.1520311531  
0.5242972564  
-0.1402877532  
0.3063836459  
1.370574733  
0.02104127526  
-0.4453504296  
0.3216249619  
-0.1544346434  
-0.5613393649  
-0.2057260723  
-0.2169960611  
0.744202656  
1.15464061  
0.7138625067  
-0.02720096135  
-0.01530027663  
-0.4272707592  
-2.005558034  
-0.2200891075  
-0.7423492742  
-0.3368268626  
0.8821038328  
-0.3147667237  
-0.3106293849  
0.1734493099  
-0.3962428809  
0.4801572806  
-0.6186207824  
0.2097737557  
0.5764204145  
