1.713589226  
0.001898494438  
-0.7301470123  
0.3892841596  
-0.05418626002  
0.008703785312  
0.09964650783  
-0.3284808579  
0.2199455862  
-0.2170302088  
0.6325069663  
0.2667251277  
0.09345331771  
0.4426685418  
0.2731243876  
0.6240294709  
0.4076542602  
-0.5564124245  
0.4753161556  
0.4608905619  
-1.241561126  
-1.119654761  
-1.673497563  
-1.796343822  
-1.432496966  
-0.981356721  
-0.04243368164  
0.0264263116  
0.8587810316  
-0.02370176788  
-0.2657638776  
-0.6124434342  
0.1772170112  
0.3722341908  
0.2563459777  
-0.298813149  
0.08225643855  
-0.5074351572  
-0.1217979131  
0.2831054753  
-0.7280707701  
0.5798058683  
0.7183107611  
-0.202796907  
-0.1120955296  
-0.4475201442  
-0.1745908942  
0.05028195156  
-0.02267742778  
1.39391866  
-0.1805824094  
-0.2393140319  
-0.6177508895  
0.627941703  
-0.6887042624  
-0.704872794  
-0.6352983664  
0.3068453262  
-1.075110508  
0.2577589432  
-0.9018038064  
1.205120197  
0.5968200131  
0.02145295591  
0.4897142892  
0.9043746386  
-0.8248474487  
-0.3250702809  
-0.9647562485  
1.547276765  
-0.7149040247  
-0.5261564313  
1.282442463  
1.897873298  
0.1334444052  
-0.2225887801  
0.1559740289  
1.322018779  
-0.7146184999  
0.193075022  
0.3674316761  
1.771269902  
1.13444659  
-1.194054708  
-0.4446661735  
0.7931233636  
0.3946603334  
0.1603084515  
0.538482057  
2.638085393  
-0.4197903205  
-0.1163969436  
0.1838654913  
1.584040291  
-0.6160570995  
-0.062289887  
0.7924712401  
1.546412689  
-0.9594419389  
0.5648226908  
0.4743808413  
0.3713532237  
-0.03306899479  
0.0586918179  
0.4290485566  
-0.07111555325  
-2.552313264  
-4.495887288  
0.1713564712  
1.700359895  
0.5872776283  
-5.722809309  
2.328607334  
0.2534969217  
0.3486718373  
0.1370920965  
1.888860575  
-0.7503824804  
-0.8042215657  
-1.206037427  
-2.423771515  
-4.117452276  
-4.447386522  
-2.443091833  
-0.7837531441  
-0.02834163298  
0.01271024255  
0.7208822315  
1.436974423  
0.2351024553  
-0.2265631293  
-0.01900973036  
1.421220994  
0.1932930034  
0.8492659964  
2.680520075  
0.5779273987  
-0.2076147966  
0.86974466  
0.02461164189  
-0.1159584953  
-0.4372314373  
-0.1473791742  
1.033658616  
-0.4456384896  
0.1480607613  
0.1763861817  
1.392519445  
-0.1558067716  
0.2760365457  
-0.1224001594  
-0.1516132078  
0.06608010012  
0.55087383  
0.1642591629  
0.809682775  
-0.1964889744  
-0.2658613613  
-0.3994358886  
0.644285525  
0.5705680279  
-0.2005903514  
-0.01776618282  
-0.318315452  
4.805815139  
0.4537435259  
0.1417891054  
-1.141360072  
0.8643040289  
0.5337263487  
0.1804192332  
0.6232247611  
1.359342355  
-0.2925188898  
-0.468470798  
-0.3668871972  
-0.4915670491  
-0.6740314395  
-0.7017155223  
-0.237484382  
-0.1861726155  
-0.7370341331  
-0.4114858345  
0.6572162234  
0.1212025892  
-0.7764185674  
-0.3438248936  
-0.6581414352  
1.780324683  
-0.5888501788  
-0.7697911357  
-0.944453924  
0.06938417242  
-0.245561382  
-0.2190692439  
0.04401487276  
0.2141261965  
0.6332237901  
0.09979954265  
2.13361303  
-1.036291337  
-0.3698235173  
-0.5169722969  
-0.0735565706  
-0.9659916926  
-0.5337588338  
-0.2649840958  
-0.2168282189  
-0.5824296171  
-0.4073952029  
-0.852492175  
0.4222828016  
-1.107743867  
-0.7397464972  
-0.7752624002  
1.813853929  
-0.46453324  
-0.2868948541  
-0.6913290772  
0.740682736  
0.1230147993  
-0.1581287296  
-0.2813662835  
0.1745418983  
0.06638188992  
0.3317405696  
0.903052879  
0.8167769022  
0.241290758  
-0.01127231226  
0.09974453038  
0.1830864944  
1.727000251  
0.9775007145  
0.2880538561  
0.4951537636  
1.411948155  
-0.0423991787  
-0.387530638  
1.847349169  
1.036039546  
-0.1895520008  
-0.7625976592  
1.623348639  
-0.486622155  
0.002526844162  
-1.558886735  
-0.5565429022  
-1.186388185  
-0.7231745536  
-0.7448627031  
0.6885959725  
-1.055883896  
-0.8002481836  
-0.9673865326  
1.078927092  
-0.835455957  
-0.8010655262  
0.001401821101  
0.19587636  
-1.047735444  
-0.0785870036  
-0.3090632816  
0.05134409247  
-0.2083390044  
0.1960404358  
-0.3108596391  
3.147867318  
-0.5087089522  
-0.7474266516  
-0.5269797214  
0.5401577551  
-0.6592603369  
-0.6507133977  
-0.5179216831  
1.520567439  
-0.0850338414  
-0.1958363456  
-1.013664816  
1.019016637  
0.642346022  
-0.5914795009  
0.1467601729  
0.02329856962  
1.356654879  
-0.01120610979  
-0.001048617532  
0.3602731072  
-0.06684959749  
0.4946184723  
0.07701617728  
0.7557731736  
0.6999446664  
0.01538428605  
0.9233207554  
3.717244445  
-0.6954868023  
-0.5667154304  
-1.310478654  
-0.07348159168  
-1.152564934  
-0.5559032691  
-0.9240532392  
0.2801222922  
-0.735980918  
-0.8430515318  
0.1087604928  
0.4455460353  
-0.2041338869  
-0.6793092911  
-0.8767614701  
-2.349144454  
-1.217324747  
-0.660061309  
-0.2664713212  
1.59341121  
-0.3993846167  
0.1695721313  
-0.447602091  
2.263876445  
-0.184921968  
-0.6918993198  
0.4275762468  
1.513263002  
-0.4565568169  
-0.7235528062  
-0.03795047642  
0.9113408057  
-1.045473798  
-1.06588327  
-0.2871007536  
-0.5635632504  
2.321744787  
-1.080095732  
-0.6103738638  
0.1353818061  
0.4048114366  
-0.6095435372  
0.1057398176  
0.6678777791  
2.290329131  
-0.1791591908  
-0.9456955604  
0.2933498479  
1.292333234  
-0.7894467983  
-0.3954929494  
-0.7572639298  
2.960273006  
-0.3300372523  
-0.1927520119  
0.7145488259  
0.5823591033  
-0.5359421087  
-0.134295129  
0.1406906448  
0.8217995457  
-0.668253831  
-0.2242805058  
-0.4429129792  
-0.01359071432  
-0.8911089254  
-0.3864365703  
-0.3381975618  
0.4295160612  
-1.08326999  
-0.2922831691  
-0.1456511846  
0.3537154022  
0.04169140884  
-0.03034713656  
0.1056548526  
-0.4761459175  
-0.7732612527  
-1.114751133  
-0.7435185189  
-1.118410172  
-0.7467729287  
-0.4718596521  
-0.4383731632  
-0.8330310006  
-1.320053944  
-0.0473820541  
-0.6004270634  
-0.3064941742  
-0.53181477  
0.1576510448  
0.3365301692  
-1.080056589  
-1.2225521  
-1.002619282  
-0.5053979462  
-0.5502792922  
1.13267189  
2.886227552  
1.393641307  
1.174233788  
0.7399122775  
0.9932254501  
0.7997367918  
0.1265253165  
1.172533251  
0.9781914112  
-0.512259298  
0.08022174183  
0.1754914602  
1.573302335  
0.2082876916  
0.2220828626  
0.3016384002  
0.809049745  
1.409045085  
-0.03343146319  
-1.044400958  
1.526351318  
-0.2369827796  
-0.236479119  
-0.2768793137  
0.02994165626  
-0.07719060059  
-0.5257169976  
0.2028662585  
0.6891082112  
0.1899604384  
-0.2856852628  
-0.06658325067  
-0.3142966349  
1.116857937  
-0.05981046912  
0.1213758797  
0.7534526973  
0.0951130222  
-0.3857162407  
1.116505055  
1.470743036  
0.3550635905  
-0.09724924061  
-0.246852186  
1.86457068  
2.0972009  
1.511179824  
-0.3578334147  
-0.4681187659  
-0.7390867873  
0.08933739787  
3.536646229  
-1.361612067  
-1.789412288  
-0.3460118344  
-1.26987126  
-0.9029425127  
-0.9344319452  
-0.4590581037  
1.620464855  
0.11629771  
-0.9325637291  
-0.4708939795  
-0.3601921558  
-0.02688599104  
-0.1199608061  
-0.6451598201  
-0.4284725546  
0.9759687423  
-0.4764838508  
-0.1955221236  
0.1549362115  
0.3843913564  
-0.7328863352  
-0.6055276522  
-0.1382263006  
0.3648448487  
-0.815565158  
-0.9249568104  
-0.9136979985  
1.218644147  
-0.4611837513  
-0.1448858734  
0.2583800948  
-0.09302911182  
-0.8638356437  
-0.6767973488  
-0.623796153  
0.3095796701  
0.04758554568  
-1.112214205  
-0.5251510194  
-0.2804888479  
0.5871394161  
-0.5549536273  
-0.6666808407  
-0.0489574501  
-0.8880755945  
-1.676833992  
-0.9875440036  
-0.3454822699  
-1.553252787  
-0.8300270468  
-1.189314616  
-0.2879625674  
-0.6218384409  
-0.6614120907  
-0.9438520909  
-0.117555494  
-1.163450568  
-0.716842552  
-0.4286089116  
1.469824942  
-0.5737664098  
-0.6478451284  
-1.006142508  
-0.3802471226  
-0.262170461  
-0.5910500711  
-0.7395135061  
1.156480607  
4.020371262  
2.135343471  
1.911763068  
1.704285189  
0.3317941788  
1.594851624  
0.9120616804  
1.801781752  
0.727819323  
1.143077669  
1.615914513  
2.256262216  
0.06749736988  
1.190555096  
0.8564787648  
1.683797433  
0.07016262544  
0.2231281935  
0.5133664143  
1.06574722  
-0.2405742646  
0.4881927674  
0.4068364694  
1.029969702  
0.4020556108  
1.04737898  
0.8197564943  
2.659763506  
-0.568524518  
-0.8459619712  
-0.08807567496  
0.1455823971  
-1.028174764  
-0.9719946157  
-1.13532589  
-1.076436233  
1.421488543  
-0.4156445746  
-0.6978462552  
-0.6929176491  
-0.08409863156  
-0.4165427714  
-0.6747906983  
-0.6508991184  
-0.9804898861  
-0.7148270076  
-0.6415208156  
-1.15897388  
-0.272121735  
-0.0231681725  
-0.4055213902  
-0.306881536  
-0.3296153755  
-1.263346773  
-0.285020995  
-0.319190378  
-0.1086623076  
-0.2949012832  
-0.9209257649  
-0.7267424348  
-0.3851996786  
-0.7495711367  
-1.040788693  
-0.58594026  
-0.6392252546  
-0.3826788563  
-0.1131706998  
-0.4588941268  
-0.4846054265  
-0.2738543359  
-0.6723222708  
-0.399989089  
-0.7133194726  
-0.4761322176  
-0.1485269928  
-0.6895798102  
-0.4106332853  
-0.3778683209  
-0.5479665753  
-0.2620890426  
4.964696572  
1.405274789  
1.067446453  
0.1670268257  
0.8065442126  
0.9081696428  
0.6154315727  
0.829367246  
1.491457197  
0.1266195689  
0.09922591718  
-0.3381013576  
-0.08674693192  
-1.084393567  
0.1448647469  
0.1911378948  
0.3171916098  
0.3860641195  
0.3971142681  
0.5101497501  
0.4187908578  
0.1507675881  
0.4628573123  
-0.1317377423  
-0.6034639344  
0.0811256164  
0.1302000132  
-0.309834437  
0.0681892816  
0.3213211116  
0.4080398716  
0.4745549913  
-0.0116334224  
0.1948421394  
0.6076856461  
0.1792670576  
0.2977104949  
0.2900680903  
-0.01766582188  
0.008188431839  
0.3194140215  
0.1886734883  
0.2287249724  
0.4196062957  
-0.6516780356  
-0.4057172581  
0.3234636432  
-0.9835499793  
-1.732244389  
-1.894057289  
0.2407463564  
0.2565118385  
0.05497217105  
2.792181682  
0.748845171  
-2.946188377  
-1.092854711  
1.597627211  
0.9623669539  
1.639212698  
1.312453093  
2.417425549  
-1.258151108  
-4.023023303  
-3.631867621  
-7.877108389  
0.8570817021  
-2.48906873  
-1.473408148  
-2.619580154  
-4.783655197  
3.364270213  
1.590570799  
1.113109659  
0.414275697  
0.5832473946  
0.7909890503  
0.5440589181  
0.5104939346  
1.377113869  
0.3290615492  
0.2537156758  
0.2873667458  
2.698656933  
0.1238892893  
-1.051058  
-0.56437161  
0.2230530721  
0.3324293355  
0.151374136  
-0.2144218  
-0.1254024764  
-0.05434022048  
0.6733358316  
-0.1395083657  
0.4321763998  
0.4699705181  
0.4077464363  
-0.2593193288  
0.4601105137  
0.1253150583  
0.5434982447  
0.2791305494  
0.1271535433  
0.2425322139  
2.692678258  
2.250593821  
1.303730963  
0.5048796062  
0.2389342316  
0.1897025164  
-0.4036893237  
-0.257632188  
-0.2220441906  
0.7483337416  
-0.2803353385  
-0.5789075301  
0.03338193352  
0.07533657408  
-0.7679436575  
-0.9463960423  
-0.4983292961  
0.02741121308  
-0.7318707478  
-0.5595687291  
-0.02679299669  
-0.294932244  
-0.07874000921  
0.3533071184  
-0.3220994613  
0.8560006621  
0.1786361396  
0.4627950771  
0.5312645032  
-0.118578084  
0.02466671611  
-0.04933166634  
0.2264303959  
1.646773144  
0.7160037396  
-0.190764534  
0.4173708615  
0.1490255845  
-1.027396786  
0.1845991528  
-0.08491124672  
0.6599588204  
-0.8014816598  
-0.2703824153  
-0.2366641699  
-1.140145659  
-1.259995716  
-0.3335777508  
-0.2602281477  
-0.02204911395  
-0.143887645  
-0.3618463936  
-0.7268286466  
-0.5657854325  
0.103849727  
0.0339462571  
0.0661747152  
0.9925329621  
-0.07988536652  
-0.3332478413  
-0.6028155055  
-0.0428230853  
0.1390262455  
-0.419090401  
-0.146035016  
-0.3911760173  
0.081117343  
0.1898695458  
0.6088270183  
-0.1144582468  
0.02326335018  
0.3066738995  
-0.3028655512  
0.335594705  
-0.5711638985  
-0.4496353462  
-0.4274115464  
-0.2205631626  
0.9483056452  
0.146825616  
-0.2257441859  
-0.4582838334  
-0.3692790135  
-0.1130270873  
0.007427449949  
-0.3614850916  
-0.1295552407  
-0.2557559606  
-0.7420666014  
-0.3734333143  
-0.1687607995  
-0.2906204876  
-0.9959917729  
-0.6374801078  
-0.8823479384  
-0.6286799013  
-0.131562563  
-0.102113881  
1.069870042  
2.47707421  
1.123210929  
0.6964481178  
0.4910396114  
-0.09263812057  
0.4807880599  
0.6633007732  
0.6361791579  
0.2216493385  
0.7159255621  
0.324853176  
1.373166967  
0.2768344197  
0.1354474086  
-0.2814431731  
-0.9572338153  
-0.4113616313  
-0.1350313872  
-0.3813389063  
0.3627286889  
-0.4665253853  
-0.3945654295  
-0.3732358243  
-0.372005117  
-0.2212706028  
-0.1168010178  
-0.02928244452  
-0.2176421804  
0.03727944611  
0.02094650183  
-0.4796642206  
0.1109886941  
-0.05665868879  
-0.1167442511  
-0.3256979078  
0.09890068524  
0.06393821994  
0.2321596442  
0.7112553229  
0.2126995661  
0.1015295037  
-0.1564568421  
-0.1908746142  
0.3011409895  
-0.06986936495  
0.259438191  
-0.4277265018  
-0.03639480461  
-0.4959376846  
0.2703445161  
0.09829799599  
0.1181162032  
0.1730194284  
-0.8412420571  
-0.722025503  
-0.4547572585  
-0.153041062  
-0.7139946465  
0.2243332684  
0.1242657716  
0.1305844704  
4.698263366  
0.8102951459  
0.5997711183  
0.2067799085  
0.2709379921  
1.293174519  
-0.1816928767  
0.03482900448  
-0.4946049421  
-0.1329961717  
-0.5461322512  
0.0337248412  
-0.4085749034  
-0.2489089724  
-0.2076564391  
0.2302718236  
-0.3383140212  
0.3038401718  
0.6505260287  
-0.00222282165  
0.1856180935  
-0.4658960992  
-0.2857740996  
-0.4456371878  
0.01883476018  
-0.2559370274  
-0.3991075033  
-0.1871238895  
-0.4284201592  
-0.3247976915  
-0.5381400134  
-0.3258815419  
0.1265640594  
-0.3630482783  
-0.1181335962  
-0.0832483387  
0.3640403943  
-0.1334083743  
-0.3476397598  
0.06194683671  
0.2102995382  
0.2384854755  
0.3460856293  
0.3780018186  
0.6910039672  
0.05637471739  
-0.08805284605  
0.4411695302  
-0.3108866924  
