0.8079560032  
0.4152209325  
-0.5574373136  
0.3001508249  
-0.8339567308  
0.4013565779  
-2.864936406  
0.258938779  
0.7669001436  
0.17299925  
-0.2155299264  
-0.243419277  
1.14304714  
-0.1603016771  
-0.2977740993  
-0.5003403828  
-1.094848122  
0.5414143541  
0.2165125206  
-0.7355665471  
0.8652003557  
0.8431155261  
1.904550791  
0.785463984  
-0.2955274093  
0.8402836852  
-0.4709181034  
0.08282989857  
-0.122969369  
0.1358863996  
-0.002613517944  
-0.05904547449  
-0.15833945  
-1.789907122  
1.146503394  
0.6714755782  
0.6081937529  
-0.3726567323  
-5.120443991  
1.428410836  
1.358752377  
2.660976505  
-1.785063296  
0.3719383118  
-0.2806455123  
-1.341683584  
-0.5845934529  
0.9944286021  
0.03670129433  
-4.324308654  
0.1795220311  
0.2023175524  
0.6077705809  
-1.348793108  
0.3757703773  
1.19678576  
0.8846194404  
-0.6679629158  
1.194037173  
-2.898112483  
0.6815251552  
-2.501664645  
0.2360820872  
0.06917637826  
-0.1804037013  
0.1038303212  
-0.7297144721  
0.8961408486  
0.3594071303  
-1.138518409  
0.2415326245  
1.336729517  
-0.9434304393  
0.4156732078  
0.4881771737  
-0.8569195647  
0.3153278924  
-0.2809878013  
-0.03838366826  
0.02629072128  
0.3172751457  
2.432113524  
0.07428383912  
0.3960318284  
-0.3391859648  
2.823331966  
1.095933401  
-0.01465839428  
-0.8758426041  
1.118363943  
1.168754174  
-0.2088788614  
0.1559129017  
-5.745713397  
-0.9296589344  
0.20549702  
-1.130483404  
0.4098870007  
0.4501843723  
-0.8790888319  
0.6324873935  
-1.034332433  
0.3505415002  
0.3014137076  
0.01464125466  
0.03954059106  
0.5577865271  
1.253169717  
-0.02547812393  
-2.652222627  
-0.3793152025  
1.431876868  
-0.2265571721  
0.9588609696  
0.03762628695  
0.7859061372  
-3.401926282  
-0.2063929401  
0.4260485437  
0.8219901721  
2.374236122  
1.953130393  
1.5110872  
2.174569244  
1.230045877  
1.850084715  
-0.3418225734  
0.3728933509  
-0.09026685489  
-1.279005341  
-0.5653069392  
-1.096307872  
0.4451369752  
-0.456198116  
-0.9957807312  
-0.5060810303  
0.2092677746  
-0.1309741147  
-0.869235365  
-1.650090975  
-0.7767459057  
0.1948534323  
0.08915659197  
0.8389004111  
0.1451212016  
0.6289989702  
-0.1025908841  
-4.87166144  
0.1015408368  
0.6791796252  
0.8083916979  
1.155961804  
0.2114843171  
-0.006672231937  
-0.6279724028  
0.5544815961  
-0.4214139262  
-0.330173288  
-0.6862443757  
0.5443517977  
-0.6717034416  
0.48972139  
-1.027226123  
0.1214737867  
0.31134715  
-0.1220971384  
0.752417878  
0.5770705194  
2.496504679  
-0.006781446418  
-1.046320078  
-0.762159527  
-5.656655698  
0.3631028104  
-0.08166808402  
0.9881708164  
-0.5194933828  
0.3983974757  
0.638012664  
0.7175425922  
0.4607651919  
0.5658022763  
0.4429918604  
-0.2468944355  
-1.038283881  
-0.220047842  
0.5827902864  
0.9188364466  
1.319127768  
1.025387942  
0.5399989708  
0.5094657494  
-0.5068748516  
0.2223589252  
0.838673098  
-0.431071842  
0.1379821346  
-0.3407808162  
0.2979212661  
-0.2086407504  
0.1567435578  
-0.7113856795  
0.2061978644  
-0.7056388535  
0.6313499304  
-0.2215123013  
0.5696045399  
0.02289587897  
0.807997826  
1.671570299  
1.428488393  
2.409739594  
-0.1197068339  
0.3220333213  
0.1123657533  
-1.848429046  
-0.4826407586  
0.1739338436  
0.7935209216  
-0.5074997241  
-0.6304090574  
-0.8613633723  
-0.1708999366  
-1.102610761  
0.1250545959  
-0.6961843793  
0.01717620774  
-0.03819077315  
-2.17361755  
0.7582895009  
0.6192170531  
1.399392038  
-1.426754901  
-0.3405119187  
0.9450754896  
0.7282747172  
-2.34749082  
0.1255176282  
0.5174788321  
1.128404986  
0.554064389  
-0.8026058745  
-0.1537776794  
1.987948444  
0.6930254091  
-0.01639298085  
0.5064427495  
-0.3891012448  
0.1623771083  
0.2394075726  
-0.6115434156  
-4.471322253  
0.4540166225  
0.2759295203  
0.658766367  
0.4151153342  
0.3649651497  
0.6523672015  
-0.2190992452  
-1.069003916  
1.085008231  
-1.429695871  
-1.148296323  
0.9009995961  
-0.6163293594  
0.670643698  
1.224410781  
-3.814976485  
-0.1623898312  
-0.4060264015  
0.9748041966  
-1.116188871  
-0.4065793214  
-0.2714066926  
0.251338955  
0.7662218128  
0.8253992091  
0.5465900623  
-0.5106749192  
-0.09771147336  
-0.5041751015  
-0.2004292812  
0.1959254028  
-0.3013817016  
2.437007581  
0.5954238195  
-0.03421715537  
0.6729227588  
-0.0855164116  
-0.01826855186  
-1.044034817  
-0.5094997669  
-0.6405219684  
0.7563290174  
-0.839790895  
1.491169366  
-0.2516120361  
-0.2701024159  
-0.02491839275  
0.5407171797  
0.02238406596  
-0.5714954311  
-1.009201419  
-1.763396143  
0.1898836452  
0.1864675615  
0.1145111694  
0.5447020815  
1.153525128  
-0.06491638176  
-0.2731226103  
0.4431748926  
0.1742458413  
1.024704706  
0.08741377692  
1.581904341  
-0.4994947759  
0.4909305403  
0.1239722808  
1.238977819  
0.1176179789  
-1.09863774  
-0.6046117012  
1.481763027  
-1.065673066  
0.4531493007  
0.2404599601  
-0.5390735258  
0.239939586  
0.3112680244  
0.3815085549  
-0.1731199714  
-1.90146388  
0.04582938617  
0.4899785387  
-0.3047386006  
-0.706850772  
0.1414276313  
0.08362172459  
0.5585668593  
1.719781011  
-0.04346258656  
0.236879884  
0.447828007  
-1.659225273  
0.1424670179  
0.5321036465  
-0.1900328434  
-4.46267141  
0.4782053385  
-0.9706509541  
1.180617085  
1.024097874  
0.1003756721  
0.4404902889  
0.3862523382  
-0.2272204456  
0.1500210582  
-0.10792744  
0.03957650827  
-0.1683902542  
0.8706660475  
0.4965743845  
-0.1558290776  
0.096228924  
-0.2638400495  
-0.5126025771  
-0.6442292045  
-4.013057607  
0.1142858702  
0.2313290211  
0.2322869978  
0.0767147907  
-1.014513702  
0.2563514791  
-0.3390528191  
0.03466455008  
-0.5122999697  
0.7478089886  
-0.6434196354  
-0.6433836216  
0.1003804024  
-0.2943221519  
-0.4094536469  
0.4755693904  
0.9805726404  
-0.247644471  
-0.05338579697  
0.9194017404  
0.1424886826  
0.04820905959  
-0.2142995699  
-0.4584460708  
-2.652682777  
-1.646406823  
-1.097219012  
1.309220725  
0.5853965668  
-0.4247283555  
1.08487792  
0.7406731453  
1.849741962  
-0.7717915901  
1.2812938  
-0.2431116521  
1.190462057  
0.06301018667  
-0.3514729108  
0.861064  
0.3032247374  
1.740085423  
0.9522285491  
-0.02953486313  
0.07753614048  
3.205366101  
1.023457304  
2.17261508  
0.005849258654  
1.117761437  
-1.711298158  
-1.52258056  
-0.28355386  
-1.02349875  
-0.2404753351  
-0.2965051915  
0.03658523731  
1.267047744  
-0.552974094  
0.9605097372  
-0.2150549548  
-0.8568103747  
-0.7773681798  
-1.564344489  
-1.727883015  
0.5235833832  
0.8317489027  
0.4985557256  
0.01032477956  
0.1499754168  
2.450988438  
0.8118183787  
0.4411423806  
0.01452989633  
0.8483492196  
1.198055036  
-3.599517941  
-0.753634764  
1.227211837  
-0.4190821287  
0.257266217  
-0.5392395345  
-0.8032526011  
0.08274266157  
-0.4457115838  
-0.7415096558  
-0.2062822717  
0.1308259295  
0.6551359514  
-0.1423034402  
-0.4587641051  
-0.6437097636  
0.4117584566  
0.343256563  
0.4452767275  
-0.2100581816  
0.5014788732  
0.5700350118  
-0.3583825538  
0.5873301147  
0.5427093755  
0.4530476612  
-0.8150831096  
-0.2807015173  
0.2210984415  
-2.715257915  
0.1707650351  
0.6002876275  
-0.7610193858  
0.6298794282  
0.6759975873  
0.5055905499  
-0.593828262  
0.3334107043  
-0.7565851228  
0.03555833298  
-0.5004881623  
-0.1458614935  
-0.8976810559  
0.4117840989  
0.9707966354  
0.9789365311  
-0.391823369  
-0.5814807415  
0.4961766641  
-0.339822123  
-0.2663455507  
0.3855577837  
-0.1777834718  
0.1341679832  
-0.08579930304  
-0.2720454366  
-0.3860865587  
0.6090892181  
0.08604209673  
-0.8643057247  
-0.364088492  
1.238005488  
0.8823709696  
0.5481161258  
1.044332375  
-3.073175192  
-0.2844572202  
-0.4866416546  
0.8150869951  
1.674444579  
1.728914003  
-2.321679224  
1.005550385  
-0.6053201184  
-1.728008664  
-2.703526631  
-0.03694229088  
2.329044541  
-1.305157773  
-0.4730060221  
-0.5945335855  
0.9410899571  
-0.4327781898  
-1.495595476  
-1.212547844  
2.304010181  
0.5913258502  
0.02614341978  
-0.5903189232  
2.257667539  
0.9493629072  
0.4187990285  
0.6917333961  
0.9056256552  
-0.8255742294  
-0.7210757423  
-1.387957486  
-2.603277995  
0.589466911  
0.7704474048  
0.1633986307  
1.091228143  
0.01317029833  
0.9150562198  
0.3197320514  
0.270301397  
0.9171743887  
-0.3758655059  
0.05554357781  
0.2681463908  
0.3547874034  
0.1765978644  
-1.073470757  
-0.2797129205  
0.1207749071  
-0.186450811  
-0.3396040696  
-1.232431516  
0.3753778081  
0.5803096558  
-0.0923376292  
-0.3045279507  
-0.0507327201  
-0.04902071563  
-0.8137981857  
0.2132154526  
0.1856570561  
0.5036192674  
0.1600012108  
-0.4080855886  
-0.8540015162  
0.494965056  
0.430232996  
0.7140314382  
-0.3530836366  
-0.5004229653  
0.2567361431  
-0.3666417119  
-0.3593948214  
-0.7840014513  
-0.09244962278  
-0.2575793346  
0.368909834  
0.02916063882  
-0.9572680228  
-0.4525768218  
-0.4663243383  
-0.537946255  
0.2368139176  
0.05827835106  
2.375566335  
-0.001808842827  
2.230927112  
0.3839949897  
-0.4247774994  
-0.02514141149  
-0.6176154737  
-0.7264277569  
-0.5040789533  
-0.2161046671  
0.3382649304  
-0.4317122581  
0.2985640848  
0.8849665599  
-0.2558805754  
-0.2359949466  
-0.5565871775  
-0.4977603077  
0.3663663462  
-0.5825780707  
0.2693752204  
-0.7131547776  
-0.7710026058  
0.2131412663  
0.2674478418  
0.1016654901  
0.341049708  
-0.01547453262  
-0.3500448569  
-0.4364073555  
0.3495478312  
-0.1106465294  
0.1729704994  
-0.2180956248  
0.389703604  
-0.745846631  
-0.1454610628  
-0.3019858358  
0.3415918534  
-0.388918587  
-0.7198629638  
-0.2679741096  
0.0108684141  
-0.1325717705  
-0.03753558976  
-0.0415301333  
-0.1042310899  
0.9630485865  
0.2889070165  
-0.3962571861  
-0.6711346722  
-0.959023178  
-0.8030761037  
1.392515365  
-1.153506781  
1.573673395  
0.9754660006  
-0.8713360511  
-0.329961679  
-0.4477316178  
-0.2311597711  
-1.344009249  
0.1903450167  
2.26574151  
4.529206836  
5.555092331  
-1.438708995  
1.441738646  
-0.2672516959  
0.1240499787  
1.057636216  
-0.2001739397  
-1.004196134  
-0.7813106906  
-0.1672214369  
-0.4338744099  
-0.1623265703  
0.1415806032  
-0.1638439326  
0.2629247527  
0.1512962719  
-0.2166975567  
-0.1011787774  
-2.257346679  
-0.5532182985  
0.01247386482  
-0.4312880678  
-0.9187392952  
-0.914653177  
0.1459128752  
-0.2619101613  
0.2502794966  
-0.03450608689  
2.442969541  
0.05686969452  
0.1605412334  
0.03688268404  
0.352018788  
0.789320184  
-0.2742181167  
0.6843783835  
0.2722928992  
-0.2832791738  
-0.6123676242  
-0.01851316574  
-3.038652345  
-0.8924882408  
-0.846088564  
0.4656478812  
0.6400337313  
-0.2088178707  
0.5092722261  
1.387168225  
0.07978019286  
2.015907257  
0.179637269  
-0.4391041051  
-0.06293367623  
0.7971730236  
-0.3576850966  
0.1533878735  
-0.8221970974  
-0.5026931084  
0.06132624437  
0.2634366374  
-0.2735537244  
0.1240894873  
0.8870328549  
0.3992001423  
0.3759188108  
-2.060289012  
0.5982887724  
-0.9479158321  
0.2152787453  
1.253151773  
1.024507153  
0.7197129489  
1.216279116  
2.133089499  
1.213094527  
0.3484005216  
-1.217748787  
0.0516808313  
-0.4419984131  
0.03300581182  
-0.5660499186  
-1.717533291  
-0.1081698239  
0.3369884819  
-0.623961723  
0.02316821481  
-0.4464004048  
-0.6516206531  
-0.5426586732  
-0.4894821653  
-0.4473474534  
0.3679455911  
-1.362774624  
-0.07470378612  
-0.04012017696  
0.1469339733  
-0.7393208968  
-1.123904709  
-0.279430207  
-0.5316434397  
0.08268852953  
-0.4417305489  
-0.1359061748  
0.05156570689  
-0.4086228499  
-0.8802901692  
-0.4090893833  
-0.1465976104  
-0.2203944543  
-0.0785398054  
0.3820253747  
-0.1810608317  
-0.5247249418  
-0.142694034  
-0.6942442808  
-1.006912493  
-0.2865989871  
-0.4299966082  
0.5762553456  
1.242152222  
-0.1545072975  
-0.05442070172  
0.3152976794  
-0.2909127666  
-0.3757817673  
0.2355310015  
-0.04725595649  
-1.154958747  
0.153504115  
0.0785491414  
-0.2769698221  
0.3667720312  
0.3358452106  
0.115462272  
0.1788217378  
-0.187154455  
-0.1004423314  
0.4143013718  
1.549475646  
1.738427026  
1.031791623  
1.150439682  
0.8500477785  
0.09108256226  
-0.1452401061  
0.6014912432  
0.08310255275  
0.6267191432  
0.1039757229  
0.2746987884  
0.7063757388  
-0.3815688024  
-0.2954015465  
-0.01683647108  
-0.6117737491  
-0.3078942034  
0.03922540426  
-0.3732286133  
0.8910876429  
-0.9173677189  
0.05402402282  
0.3406719646  
0.6626417332  
0.04930332149  
-0.2280655237  
-0.7529170712  
-0.6398312961  
-0.7484177191  
-0.04604383738  
-0.5482260153  
-1.154919269  
-0.110180317  
-0.01174673884  
0.1303679968  
0.3526462622  
0.1511840553  
-1.486645851  
0.07427379048  
-0.1997326148  
-0.2611976004  
-0.2356607703  
-0.3152223854  
0.1398900228  
-1.177023624  
1.374836756  
0.7296581166  
0.7486358151  
0.1354655012  
-2.122151123  
0.1892497749  
-1.101215913  
-0.03829124698  
0.2739856439  
-0.08143017504  
-0.5419752366  
1.208056515  
1.152184722  
0.301281325  
-0.06529530898  
1.339739455  
2.349595466  
0.009927630394  
0.3345837098  
0.3372520655  
1.207745655  
1.611121376  
0.05529451365  
-0.1928241987  
-0.796184829  
-0.7137447739  
-0.3705124786  
-0.3359138762  
-1.040102073  
-0.4005856003  
0.148721782  
-0.1873269077  
0.160189205  
-0.04823177057  
0.2369588857  
0.06637913886  
-0.2512057568  
0.02782607701  
-0.8115529144  
-0.532621982  
-0.1165322372  
-0.3193435164  
0.49884269  
-0.186993179  
-0.2395229516  
-0.1425849577  
-0.5932343208  
-0.02898633694  
-0.1103419563  
0.695213942  
0.2116635808  
-0.0663304157  
1.08306404  
0.02264454061  
0.5136991984  
0.1619785825  
-0.5147315124  
-0.02316785376  
-0.144969186  
0.0007340222493  
-0.4216061753  
0.07408216011  
-0.003965254505  
0.1007664306  
0.1255750731  
