-1.436481736  
-0.09586256441  
0.4065667691  
-0.08840766006  
-0.1405614108  
0.02158217845  
0.2779786731  
0.2140378689  
0.4791646945  
0.4659114505  
-0.6591342594  
0.1438656241  
0.219746684  
-0.3141416718  
-0.365700046  
0.08022467581  
0.4905049998  
0.3323891541  
-1.12022015  
-0.7030307037  
0.3393617552  
0.4402009606  
0.3590521544  
-0.3904084762  
0.2978419816  
0.1961728297  
0.1146854766  
0.5734942944  
-0.1361423148  
0.4640651853  
-0.3511086234  
0.595177041  
1.081164383  
-0.3649209066  
-0.130988615  
0.8647772317  
0.8021855671  
0.7221610602  
0.09808892721  
0.8512087734  
0.5755310641  
-0.6958583054  
0.5113680451  
0.5773362481  
0.6772466111  
0.2366495417  
0.6877448764  
0.9469340982  
-0.1850923591  
-0.6652966887  
0.1466974758  
0.7924344078  
0.7725730117  
-0.9588753348  
-0.08239555327  
0.08817168588  
-0.5126315898  
-0.8726989512  
0.1439601973  
-0.5723889621  
0.1636697736  
-1.84867048  
-0.2637196882  
-0.0661187304  
0.07239911279  
-1.306056187  
-0.07793184918  
0.3652849909  
0.5749022644  
-1.371076073  
-0.1306717445  
-0.2571204621  
-0.6371402109  
-1.084856891  
-0.1998382645  
0.08274186656  
-0.07894024118  
-0.7613272514  
-0.1395667036  
0.01181464535  
0.2297902717  
-1.199651177  
-0.4760266133  
0.5021407202  
1.161823078  
0.004521111308  
-0.1629187712  
1.051314214  
1.14404389  
-1.053685904  
-0.581146312  
0.3870070782  
-0.3561675871  
-1.023587467  
0.08424650068  
0.3147783431  
-1.183512352  
-1.570163725  
0.2777437568  
0.1844727348  
-1.20444299  
-0.5277271982  
-0.1391940337  
-0.6849399502  
-0.3681701145  
0.07662655339  
-0.3912891308  
0.683029214  
-0.7246627096  
-0.6807909383  
0.5516689862  
0.9776036431  
-2.013770394  
0.5856560087  
1.280852889  
1.187694144  
-1.021191121  
-0.02479934364  
0.2349804615  
0.7238298888  
-0.1779010809  
0.2370674091  
1.052495177  
0.9628311896  
0.571291312  
0.5288013546  
1.041692792  
-0.1718590962  
-1.733471594  
0.2887938986  
0.4465928517  
0.2926227524  
-1.125949548  
0.6283225767  
-0.4578448283  
-2.203494828  
0.2014223718  
0.7294464082  
-0.2332689471  
-1.169018459  
0.5779959629  
0.7134033339  
-0.06512650394  
-1.116094456  
0.5644069973  
0.4197392715  
0.6915974788  
-0.6870452756  
-0.7655860729  
0.2599319161  
0.8844627664  
0.031375877  
0.4836082136  
0.4920696035  
0.6586714161  
-0.8288545053  
0.1800534946  
0.8745370947  
0.7905414793  
0.3842992977  
-0.08622653147  
0.5500923967  
0.6994582493  
0.6142704411  
-3.937290615  
-0.4799104082  
0.5349857673  
0.6704176646  
-0.9185430503  
-0.02658072199  
0.6118794442  
0.07462964708  
-0.7036253142  
0.1048398717  
0.1853836341  
0.6558464378  
-0.5610762996  
0.1278990017  
-0.003688618765  
0.02653102174  
-0.191083489  
0.1835791343  
0.4856858114  
-0.6891718485  
-0.05006853569  
0.401181125  
0.605730114  
0.4391204436  
-2.424388063  
0.05771281132  
0.186697839  
0.3795526489  
0.2534179705  
0.3605854447  
0.4960656456  
-0.4741302519  
0.4595435587  
0.6139842126  
0.5290894132  
-1.116094298  
0.2796168396  
0.359792418  
0.5333313085  
0.1666507342  
0.4554868118  
0.285163386  
-0.1132552505  
0.1242209456  
0.1435623445  
0.1909103371  
0.341668731  
-1.818071119  
0.275356651  
0.3738578128  
0.08813387264  
-2.631241948  
-0.2210870391  
0.1964483742  
-0.09245160778  
-0.3237732975  
0.6376800386  
0.7871888268  
0.6341742134  
0.3693557597  
-0.3009961736  
0.5225664609  
0.3311614208  
0.3524498851  
-0.7641181416  
0.4646639615  
0.5322573189  
0.3942657188  
0.07678289196  
0.5331112971  
0.3465023218  
0.3717337726  
-1.509105272  
0.0474442299  
0.3506790336  
-2.066968434  
-0.8789198974  
0.3289952546  
0.1221742301  
-2.28470665  
0.5108389439  
0.7062717353  
0.8103349675  
0.2907247613  
0.2650176051  
0.406218987  
0.4776940234  
-0.5863381652  
0.4682744205  
0.4850833072  
0.4772492619  
-0.5773652771  
0.1612913473  
0.4261553772  
0.05793047288  
0.344073363  
0.6952022709  
0.250847964  
0.4147918068  
-1.167620724  
0.5699741915  
0.6397265496  
0.5979128379  
-2.464265153  
0.2988317176  
0.13921169  
0.3323478641  
-0.1309173706  
0.1534315776  
0.4008732211  
0.2844089025  
-1.871917779  
0.2959288179  
0.6198017515  
0.5372040578  
-0.7871794708  
-0.537611855  
0.5710797504  
0.7773746472  
0.937320439  
-1.382213627  
0.2172154885  
0.4651544468  
-1.218878307  
0.2225062601  
0.9634511159  
0.7359075262  
-0.5581799828  
-0.4575524543  
0.1620270269  
-0.06891504589  
-3.254745482  
0.2790572653  
0.5459158308  
0.4995779142  
-0.3575096343  
-0.128518351  
-0.3384482455  
0.3049465009  
-0.01508022534  
0.1534061991  
0.2333247465  
0.2294064924  
-0.4982159897  
-0.175620115  
0.3269511778  
0.656021661  
0.7369407356  
0.4447090108  
0.6174561202  
0.4901942464  
-1.357501649  
0.2861451733  
0.2305601132  
0.3028703959  
-2.502323689  
0.2933558639  
0.2546315391  
-0.743354231  
-1.08440698  
0.1293585591  
0.3883924784  
0.570400058  
-0.5886846992  
0.2828162223  
0.1389615682  
0.287393971  
-0.05995296897  
-1.602387354  
-0.4644900483  
0.3846688669  
0.4794685788  
0.06764264157  
0.2038947075  
0.1883034921  
-1.20080047  
-1.621232683  
0.238720116  
0.5018720575  
0.3057826622  
-1.150231058  
0.1042114923  
0.313844504  
0.5072524875  
-2.049604032  
0.7221468999  
0.482106653  
0.1049338783  
0.2269199824  
0.7423255996  
0.6657093515  
-0.08170239181  
-1.271008838  
0.4458684912  
0.3750420849  
0.7791501586  
0.04317496881  
0.646491178  
0.5745202583  
0.6058974899  
0.5464989803  
0.4931229712  
0.6521342524  
0.8161717984  
0.2711976678  
0.7606119705  
0.5035477746  
1.031709433  
0.2435711982  
0.78739761  
0.8587971413  
1.385586081  
0.8009025903  
0.9160247498  
-1.944635574  
0.0569747086  
0.8027951719  
0.792742733  
-0.08153441275  
1.203595786  
1.245336007  
0.9816249628  
1.523180916  
0.6337370189  
1.15059616  
1.622983895  
1.26406395  
1.219392612  
1.271443703  
-1.109128317  
-2.898328348  
-1.735107286  
-1.275981165  
-1.591856493  
-1.305128091  
-1.015168981  
-1.228957781  
-1.719188171  
-0.7637756385  
-0.08387830855  
-0.03674529163  
-0.1688939927  
-1.413784958  
-0.1909793881  
0.02095151882  
-0.2336533009  
-0.6345925798  
-0.4302815597  
0.3757700833  
0.1117385389  
-0.7143101081  
0.285833996  
0.1588410866  
-0.376167064  
0.05172741355  
-1.150528909  
0.4247692384  
-0.0186682158  
-0.7983414278  
-1.072805355  
-0.184095496  
-0.09345555586  
0.01024363183  
-0.3870063936  
-0.5332706795  
-0.1722846582  
-0.9642007465  
-0.6566779178  
-0.2900554462  
-0.7334248916  
-1.109123857  
-0.754693058  
-0.5464541332  
-0.2289737441  
-1.08356126  
-1.395045265  
-1.036976947  
-0.3841435711  
-0.529746871  
-0.705894471  
-1.188756214  
-3.469661288  
0.5807783266  
0.7614485356  
0.8668457282  
1.416609823  
1.501109279  
1.192506421  
1.215036451  
-0.7697910697  
0.0665393492  
1.248366185  
1.237777698  
0.9469472259  
-0.4135079114  
0.5785671761  
0.6956609  
0.701511187  
-1.578212208  
0.9413277462  
0.9458513004  
0.4889080216  
-1.224922108  
0.7155255765  
0.7216635527  
0.9077564885  
-1.689507457  
0.6460178205  
0.03218207274  
0.3303629071  
-1.34870766  
0.7510923494  
0.9840412858  
0.3860031347  
-1.246828562  
1.070874116  
0.9672612449  
1.098273109  
-0.6122223524  
-0.3887100677  
0.9484403366  
0.9796883189  
1.025559475  
-0.7076872774  
0.6514607332  
1.210219834  
0.3817792059  
1.014392386  
1.121503881  
1.178886696  
0.9213381974  
1.258583765  
1.000719049  
1.259517114  
-1.129179878  
0.8192696285  
1.058646553  
1.396091489  
0.05913609162  
0.8913116823  
1.234040711  
0.629498051  
-1.989298683  
0.6405943683  
1.048407376  
1.512718092  
0.4363345163  
1.29935006  
1.457153069  
1.343672281  
-0.9640478834  
-3.688784875  
-1.623673572  
-1.615832629  
-1.309788379  
-1.532972257  
-1.351278296  
-0.9237220227  
-2.034621179  
-1.567265854  
-1.135220935  
-1.124039884  
-1.373188411  
-1.151624863  
-1.433538573  
-1.423410647  
-2.306503032  
-1.575452832  
-1.301448531  
-1.521678843  
-1.633980565  
-0.9698185738  
-0.8357444573  
-1.27435452  
-1.018539257  
-1.243036522  
-1.124569804  
-1.450094034  
-1.911459532  
0.9876027913  
1.263724685  
0.9381906785  
0.0199955243  
0.9865635469  
1.028978164  
1.132178499  
1.096167101  
-2.419371448  
1.171171695  
1.069979452  
1.145972638  
0.2262341033  
-0.8900706363  
1.021858114  
1.278992569  
0.9835936422  
0.855788942  
0.6233483264  
1.021928686  
1.06533537  
0.6515456638  
0.775506225  
0.5836403829  
0.8577801657  
0.7915965019  
0.5581984816  
0.6823930434  
0.7955432525  
0.4666767291  
0.5279107296  
0.8747379914  
0.9505293905  
0.8033257085  
0.5224126782  
0.6867033742  
0.709355232  
0.5060767038  
0.6488364408  
0.7815821809  
0.387984279  
0.438043022  
0.2284790645  
0.3311473091  
0.734865723  
0.4715823392  
0.347326365  
0.363092317  
0.5908755653  
0.6732293139  
0.5697667162  
0.5151411494  
-4.49441533  
-2.536762613  
-2.286963593  
-2.312661045  
-2.455940232  
-2.137870773  
-2.033641635  
-2.562470236  
-2.699549411  
0.5845495884  
0.5697239668  
0.6649273122  
0.5808067193  
0.3287158725  
0.5818922939  
0.6272337566  
0.5846719173  
0.3797375129  
0.2106617455  
0.5983051555  
0.4427173856  
0.7797514568  
0.5364233088  
0.6456044513  
0.7163328225  
0.5963540481  
0.6669874246  
0.6721327138  
0.4937786963  
0.580192201  
0.2257407012  
0.7836159593  
0.6146235562  
0.4717058084  
0.5685828873  
0.3353545144  
0.5600983736  
0.513213622  
0.5924272322  
0.6496191738  
0.6238518968  
0.4729728592  
0.5710795321  
0.5856153928  
0.8382642304  
0.8671498904  
0.6175155248  
0.6874937315  
0.7244729756  
1.065413058  
1.07218552  
0.9534910504  
0.7561424344  
-1.421225238  
-2.495992824  
-0.9345557605  
-1.488479979  
-1.817237316  
-1.693095827  
-1.767724236  
-1.538432637  
-0.9402406449  
1.609818178  
1.275775556  
1.655109355  
1.333486945  
1.203657734  
1.316794445  
1.253406614  
1.262945575  
1.288073261  
-3.060240397  
-1.713226125  
-1.348530824  
-1.565164866  
-2.006867476  
-1.494375646  
-1.505018115  
-1.651773087  
-1.583153388  
-1.501112266  
-1.224567822  
-1.35109385  
-2.149885661  
0.9238810207  
1.136684563  
1.080713269  
0.8717246172  
1.421696327  
1.549091689  
1.568098745  
1.317108266  
1.560562609  
-1.414441832  
0.9961779753  
0.8696183621  
0.675047419  
0.6439803314  
0.8228709508  
0.7566387018  
1.117864399  
0.4996554503  
0.7097943401  
0.5454680087  
0.5080731595  
-1.584580623  
-2.789066863  
-2.362702998  
-2.188777864  
-2.34972045  
-2.106300729  
-2.123568413  
-1.832504727  
-2.24859285  
-3.378155067  
1.016364673  
1.210180266  
1.079040697  
-0.06736429369  
0.9025437719  
1.054125414  
1.061970893  
-0.09181377019  
0.6585319502  
0.9443441381  
0.8144761331  
0.6898003083  
0.5801269883  
0.6721403804  
0.5648141578  
-1.27150571  
-0.222578905  
0.4369837166  
0.4144876636  
0.06452879393  
-0.2125168717  
0.2499969514  
0.1036307338  
-1.741531479  
-1.650636182  
0.2418365556  
0.4519254443  
0.02083197146  
0.5566273624  
0.3146280651  
0.3660603887  
-1.144891742  
0.3325463332  
0.3448863745  
0.5594736117  
0.806393353  
0.3353897341  
0.06486672181  
0.4852168944  
0.2487832801  
0.6777499719  
0.4030427437  
0.222847016  
0.3513049264  
0.4739931834  
0.1000149353  
0.2515680769  
0.1943861172  
0.072003648  
0.3535015388  
0.3562606186  
0.4739029854  
0.1620800568  
0.3946864096  
0.4086006196  
0.44860852  
0.4136535228  
0.2956653861  
0.4828418098  
0.2118719325  
0.4123665131  
0.5405759852  
0.3734057256  
0.5460343854  
0.3650677576  
0.4865324306  
0.4745473607  
0.5225719424  
-2.118584441  
-0.2577528078  
0.4380257532  
0.6193580245  
0.4781493277  
0.4502993249  
0.2630258109  
0.4248180475  
0.4688788472  
0.6129649254  
0.4434882136  
0.6615631924  
0.4542141563  
0.6773290765  
0.7700554676  
0.4991153486  
0.6615742582  
0.8757187917  
0.8025625104  
1.052734794  
-1.992968904  
-2.901015824  
-2.849648199  
-2.012740075  
-1.811759633  
-2.22352131  
-2.080402206  
-2.169894236  
-2.145319342  
-2.094243099  
-1.915024889  
-1.876695692  
-1.97665237  
0.6782879896  
1.000779551  
0.7672532682  
0.6686928656  
0.8153177807  
0.6768887798  
0.7779644886  
-1.204919078  
0.5777906571  
0.5993526541  
0.2783303477  
-0.01623598595  
0.6435382381  
0.5321505424  
0.3299328921  
0.6639764099  
0.8174144239  
0.5931407976  
0.4776389206  
0.4526550001  
0.6726988687  
0.7027873959  
0.7377086369  
0.5578194703  
0.4915828616  
0.9197168373  
0.710946851  
0.6446688178  
0.754901918  
0.7591698837  
0.5678782601  
0.8651850722  
0.5835088757  
-3.610449966  
0.6436021531  
0.6957627138  
0.4251188888  
-0.4444740556  
0.5293521109  
0.6081802746  
0.5861358742  
0.1525439534  
0.5536307861  
0.4842359229  
0.01721604524  
-0.2267183928  
0.3043253141  
0.3391962214  
-0.6747368168  
-4.215583578  
-2.551857751  
-2.268023781  
-2.497043544  
-2.514128076  
-3.400579575  
0.3793052651  
0.7051204907  
0.6517188609  
0.8031453284  
0.5963070764  
0.5189495823  
0.4260067507  
0.3066282763  
0.6244179889  
0.4957059801  
0.4191144172  
0.2464946831  
0.1799620914  
0.4241700014  
0.4472605017  
0.4530842391  
0.5183217803  
0.5128782381  
0.4589596792  
0.1814439732  
0.5431649215  
0.07978960664  
-0.01238905841  
-0.1208116621  
0.1253071564  
0.2490885889  
0.2965202499  
-0.05628297219  
0.2437493296  
-1.477703985  
-1.075379869  
0.1877653663  
0.2611871475  
-0.06332672862  
-0.0651412814  
-0.04409430909  
-0.2213232951  
0.04295117456  
0.1219182764  
0.1450133291  
-0.02733790755  
-0.3146959551  
0.04596835347  
