-0.1899991891  
0.07680143558  
0.222262042  
-0.3741566769  
-0.3485059407  
0.1105263689  
-0.05263383561  
0.2400685019  
0.1118741291  
-0.107595993  
-0.05338099505  
-0.1887415392  
0.01164840618  
0.213141932  
-0.5950380287  
-0.360368476  
0.5284904027  
0.2775337432  
-0.2599856875  
0.4504919408  
0.7868878727  
0.06975402294  
0.2036119535  
0.2529571283  
0.08292083344  
-0.1833340098  
0.09749878008  
-0.02243700623  
-0.4556086293  
0.04744955925  
-0.2119548144  
-0.1551234854  
0.222870291  
-0.4147254774  
-0.1649650541  
0.6057054984  
-0.4388957213  
0.3391042231  
-0.2368264637  
0.1691323353  
-0.0172558815  
-0.7309571576  
-0.3551994294  
0.6394095906  
0.2826099378  
-0.5851512662  
-0.6684765584  
0.1890036206  
-0.3669765414  
-0.6135164661  
-0.4006423231  
-0.5086888173  
-0.170432372  
-0.3437784757  
-0.4055377708  
0.4129284988  
-0.04194439893  
-1.138172781  
-1.317692346  
-0.7890563619  
-1.048571752  
-0.5222355571  
0.8150120059  
0.09117001785  
-0.02858580578  
-0.2987710741  
0.505169066  
0.4744151597  
0.8967227003  
-0.3391408767  
-0.4450461631  
0.4058483241  
1.66322728  
1.174378916  
1.35585314  
0.5088809581  
1.443645268  
1.005709353  
0.9229827105  
0.7254006397  
1.030478871  
0.7429497202  
0.08067079046  
0.9503784202  
-0.1380050455  
-0.8105787543  
0.312592198  
-1.044599725  
-1.039530788  
-0.7387494307  
-0.6880084184  
-1.155756938  
-0.2932608358  
0.2761207141  
-0.4293125572  
-0.678758444  
-0.3374516774  
0.9291910131  
0.4673345114  
0.8796513304  
0.8122621521  
0.07743097502  
0.01733928335  
0.348351901  
1.636872622  
1.684381221  
0.8131299521  
1.386204627  
0.4221730309  
0.3640075195  
0.3056129984  
-0.4047867481  
-0.4677033893  
-0.09222255486  
0.1202787536  
-0.6825538404  
-0.19215017  
-0.05069791348  
-0.6344084036  
-0.1839235021  
-0.8614071162  
-0.4771189543  
-0.6457447952  
-0.3420872682  
0.1237282046  
-0.3372578279  
-1.051036895  
-0.1819883855  
-0.2175219997  
-0.4391776096  
-0.2090408145  
-0.4366441239  
-0.424114211  
-0.09439665653  
-0.1575808872  
-0.2553289881  
-0.2407835136  
-0.168144003  
0.7352999945  
0.4048591356  
0.1140471623  
-0.3338693418  
-0.0762517356  
0.09431428065  
-0.009653504984  
-0.4049236382  
-0.2241102103  
-0.2918083621  
0.2896144952  
-0.6604932836  
-0.05591614258  
0.1548011314  
-0.1390463643  
0.04395670967  
0.09258305408  
0.3236906181  
0.1682837671  
0.1514826119  
-0.02557654995  
0.3970364414  
-0.2968286303  
-0.5133648881  
-0.10192802  
-0.5924639028  
-0.4336139137  
-0.753615347  
0.002520066952  
0.5581962203  
-0.07119913616  
-0.3509337247  
-0.3385289102  
-0.07966618191  
-0.4034152217  
-0.4913393351  
-0.3659675045  
-0.9233327387  
-1.048531414  
-0.4229736269  
-0.6911273682  
-0.5149022913  
-0.3508744522  
-0.7814786364  
-0.9253951555  
-0.3067742181  
0.6251568488  
-0.3788563394  
-0.6712731893  
0.5700941429  
1.199857059  
0.5384550157  
-0.4274838683  
0.182330939  
0.7540764635  
1.06220163  
0.2116933321  
-0.5491704862  
-0.2428257048  
0.2755241372  
1.117336565  
0.986322401  
0.2710609379  
0.311791479  
-0.1442313479  
-0.5064618547  
0.5155789821  
0.2481028642  
1.207472588  
0.3656571414  
0.9770036467  
-0.4243450439  
0.2450023003  
0.5248453393  
0.2917050738  
0.2233328274  
0.2827429941  
0.2014257912  
0.04409630714  
-0.07485826907  
0.004993149652  
1.853012589  
2.294995578  
2.131671146  
-0.6210622364  
-1.042774494  
-0.977545106  
-0.6635829703  
0.2363308802  
-0.8796891672  
-0.2834250008  
-0.4154647744  
-0.6978926719  
0.4466214725  
0.901009724  
0.1459458178  
0.3893357628  
0.3364000209  
0.6064742371  
-0.4346111636  
-0.908239362  
-0.1667924827  
-0.1638578816  
-0.2092489803  
-0.7200562966  
-0.9666693572  
-0.3071493547  
-0.2657222358  
-0.7070847692  
-0.7982134823  
-0.6442142598  
-0.2628419998  
-0.5537423155  
-1.164536892  
-0.3100728492  
-0.008110984613  
-0.4111527222  
-0.4283674512  
-0.6531594633  
-0.2541808216  
0.9238630394  
1.549325869  
2.423506034  
4.332240446  
3.192429179  
1.220415496  
0.5492113321  
-0.3950793265  
-0.02556047115  
0.07784289832  
1.347271854  
1.03857742  
0.7408175  
0.1596093128  
0.3187969118  
-0.4511751282  
-0.5059265049  
-0.4333282601  
0.0164035752  
-0.02267217768  
-0.4750629182  
-0.1179939816  
0.02445539162  
-0.1196647296  
-0.4912071627  
-0.4755021104  
-0.1738476027  
0.2528575682  
0.07297011925  
-0.4337391225  
-0.2427779546  
-0.8055715606  
-0.345450796  
-0.5243171659  
-0.219130662  
-0.05387856701  
-0.2353185815  
-0.7630385065  
-0.5084918601  
-0.3617851859  
-0.2256476018  
-0.7625637262  
-0.01705608268  
-0.4014378553  
-0.6313763861  
-0.8466835488  
-0.5912376795  
-0.6991269624  
-0.7114492633  
-0.7341841296  
-0.5492349112  
-0.7201643368  
-0.2896702236  
-0.2237010446  
-0.4439641995  
-0.7791028279  
-0.1783432854  
0.1540809045  
0.1552965022  
-0.5948299627  
-0.482323269  
-0.4417223824  
0.4460800053  
-0.4160122282  
0.08959386418  
-0.3153371973  
-0.8201230707  
-0.9057090869  
-0.8302930351  
-0.4602212047  
-0.4469883357  
-0.9527494246  
-0.8734589482  
0.7497782906  
1.471775463  
0.8163493926  
-0.4321844524  
-0.377504749  
-0.2240486871  
0.8946906654  
1.473370022  
1.354474875  
-0.4993891489  
-0.2517190515  
-0.451352158  
-0.7656367009  
-0.2564686525  
0.5622343113  
0.3964156224  
-0.7652241776  
-1.244626593  
-0.2751692023  
1.339883756  
0.9975056113  
-0.5650509538  
-0.2955729923  
-1.096398304  
-0.02944392605  
0.7220216304  
-0.6644441848  
-0.9808858489  
-0.289266937  
1.108989597  
0.3202849661  
1.9273439  
2.932348381  
3.879157871  
1.642711862  
0.2756507023  
0.131020984  
-1.137423177  
0.04109428764  
0.8174852798  
-0.3112477512  
-0.3212655688  
0.01811377984  
-0.198375481  
0.09777848035  
0.2304643309  
0.1797693817  
-0.4018840343  
2.028846044  
4.350998641  
4.701809737  
3.635312088  
0.5863029505  
-0.3020483613  
-0.4549646674  
-1.254707382  
-1.446056193  
-1.456708047  
-0.9745176219  
-1.270626263  
-1.554485712  
-1.843798992  
-1.111149464  
-0.7166601333  
-1.047334728  
-0.7864682004  
-0.398243848  
-0.6143296483  
-1.502914874  
-1.209750944  
-1.260764587  
-1.689568391  
-1.41742329  
-1.109728599  
-1.066898698  
-1.194081072  
-1.107056707  
-0.7578011144  
-0.7871646293  
-1.350148136  
-0.9194367774  
0.5101529106  
1.073097347  
0.117477177  
-0.1661080889  
1.796199814  
2.498123451  
4.538353242  
5.679163248  
3.366664794  
0.8160952834  
0.2100925504  
-0.589547179  
-0.6900055028  
-0.7479640988  
0.2433965835  
2.138964652  
3.778000746  
0.8876705503  
-0.3501670102  
-0.813409617  
-0.1384296499  
-0.0433838675  
-0.563454794  
-0.1067912821  
-0.1590071784  
-0.2579792366  
-0.782147512  
-0.8547019211  
-0.6770663559  
-0.8943671009  
-0.48134821  
-0.2089193334  
-0.3895620703  
-0.2242650067  
-0.9707956855  
-0.8958006178  
-0.5058058959  
-0.8740790274  
-0.6266822693  
-0.7165755421  
-0.764161159  
-1.252593445  
-0.0634316038  
-0.2772084826  
1.174257453  
0.7791008392  
0.6294822203  
-0.7520429334  
-0.4507456014  
-0.2491235543  
-0.5872923887  
0.3898800856  
0.3774604956  
0.1588860406  
-0.7239452407  
-0.4224339812  
-0.821342545  
0.06093597941  
0.6970975715  
1.110828708  
0.7026690688  
0.5028573066  
0.600374571  
0.5607340004  
-0.227688164  
-0.6048113796  
0.002958789626  
-0.5172843691  
-0.5224172429  
-0.008788397486  
0.3768004443  
-1.124755932  
-1.06255748  
-0.5572594709  
-1.16697307  
-0.2759150753  
1.797942033  
0.5480635508  
-0.5778770313  
-0.8659103037  
-0.2844078993  
-0.5195233186  
-0.439952874  
-0.1175417025  
-0.486620231  
-0.223398385  
-0.1212416458  
0.3408974356  
-0.6172775949  
-0.8918050211  
-0.7781869292  
-0.6934374165  
-2.042532986  
1.146338755  
0.1215551688  
0.704623278  
0.03909787312  
-0.7057943218  
-0.6215198248  
-1.018970142  
0.2136025211  
2.683966281  
5.788881361  
5.778358295  
3.983646151  
0.3449590072  
-0.4146147426  
-1.442399781  
-0.5289911841  
-0.2981865031  
-0.581852482  
-0.8577223602  
-1.378346646  
-0.4940059562  
-0.8800663688  
-1.455134974  
-1.745235321  
-1.846548173  
-0.1383362646  
-0.01366598254  
-0.02716948389  
-0.07139942747  
-1.063544807  
-1.235513297  
-0.5344962625  
1.367326017  
0.09389983086  
2.048789628  
4.589937906  
5.570211742  
1.852439665  
-0.4083534502  
0.484835935  
-0.7121362984  
-0.8440453704  
-0.4549134017  
0.9620326173  
0.6587824744  
-0.8711496425  
-0.8050395086  
-1.330934206  
-0.6510926345  
-0.9078651059  
-0.7640695165  
-1.189860998  
-1.137126202  
-0.3122262372  
0.441218572  
0.3985606585  
-0.6281479512  
-0.3288557169  
0.06066588818  
-0.7827745591  
-0.7285746797  
-0.5630170266  
-0.4593747976  
2.550905278  
2.229999071  
0.7480090075  
-0.4262404483  
-0.9440218861  
-0.3293951989  
0.2366918368  
0.3081602398  
1.213179355  
3.029661042  
3.868756263  
0.7273231418  
-0.5197337538  
-1.389291954  
-1.41004411  
-1.064316109  
-1.490897337  
-1.174795765  
-1.073032536  
-0.8073903995  
-0.3326662333  
-1.169178675  
-0.9316110341  
-1.22585317  
-1.706591493  
-1.373936788  
-0.5433137164  
1.626968089  
1.510165999  
-0.2431775773  
0.3190659542  
0.2928024  
0.6771858293  
0.299097  
0.3306394488  
-0.730529633  
0.335612489  
0.2369059838  
1.142903411  
1.162741911  
0.8390168444  
0.4772814264  
0.7768521862  
0.3034463106  
-0.1907386604  
-0.06600404691  
-0.006885709769  
0.3930747337  
1.685798371  
0.6180052774  
0.2067609604  
-0.3126882997  
1.422866416  
2.861988758  
0.8678361623  
0.1110590268  
0.1532863038  
-0.2951225474  
-0.604298012  
-0.4327619484  
0.8999677566  
1.593834637  
0.9277759557  
-0.3485992845  
-0.347561089  
0.8704283147  
2.315110127  
1.499813987  
1.427507822  
0.5863678768  
0.8324240739  
1.883373879  
1.207029649  
1.300162202  
-2.234155435  
-0.45060316  
-0.4652449134  
0.4428220769  
-0.4795651665  
-1.013473346  
-1.082882524  
-0.6449683984  
-1.039178141  
-1.251440005  
-1.564435346  
-1.223595055  
-1.504126006  
-1.312522348  
-0.880943345  
-1.119378066  
-1.180582131  
-0.9768799306  
-0.1623680454  
-0.6486514156  
-0.7139243944  
-1.001679982  
-0.8644042767  
-0.1390662839  
0.3500394395  
0.4302528543  
-0.1159955633  
-0.03565035076  
0.01846855327  
-0.01195615869  
-0.7061718983  
-0.9070989843  
0.3247544909  
-0.3400291159  
-0.5609188466  
-0.7175536303  
-0.2669571452  
-0.3988376821  
0.3634476035  
0.1890477487  
-0.3231694883  
-0.1055503324  
-0.07038697113  
0.2901642284  
0.2937269776  
0.2358735961  
-0.2821255242  
-0.4649176859  
-0.03150151358  
0.2911872311  
0.3939126629  
0.1935450517  
-0.1857050696  
0.1454257012  
-0.04781218928  
0.328118848  
-0.1687112144  
-1.155403361  
-0.643709667  
-0.6703356049  
-0.4546177573  
1.557103197  
0.2899048105  
-0.2184316727  
-0.005173555805  
-0.2741989537  
-0.3695127485  
-0.08310408965  
-0.2796873245  
-0.05896411767  
-0.1791878596  
0.3422954372  
0.0302749428  
-0.7666099909  
-0.246815386  
-0.05007572318  
0.4938613584  
-0.1724053845  
-0.04948463494  
-0.6004366412  
-0.3552714743  
0.2686722215  
0.6782811405  
0.2102755357  
-0.2689309368  
-0.07376205838  
0.6658498827  
0.3197677349  
-0.09653039447  
0.00124355316  
0.6153689056  
-0.06522861314  
0.01541619061  
0.1620272112  
-0.191230708  
-0.3680786469  
0.06186589807  
0.1474955102  
-0.1557801097  
-0.4643631344  
0.3455958707  
0.1078407541  
-0.4083582797  
0.2707619061  
0.4129339131  
0.8164537177  
-0.214367911  
-0.3632823534  
-0.2665215009  
0.2438644417  
0.3944219598  
0.6975990124  
-0.0216776452  
-0.3945365779  
-0.2778207736  
0.05517917329  
0.4522716396  
0.1297348854  
-0.1922510533  
0.0916300867  
0.9055390221  
-0.1653884809  
0.03336083663  
-0.9103855585  
-0.9665179265  
-0.05819529768  
0.3139874526  
-0.1069005495  
-0.2379750084  
0.2947817909  
-0.2448799643  
-0.1411706122  
0.1282831196  
-0.06095219829  
0.006268439747  
0.5722310108  
