0.6148067155  
0.2993373946  
-0.1908656583  
-0.03636380225  
0.2578514758  
0.1332895577  
-0.2962441829  
-0.01836409241  
0.33852034  
0.5781541717  
0.4609444903  
0.3386168087  
0.4012978735  
-0.1190878788  
0.555643272  
-0.02581697322  
-0.8954792926  
0.6471367678  
0.09911786318  
-0.1046531193  
-0.5180747701  
-0.4949654966  
0.4144542649  
-0.2201924746  
0.3099188357  
-0.5167702403  
-0.2998125841  
-0.7623076535  
-0.4352504264  
-0.9258639162  
-1.366473541  
-0.9493244559  
-1.127767001  
-0.4472538694  
-1.074582509  
-1.317243649  
-0.9450000085  
-0.6324831742  
-0.9629289023  
0.07727918751  
-1.965194709  
-0.2431603955  
-1.161449747  
-0.8595082264  
-0.8963203066  
-0.6729485319  
-0.8998194562  
-1.353438091  
0.6614442895  
6.248884309  
1.989351016  
1.42189332  
1.432648852  
0.3708192113  
2.455085746  
0.9791000698  
2.049760986  
0.9105562976  
0.8222170831  
1.88933669  
0.9243979154  
1.154413122  
0.2307952733  
1.871965378  
0.9208159166  
1.270395639  
0.9074041051  
0.5586100382  
1.209004969  
0.784270958  
1.598678754  
-0.6313977345  
-2.162392986  
-1.761295004  
-1.602028218  
0.138992328  
2.716317746  
0.7509658391  
1.320024413  
0.4803951467  
0.6649234795  
1.289034811  
1.131396812  
-0.6682768787  
-1.529058739  
-0.6559130083  
-1.509043518  
-2.171136124  
-1.679426214  
-2.21984711  
-1.315162931  
-1.806931224  
-1.200755881  
-2.282896248  
-1.525333659  
5.709499445  
1.74225661  
1.735223153  
3.080891749  
1.288267579  
2.124887142  
1.07647544  
1.197294853  
1.127363369  
0.7965538281  
-0.1682414567  
-1.931720851  
-2.541245746  
-1.368743912  
-2.689188145  
-3.241488808  
-3.336047828  
-1.891624875  
-2.459928696  
-1.538139276  
-2.640542943  
-1.680498205  
0.6939468243  
3.970783625  
-1.667442944  
1.037567067  
0.561395188  
0.2414632397  
1.610257208  
0.4522953573  
0.883248561  
1.003577158  
0.7645993679  
0.4820163156  
0.9036248524  
0.8338358026  
0.448182992  
-0.1609088928  
0.09409158532  
-0.01137500904  
1.181139659  
0.1120490581  
0.01198639921  
-0.5758250076  
1.012929011  
1.041107306  
0.4185331857  
1.921242452  
0.6716636525  
-0.9132799283  
0.3699524818  
1.182050879  
-0.2473405535  
-0.3488628837  
0.9952176316  
0.01545042773  
0.4223053592  
-0.2634658684  
0.214404483  
-0.5321207593  
-0.168647588  
0.4180762783  
-0.09917107564  
0.3070514988  
-0.4379731392  
-1.014002932  
0.3868880376  
-1.31389352  
-0.6410687778  
-0.9691268548  
-1.469632773  
-0.47208602  
-0.6679242547  
0.9115776763  
-1.606489342  
-3.409273568  
-0.1319086801  
1.964549197  
1.119259527  
3.709036996  
2.32265551  
3.96846484  
1.978674144  
0.2332374782  
3.252511903  
0.3152536773  
1.325786077  
1.971978738  
0.3915775359  
1.812929495  
0.8785550028  
2.986000212  
1.578451223  
1.822851272  
1.092729948  
1.101361928  
2.008224354  
-0.748973192  
-2.517077888  
-1.316674659  
-1.685759683  
-1.939670116  
-0.8774602824  
-1.358980715  
-3.043033903  
-3.338914858  
-3.064992808  
-1.546021017  
-2.660190272  
-3.193366163  
-2.9434727  
-1.337902807  
-2.499238449  
-2.231823902  
-0.7310270864  
-2.614119471  
-2.860087462  
-2.016541432  
-2.721791006  
0.4244633196  
1.708983337  
0.7473420787  
1.415421338  
1.32242017  
-0.2087822903  
0.4579891384  
-1.739718452  
1.259775462  
1.421260486  
2.22324118  
0.5723852214  
0.7843997659  
2.292779421  
2.113072041  
0.9010754222  
2.262290203  
2.381756513  
1.765718818  
1.990948858  
1.526178218  
1.287582486  
2.537013127  
1.572584148  
1.292997992  
2.326253234  
1.294170668  
1.986875538  
1.406815471  
2.747505717  
0.482544043  
1.160080909  
1.930757462  
1.795653343  
1.470742416  
0.9968420717  
2.115249698  
-1.007576224  
-1.44973698  
-0.3875871522  
-0.5542684678  
-1.643127739  
-0.7180843579  
0.2378276005  
-2.306302274  
-1.423664798  
-0.8567925203  
-1.390814941  
-1.922788089  
-1.505771431  
-1.336919723  
-1.111398299  
-0.9868468561  
-1.600925645  
-1.073803401  
-1.619671879  
-0.9332382743  
-0.6734738132  
-0.2192682724  
-0.8408430539  
-0.1166212128  
-0.797774989  
-0.3459638751  
-0.1445143452  
0.3292026891  
-0.4181519508  
-0.2701215027  
-0.104303863  
0.1031395537  
-0.3641031204  
0.06820672237  
-0.2857771004  
-0.5860099619  
-0.5578276227  
-0.5392636757  
-0.1263760419  
0.09746442282  
-1.176162008  
-0.5243875336  
-0.4855141983  
-0.0531530875  
0.0620568047  
0.2977188447  
0.00775860161  
-0.0498895555  
-0.4551644621  
0.2589119031  
-0.4352729719  
-0.1290331739  
0.3142023265  
0.004631027147  
0.3862771445  
0.3549956158  
0.3196471348  
-0.2967756886  
0.4227047549  
0.220459666  
-0.2641352944  
0.3522896449  
0.7283688279  
0.7975413537  
0.08623680914  
-0.2540233807  
-0.05248744763  
0.3082601742  
-0.1246342408  
0.1186947606  
-0.8444859381  
-0.0544491176  
-0.1928524472  
-0.3722382135  
-0.303477222  
0.1228869086  
1.226832781  
-0.5573812723  
0.3258259681  
0.002434034375  
0.3428906871  
-0.2444267405  
-0.5170515854  
-0.4887619004  
-0.2332801619  
-0.5835752742  
0.3245032239  
0.2471446554  
0.5042223866  
0.4344544902  
0.6438066084  
-1.422460738  
-0.2780600328  
0.07300856071  
-0.1243540105  
0.3371463195  
-0.2140010564  
-0.1324939894  
0.3772848566  
0.07305735822  
0.2031441998  
0.3129668109  
0.09713738806  
-0.03804480218  
-0.2278868148  
0.3296059576  
0.3021204331  
-0.8081249884  
-0.7173497358  
0.003569170358  
0.4364081029  
-0.05094820337  
-0.2650330285  
0.1650905965  
-0.08549300275  
0.09171852632  
-0.4091780994  
-0.1980276103  
1.012722982  
-0.08119773086  
0.6059989411  
-0.1189675747  
0.2984698073  
0.3478035342  
0.5614866676  
-0.2819744662  
-0.3848575206  
-0.2386026977  
-0.2289041685  
-0.04505755936  
-0.3738558826  
0.02060378029  
-0.2469842619  
0.3328962572  
-0.0285381783  
-0.122518634  
-0.2671634457  
0.4228568211  
-0.8574065354  
-0.9779411052  
-0.8299011243  
-0.295575048  
0.01052371091  
1.043535911  
0.5048643839  
0.8909313781  
-0.6399474687  
-0.5001381569  
-0.149583203  
-0.2518387348  
-0.605698064  
-0.6141890677  
-0.765041579  
-0.09186781162  
-0.5696644804  
-0.2487634594  
-0.5778974326  
-0.7397237665  
-0.3993397709  
-0.1477354065  
-0.2014132154  
0.1835571941  
0.1224516757  
-0.0825605735  
-0.04311098406  
-0.9126625131  
0.02850273347  
0.5105501394  
-0.1976361871  
0.04156160309  
0.408613508  
0.8319082223  
-0.1453489279  
0.5618296643  
-0.1327428031  
0.378287091  
-0.03386307162  
0.2186205134  
0.09596629428  
0.8559416519  
0.688545305  
0.5742361532  
0.4058650209  
-0.2084668979  
-1.290077551  
-0.3954798114  
0.2352528773  
-0.1297325597  
0.4673550695  
-0.3933831898  
0.1345942184  
-0.2772427639  
0.260197732  
0.4375913621  
0.420696945  
0.204788052  
0.3455178451  
0.2836755693  
0.09539288282  
0.04371402187  
0.01036606545  
0.2910062033  
-0.3185454791  
0.002042719467  
0.289990904  
-0.1121863422  
-0.1231287933  
0.2759479333  
0.745423114  
0.1573811529  
0.3558384557  
0.1884207786  
-1.113171933  
-0.232076893  
0.8088241059  
0.4682844258  
0.0233810756  
-0.06347387689  
-0.5643308332  
-1.096987844  
0.288948589  
-0.09425543808  
0.6215057141  
-0.3683926579  
-0.479304472  
0.6667999608  
-0.5592617795  
-0.7494852562  
-0.03470681863  
0.0357766201  
-0.4832296408  
-0.3239321137  
-0.7325217045  
0.4796039839  
-0.0531131408  
0.4893128387  
7.973296542e-05  
-0.0613727562  
0.06592213115  
0.5199198165  
0.06460155916  
0.188472305  
-0.1204442962  
0.5241964995  
-0.01736173886  
0.04683610536  
0.2050134146  
0.6357566387  
-0.2987329705  
-0.3866455469  
-0.8228547055  
-0.7556412145  
-0.1356077339  
0.2944603482  
-0.389109521  
-0.2846568813  
0.3922264256  
0.5554517921  
0.639440299  
0.03148150168  
-0.7952484772  
-0.5045207516  
0.007917525465  
0.2865081723  
0.3739909943  
0.5122462491  
-0.08192769769  
-0.270765117  
0.1735240221  
0.4842256406  
-0.2128873413  
-0.1773214311  
-0.1661467309  
0.4476735191  
-0.04182479871  
0.354656238  
0.03463330924  
0.371875379  
0.1898907788  
-1.515167582  
0.2151553528  
-0.3392644604  
-0.1187692843  
-0.004652851295  
0.01143354173  
0.4558426841  
-0.2948135842  
-0.09081706923  
0.1717993585  
-0.05583395596  
0.2411855084  
-0.4270646376  
-0.2974500695  
-0.6473449199  
-0.3195715083  
-0.9145328179  
-0.3474516817  
-0.1002214125  
0.2248270408  
0.0490784918  
-0.1183933776  
0.736234322  
0.2358645797  
0.3369302649  
0.2795043593  
0.1474727397  
-0.08768170181  
-0.1780630718  
0.08627072113  
-0.3774588783  
0.4279004553  
-0.06274258327  
-0.2901148053  
0.07655873317  
0.3402057951  
-0.5152713658  
-0.3311380848  
0.1683248673  
0.1887866727  
0.09062076357  
0.1651988966  
-0.06166854104  
0.1229427181  
0.2537971038  
0.04146415982  
-0.6235335273  
-0.2668932209  
0.3368225022  
0.3256149194  
0.739637685  
-0.1362466337  
-0.3641725051  
0.1684689621  
0.2787972571  
0.6091629113  
-0.132170621  
-0.1432357433  
-0.271085118  
-0.1952178845  
0.1907342961  
-0.01661136931  
0.5721410638  
0.359687811  
-0.8028332266  
0.2221485063  
0.2255713813  
-0.6723435871  
-1.213056837  
0.740044914  
-0.6603469258  
-0.0634808196  
0.03450612451  
-0.05465569696  
0.1435507906  
0.1490507913  
-0.6538297006  
-0.0604154999  
0.09182295252  
0.03451824815  
0.1481033042  
0.7129062984  
-0.1036434585  
-0.3869127136  
-0.2767476441  
0.2591439027  
0.1734434394  
-0.03677205559  
0.01908396466  
0.3053898975  
0.2483880404  
0.4155030004  
0.3397863338  
-0.1216721104  
1.113716365  
0.07225051081  
-0.2312573694  
-1.022748537  
-0.9111243936  
-0.8390698048  
-0.7965400375  
0.2103004814  
0.1310829238  
-0.5431842831  
-0.3549987437  
0.427555957  
-0.07913215433  
0.8092035593  
0.2818143523  
0.05211736653  
0.313468363  
-0.08894288318  
0.4644802022  
0.1918327373  
0.1669775207  
-0.1087524702  
0.1350807973  
-0.05571911496  
0.06249352218  
-0.3007913656  
0.7481673113  
-0.1006575501  
0.04344354851  
0.9244264125  
-0.2715264439  
-0.04088398411  
0.7522736899  
0.8270071012  
1.810928287  
1.48019276  
1.611745431  
-0.1119602382  
0.2209860909  
-0.1335557741  
-0.0003917417134  
0.1362032617  
0.01737732721  
-0.6717081704  
-1.349658345  
-1.159210581  
-1.543441089  
-0.6117318292  
-1.083016258  
-1.148740277  
-0.1303757757  
-0.5920638611  
-0.4760324751  
-0.6729978941  
-1.071739175  
-0.3606285899  
0.4314791357  
0.02158071327  
-0.1918242545  
0.5829540625  
0.02007685174  
-0.02021644923  
-0.03088918217  
-0.1576853679  
-0.2778606908  
0.1317720242  
-0.08014121419  
-0.3565015729  
-0.06143689175  
0.3600820409  
-0.6056347426  
0.5933681101  
-0.0378532864  
-0.2046640563  
-0.1187578106  
-0.3810035191  
0.06880772846  
-0.1446681089  
0.04411137146  
0.2634794113  
0.7800217333  
0.2404312878  
0.05015201538  
0.2149772294  
0.6684377435  
0.1762976902  
-0.01130879868  
-0.4883748065  
0.007697010573  
-0.2789126391  
-0.5227562743  
-0.2041681945  
0.3058588082  
0.2357565618  
-0.02115765838  
-0.6780643537  
0.4376818045  
0.02646774382  
0.6628546808  
0.0693610857  
0.5467860095  
0.3107462905  
0.07030973094  
0.06736485498  
0.3552816602  
0.03473570719  
-0.249075719  
-0.3305216654  
0.1117628504  
0.317535264  
0.0938636378  
0.1277055995  
0.3083659901  
0.3763393637  
0.3192108329  
0.602448131  
-0.05767707672  
0.6896965462  
-0.7765674866  
0.1292765357  
0.09589495783  
-0.1282699414  
-0.4555738254  
0.1252898847  
-0.4691335128  
-0.1768507607  
-0.3772834886  
-0.009766438334  
-0.1855268681  
-0.06650248127  
0.2967831492  
-0.001298856482  
-0.9537781473  
-0.2261990457  
0.5956242008  
0.5134431077  
-0.3037060689  
0.2168861514  
-0.2455519997  
-0.6187630562  
-0.7237304092  
0.5033029263  
-0.2499068969  
-0.3776531049  
0.5977275442  
-0.3837031885  
-0.7951903312  
-0.3660611813  
-0.7388845602  
-0.6073441834  
0.3678160607  
0.1378224635  
0.2692560882  
-0.805405561  
0.1492389182  
0.387927093  
0.4628303734  
0.4479051932  
0.8261187095  
0.1722177531  
-0.02482905879  
-0.1122518817  
-0.2957167705  
0.06112511528  
-0.3173079116  
0.1576886268  
0.2907027391  
0.2469261178  
-0.3963788202  
-0.2869584593  
0.08055539687  
-0.2009115876  
0.2685894012  
0.5391937118  
0.1115381018  
0.8311315203  
-0.08470987453  
0.6841875023  
0.1348891916  
0.4951166515  
0.04221187409  
0.08003431758  
0.5165484562  
0.2960111308  
0.4565469872  
0.1685307989  
-0.05665004768  
0.2728694878  
-0.4215195641  
0.4209332271  
0.305061043  
0.1736547404  
0.5502428275  
-0.2990071683  
0.7551300834  
-1.11215982  
-1.191067044  
-0.105597827  
-0.09019031329  
-0.007150621635  
-0.7429061717  
-0.8629313928  
-0.5519247191  
-0.3871600272  
0.1079681263  
0.1187265395  
0.1292451809  
-0.1840988404  
-0.1888784446  
-0.06755239984  
-0.2821948715  
-0.04175096309  
-0.02740643597  
-0.522525279  
0.1275856167  
0.357342299  
-0.1989036807  
-0.5055766076  
0.4332172782  
0.1373779495  
0.3518635219  
0.3651525467  
0.3109053643  
-0.08014971555  
-0.005488523747  
0.03047043633  
0.6882475741  
-0.1212611657  
0.156411161  
-0.02386957397  
0.1442326766  
0.1792372664  
0.6384386061  
0.7664429564  
0.1065285779  
0.3804422289  
0.6545036014  
0.9900416853  
0.2062859397  
0.7602754132  
0.0390557692  
-0.1664310461  
-0.4671401137  
-0.5985499689  
-0.5041318193  
-1.101962458  
-1.114418011  
-0.6579843154  
-0.2729367709  
0.009830649804  
0.6377434458  
-0.02691957049  
-0.3745270303  
0.1699421987  
-0.304092918  
-0.6138322897  
-0.1312020875  
-0.8303480391  
-0.8679156166  
-0.8921540764  
-0.6611955957  
-0.9043503622  
0.3908097169  
-0.2877905152  
-0.2670358533  
-0.3430994326  
-0.4485927261  
-0.6858117459  
-0.02528736482  
0.01745358869  
-0.2694390275  
0.7076624645  
0.2059308175  
0.3543575806  
0.3194700575  
0.1679629749  
0.5917823147  
0.2865074682  
0.3488673671  
0.1919691621  
0.03763596355  
-1.158125233  
0.3530162998  
0.9014478563  
0.4695558101  
0.6503448808  
0.5445630948  
0.1633862916  
0.0190043136  
0.8225743679  
1.253223396  
0.2501550288  
0.0446633325  
0.5406563816  
0.512809391  
0.9325725983  
0.2808276592  
0.7918426638  
0.4987496468  
0.3896200781  
0.04603846755  
0.5854803084  
0.8749845179  
0.5511662417  
-0.9214923337  
-1.183309977  
-0.40944755  
-1.533535757  
-0.5751667863  
-0.3007932426  
-0.6137307642  
0.6041808494  
0.9724305674  
-0.6629929187  
0.009140355892  
0.04065473442  
0.6358824651  
-0.3055639005  
-0.2319882132  
0.05185932381  
0.5387425295  
-0.09098099582  
-0.279322138  
0.5058188695  
-0.3541327366  
-0.683825902  
-1.051633243  
-0.06372800627  
-1.300994259  
-0.9636916467  
-1.028650097  
-0.6045419568  
0.5425484786  
0.6196860042  
0.2393870784  
0.1611112582  
0.8993292981  
0.6174380833  
0.96552922  
-0.004022737328  
0.590689535  
0.6439582718  
1.705729804  
1.572382085  
-0.6624730895  
0.2245227253  
-0.7638233981  
-0.6343998767  
0.3235968315  
0.006039770327  
-0.790104768  
0.2815245557  
0.2823770984  
-0.5127354804  
-0.7573596781  
-1.437031669  
-0.3371249486  
-0.3248096612  
-0.8920896702  
-1.446103457  
-0.5040816272  
0.5417096049  
-1.406038913  
-1.005433611  
-0.7630717985  
-0.7406525655  
-0.2835833377  
0.0438609762  
6.093325378  
10.06991651  
3.608870858  
0.2286331341  
0.5951709152  
-1.066349797  
0.04738803728  
-0.7873079301  
-0.2762580781  
-0.07512252325  
-0.5868231717  
-0.562497461  
-0.6766889902  
-0.7078689501  
-0.6633161423  
-0.4739941914  
-0.2689777428  
0.2246514329  
-1.081136724  
0.5014246373  
-0.3159293489  
0.03964752409  
0.2028332796  
-0.5665981051  
0.01121010472  
0.5153947768  
0.2765338477  
0.2279289984  
-0.1591529907  
0.4699326929  
0.1962729713  
-0.07908764274  
-1.007012935  
-0.2747108844  
0.514747097  
-1.141434243  
-1.012800346  
-1.490753899  
1.644231634  
-0.02402218031  
-0.2201212671  
1.217002965  
-0.9154381834  
-0.9728962169  
-0.04516318424  
-0.3651392832  
-1.345633671  
-2.523181275  
-1.668913593  
-0.4747080887  
-1.165505337  
0.2149000315  
0.8248143  
-0.9185299518  
1.122439193  
-0.3214664502  
-1.035734155  
0.1851494087  
0.3055545157  
0.1288965603  
-0.7938045005  
0.9281755083  
1.727454924  
-0.2631609256  
1.348055385  
1.496034557  
0.6682542558  
0.8666175046  
0.6290250184  
1.613532621  
0.5297124592  
1.474188006  
0.3649437223  
0.4219582978  
-0.01710337038  
0.5984060371  
0.6746764611  
-0.7406908239  
-1.102401481  
-1.260175499  
-0.9045298308  
-1.52126295  
-0.5868024044  
-1.625431751  
-1.683518132  
-1.348544519  
-0.9839472158  
-1.390749288  
-1.116544377  
-1.320669736  
-1.38347123  
-0.7661093578  
-1.377157116  
-1.22136466  
-0.5582458429  
-1.766719557  
-1.141993501  
-0.996769988  
-0.7258140934  
-0.3659351933  
0.8506606143  
0.9689148717  
1.496305792  
0.3675663686  
0.007320936045  
0.9164525164  
0.2802242859  
1.061168388  
0.2634496262  
0.5676631081  
0.2692829927  
0.4640795977  
-0.07655490916  
0.4719691203  
-0.4150947195  
-0.2510068122  
0.02315859603  
0.4215332781  
-0.2645289176  
0.5634689558  
0.2886318198  
0.9989734839  
0.2102862167  
1.082424801  
1.102017943  
0.354739909  
0.8332392  
0.9976985122  
0.8040044851  
-0.1209918222  
0.8165529308  
0.7449602962  
1.030355047  
0.3160364479  
0.7991838629  
-0.0463132411  
0.4038674552  
0.6310991667  
0.1549956464  
0.282806501  
2.573134642  
-0.4444852628  
0.3068830668  
-0.9453310963  
-1.24442049  
-1.485701844  
-0.3462290784  
-1.461476512  
-1.164160206  
-1.180533132  
-0.3881640594  
-0.3127094139  
-1.202907188  
-1.004659147  
-1.344310464  
-1.431116139  
-1.15844858  
-0.4779914564  
-0.3746990584  
-1.1609406  
-0.5238344402  
-1.232363539  
0.8824842742  
0.06415617791  
0.4398973271  
0.8232996304  
0.6572516117  
-0.329344816  
1.056879301  
0.249739157  
0.383919912  
0.06927306276  
0.2077232709  
0.4924562988  
1.292557245  
1.220930825  
0.6201527511  
0.2157261842  
0.03885618923  
0.6287912895  
0.1432613797  
-0.1021349399  
0.1628039987  
0.5157446433  
0.6980823873  
0.7538870945  
0.7991150309  
1.171655909  
-0.4732720065  
-0.8266064603  
-0.2525507674  
1.062954707  
-0.8295155  
-0.6573965057  
-0.3851194625  
-0.7219731414  
-0.9729510924  
0.9564161889  
-1.457760527  
-1.778260649  
-0.2790828699  
-0.4665435104  
1.135224471  
0.2202263022  
0.4440485078  
0.7416229435  
1.171711656  
1.416221206  
0.5165392081  
-0.01321326509  
0.4272050209  
0.7109442183  
0.9826853248  
1.57110593  
-1.240815678  
0.7528384206  
1.077777071  
1.521353575  
0.4868325969  
1.173933546  
0.728767639  
0.3904545913  
0.9124864523  
0.9331144536  
-1.314423848  
-0.8238434238  
-0.8855311346  
-0.5666570376  
-0.9216991801  
-1.143712365  
-0.3511541948  
-0.7782830817  
-0.8807637121  
-1.13547051  
-0.9415490817  
-1.391262774  
-1.53618271  
-1.375828934  
-1.682544857  
-0.6048451455  
-0.5034343137  
-1.881793547  
-1.642172354  
-1.032834177  
-0.9426858221  
-0.4522048306  
-0.8664669596  
-0.8700812935  
-1.297328725  
-0.8264159316  
-1.563327689  
-1.502165106  
-1.106597004  
-1.813399854  
-0.2802076451  
1.553628195  
1.058470454  
0.3833911227  
4.776902048  
1.180604349  
1.348793807  
1.284138064  
0.9062137747  
0.9085469843  
0.7090210278  
-0.801268918  
-0.2949652176  
-1.208441627  
-0.4890921628  
-0.3985591218  
-0.9063512808  
1.375731109  
4.682353402  
-0.08642033151  
0.2064126649  
1.177487323  
0.1791854375  
0.446836274  
0.3344646011  
-0.1669489169  
-0.6572732084  
0.37422342  
0.4603295403  
-1.357781122  
-0.1597398641  
-0.6331416806  
-0.5870485308  
-0.6821775898  
-0.01703840954  
0.05859717548  
0.8108900518  
0.09710806038  
-0.3009024885  
-0.587256412  
0.004453845514  
-0.3879056513  
-0.3183298334  
-0.3553330811  
0.12751186  
0.2706104384  
