0.6181749312  
-0.1342819499  
0.6758616842  
0.6397054328  
0.03156869826  
0.4019271672  
0.1202213186  
0.4001055715  
0.3164227754  
-0.3209690088  
0.4118441412  
-0.4370962919  
-0.4179218404  
-0.3706366822  
0.7971428729  
-0.2062791318  
-0.02502057772  
-0.6313285636  
0.1244410413  
-0.5573553764  
0.4147613655  
0.154201921  
-0.2345216167  
-0.4043101675  
-0.2513125548  
-0.939873705  
0.09064570386  
-0.0928021595  
-0.2029411951  
-0.142638054  
-1.58386153  
-0.8720139618  
-0.7602099511  
-0.6666165955  
-0.8973798825  
-0.4005483467  
-0.7165122418  
-1.507891456  
-0.274427895  
-1.07267767  
-0.7111363488  
-0.3810240551  
-0.06801523706  
-1.383221273  
-0.1686572852  
-0.7075930556  
-1.745448999  
-2.241017189  
-1.07792964  
5.46254443  
2.751866424  
1.984070666  
0.6103173468  
-0.08694709359  
1.307786863  
1.424798574  
1.019007636  
0.7969541937  
2.291914898  
1.398861084  
0.3592285525  
1.010416347  
1.412128214  
0.6619755613  
0.8089325364  
1.551246015  
0.1860604191  
1.232775984  
0.4569965119  
1.221354169  
2.501881592  
-0.9351291571  
-1.364528023  
-1.626858944  
-2.314532817  
0.4387388007  
3.202365308  
1.485299287  
0.2541045842  
0.2462285453  
-0.1848451175  
0.3381280903  
2.114555743  
-0.4420763281  
-2.388048379  
-1.046634928  
-2.275437994  
-0.5311476742  
-1.873005066  
-1.85485648  
-1.562237504  
-0.9591711479  
-0.7633712698  
-1.974090687  
-2.385888344  
3.569732244  
2.337809235  
2.961774086  
2.892832205  
0.4187333574  
0.812802429  
0.6819264373  
0.2717569527  
-0.2034631764  
1.945436412  
0.8726577476  
-1.6034221  
-1.064100308  
-1.533670141  
-1.066873289  
-1.999417298  
-2.720410066  
-2.769740406  
-0.9472166336  
-2.391553149  
-1.628353609  
-0.5054600551  
1.046771953  
3.54458995  
0.3769727492  
0.482975842  
-0.1251568727  
0.8533214334  
0.3325101477  
1.52337221  
-0.815499408  
1.548911139  
-0.3961576204  
0.9168511504  
-0.4495666816  
0.5777088688  
0.1939029774  
1.89225648  
0.2639295061  
-0.07106571019  
0.265099402  
0.8101604054  
-0.4651729512  
-1.658834479  
0.6082178235  
0.43881154  
1.228272646  
1.310022635  
0.7489622133  
-0.0300549454  
-0.7097629975  
0.7301609165  
-0.268614127  
0.4578732722  
0.0777484086  
0.1611799383  
0.2250677659  
-0.3292276122  
0.3378071172  
0.383705413  
0.6033404553  
-0.02673368729  
0.00555533168  
-0.01028882339  
0.006018920742  
0.5748600779  
-0.9296274736  
-0.7367284305  
0.4834551861  
-1.005370545  
-1.136911651  
-1.250024215  
-1.000698525  
-0.6497409591  
-1.837494196  
-1.75811976  
0.02883468738  
-0.02045992985  
1.161602506  
3.883362481  
2.049793052  
4.08146915  
1.680775607  
1.744489463  
4.541024576  
-1.317856177  
1.065036799  
-0.9163404454  
2.143677869  
-0.6125329358  
0.2064440977  
1.379000302  
0.7605429957  
0.8217903144  
1.133822848  
1.342742645  
2.338583722  
-0.2693358656  
-0.5186181769  
-0.4810514317  
-2.135323531  
-1.75438523  
-2.3471267  
-1.597807276  
-1.828998852  
-1.464113492  
-2.239342269  
-1.304187702  
-1.074156765  
-1.620750332  
-1.845412629  
-1.603506948  
-0.4497150793  
-1.09862091  
-3.268093542  
-1.718208515  
-1.441920445  
-2.261882631  
-2.105089704  
0.4367108775  
0.7527960672  
0.8469964014  
-0.2041146568  
-0.7973505004  
0.08154894875  
0.7219446168  
-0.5704660901  
1.4917281  
0.619510044  
0.6687594584  
0.3408155275  
0.1056773004  
2.593148946  
1.044472672  
1.746282158  
1.828846303  
1.077764515  
1.257367338  
0.9704475087  
1.037964662  
0.211115787  
1.614386674  
0.9869992021  
2.482224058  
0.5635239876  
1.775809955  
2.364869533  
0.2947713199  
1.112109372  
-0.3559001599  
2.302777037  
0.1714048626  
0.2736023948  
1.909843118  
1.327404372  
1.966760956  
-1.765240821  
-0.604646511  
-1.038630366  
-1.04634643  
-0.2990079991  
-0.2286265876  
-0.5421066461  
0.1256829906  
-1.011241757  
-0.6808678467  
-0.3851032939  
-1.579200071  
-0.7127643324  
-0.7430971188  
-0.7847035028  
-1.647059447  
-2.090220117  
-2.069565434  
-1.041009944  
-0.7772173859  
0.1901234564  
-0.4241391823  
-0.5336964524  
-0.3158894111  
0.466095337  
-0.9057995708  
-0.1899786413  
-0.0784646878  
0.7466812566  
0.07870259557  
-1.52311551  
0.8499124373  
0.7282742323  
0.6833087821  
0.048118142  
0.04832051985  
-0.4694422528  
-0.6068758854  
-1.158871287  
-0.05594902832  
-0.5435567433  
-0.8229983433  
-0.2405653097  
0.8845037814  
-0.008205485992  
-0.2480722155  
1.039253399  
0.7904876797  
0.2751728765  
-0.0646672793  
1.103655611  
0.2776825704  
-0.4089650861  
0.9239322894  
0.4416969413  
0.4006069588  
0.2825775803  
0.4617707881  
-0.4611662258  
-0.07527640218  
0.9258672226  
-0.4808954486  
0.7063698227  
0.2861227975  
-0.210835816  
0.8338406206  
0.6582993043  
-0.5628716233  
0.3764240623  
-0.07500840941  
0.2926712141  
0.241770727  
-0.07601861679  
-0.7127893393  
0.6326121401  
1.705618505  
-0.1455973692  
0.2206912395  
-0.68460759  
-0.6666465283  
-0.3230910681  
0.4802875596  
-1.035478684  
-0.1576894842  
-0.1361341425  
-0.2163322351  
-0.3057442281  
0.5340904383  
-0.9382613365  
-0.2675601369  
0.4482272253  
-0.5641901493  
0.4060964025  
0.1072716576  
-0.6376673567  
-0.186930018  
-1.037034183  
-0.6503767676  
0.3942539858  
0.1999035659  
-0.5126384646  
-0.6122640824  
0.3580143259  
-0.4171977583  
-0.7251981869  
-0.1041213509  
0.4544112025  
-0.4145496405  
0.5690118946  
-0.5952505436  
0.6677469697  
-0.3356806083  
0.04521400819  
0.05261744806  
-0.2439786236  
-0.4425802834  
0.3361469465  
-0.08694504936  
0.02414971963  
0.4244606087  
-0.6453419886  
-0.2937126178  
0.7855519551  
-0.1019033026  
0.3175160277  
0.2481981555  
-0.7062792158  
0.1896560853  
-0.3618542494  
-0.8216215038  
0.1161460093  
-0.453835186  
0.4745376707  
0.7790139451  
0.1376271348  
0.5542543429  
-0.6063024187  
0.07473687574  
0.1059724514  
0.2686518527  
-0.9844738621  
0.4097833226  
-0.4730161248  
-0.8062403829  
0.6227816418  
-0.4039402375  
1.225800533  
-0.2181837219  
0.03153274487  
-0.1625144666  
-0.5868712029  
-0.4655850336  
-0.8134759579  
-0.8449354952  
-0.9820148566  
-0.4693182219  
0.3416711681  
0.6908651649  
-0.03472684934  
0.144247921  
-0.08213535311  
0.027257024  
-0.0816510461  
0.491213428  
0.5600425667  
0.2350974912  
-0.6050914798  
-0.2217105576  
-0.4651645175  
0.178225534  
-0.2030003083  
0.01632765951  
-0.8264991302  
0.08227771457  
0.3113061678  
-0.4746185517  
0.1668442288  
-0.813613984  
0.3416135709  
-0.5915495274  
-0.06384270087  
1.171136738  
0.1907633858  
0.8245719021  
-0.1633712194  
-0.5479958689  
-0.3520251467  
0.3358658176  
0.5556069899  
0.7294311197  
0.2166720837  
0.2850907579  
-0.1386341769  
0.1706581891  
0.5844879557  
0.3087539079  
0.05395925153  
0.2304794509  
0.06409590709  
-0.4819327886  
-0.8885722485  
-0.7269626935  
-0.06047931923  
-0.5355974478  
-0.3492500572  
0.09573396886  
0.8041424191  
1.179887059  
-0.08985900158  
-0.3791867477  
0.02571992949  
0.5825520264  
-0.07665952779  
-0.4033425629  
-0.07820168744  
-0.07620462548  
-0.5380150908  
-0.5287505277  
0.2478065614  
-0.7862773091  
0.02280782761  
-0.2937342509  
-0.2933457887  
-0.09426874791  
0.448440298  
-0.1905993485  
0.5290208946  
-0.02596895608  
-0.435281096  
-0.7625171112  
-0.3494841538  
0.2777668749  
-0.01514064061  
-0.5416830958  
-0.06065250521  
-0.1098778705  
1.061319298  
1.156719629  
0.8954325286  
0.2896896185  
0.4228589881  
0.7081742565  
0.4119326133  
0.3942673955  
-0.1221677671  
0.170945398  
0.01530473607  
-0.3124336892  
-0.2912643388  
-0.3210046249  
-0.169328987  
0.09717679108  
-0.1880954663  
-0.6332449103  
0.8008999303  
-0.08640913342  
-0.8874846833  
-0.5933992747  
0.9607003885  
-0.9165809963  
-0.4015187496  
0.5977659057  
0.3835460222  
-0.06461294542  
0.06760925938  
-0.4072120718  
0.1606595308  
0.2630766417  
0.2102194822  
-0.1012964121  
-0.483897656  
0.56458332  
0.4279569037  
0.3479188419  
1.250156327  
0.4520150746  
0.1362241124  
-0.3951560398  
0.7739897374  
0.4853857787  
0.4904975231  
-0.4072830178  
-1.214360448  
-1.74008546  
-0.2573150422  
0.3603413538  
-0.1202520196  
-0.9218177801  
-0.7256394797  
-0.09321468615  
-0.5796839722  
-0.8796422123  
0.3863845601  
-0.6050684316  
-0.6995838919  
0.07123405453  
0.2686449125  
0.3012425502  
1.226192416  
0.2054694835  
-0.2303725288  
0.1154105925  
0.4194547455  
0.7389557614  
0.5692061989  
0.3539656367  
-0.3190358313  
-0.668668219  
-0.2193645063  
-0.07950482168  
0.4578052412  
0.2622344969  
0.5677486458  
-0.0460464783  
-0.1698199635  
-0.4209981404  
-0.6016131012  
0.1981385978  
0.2068915642  
0.228124393  
-0.4374593413  
-0.09806594619  
0.3012684464  
-0.6269239611  
-0.7477329424  
-0.282701697  
-0.4201829218  
-0.09476797882  
-0.5037585471  
0.1022339278  
-0.2466986868  
0.8686015526  
-0.272983366  
-0.1686839926  
-0.2753253404  
0.2588762199  
0.7333852993  
-0.4043291794  
-0.09289264744  
-0.581775737  
-0.1326184518  
1.013046891  
-0.06315692629  
-0.3593913131  
-0.1973111766  
0.5119697303  
0.1641210542  
-0.154119702  
0.02049019544  
-0.4104308719  
-0.794737089  
-1.309962574  
0.05845339482  
-0.5924573602  
-0.2682719005  
-0.09381479053  
-0.1880190765  
0.07897501498  
0.8658858983  
0.941264723  
1.19874467  
0.1578959001  
-0.2180039569  
0.07640301889  
-0.1204195993  
-0.5216612172  
-0.2696054665  
-0.1631716593  
-0.3332671385  
-0.6080078854  
0.467159202  
0.6497002581  
-0.1177738132  
0.6790289073  
-0.08747461505  
-1.010689664  
-0.3151885542  
-0.4111271876  
0.3153252798  
0.02004069856  
-0.5656160507  
0.09490129299  
0.06805469881  
-0.9371089359  
-0.30122922  
0.1067150758  
-0.7990547644  
0.3559417901  
-0.5370630443  
-0.7237749932  
-0.9328953698  
-0.7871223572  
-0.3920290429  
-1.298262104  
-0.7124157342  
-0.3051387569  
-0.7140771344  
0.05773689876  
-0.3973221915  
-0.1819891126  
-0.4437163225  
-1.425627704  
0.6923753194  
0.9503239649  
1.877232595  
1.439597617  
1.681811616  
-0.04593374486  
-0.5511949046  
-0.9632947721  
-0.6574238821  
0.7299127087  
0.6517311125  
2.112974282  
1.177484044  
0.5420273051  
0.7758181552  
0.6062555954  
0.1569200648  
1.126389166  
0.7651324835  
-0.1998907813  
0.3684419956  
0.5356291698  
0.7312775235  
1.032440246  
0.00764396493  
0.7596437599  
1.187858445  
0.1686425876  
0.5617532996  
0.3983552209  
0.5949101189  
0.5293202716  
-0.6745526526  
0.5375538254  
0.6305944737  
0.1032138932  
-0.4996213583  
0.5632755561  
0.4893618234  
0.1977577861  
-0.3529130124  
1.268639298  
-0.1049135488  
0.2459217488  
-0.5710914678  
-0.6598321311  
0.05074873279  
-0.5434561206  
-0.6035329269  
-0.0319402962  
0.6249275792  
-0.1248636719  
0.3650912192  
-0.279702797  
-0.6993576707  
-0.2976774045  
-0.7162218386  
0.3474851822  
-0.191104855  
-0.619688533  
-0.8666453594  
0.3680237407  
-0.7556085905  
-0.1585795543  
-0.59868496  
-0.1483207426  
-0.6759986459  
0.862553531  
-0.4148997391  
-0.4901661788  
0.2676035088  
-0.3814071558  
0.118742841  
0.05098489208  
0.8219067146  
-0.389277041  
-0.01664382987  
0.159001983  
-0.6369334402  
-0.1180046757  
-0.2658631689  
0.0673508905  
-0.1007169049  
-0.3840107958  
-0.8976425882  
0.7221922631  
0.1672674501  
-0.8172608495  
-0.12806654  
-0.7878319029  
0.2623423624  
0.1243464286  
0.7187614001  
-0.8945066958  
0.3188978171  
-0.5912770926  
-0.256833224  
0.02773080459  
-0.1635330824  
0.02163832468  
-0.01891197136  
0.2386896552  
0.06126280819  
0.5890160143  
-0.3318577884  
0.9378056951  
0.4679186316  
0.5234905373  
0.3075043474  
0.01921926872  
1.208967651  
0.3968518761  
0.7655595288  
-0.3031380076  
0.1325407546  
-0.4525656632  
-0.02857758693  
-0.9653850951  
-0.1913978408  
-0.8490012768  
-0.2203854345  
0.04690177811  
-0.9514980694  
-0.2156705744  
-0.1951771269  
-0.1294517505  
-0.0460059374  
-0.6992772521  
0.4737158893  
0.9361597049  
0.5452206009  
-0.3677202287  
-0.4020908809  
-0.1044951358  
-0.4538697812  
-0.6932954658  
-0.4967108043  
-0.4197006102  
0.434945353  
0.4917458679  
0.4247109352  
0.2982206834  
0.6285324902  
-0.2567587088  
0.4624070713  
0.4707777857  
-0.07948131215  
-0.1559658522  
-0.5558681111  
-0.5921905451  
0.6060186046  
-0.2248437666  
0.05064964679  
0.2356178467  
0.2428391048  
-0.8246540493  
-0.1040106453  
-0.850730299  
-0.7314091836  
0.5753041407  
0.2079817175  
-0.2460698566  
0.2201574565  
-0.3017553123  
-0.07357753796  
-0.1746489994  
0.1549113269  
0.17552055  
0.5664164576  
-0.5037011528  
0.1354223975  
-0.4252982272  
0.8569344898  
-0.5099164135  
-0.1589139684  
-0.4294550438  
0.4845190801  
-0.3816557121  
-0.2255598348  
0.238588706  
-0.4899297812  
-0.1741268522  
0.2508920031  
-0.1806349329  
-0.1687800506  
0.4573126656  
-0.3765130899  
-0.8687105929  
0.2560881229  
-0.160532034  
-0.08738505144  
0.2385671333  
0.3350606064  
0.676325173  
0.7626945501  
0.6612826235  
0.7293145622  
-0.7427574576  
0.4438573723  
1.008541901  
0.2870820514  
0.4953245797  
0.3506114192  
0.01069343733  
0.551557613  
0.8760879395  
-0.2212967128  
0.1570287012  
-0.2487666005  
-0.3201400712  
0.4418116283  
-0.4485488034  
-0.3077105469  
-1.049775892  
-0.646651849  
0.1216994613  
0.4450630547  
-0.08678177573  
0.01161851581  
-0.4084541928  
-0.07644424977  
-0.2985394881  
0.2384063939  
0.4476352756  
-0.6668936647  
-0.5041436181  
-0.7373650421  
-0.6809615514  
0.4180786444  
-0.2917904841  
0.09163257045  
0.6040114881  
0.4112248103  
-0.4811732672  
-0.2059262393  
-0.01549013666  
-0.32621756  
-0.5363041769  
-0.128487189  
0.5075048405  
-0.2609047727  
0.2090478764  
-0.06756146405  
-0.2633315616  
0.5606975055  
-0.6343474719  
-0.3818911072  
-0.3243034182  
0.2305541807  
-0.2151328787  
-0.1374603874  
0.9885732323  
1.098089672  
0.08072063248  
-0.2655939151  
-0.4661000875  
-0.2337849771  
0.3239917808  
0.5776036448  
-0.6346947369  
0.5294496116  
0.03282650052  
-0.2141188397  
-0.8010389894  
-0.5194017658  
-0.0983834944  
0.3166911385  
-0.5818168121  
-0.1726604687  
0.2472604074  
-0.1542930679  
-0.09527040257  
-0.122364465  
-0.09329639575  
0.2197875038  
0.2328451195  
0.2449366548  
0.1437192249  
0.09637183041  
-0.4226745063  
-0.4780830409  
-0.6560751345  
-0.1321301287  
-0.6816747581  
-0.04962289014  
-0.6541136316  
-0.9106047573  
-0.4254861507  
-0.2268450214  
-0.3017033801  
-0.461908749  
-0.02521982385  
-0.7283867778  
-0.3790262539  
-1.166331132  
-1.269109465  
0.2476551507  
-0.3306481458  
0.5885172128  
-1.135669915  
-1.177916256  
-0.4858542275  
-0.3069600376  
-0.1565188101  
0.2839514756  
0.9840267913  
1.172829267  
1.23922932  
1.589227602  
0.9624779317  
1.07332112  
0.3364744004  
-0.2187020265  
3.225625732  
2.652406138  
0.7804115921  
-2.061739199  
-0.5208610633  
-0.9246820462  
-1.376519643  
-0.8719823121  
-0.6298431934  
-0.9910321835  
-1.701127206  
-0.8754190975  
-0.959357332  
-0.9454476827  
-0.2808093332  
-1.150829962  
-1.141162111  
-0.8971006691  
-1.93394104  
-1.293870223  
-0.6476050034  
-1.510801449  
-1.992660428  
-2.158430117  
-2.343430821  
0.4294058065  
9.445664006  
8.974949787  
4.32952638  
0.732859516  
0.7487531175  
-0.4999461567  
0.6263546519  
-0.3527759868  
0.6968424436  
1.452055879  
0.712802004  
0.4833136623  
0.08969154785  
-1.22451012  
0.2152210304  
0.5872127896  
0.6578649808  
0.3521340766  
0.6624663574  
0.3035798949  
1.084593892  
-0.2799071663  
-0.2778394332  
0.2109865171  
0.7508843701  
-0.4316011927  
0.5980954815  
0.5395036339  
0.9112214762  
-0.4725929909  
-0.01212004449  
0.787728981  
0.4741376889  
-0.08208923779  
-0.04735853206  
-2.072061238  
-1.982942828  
-0.2636709255  
0.7825706199  
-0.112380438  
1.030872882  
-0.5641632618  
0.2438715263  
-0.3916051408  
0.5912626837  
-0.008292478226  
-2.421154496  
-1.326288493  
-1.21475637  
1.295178223  
-0.3338911537  
1.747978271  
-0.8350773542  
0.07473641076  
-0.9498348675  
0.251616894  
0.6105401006  
0.6118500307  
0.1646379787  
-1.292625452  
-0.1414568726  
0.7933637768  
0.2450049261  
1.132711235  
0.4343213154  
0.9482045592  
-0.1455798434  
0.6096509398  
2.305476824  
0.7339771945  
1.027853847  
1.641246602  
-0.7515337154  
1.082137  
0.5789335502  
-0.5640818282  
0.1114935085  
-1.064391671  
-1.144366406  
-1.295399465  
-1.833227737  
-0.1692395538  
-0.5711635482  
-0.8735549244  
-0.5006675348  
-1.906293313  
-0.1938175687  
-1.493269245  
-1.056504572  
-1.373917649  
-0.2315101842  
-1.269644378  
-0.6455247676  
-1.052440923  
-1.103431282  
-2.071947614  
-0.08763856564  
-1.387179295  
-0.8157095214  
0.09386162892  
1.446558953  
1.67609903  
1.036790757  
0.1444197664  
0.9873860467  
1.358914861  
0.947811596  
0.5431358772  
0.7854472076  
0.8288713955  
0.2206864372  
-0.2978426175  
0.5408858267  
0.1442074126  
0.6693984501  
0.5670413105  
-0.328279202  
-1.157939005  
1.15856987  
0.01131172742  
-0.3429392987  
0.5983725872  
0.1893764424  
1.541468928  
0.5754441496  
-0.7382485105  
1.107376151  
0.7043881779  
0.2791962567  
0.6597925281  
0.09790457593  
0.546331366  
1.060568714  
0.602020645  
0.6441981771  
0.9699442928  
0.7209648623  
0.3532834272  
0.6037740476  
-0.3712869372  
1.740588009  
0.3359352099  
-0.5141658733  
-0.8006085073  
-1.181754938  
-0.8480137407  
-1.166559679  
-1.180616895  
-1.296024148  
-2.104762674  
-1.73130332  
-2.130481173  
-0.03226665648  
-0.7533550253  
-0.7708746521  
-0.8514216284  
-1.533261825  
-0.3775890913  
-1.687844572  
-1.286262299  
-1.970162729  
-0.805254702  
0.498571837  
0.4962689895  
1.411752639  
0.6142427938  
0.7082393401  
1.237783722  
0.3539859174  
-0.4960469067  
0.7200906248  
0.7747514043  
1.030983226  
0.5818296472  
1.128521287  
0.7378930813  
0.6483320441  
1.143182171  
0.2684003136  
-0.4710622685  
0.100594036  
1.202199695  
-0.1760794942  
-0.01531381959  
0.8755813378  
-0.8108912127  
0.3638295725  
0.2272511112  
0.7367754975  
-0.6511978479  
0.06241596934  
-0.9988519699  
-1.83050615  
-0.675150478  
-1.106915313  
-0.9389495964  
-1.102638725  
0.4534523853  
-1.822958941  
-1.48811619  
-1.550787688  
-0.6734625221  
1.060577134  
0.6435964464  
1.125179461  
0.1556228263  
0.2414574512  
0.9918931891  
1.171729331  
1.54053909  
1.237274406  
1.078819914  
0.5521342586  
1.954852521  
1.129795354  
0.6994264428  
0.2885455461  
0.7376427553  
-0.4055746565  
2.031946708  
1.325103376  
0.848690571  
0.9861475984  
1.57941079  
-1.720204978  
-0.5341495415  
-1.113162774  
-0.5459631997  
-0.3667080228  
-0.5102988525  
-0.4858768008  
-0.8286771237  
-0.124732271  
-0.2273046843  
-0.349371492  
-0.318811485  
-1.576154113  
-1.959764697  
-1.964379329  
-0.6767695213  
-0.8010248924  
-1.050947112  
-0.250686517  
-0.5241309616  
-1.762189249  
-1.763213706  
-0.6902214769  
-0.7756463603  
0.8408286732  
-0.130073629  
0.1544249645  
-1.08094046  
-0.800283555  
-0.9582739938  
0.9807450142  
0.4946797316  
0.7165034394  
0.4607828994  
3.963935174  
1.058912828  
0.02857251  
0.3855633378  
0.3646763524  
0.2788570922  
-2.014554587  
-1.472071401  
-1.297095599  
-0.9518589289  
0.2822641504  
-1.504512255  
-1.340830423  
0.03211698914  
4.610864366  
1.169482077  
0.7508297587  
-0.04343534372  
2.331732045  
0.2926753167  
-0.3296928536  
-0.816085109  
-0.9479498053  
-1.156941626  
-1.166248769  
0.004768832722  
1.131421404  
0.7441064938  
0.4128886851  
0.4958022218  
-1.037758212  
-0.9268355434  
-0.1599305728  
1.537624675  
-0.2092302538  
0.5295465548  
-0.4035829805  
0.04945502384  
-0.7799200573  
-0.4898542307  
-0.8652527741  
0.7667734759  
