0.1249945768  
-0.2954977461  
0.3143763451  
0.7441315439  
-0.5519798304  
0.814426784  
-0.7116288226  
-0.3205853002  
-0.06521549078  
-0.2936859704  
0.1885706206  
-0.8863933506  
0.6445868026  
-0.6985523607  
-0.1742339158  
0.418851841  
1.320585021  
-0.4021795455  
-0.6444697681  
0.7870106958  
1.118656407  
0.9987987716  
0.5228170019  
0.4657973961  
0.41119636  
-0.07979890918  
0.3129076149  
-0.1315097386  
0.09664220293  
0.07185648414  
-1.068058964  
-0.5512249757  
-1.35800497  
-2.188155723  
-1.494520129  
-1.679213868  
-1.396478558  
-0.7862355099  
-0.6512413503  
-0.7241216869  
-0.6725092156  
-1.214845294  
-0.2390688357  
-1.02021292  
-0.8173972072  
-1.591258966  
-1.632219625  
-2.481567668  
-2.621156413  
3.626192912  
0.4203054137  
1.452739717  
0.7285328385  
-0.1711620271  
1.046711147  
2.413762247  
1.615076896  
0.7796513981  
1.524587725  
1.424957384  
0.797921265  
1.000626185  
0.1743228466  
0.5888593212  
0.768198371  
1.253414401  
0.6576008335  
1.854370491  
0.9967843682  
1.382001073  
4.677897317  
-0.7976672705  
-0.9489837777  
1.286654673  
-1.154402581  
0.4226230423  
1.674124149  
-0.9110366588  
-0.8782889768  
0.7916620217  
-1.247614538  
-0.102670973  
4.27937862  
1.254746169  
-0.6320211452  
0.3994597768  
-0.5760045128  
0.2939011006  
-1.466128015  
0.08066818702  
-1.760216093  
0.2427656699  
-0.5950160397  
-0.7606869465  
-0.2983713393  
0.5370913774  
0.3723340924  
1.16034142  
0.1653456444  
0.2405140968  
0.3709854914  
0.9202297419  
0.2646867329  
-0.9657845998  
0.7176822521  
1.877444146  
-1.946819848  
0.7898220764  
1.609784732  
-0.6260864906  
-1.240980969  
-1.879379075  
-2.144100902  
-0.9083521857  
-3.346975099  
-0.7059283783  
0.4627640917  
0.9046729704  
1.305189001  
-2.098739687  
-0.2547183859  
-0.5438762254  
0.4471657749  
0.6890301417  
0.7248064914  
0.6181559821  
-0.07300349712  
-0.4676357658  
-0.1850203944  
0.6249987109  
1.092621485  
0.002525905183  
1.23874661  
1.144253314  
0.00877362626  
0.9985342587  
0.1397174085  
-2.755354362  
-0.8983989529  
-0.496648988  
0.9080929425  
0.09627205117  
-0.4591275936  
0.5878903666  
-0.3541706907  
-0.8734452595  
0.5212820603  
1.004313321  
0.5137409925  
0.04040851022  
0.7410514605  
0.4814027846  
0.2704457601  
0.5674477592  
0.2937172117  
0.1650611024  
0.4980783961  
0.5796326007  
0.1776290961  
0.2487190393  
1.350544365  
-0.01364124763  
0.7002844865  
0.147441266  
-0.1513381112  
-1.043407641  
-0.7505543376  
-2.143077857  
-0.3850800985  
-0.05503341008  
-0.7020847489  
-1.134906406  
-0.8740521329  
-0.2041986325  
3.512116839  
-0.07684634021  
1.983004358  
0.8054550601  
0.2239087734  
4.496051392  
0.1159880935  
0.2828444944  
0.4012874576  
-0.5241169087  
-0.6506781735  
0.6982946403  
0.8266858748  
0.3781213946  
-0.6104429642  
0.6269409633  
-1.929808489  
2.357648439  
-0.5182347021  
-1.936197346  
-0.7396674776  
-0.6436956624  
-2.34966031  
-2.351967305  
-0.9926121905  
-1.311983454  
-0.361166467  
-0.3881652717  
0.9365727236  
-1.106054403  
-0.3453984232  
-1.499762774  
0.6990182786  
-0.1330719217  
-1.502915593  
-0.8575113332  
-0.2405896485  
-0.3469984083  
-0.2812372604  
-1.869463205  
-1.354897128  
-0.2356721636  
0.4504156306  
-0.3681786202  
0.03881444519  
0.5601063491  
1.973186787  
0.2929411347  
0.3008397163  
-0.7230435146  
0.2778147564  
1.135059507  
0.5694679047  
0.6078845601  
0.004520618072  
0.4644266008  
0.05563724137  
0.4866922301  
1.161275912  
0.9176438062  
1.542543049  
0.4653517264  
0.3314049193  
0.7215036518  
-0.1614209525  
-0.5888414672  
0.9853768525  
-0.8875200292  
0.8946500657  
0.3474121408  
-0.5122757122  
0.8391236774  
-0.5884081751  
1.659241511  
-0.0534237701  
1.142586523  
2.129082961  
0.3624460498  
-0.1104993185  
0.4105188617  
0.3191315075  
-0.9383693797  
-0.4616354849  
0.5836984666  
0.3632512438  
-0.3145961255  
0.5308078718  
0.6409469216  
1.610303893  
1.093799266  
0.04592144876  
-0.36691802  
0.3859898042  
-1.623510997  
-0.387367626  
-0.7485380315  
-1.175273712  
-1.445988373  
-1.371592356  
0.7262711655  
-0.3502480039  
-0.8999661078  
-1.642879587  
-0.4142008033  
-0.01998114054  
1.000494434  
0.2057562379  
-0.08391881765  
1.843446543  
1.339114495  
0.2608982795  
-0.1629970972  
-0.1999315941  
0.3004475557  
0.3957383932  
-0.658419369  
-0.7205360299  
-0.6517356799  
-0.3223677103  
0.6458264979  
0.0325057852  
-0.1675350425  
-0.400361087  
0.4960085162  
-0.2875149345  
0.8316378124  
-0.9899479103  
-0.5872149092  
0.6695295601  
0.05972050044  
0.001326389902  
0.1924131199  
0.09892673639  
0.1464971603  
-0.1420788886  
0.710910308  
0.8151853722  
1.762193817  
0.200928863  
1.928466058  
-0.4032980016  
0.6655499084  
1.054876771  
1.801351583  
0.5402523436  
0.2855037056  
1.144463671  
0.2705521334  
-0.9215517219  
-1.065893376  
-0.8424067872  
-0.2676521823  
-0.300354876  
-1.664179162  
-0.6148341309  
-1.049509627  
-0.0115025162  
-0.09120394235  
-1.151862452  
-1.241065989  
-0.51464572  
-0.8975448629  
0.7409697367  
-1.296814267  
0.8633869684  
-0.7782295705  
-1.034014419  
-0.5909615535  
0.2004612794  
0.4996801408  
0.1978537885  
-1.351807838  
0.4047887413  
-0.1367160841  
-0.5693850327  
0.3620585025  
-0.2268674184  
0.08520796295  
-0.3724088045  
-0.2711156745  
-0.2103120284  
0.5579282782  
0.4212398687  
-0.1715180261  
-0.9360231815  
-0.5558442076  
0.02510933516  
-0.6353908025  
-0.4389605377  
-1.260046363  
-0.8765566608  
-1.028583821  
-0.4234626662  
-0.7004027347  
0.530039664  
-0.1350041557  
-0.2819315565  
1.156218928  
0.2067421943  
0.7506486361  
-1.275702014  
-0.1431539313  
-0.8434945344  
0.1423507579  
-0.1967717665  
0.3711311666  
-0.2655831389  
-0.9109589355  
-0.303503333  
0.671848049  
0.04877869262  
0.7347184846  
0.3158045293  
0.1280307121  
-0.1048916855  
-0.6044096882  
-0.8698213696  
-1.021227744  
-0.6369387972  
-0.9622838174  
-0.3812342904  
-0.1894543131  
1.642426009  
0.556622455  
1.065028146  
0.2178712851  
0.7570258235  
-0.4168733297  
-0.9425260745  
-0.3174121869  
-0.5322979778  
0.2549620716  
-0.8349526736  
0.90129233  
1.024039138  
0.3410720609  
0.3107040656  
0.475610135  
0.7094821944  
0.1376809675  
1.178755499  
1.853558196  
-0.135718798  
0.3325539373  
0.3283996062  
-0.3308218038  
-0.8724938116  
-0.4619928808  
-0.3572903929  
-1.44959363  
0.05056349281  
-0.9497497644  
-0.008020062589  
-0.4709814775  
-0.6360039044  
0.08250566664  
-0.4872643508  
-0.1608275098  
0.7448791981  
-0.2922490235  
0.7653325917  
1.915406186  
0.3893086251  
1.084277167  
-0.9961194401  
-1.024765982  
-1.018966962  
-0.005913847186  
0.01602429902  
0.2266160656  
-0.6864152204  
-0.6549767386  
0.1825658222  
-0.6839101951  
0.06227215994  
-0.2690365053  
-0.09795921032  
0.04039394004  
0.2343492012  
-0.3650207601  
0.2084092528  
-0.1769775393  
-0.4608556526  
-0.4577110026  
0.7620002055  
0.1470175294  
-0.09569160153  
0.2758203507  
0.2961305658  
0.3697819872  
0.6650640998  
-0.2446203224  
-1.099516846  
-0.9418605863  
-1.408561078  
-0.8623658493  
-0.01237665692  
0.0282300063  
-0.1584328973  
-0.6196124384  
-0.0976993025  
-1.3616829  
0.7326582283  
0.5157467946  
0.5594554071  
-0.3298284508  
-0.02826837452  
0.4567440067  
-0.2937735218  
-0.2250496953  
0.9497331237  
0.4573795856  
1.017069419  
2.022035126  
0.6622061775  
1.733461554  
1.117048355  
1.23045827  
0.5305636549  
0.5140870194  
-1.252896269  
-0.023411625  
-0.6927941657  
-0.2863576556  
0.2649894611  
0.5752924271  
-0.5670027899  
-0.02488548831  
-0.5458064475  
-0.3872893898  
-0.9956972053  
-1.13249758  
-0.7836354506  
-0.03780116158  
0.004143054419  
-0.313883925  
0.1710878542  
0.1201648471  
0.3333283631  
-0.0967608537  
0.04017643139  
-0.8560609128  
-0.846810378  
-0.02163101618  
-0.005224890009  
-0.3249210045  
-0.995297613  
-0.1084998562  
0.3125738275  
0.4703511122  
0.4862146848  
1.2419574  
0.4621097072  
0.683953667  
-0.1268313567  
0.2366556431  
1.595666991  
0.7374369073  
-0.3475638353  
-0.54659264  
-1.138547934  
-0.7511715192  
0.1232627436  
-0.2997697811  
-0.4203240892  
0.4721681435  
-0.1306611464  
-0.0417775125  
0.1731991155  
0.09531068619  
-0.5552288942  
0.3400675218  
-0.63083839  
0.2797354173  
0.2658991442  
0.2152456064  
0.07549676361  
0.4188324304  
0.7563699678  
-0.6861023479  
0.2755123607  
0.7452878561  
-0.1830944752  
-0.2891845617  
-0.07313146923  
-0.3431425251  
0.455737518  
0.1623531919  
-0.1760362256  
-0.385850878  
0.4291742298  
-0.1596829395  
0.4819612509  
-0.6947656596  
-0.3473397685  
0.1279730042  
1.129469936  
0.5527689884  
1.285588791  
-0.2102816584  
-0.4250341733  
-0.1059659261  
-0.4338691889  
0.01806952371  
-0.2887547749  
0.5313670093  
0.169670362  
-1.178989622  
0.09997983517  
-0.05747186123  
0.9323353654  
-0.2141293927  
-1.65225502  
-0.1293963851  
-0.6421678047  
-1.232128111  
-0.4944526503  
0.44792243  
-0.4903267062  
-0.1883053914  
0.1021521172  
-0.5169645748  
-0.4274512556  
-0.418049458  
0.7135233477  
-0.1002543764  
-0.8781044065  
0.2714275381  
-0.4059612632  
-0.454204343  
-0.5360920865  
-0.7839244786  
0.2323743036  
0.2393201233  
0.6930076655  
0.4968107556  
0.9443294888  
1.553254193  
2.156458546  
1.098345275  
-0.4395781953  
-0.4048065171  
0.006893981151  
0.8663039792  
-0.2193275419  
-0.05076248152  
-0.5066258403  
0.1444361415  
0.4738152339  
-0.6879972236  
1.011835635  
0.5598062056  
0.8474679396  
0.2043766566  
-0.282961782  
0.09719221597  
-0.7603542173  
-0.4866872085  
0.6722688461  
-0.263693775  
-0.9560055181  
-0.5378988653  
0.1130104889  
1.053171385  
-0.1065732173  
-0.2322005014  
-0.6970897397  
-1.414808059  
-0.2026536039  
-0.2598785354  
0.2618039397  
-0.5509685922  
-0.384823527  
-0.7765990599  
0.6012452097  
0.8949173962  
-0.4638399143  
0.06949266557  
-0.2430633895  
2.133858781  
1.403524548  
1.332388975  
-0.9276601499  
-0.8344854489  
-0.4569213007  
-0.4914637804  
-0.8917558333  
-1.414271733  
-0.7774116602  
0.5734080038  
0.6907092221  
-0.1936900411  
-0.2180771262  
0.7368999139  
0.7447600264  
0.5945419122  
-0.2721244387  
-0.4643134837  
-0.2749442784  
-0.5799993816  
-0.02070735729  
0.1086773451  
-0.1679031512  
0.4539865799  
-0.07348631545  
1.051417563  
-0.7378258467  
0.8343565111  
0.4136461132  
0.7458917358  
0.6378521502  
-0.498614695  
0.5215765766  
0.4767359621  
-0.6974304398  
-0.2631974959  
0.210385746  
-0.5620389898  
-0.5936508412  
-0.4938168074  
0.2818847883  
-1.023995405  
-0.8634869354  
0.033353995  
0.09001292444  
-1.196544718  
-0.5021187464  
0.2834017046  
-0.8426751625  
-0.2004169983  
-0.3012869609  
-0.08002647027  
-0.6149830906  
-0.4996412805  
0.4020065834  
0.1219481974  
-0.0461566976  
-0.5924358562  
-0.569992029  
-0.6520653728  
0.6940803894  
-0.2799269476  
0.00897999169  
-0.9449498303  
0.6693499583  
-0.3417619459  
0.007961142841  
-0.01714142387  
0.3356117311  
0.6468760131  
0.3844241627  
1.687485666  
0.09129835272  
-0.2896180811  
0.4222719101  
-0.6600495552  
-0.6262216108  
0.2456402525  
0.3311642141  
0.05570318745  
0.3930344476  
0.2893131302  
1.096331965  
1.207835273  
0.3479443018  
0.5171960086  
1.238653788  
1.390953543  
0.6335099265  
1.49210962  
0.6425948782  
0.6575927384  
-0.5231269275  
-0.170216202  
0.4226867559  
0.116660983  
-0.4554597887  
-1.059914983  
-0.9899607596  
-0.1117368891  
0.4834997532  
-0.2153718294  
0.334565766  
0.581105119  
-0.07918090222  
-0.4990002791  
0.2500174403  
-1.11052711  
-0.5433564488  
-0.06507740789  
-0.7770243878  
-0.5211808302  
-0.3412870509  
-1.546236455  
0.3960588238  
-1.129422751  
-0.7562573743  
-0.7359113674  
0.06121669052  
-0.08461034311  
0.4992193739  
-0.3541489488  
-0.6998179516  
-0.6471102278  
0.7713158398  
-0.8976911718  
0.1723579741  
-0.2775887695  
0.0910244608  
-0.6815212473  
-1.333572569  
-1.237531463  
-0.5390141093  
-0.7536664996  
-1.166210558  
-1.160701418  
0.5359168774  
0.2110866096  
-0.2777896249  
0.9212409015  
0.8038517697  
1.659550966  
0.3445597201  
0.0828251865  
0.09761003453  
1.005738828  
1.216405928  
0.6079188475  
-0.1428033866  
0.1887040221  
-0.04791971045  
-0.1120633132  
0.7960969978  
-0.3816659525  
-0.5799257487  
0.5326179167  
-0.3226677186  
-0.7705848353  
-1.342744995  
-0.004106332083  
-0.722384418  
-0.2719473476  
0.3454444859  
-0.1582293729  
0.3392573941  
0.8080502339  
-0.6767971523  
-0.7755457955  
-0.4431335652  
-1.414538522  
-0.4377960153  
-0.6729974692  
0.2279864271  
-0.07150330262  
-0.6174185074  
0.8544883632  
0.341731796  
0.1623509668  
0.09683866332  
0.6034386954  
0.2659394662  
-0.3564277402  
-0.005580456579  
0.5487210076  
0.2875553249  
0.5712906739  
0.3839831253  
-0.4996067682  
-0.6570638755  
0.3974275846  
0.5998941516  
1.54967949  
-0.1427435749  
0.2024720022  
1.05295722  
-0.1291022056  
0.257078719  
-0.02775849969  
0.6239500965  
1.358237262  
0.4329603001  
0.0002784368555  
0.2391073141  
-0.7008631008  
-0.4455736124  
-0.1012996938  
-0.7062678997  
-0.8655468135  
0.5374974978  
-0.04762830295  
0.104036113  
0.4653427501  
-0.5165588968  
-0.4258323497  
-0.7789918796  
-0.3731178257  
-0.5262526017  
0.7268325342  
-0.5421436511  
0.5761694906  
-0.3684310337  
-0.5894250579  
1.175957541  
-0.2270261729  
-0.08581506342  
-0.05369990022  
-1.101124746  
0.155320144  
-0.7521840474  
0.1217816429  
0.2446387747  
-0.4673429149  
0.6227933017  
-0.03034419701  
0.8944684834  
0.8733392664  
-0.1782274347  
-0.1392614558  
-0.7038666061  
-0.8417772029  
0.2086955651  
0.7486499303  
1.153030566  
-0.2458930688  
0.2220029511  
-0.3810683367  
0.1711458917  
0.3484815576  
0.4127280689  
0.4055347829  
0.6109202865  
0.9264266442  
-0.2593995736  
0.2126671062  
-0.04337224872  
-0.120427755  
-0.141631783  
-0.004359299836  
-0.9723297526  
0.004153209653  
0.5388950931  
0.5573796654  
-0.8352309023  
0.1299308761  
-0.04325791068  
-0.6308486485  
0.0626532409  
0.008955774184  
-0.1096036441  
0.06549360936  
0.09591943968  
0.2216713616  
0.8379623387  
0.2465011925  
-0.3612699094  
-0.349236587  
-1.292108405  
-0.512028843  
-0.6499808582  
0.2782682283  
-1.111472001  
-1.405153579  
-1.697089539  
-0.9083505977  
-2.730788275  
-1.672225483  
-2.221518558  
-1.147499149  
-0.5609705936  
-0.7742335672  
0.3231378336  
0.4443416549  
-0.970474714  
0.8819589087  
-0.1367922312  
-2.007804446  
-1.544903792  
-0.07899092844  
1.526781567  
-1.467402933  
-0.9027690048  
0.02890417779  
-1.051778523  
1.047177278  
1.10373231  
1.904483314  
0.5222695429  
1.696900916  
1.222292021  
1.427346544  
0.053881964  
0.5769373701  
1.583244343  
0.6447460904  
1.121384013  
-0.7725320118  
-0.3699658848  
-1.923845026  
-0.5115427547  
-0.9479505009  
0.6132153548  
-0.9936474958  
-0.3723685425  
-1.02913368  
-1.441902467  
-1.680319567  
0.0651626096  
-1.292120643  
-1.262571529  
-0.7756292578  
0.629896976  
0.1286094968  
0.7055743543  
0.6892406076  
-1.261647168  
-1.27953678  
-1.894997201  
0.1132571396  
8.318671011  
11.76013079  
1.658172776  
-1.067037756  
-1.11240481  
-0.0483003081  
-0.6911411069  
-1.462551142  
-1.395640368  
0.1979132028  
-0.7747953601  
-1.253212957  
0.3407085625  
-0.2640142441  
-0.6875514147  
0.5691743411  
-0.2889581909  
0.1552390586  
1.360426233  
0.4698890014  
1.075175087  
0.02260052974  
0.8495007735  
1.780725602  
-0.3558949315  
1.212000183  
-0.4399607765  
-0.3182891941  
0.1410696128  
0.5903901427  
-0.1170914339  
-0.04890954255  
0.6886683971  
-0.4740293694  
3.293394679  
-0.6330491309  
-1.45409823  
-0.4092965486  
-2.236227575  
-1.206204506  
-0.2594357326  
0.0004009223744  
1.271399793  
0.6639830963  
0.1063196524  
0.7625707556  
0.9918338518  
1.521049266  
1.368373824  
0.5409321675  
0.4470792647  
1.897642116  
-0.676947183  
-1.532976972  
0.4274708112  
-0.2209535553  
0.4353324545  
-0.02296714679  
0.3692277458  
-2.932177365  
-1.569959529  
-0.2512366791  
-0.744177733  
-0.1704917527  
0.5850848339  
-1.069200769  
0.1838877841  
-0.8232698645  
0.8066368814  
-2.341133994  
-0.7945161394  
-0.1871394969  
1.068802785  
-0.3798977211  
1.313201637  
-0.07819076717  
-0.6759826108  
1.041651372  
-0.1582652389  
-0.1940677729  
0.03653674012  
1.823243003  
1.252033104  
2.211757403  
2.118532133  
0.4092817204  
-0.6855108459  
0.5484616662  
0.8776092304  
1.246249125  
-0.01030027194  
-0.2102316345  
-0.1740264367  
0.6595352784  
-1.274978243  
-3.05091194  
-0.5468968648  
0.3518161414  
1.838935835  
0.1675693999  
-0.2808084742  
-1.320402979  
1.195187385  
-0.4197969823  
0.563027979  
-0.3059641827  
-0.9391658736  
-1.395590721  
-0.704519143  
1.337024342  
0.6104872126  
-0.7039146952  
-0.4598346129  
-1.353591771  
-0.2582088677  
0.2680551858  
-0.8941126237  
-1.774349179  
-0.2505797391  
-1.015423881  
-1.232146299  
0.2041810112  
0.1651974352  
1.021037936  
1.395677324  
-0.2658586703  
0.4466742836  
-0.8513214032  
-0.87800557  
-1.237886108  
-1.384802159  
0.7758416959  
-0.6239691011  
0.01531397142  
0.03758444533  
-0.4749600286  
-0.3934455319  
-1.130448275  
-1.611718819  
0.6942213523  
0.2115808497  
-2.662298756  
1.304745573  
1.73554236  
-0.5447483864  
-0.07900376781  
0.641588127  
1.684892715  
0.8681598922  
1.179418799  
0.9377775225  
0.2567597526  
0.7656615423  
0.09220593786  
-0.2870381248  
0.4793946861  
-0.293883232  
0.2799188185  
-0.4636119126  
-0.1776797425  
-0.1852465468  
-0.6803277157  
0.01952645046  
-1.019535714  
0.4325088528  
-0.2605624669  
-0.4969049373  
0.8680815072  
-0.4445122392  
0.3582162927  
-0.5033495507  
-0.5648281807  
0.1589390083  
1.234017774  
-0.04619375674  
0.3534977772  
0.2465888137  
0.7205445718  
0.6264309288  
0.7237862268  
0.5904110065  
1.447310009  
0.3473413269  
-0.4255470448  
0.7719401277  
0.2863566395  
0.2693886341  
0.1230881617  
1.316350872  
0.3565162242  
-0.007680995177  
0.2181357848  
-1.927720672  
0.03655447095  
0.1277095275  
-0.7997556251  
-1.136466998  
-1.919511752  
-1.873368971  
-0.4508576182  
-0.4544987782  
-0.7449590679  
0.0815170111  
-1.091269124  
-0.9395453189  
0.7908339321  
-0.03986125778  
1.752219391  
-0.06593641865  
0.6648500354  
0.2529412104  
-0.0536527981  
-0.5561243848  
0.4887472338  
1.420907367  
-2.057712724  
-1.367092877  
-0.2964938691  
0.2831574211  
-0.7455226831  
0.4549695369  
-0.06041303942  
1.069160922  
1.933202299  
-1.8207248  
-0.6318996638  
2.185956233  
0.5389703095  
0.6472156077  
-0.8839760753  
0.8102375913  
1.827941258  
1.263822692  
1.143441424  
0.5726374996  
1.383427235  
-0.5334302532  
-1.576452501  
-1.268905996  
-0.1872905077  
-0.3935852994  
-0.2626455086  
-0.1559931903  
0.7580994131  
-0.7885359322  
-1.074285892  
1.026706626  
0.901612783  
1.341451908  
0.5643584013  
0.387588968  
-0.3807004804  
0.5997005311  
-0.3004726211  
-0.1193487205  
-1.087318224  
-0.7555321907  
-0.4923892499  
0.7364401545  
-0.9948891911  
-3.104740085  
-0.6518242587  
-2.911812441  
-2.157828043  
0.7823166728  
0.3724676245  
1.944974153  
2.354823524  
-0.7255662205  
-1.0226811  
-1.493162975  
-0.2392245208  
1.364443764  
0.6299746209  
0.2140360911  
-0.551961243  
0.2946579248  
0.8443284701  
0.5895006192  
1.208415844  
1.436401551  
1.362202463  
1.781465627  
1.325488984  
1.704059087  
0.5630275818  
2.273678975  
2.257236795  
1.433458199  
2.19426921  
1.094822832  
0.4835623621  
-1.214491813  
-2.162931559  
-1.371511665  
-1.774067079  
-2.63116616  
-2.640117352  
-1.258044723  
-1.050729862  
