-0.03708568136  
-1.179200663  
-1.097933016  
-0.1600317076  
-1.194081518  
1.118426207  
0.2197790141  
-1.008668941  
0.4695605803  
-0.6698551774  
-0.3435587102  
-0.5510247667  
0.3603177807  
0.07613756328  
1.506132451  
1.091936816  
-1.510625613  
-0.7459620601  
-0.2516553147  
0.7781597163  
1.721526765  
0.8677131704  
-0.2978079983  
0.06490255397  
0.472600762  
1.434769236  
-0.04111279819  
0.5528965602  
0.3365151864  
0.3340667018  
0.1628134527  
0.4170148051  
1.048507191  
0.4290534522  
-0.2862635985  
0.04987968637  
0.395920623  
0.4015606744  
1.25558831  
1.523404619  
-0.07032699718  
3.105762916  
2.254127078  
0.9715360405  
0.885989985  
2.362684441  
0.5752148734  
-0.6033565721  
2.218917843  
-2.130799368  
-3.272129447  
-1.48557842  
-1.643463752  
-0.7419829144  
-3.687131791  
-0.07516722415  
-1.081632666  
-3.032592721  
-1.186002969  
-0.40433484  
-1.916185369  
-0.4739991091  
-0.6754943066  
2.122547648  
-2.324641591  
-0.4723915936  
0.1905950323  
-2.187052082  
-1.189284978  
-2.284496871  
-0.2286764093  
0.7861687569  
0.9185550209  
1.46793101  
1.081900573  
1.45350048  
-1.79827227  
-2.978160216  
0.07476543794  
-0.9106007173  
-0.3773334333  
-1.809660107  
0.2950313146  
0.4060645364  
0.3904454576  
0.8460266644  
1.672740204  
0.700437399  
0.8803030141  
0.4767888892  
2.45073694  
1.526982784  
0.9994907949  
1.082788917  
0.5595995714  
-0.7916201602  
-1.786275523  
-0.5055270904  
-2.147701811  
-0.6016813898  
-0.860677803  
-0.7271144831  
-0.8954531346  
-1.459829276  
-0.1913294644  
-1.158005803  
0.1177555018  
0.3886595803  
1.888413139  
1.556004127  
2.112057476  
3.024764998  
3.027103152  
1.386018412  
2.273930693  
0.3509984831  
1.142968896  
1.78770023  
1.65508409  
-1.260679543  
-1.300444788  
-0.4873955634  
0.6504406812  
0.3997642379  
-0.4194531318  
-1.448299956  
-1.779092445  
-0.8282073216  
-1.826957199  
0.8788295159  
-0.5969645294  
-0.4828594816  
-0.2472590545  
-0.1655498065  
-0.9976168196  
0.09375269473  
0.1848929071  
-1.147531251  
-0.463636318  
-1.817311552  
0.2988855249  
0.3724390761  
-0.2856248411  
1.516396344  
-0.212823375  
-0.6223073421  
1.087310446  
-0.5335336484  
-3.189486534  
-0.9702664565  
0.9561278251  
1.837738712  
-1.40321892  
-1.211497122  
-1.853216088  
0.1015287784  
0.06552515932  
-0.7403086967  
-0.8258067346  
0.1690109571  
-0.2505884789  
1.166020706  
-0.1444067682  
-0.2647333158  
-0.9174204665  
-0.7602956143  
-0.5002781164  
-0.7549304352  
-0.7950041416  
1.749079487  
-0.07304929889  
0.7372478298  
-0.4982834718  
-1.691990928  
-0.893970981  
0.4623984531  
-1.617950388  
-1.643598251  
-1.452439864  
-1.34581499  
-1.599347653  
-0.7966433534  
0.511483226  
-0.05284347899  
0.5002880125  
-1.736875831  
-1.272186318  
-0.7726790342  
-0.6678479258  
-0.1574827514  
0.01695330389  
-1.933860233  
2.472847871  
0.3531911227  
1.027440536  
3.581135425  
0.7488080902  
1.643579846  
1.590577697  
0.6824310682  
1.22617841  
1.351921918  
2.319767482  
2.111151163  
0.8856640838  
0.8741402019  
2.043717493  
1.735746552  
1.479555881  
0.4946406021  
1.819704691  
0.5965213366  
2.021715828  
1.839551491  
-0.2227517795  
-1.879742904  
-1.139397199  
-0.3162858242  
1.114482884  
-1.356294623  
0.04473036939  
-0.3700514482  
0.2414686652  
-1.996010044  
1.413066101  
-0.4749551624  
0.4727989205  
0.009431069172  
-0.2102202464  
-0.9124681833  
-1.747016054  
0.9650147641  
-2.007782974  
-0.4663097776  
1.490760617  
0.05167841525  
0.5418565755  
-1.412762682  
-1.025217201  
-0.9723580389  
-1.166185716  
-1.612946452  
-1.613574637  
-1.616425285  
-1.997589297  
-1.367859993  
-0.9364457583  
-0.7361899436  
-1.248466801  
-1.189492163  
0.2431829824  
0.3545836831  
3.071392943  
-0.4313830941  
-1.212355361  
-0.3033276036  
0.6949009805  
1.166424541  
1.166072777  
0.6825777135  
0.2769467692  
0.5529725185  
-1.496889444  
0.5938224311  
-1.021811515  
-0.5004141447  
-0.7950570498  
0.1680367568  
-0.9484756322  
-0.02403883863  
0.3932968028  
1.661596316  
0.9397210988  
1.912061285  
1.692082011  
1.284429431  
1.728711258  
2.971888428  
0.6260489455  
0.7530861705  
0.1896701818  
-0.4542670894  
1.433630197  
-0.8669572188  
-1.65501233  
-0.6495755317  
0.1070731465  
-0.330803887  
-0.6150342061  
0.261157172  
-0.8223150293  
-0.7736025004  
-0.2106811177  
-0.1136252803  
-0.549804447  
-1.560650722  
-1.608178177  
0.122537709  
-0.6355340646  
-0.1365922416  
-1.160760216  
0.6966016575  
0.7184329438  
0.04365796482  
-1.504748519  
0.412424832  
0.3460218601  
0.1473901017  
0.3593439262  
0.8453290758  
0.5274220729  
0.2487850952  
0.6310091957  
-0.6859629626  
1.103171748  
-0.269933006  
-0.7313644883  
1.115168837  
-0.2685816548  
-0.669538574  
-0.02698734266  
-1.198910443  
0.3267293554  
0.2015012206  
-0.5198607195  
1.21338297  
1.078320435  
-1.521514128  
0.7043323702  
-0.6237135479  
0.7580177337  
0.2239766302  
0.1824980962  
-0.5048157248  
0.5238400475  
-0.1500585666  
-0.3630775394  
-1.197284149  
0.265413809  
-0.869823295  
-0.8214370544  
0.225900425  
-0.09758209591  
-1.53360994  
0.3215534806  
-1.374702786  
0.9436386168  
1.071709182  
1.810368536  
-0.752380834  
0.4749143835  
1.433544947  
0.8218891047  
-0.6966886646  
0.6676384153  
0.7356240413  
-0.5571812559  
-0.6883573622  
-0.6090142323  
0.9260140546  
-0.1942854913  
0.4528559965  
-1.061818409  
0.5302165377  
1.115573589  
-1.480298416  
-0.2790410057  
-1.073209071  
-1.136387498  
0.5600604552  
-0.7716521489  
-0.2681830787  
-0.8955989775  
-0.5368280513  
-0.4582813556  
0.5303380908  
0.2322169593  
-0.05474562547  
-0.5119514269  
-0.641166985  
-0.2869112816  
0.5617260304  
-0.5168261342  
0.1441232513  
0.4808298635  
1.094670837  
-0.7213905709  
0.146753164  
-0.1758563294  
0.7356696184  
1.462224137  
-0.4111184761  
0.5360597875  
0.5863840833  
0.8612870346  
0.3592900717  
0.1479674416  
0.04346306542  
0.8001254713  
-0.8150832681  
-0.07549087084  
-0.7448554198  
1.283575681  
0.3994455109  
0.02781763702  
0.3988834329  
-0.4212390165  
0.9604312854  
0.1481676707  
1.191645529  
-0.8092466088  
-0.5837018543  
-0.04536309113  
0.8112064985  
-0.07737054002  
-0.2979973237  
-0.1175885128  
-0.2486243624  
-0.2965942839  
-0.187379764  
-0.393000983  
-0.431360121  
-1.654587261  
0.5923067947  
0.3136528012  
-0.6446572871  
-1.174369985  
0.4105970019  
-0.528162122  
0.2418207811  
-0.5420835894  
-0.866511825  
1.372091759  
1.395023347  
0.2046595845  
-0.2007961142  
-0.1588440488  
0.808680003  
0.7460427617  
1.092344846  
0.6600664619  
-0.5692135469  
-0.6021446734  
0.4789784071  
0.9874815743  
0.6558279208  
-0.9343648154  
-0.6146491988  
0.3067314006  
-1.606146868  
-1.833618639  
-1.382511317  
-0.2051764278  
-0.9369770403  
2.284909175  
-0.6059712588  
0.2614507717  
-0.1123779335  
-0.2004865475  
-1.049180511  
0.988407393  
-0.3829012965  
-0.6836124862  
0.820624708  
1.183352224  
0.9486232325  
0.4552635312  
-0.8593025511  
1.332031095  
0.3002718063  
0.2409346741  
-0.01682431854  
0.212038754  
0.1418769412  
-1.445824577  
-0.1558208098  
0.9849244933  
1.072911914  
-1.723647336  
-0.3053641542  
0.1914802053  
1.250680158  
0.2088363101  
-0.3842221355  
0.4531147628  
0.261449472  
-0.3463341189  
-0.983283466  
0.8452506468  
-0.2637921858  
-0.9907623378  
-1.068597804  
-0.3866712885  
2.0067873  
0.6706301592  
-0.990557115  
-0.4292983767  
-0.7172549  
0.1804077939  
0.7711753572  
0.3386619184  
0.2916972437  
1.809080891  
-0.3729692419  
-0.5083895464  
-1.079749407  
0.8685339804  
0.1849948421  
0.3945779553  
-0.9232237905  
0.8807808317  
-0.7756314232  
0.7410242051  
-0.2917117593  
0.3342904467  
0.4930692747  
0.8435960707  
-0.52027395  
0.1461584014  
-1.589259693  
0.3811926671  
0.1698973344  
-0.8084858635  
0.9322246079  
0.7154895555  
0.2949104803  
-0.1905693138  
0.3319077733  
-0.8002593682  
1.248705954  
-1.584003922  
0.2201825803  
0.6849719535  
1.225166139  
0.3993771952  
-0.04040377057  
0.8407942343  
-0.6308176559  
-1.764459059  
-0.4258841571  
-0.7303883056  
0.8373711248  
0.4578925571  
-1.304325034  
-0.8696755074  
-0.9298472468  
0.3160499284  
-0.2881660981  
0.31229444  
0.4954623345  
0.1928716669  
0.5517806178  
0.683923563  
0.6398171476  
0.4803705017  
0.5772726212  
-0.001920511674  
1.026189181  
0.9146335568  
0.7753321146  
-0.03751257261  
-0.1274966427  
-0.8215602332  
-0.2852322166  
-1.306287276  
0.2083049907  
-1.310964246  
-1.469411212  
-1.081264183  
-0.3339346421  
-0.3913673425  
0.7301342516  
0.578955109  
1.061036866  
-0.9550761899  
-0.6740159734  
-0.7016477691  
-0.9000422169  
-0.9879582152  
0.2144208742  
-0.1243982441  
1.671432548  
0.7774040079  
0.4721167306  
-0.3295223534  
1.059284389  
0.07325010146  
-0.7818244232  
-1.336785759  
-0.1533470612  
0.7399070595  
0.9255707253  
-0.7349283336  
-0.8114507302  
0.9123397436  
-0.8420289565  
-0.8997393141  
0.3137228972  
-0.3662906263  
1.354625723  
1.095508516  
-0.4106555693  
0.03547843054  
0.5423320837  
0.09384610535  
0.7754954585  
1.286644451  
0.2211327405  
-0.0817034206  
-1.448775582  
1.894135507  
-0.5291835496  
-1.677781338  
-0.1297775847  
-1.611673343  
1.212536779  
0.286237103  
-1.386263429  
0.7256984188  
-0.598102403  
-1.068620039  
1.103762965  
0.2613254255  
-0.5792504928  
1.276418408  
1.26230415  
0.4908288905  
-0.199505305  
1.110732727  
0.3422187304  
1.163323255  
1.774773197  
0.4773480798  
0.3570521973  
-0.4067146245  
1.205936025  
-0.1396150848  
0.7553381043  
1.504020485  
1.128261644  
0.937945282  
1.094098567  
-0.035262266  
0.669373534  
0.5658281924  
-0.1619101372  
0.18806843  
1.051214371  
0.9526336644  
1.53397941  
0.792749772  
1.630540206  
0.05482945709  
-1.34156509  
-1.814774016  
-1.816561502  
-0.8549874476  
-0.01773176552  
-1.791811389  
0.009568853761  
-0.08042850939  
-1.054263623  
0.1812452821  
-1.768273989  
-1.912081183  
-2.252208513  
-1.761075482  
-1.310285755  
-1.257356915  
-0.8097899216  
-0.008493406115  
-1.131712612  
-0.8578146511  
-0.06260911224  
0.1246048913  
-0.1049129722  
0.3968767197  
0.1892893458  
-0.5708543746  
-0.9092931052  
-0.7674070867  
0.3000013325  
-0.4636672685  
0.5454028567  
-0.06063382989  
0.908659041  
-0.6131136074  
0.5821734496  
1.102170864  
0.6482693176  
-0.2578367968  
0.1516393396  
-0.403779438  
0.2892277587  
0.7643177767  
0.6706919455  
-0.07286504658  
0.8041355744  
-0.7348643674  
-0.5281477575  
-0.6448629777  
-0.06475727421  
0.0247184796  
-0.2810396607  
0.2501227297  
-0.1289656342  
0.138874809  
-0.2464405361  
-0.9123709594  
-0.6805683485  
-1.012032024  
-0.6027131604  
-0.7798995642  
0.4729132439  
1.072959435  
0.8719569015  
-0.02963207321  
-0.1562273244  
-0.02772232405  
0.8653343487  
-0.09176949268  
1.129430123  
-0.29870387  
0.07203382688  
-1.279065173  
-0.2477515494  
0.740070322  
-0.6500603673  
-0.513615138  
-0.5466269857  
0.5486065678  
0.4157866395  
-2.075335353  
-1.404808125  
-1.110547352  
0.163612106  
1.684338087  
0.7148300769  
0.9783444565  
-0.3982028597  
0.09326116923  
-0.4305781308  
-1.133235735  
0.207276878  
0.7259796166  
-0.3247121188  
0.3548258219  
0.825427318  
-0.7606724253  
0.9840543352  
0.08982908049  
0.7761482695  
-0.05682524924  
1.546756341  
1.285727317  
0.1107275158  
-0.2812288793  
0.5564337732  
-0.420178668  
-1.324195408  
0.01956998148  
-0.4543316564  
-0.118311411  
0.51706041  
0.1745093034  
1.030323345  
-0.6285164907  
-1.364443613  
0.33370769  
-0.8216202351  
-0.3291219991  
-0.4989028643  
0.927220355  
-0.793845499  
-0.4569923676  
0.4613340591  
-0.3977839332  
0.1658462298  
0.4739565404  
-0.6374017643  
0.2176638574  
-0.3800788926  
0.6497916255  
0.03192558479  
0.09958136363  
-0.2048530386  
1.02293678  
-1.355845107  
0.2412186942  
-0.4846775632  
0.5980712394  
-1.058082593  
0.4433441272  
-0.4645413406  
0.7435451826  
0.3146489086  
0.3461942766  
0.2643859877  
1.647093747  
1.93264449  
0.58510768  
0.2160711236  
0.4282856322  
-0.4330093578  
0.9528500962  
-0.2640007887  
-0.2203397579  
-0.5258111705  
0.3048044788  
-0.5325719614  
-0.03503129859  
-0.1936213614  
0.571466033  
-0.4486673546  
0.6489355871  
-0.5796053668  
-0.3994005649  
-0.9270274977  
0.9417323018  
-0.2866379891  
0.4232781227  
0.2643689678  
-0.1863381894  
-1.398592694  
-0.3104207403  
1.328210159  
0.05434408608  
1.392160006  
-0.07919059541  
-0.1244938376  
0.3862306973  
-0.7640251773  
-0.1716596921  
0.8136979791  
0.2910507337  
0.1989916513  
-1.397682962  
0.6335820534  
1.322903462  
-0.1395534257  
0.03297637755  
-1.208250295  
-0.01174571198  
0.4758899356  
0.3574115576  
0.3111086429  
0.03927000013  
-0.7457126929  
0.6507627796  
-0.310195242  
-0.4927760066  
-1.176891281  
-0.5963677173  
-0.9161486272  
1.214349188  
-0.1818888885  
-0.04376976155  
0.3401962821  
-0.8338313766  
1.457210492  
1.085168797  
0.3401857206  
1.207169577  
-0.520876632  
0.6138265659  
0.400491565  
-1.319657438  
0.2569149297  
-2.554559427  
-1.535282685  
0.2385727982  
-0.2382469314  
0.2770059937  
-0.5566299434  
0.2360019352  
0.9886002947  
-0.1015688339  
-0.193622491  
-0.2281793443  
-0.9564665264  
-0.4367564147  
-0.298832493  
-0.7525471003  
0.6236949223  
-1.357419152  
1.45135682  
-0.7111164532  
-0.7829937096  
1.071962812  
0.2236615758  
0.2286632125  
-0.06632971972  
0.2310855851  
-1.515823834  
-0.8605608396  
1.417349197  
-0.7700063504  
1.299150191  
-0.4938131619  
-0.554721862  
1.290650149  
0.4411483679  
0.6970262931  
-0.4363712595  
-0.5264352819  
0.8841742788  
-0.1554352428  
-0.3158888383  
0.480480959  
1.137595901  
0.4559149471  
0.5551486749  
-0.7441320645  
1.992982562  
1.171270989  
0.4288972291  
0.02533181894  
0.2888291371  
0.551713809  
0.4899351958  
1.139238348  
0.5280556229  
-0.627728132  
-1.1474533  
-0.8625034955  
-0.1889088111  
-0.08752796665  
0.4066901208  
-0.3369792239  
-1.803201102  
-0.1539996137  
-1.2780631  
0.1066429281  
0.5605701684  
0.9621642506  
1.328666567  
-0.08679748615  
-1.4617098  
0.5991569315  
0.4130759826  
-0.2459002588  
0.5367797148  
0.5839824371  
0.9670712267  
0.4905742245  
0.1455231285  
-0.219727087  
0.6997965  
0.04590427537  
-1.187423874  
1.092919155  
2.192695476  
0.5130377967  
-0.8087338325  
0.129680375  
-0.1083730098  
0.2358560939  
-0.4765481983  
0.7471219986  
-3.003863782  
-1.0944994  
-0.4341423613  
-0.3890956223  
-1.973179187  
-0.63614163  
-2.118790908  
-1.346800628  
-0.5683205624  
-1.139458724  
1.569605544  
1.277282141  
0.967111087  
2.006380853  
0.07675495463  
1.418188462  
1.688480272  
1.736949713  
0.970932183  
0.3873883243  
0.7503954533  
1.463061528  
0.5879259399  
0.6254128065  
-0.6193397576  
-1.368859376  
0.1818312797  
-1.415222243  
-0.9646956112  
-1.499495733  
0.01683116212  
-0.4361886911  
0.2172775825  
2.908601317  
3.348599615  
1.119670907  
-0.3601580964  
-0.4224928821  
-0.4351372799  
-2.070351884  
-2.155765494  
-1.010514088  
0.05286621258  
-0.8794595179  
0.277710386  
-0.2044614844  
1.294252132  
-0.3550846574  
-0.6763049204  
0.4753522298  
-0.01476767688  
-0.4446613268  
-1.111964276  
-1.086355536  
-0.2230531236  
-0.6128489327  
-0.06441822868  
0.08960258658  
-1.04754159  
1.859814944  
-0.386706072  
-0.5605839721  
0.4687412877  
1.306248718  
1.352801088  
-1.630083522  
-0.5094604065  
-0.3470200706  
-0.7790136046  
-0.4085463871  
0.4016699627  
-0.9280443323  
0.6940795776  
-0.03631306384  
1.20726584  
0.260488817  
0.3407059415  
-0.5090587347  
0.06460777648  
-0.3654521718  
0.5912886039  
-2.255672438  
-1.835248376  
-1.06805391  
-1.951883213  
0.08233070303  
-0.4113940866  
0.2908419251  
0.01593784842  
-2.158691251  
0.982745131  
0.188447204  
0.7112925868  
0.6310178463  
0.9778676975  
-1.242594173  
-0.4417653282  
1.260868983  
0.7691963109  
-0.07924737717  
0.1910586469  
0.6145905837  
1.341674981  
1.303641702  
-0.368007582  
1.005704705  
0.03637044202  
-0.4093180642  
-0.4600024765  
-0.7772990259  
0.4346889139  
1.564518234  
-0.4891740562  
0.3781942333  
-0.2521851902  
0.387706093  
0.5422939928  
-0.007596331863  
-1.106026275  
-0.9742694059  
0.6046167628  
0.5189935088  
-0.5640380961  
-1.53957524  
-0.6550184111  
0.02970977353  
-0.7933567701  
0.8685097762  
-0.7013154966  
0.3665930726  
1.334291017  
0.552729195  
0.7207769793  
-0.8444139127  
-1.725753107  
-0.8495544466  
-0.2604774003  
1.71124405  
-0.4068115196  
-1.606431938  
0.5201386286  
-1.666078793  
0.8567105369  
0.3206562774  
1.196185557  
-0.6998446577  
1.370709996  
0.1871262548  
0.3668445263  
0.5285653484  
1.428134869  
-0.5101824988  
0.6046335349  
-0.1546141561  
-0.05113529965  
-0.6028149551  
0.2974053615  
0.2303309539  
-0.2860361238  
0.5754352712  
0.1982208313  
-1.458306554  
-0.6384545342  
0.2899388661  
-0.8319848717  
-0.9533465543  
-1.332306247  
-1.550134269  
-1.010091383  
-0.307073422  
-1.897731004  
-0.8383862758  
-0.6761064919  
1.243621856  
0.3315323102  
-0.9593554715  
0.863440892  
0.8307778659  
-0.686368431  
0.2372993957  
0.10909853  
1.698243019  
-0.5215105822  
1.691188012  
1.254056491  
-0.9677916678  
0.1962255121  
-1.724688999  
-0.3383441493  
-0.7888421959  
-0.2396676331  
-1.069113509  
-0.6788698664  
-1.909526456  
-0.04229997303  
1.029983587  
-0.07834824439  
0.4705750545  
2.505298855  
0.6706602439  
-1.063173874  
-0.2256034001  
-0.2411634692  
0.889079095  
1.352063185  
0.9912360243  
-0.181962466  
1.904189098  
-0.114789716  
0.5871138485  
1.723245006  
0.2698137952  
-0.3774624834  
1.557555217  
-1.756188641  
0.04810937735  
0.3116846965  
0.5977301377  
0.7904146441  
1.410837682  
0.8301725026  
-1.738759845  
0.2467543819  
0.52474399  
-0.3944303986  
0.1223720356  
0.5797965735  
-0.01394687751  
0.7711530451  
-0.4098738873  
0.5241164184  
-1.589725595  
-1.374506312  
0.2453591225  
-0.2646268303  
-0.9796043428  
0.9788561411  
-0.1697028515  
1.817351975  
-0.06700931246  
-0.4645753967  
0.8037743734  
-0.7087477113  
0.329483802  
-0.9601307798  
1.190510349  
0.09587380734  
-1.683600486  
-0.02271922217  
-0.7746268393  
1.615922479  
0.1587059021  
0.2612206471  
1.786839174  
1.30334755  
-0.1384122929  
-1.372202958  
0.6240398391  
0.8448059995  
0.1921173063  
0.8056017042  
0.722499174  
-1.016624248  
-0.4425749246  
-1.15231218  
-0.2608132172  
-1.372821236  
-0.4297522178  
-0.3674839604  
-1.78718848  
-1.010125716  
-0.6920008196  
0.4392251364  
1.476781449  
0.02403967423  
0.1501352542  
-0.01960974045  
-0.2449732245  
-0.3342604325  
0.6610289207  
0.5793369048  
-1.546287698  
-1.186153239  
-1.091252188  
-0.4117028041  
-0.8236208062  
-1.133663922  
1.0903516  
0.2322866154  
-0.9164658406  
1.279325898  
4.384511546  
-1.834555917  
-0.8183586944  
-1.792490239  
-1.039248747  
-0.3987926103  
0.6102265016  
-0.2828829747  
1.805250796  
2.711564573  
-0.459287462  
-0.9853915717  
0.6031425848  
-0.06264023485  
3.717472141  
0.2817499784  
-0.5155287855  
-0.1323892323  
-0.3284748996  
-0.3496907849  
1.630768584  
0.6406119211  
1.447383266  
0.4467669112  
-0.2105945685  
0.08135263633  
0.1458798241  
-0.5819424125  
0.08702184558  
1.042182869  
1.126512763  
1.460704769  
1.344099035  
-0.2133388042  
0.4830799626  
-0.5292663966  
-1.429981758  
-1.634026005  
0.6619705729  
-0.7918830319  
-2.258614929  
-1.149162806  
