-0.2522161332  
0.6393811113  
0.4115716567  
0.7190014654  
0.3264197303  
-0.8133644353  
-0.2930428175  
-1.543671111  
-0.829388948  
-1.118564533  
0.08391676066  
-0.533864363  
0.7296832174  
0.5235443716  
0.9308241051  
-1.066525518  
0.2851226365  
-0.15435145  
0.8563914933  
0.36652995  
0.6255052072  
-0.2381163686  
-0.3387723612  
0.09185207834  
-0.1712043535  
0.9407394075  
0.2839234485  
0.6850128801  
0.1455261304  
-0.4162388554  
0.1808912192  
0.3423272657  
0.5902770503  
-0.01365954422  
1.136243309  
0.6788184383  
-0.384349769  
1.289321248  
0.5448520939  
0.3011663624  
0.3254715242  
-0.323246677  
0.05557396684  
1.175314447  
0.7936983023  
0.4060415169  
0.619368787  
-2.622765642  
0.3438903861  
0.4017010651  
-0.8934838575  
0.5022524256  
0.5788824364  
-0.1855305865  
-0.9287028706  
1.119592945  
0.05557434526  
-1.223445978  
-2.798814553  
-0.4151295222  
0.01469419317  
-0.2068403234  
1.096937608  
0.9991141981  
-0.8593587857  
-0.133895299  
0.2527152139  
0.7651970031  
-0.4230202757  
-0.7255898198  
-0.2602662767  
-0.01296475469  
-0.1996944136  
0.7214973006  
0.2553360662  
0.9499463636  
-0.007692590231  
-1.046277382  
0.8959878282  
1.013086558  
0.4923483341  
0.3418978064  
-2.382025907  
0.3966048923  
-1.585153876  
-1.547030723  
0.1612542963  
-0.2800435294  
-0.847662316  
-1.367887718  
-2.120691857  
-0.8144381847  
-0.1051276265  
-1.409672692  
0.09301093834  
0.01520885529  
0.4594350869  
-0.6711797912  
1.755357668  
-0.6271697572  
-0.09643329251  
1.580078447  
1.867996095  
1.800608903  
1.082210764  
0.0301125558  
-0.8122657381  
-2.004861656  
0.4590588595  
-0.6348816152  
-0.6881935794  
0.1251807861  
0.2363964836  
0.04216788468  
-0.1338176445  
0.06719976795  
0.3120952962  
0.5491812713  
0.4206961184  
-0.1952834548  
0.5726866251  
1.469266846  
0.7250379106  
0.2953510986  
-1.268250423  
-0.004987131817  
0.1326315856  
0.1525642671  
-0.1491157738  
-0.7180784048  
-1.211402489  
-0.9677153547  
0.682879249  
-0.02743600343  
0.8935982808  
1.219556525  
0.3347331408  
-0.2256558381  
1.755131886  
2.218272356  
-0.8347159061  
-0.9472320402  
-0.966219967  
-1.893757426  
0.7106438296  
-1.182710979  
-1.417991235  
-0.9023664314  
-0.1532815063  
-0.8500848587  
-0.3584282089  
0.3103830592  
0.5421784978  
-0.2805222701  
-0.07605962727  
0.3336152575  
0.2173611384  
0.6621414138  
-0.2851340594  
-1.288201216  
-0.330983023  
0.2284651081  
0.1139711784  
-0.4589646165  
-0.3540704006  
-0.4635378422  
-1.660299516  
-1.420797543  
-1.128830649  
-1.342027984  
-0.5110772385  
-0.4604044805  
-0.7337098522  
-1.327072979  
-1.121953591  
0.07457626843  
1.418422258  
-0.2085566503  
0.1509886699  
1.667302873  
-0.02458209372  
1.080218075  
0.7799611686  
1.331187142  
1.071936095  
0.8439392379  
0.7207496867  
0.7394221947  
0.5125444576  
-0.0196867396  
0.7739080364  
0.5929570678  
1.595394084  
1.798203386  
1.279847989  
1.282639765  
0.9576352674  
0.1573538482  
-1.282151519  
1.059271557  
1.43788002  
-0.127819134  
-0.2620928551  
-0.6061619472  
1.126645129  
-0.04873940084  
0.3886547702  
1.582339959  
1.339243337  
1.750140009  
3.021344427  
1.742682547  
3.001168342  
3.308482141  
1.280705331  
0.04863375419  
-0.2591178516  
-0.9492609917  
-2.051615176  
-1.945309102  
-1.906136762  
-1.888605357  
-2.20555199  
-1.305523363  
-1.990767017  
-1.202616414  
0.7039117232  
-0.09710683829  
-1.340173185  
-0.9019801388  
-2.154707634  
-0.1517208192  
-1.830079806  
-0.1737461642  
-0.9856628357  
0.2195474588  
-0.6470383412  
0.5385523315  
0.3188764493  
0.7705558757  
-0.06339022008  
-0.8361446796  
-1.349275011  
-0.05018371683  
-1.218377717  
0.9775024856  
0.3538174001  
1.180503818  
0.3124863459  
1.893022252  
1.582702479  
0.9085810573  
0.0823095645  
-0.5185624596  
-1.55453213  
-1.555113414  
-0.600009633  
-1.264208104  
-0.8137625207  
1.254676482  
-2.068553954  
0.02085067961  
-0.3029467138  
0.1979580229  
-2.328642603  
0.3768076651  
0.07793135212  
-0.2318927188  
1.622268267  
2.076726463  
1.076592304  
0.2685902094  
1.717660224  
0.7855863706  
0.9681616956  
-0.1922223735  
0.6791102018  
0.7001283732  
0.5512287319  
-0.9454934746  
0.1966379515  
-0.1865677764  
-1.015781952  
-0.1834257328  
-1.062562046  
0.1686183584  
-0.724606973  
-0.5248695659  
-1.113272751  
0.7503721989  
0.1048042805  
0.2488408613  
-0.8431424116  
0.05720443453  
0.3231336722  
2.104099992  
1.411231845  
0.3052421829  
0.7972560841  
1.128960891  
1.658678174  
1.137391777  
0.2070996684  
0.2857424672  
0.1480769147  
0.6064069322  
-1.37951963  
0.6472445626  
-0.7367845613  
-0.3646818662  
-0.7131133973  
-0.8586790187  
-0.257610629  
-0.2678522506  
-2.33939013  
0.1140725735  
-1.876659194  
-1.198138293  
-1.495236427  
0.3524269823  
0.2954119931  
1.139078515  
-2.078991726  
-1.205044184  
0.07978879685  
-0.7245405186  
-0.6083330991  
1.464490863  
-0.9612577506  
-0.9428831091  
0.4776837387  
0.3276842747  
-1.208615238  
-0.3960314841  
-0.3459608596  
1.474401039  
-0.5337625515  
-0.1671185183  
-0.07073236175  
-0.2104001223  
0.6231380688  
0.769673622  
-0.05399778121  
0.8709768171  
0.5873848457  
-0.1457383183  
0.7288152646  
-0.4475330611  
0.08197929268  
0.4211900849  
-0.006765548002  
-1.198433695  
-0.3163718366  
0.6682017157  
-0.09499188368  
1.194980818  
-0.2655820766  
-0.6744006109  
0.8933588129  
-0.07288385559  
-0.606540222  
0.4926607416  
0.7860377627  
0.6728800689  
-0.04922256601  
1.068513732  
-0.3600710826  
-0.1295627187  
0.3191656813  
0.2383318755  
0.6828086038  
0.6805736836  
-0.6364236103  
-0.8876426882  
0.8723248473  
0.5495016311  
-0.7525438275  
-1.121663193  
-0.03536507454  
0.7288090614  
-0.3612323984  
-0.3208756053  
-0.9033368445  
0.8366757425  
0.6075862  
0.6342270128  
1.42515504  
-0.1281951374  
-0.2369293018  
-0.3053455408  
0.07689686806  
0.7190708442  
-0.4474457489  
0.223917582  
0.4283564095  
-0.1432228193  
-1.524500717  
-0.3744173645  
-0.7985980988  
-0.7730825853  
-0.5547522446  
-0.5041166848  
-0.1856351942  
-1.127534176  
0.3683475493  
1.077933591  
-0.2084834174  
1.010476392  
0.1505892907  
0.2588341827  
-1.192033453  
0.3147749835  
0.5409083212  
-0.5929078379  
-0.7153801981  
-0.8059837595  
-0.9125735285  
-1.59655005  
-1.198397184  
0.04309481483  
0.5883048208  
-0.1258682386  
-0.8219127272  
0.2250645122  
0.2051787457  
-0.5073986268  
-0.3568956293  
0.4777029766  
1.396285807  
1.498508911  
-0.8150757336  
-0.07111701285  
-0.1019217748  
1.524138151  
-0.1641033118  
0.3502680628  
-0.02883900234  
0.6865099209  
0.8803480699  
0.99080449  
-0.907575097  
-1.164863606  
0.9562932763  
0.745517662  
0.6145578992  
0.228355666  
0.3569604969  
0.07782313249  
0.5131641516  
1.518314707  
0.4847619345  
1.415695249  
-1.314270447  
1.238852718  
-0.2225619126  
-0.1663326639  
0.7426699368  
-0.3073298304  
0.3993580339  
-0.7540074639  
0.2388733032  
-0.04083292565  
0.4219128537  
-0.3676369405  
1.094124904  
0.1458394436  
0.7240204659  
0.9459032438  
1.621988437  
0.4449894999  
-0.7683369426  
-1.173609589  
-0.2205832357  
0.7839105505  
-0.3607817213  
-0.7915883955  
-0.8625627234  
0.2270945794  
0.08868008146  
-0.1229554331  
-2.269687644  
0.492523651  
-0.195173884  
1.372730964  
-0.5839271333  
-0.0743241942  
-2.099022737  
-0.9199949296  
-0.6515601773  
0.1464742494  
2.025236715  
1.847859815  
0.4832926425  
-0.8009787164  
0.9827945243  
-0.1889180466  
-0.4322608206  
-3.037344385  
-0.01645056841  
-1.004594158  
1.331768563  
0.2659672802  
0.8415371428  
-1.011206583  
0.02796926956  
-0.3990019033  
0.6137089967  
0.6874922831  
-1.913042615  
-1.450402027  
0.3558936399  
-0.1693433418  
0.5804764515  
0.9224710247  
-0.1178265841  
1.111717929  
0.799846639  
1.113357714  
0.7366210068  
0.01507354432  
0.7667857134  
-0.9040949001  
-2.070507732  
-0.01898250046  
-0.8101580391  
-0.2280072998  
-0.485148692  
-0.2848193133  
0.03645218401  
-1.785833455  
-0.1637690258  
-2.374538477  
-0.1412653558  
1.027823542  
-0.4588722914  
2.274122455  
1.649736107  
-0.5148668972  
-0.2619876326  
-0.9352785412  
-1.448646814  
-1.485287319  
-0.490269694  
-0.2713683891  
0.3211135418  
-0.577178736  
-0.01837705652  
-1.686645114  
1.341699706  
1.222786762  
0.9518477254  
1.120238062  
-0.303465558  
2.438563549  
0.6422011558  
2.885603766  
0.9040631901  
2.120846721  
-0.9994986154  
-1.972236881  
-1.349639492  
0.341046923  
-0.2694977168  
-0.695014461  
-0.04089261805  
1.53446033  
-0.7975403863  
0.6567151169  
-0.3098062815  
-0.3629616233  
1.147933847  
-1.301997022  
-1.48374094  
-1.368966566  
-0.207755965  
-0.1044326274  
1.204002704  
0.7333784531  
-0.6396262587  
0.6588200189  
-0.9095045928  
2.674225152  
0.6005026048  
1.276056635  
-1.211980278  
0.6254214518  
0.1576929729  
0.8589915917  
-0.3290535382  
0.9708048827  
0.6429401543  
-0.9005409719  
0.05692803  
0.1812692297  
0.3776424275  
-0.6637496649  
0.1884715292  
1.817220116  
-0.2845085059  
2.092650688  
0.04054157415  
0.8310685981  
2.156280411  
-1.316250712  
-0.5544165567  
0.1994594611  
0.4823783105  
-0.1018585065  
-1.760244627  
-0.4955175074  
1.67676558  
0.6968954728  
-0.593814681  
-0.07842623005  
1.070361882  
0.9595070342  
-1.630327425  
0.2709564335  
-0.5585806339  
0.3538151315  
-0.447350201  
0.7437996445  
1.689307897  
0.05295155836  
-1.207547718  
0.3227055068  
-1.326629307  
0.8970612297  
-2.464277766  
-1.961958758  
-1.904193187  
-1.347760021  
-0.9716257524  
-0.5671631466  
-0.4911777675  
1.456978178  
0.4761745669  
-0.492923264  
0.7948214281  
1.72215377  
0.9003247972  
0.6895479009  
-2.442355261  
-1.166196628  
-0.1105039279  
1.967164147  
0.5620389895  
-1.205942385  
-0.4891699374  
-0.4590810191  
-0.08150781856  
0.3397100226  
-3.837197462  
0.02136985491  
-1.237841176  
-0.1936438901  
-0.6309015823  
-1.28264184  
-0.8522683016  
1.888090894  
0.891690829  
-2.235027928  
-0.5074577122  
1.76285072  
-0.0793904892  
-1.115584138  
2.017217451  
0.4209397668  
1.038536905  
-0.3477813637  
0.9664804738  
-1.869351643  
-0.4945834721  
-0.4633926644  
-0.261070741  
-0.3215995858  
-1.216965751  
-0.6289684669  
-1.254319308  
-0.4332558773  
0.08525179633  
0.9577115943  
-0.3766771122  
-0.5676571635  
0.4585409021  
1.418535717  
0.5209684353  
0.5481260179  
-0.04119444492  
1.049027422  
-0.1586959912  
0.9054729612  
0.03776668408  
-0.1829040693  
-2.31916718  
-0.1654057591  
-1.005478222  
-0.08733691792  
0.9403160689  
0.4350862683  
0.1087213467  
-1.215522339  
0.7112644091  
0.9620854694  
