-0.7567480021  
0.01541487248  
-1.584247726  
-0.4329510106  
-0.3631531761  
-0.6830049447  
-0.6128208303  
0.5155088129  
0.5413298017  
0.1800523834  
-0.151414893  
0.6389460422  
0.4806073905  
0.8987357578  
0.218963443  
-0.2334803942  
0.3367289158  
0.8197046074  
1.251427048  
0.7410688155  
-0.0607078652  
0.008786745584  
0.9711915941  
0.2411348852  
-0.7275517058  
-0.2071422382  
0.113390237  
-0.2561807784  
0.2344506762  
-0.2127349696  
-0.5724746092  
-0.3026861147  
-0.004312593485  
0.8269285826  
0.5448352696  
0.5773698347  
0.7621517699  
-0.7394352544  
-0.2131639443  
-0.9608314352  
-0.5829177324  
-0.3543674281  
0.4631127458  
-0.1186043349  
-2.203077012  
0.2208328867  
0.8885446659  
0.7482909666  
1.116972648  
0.1230077399  
1.100516192  
1.270982857  
0.5221011134  
-0.7856765049  
2.155605683  
1.600374555  
1.718835796  
-0.857750522  
0.6432933532  
-0.486686977  
0.3298640678  
0.508441341  
0.4631120134  
-0.1071330423  
-0.2301938125  
-0.6676291953  
-0.8746115259  
-0.4428724988  
-0.169278607  
-0.9419423415  
0.1041440016  
-0.1525216325  
0.2495474512  
0.03537356474  
0.1410055829  
0.3336835452  
0.0006971292848  
-0.1047439059  
-0.2448001595  
-0.5794457551  
-0.7456670209  
-0.02540859198  
0.3177412603  
1.182634034  
0.02359377692  
0.2701411433  
0.07458974316  
-0.03206543085  
-0.4671697637  
-0.0625178356  
-0.1686235945  
-0.1848948905  
-0.6390064241  
-0.3746358791  
-0.5700199898  
-0.03116841631  
-0.300632755  
-0.2127927678  
0.7517482791  
0.6414764256  
1.459184181  
1.599949758  
0.758239017  
0.8083873516  
1.963505277  
0.9252430252  
0.5781564919  
0.0310328125  
-0.6537536942  
-0.316325165  
-1.420795124  
-0.5918355913  
-1.075671392  
-0.4919599335  
-0.2344938317  
-0.8308730334  
-0.6490252118  
-0.4867412901  
0.1264752415  
0.2069996719  
0.6801703657  
0.2040986408  
0.2522755189  
-0.1072791329  
-0.7323762599  
-0.4206574141  
-1.432880292  
-1.684861583  
-0.4363067109  
-0.9074452652  
-0.6922749977  
0.6980467241  
-0.7135699482  
-0.4561305745  
-0.9516542544  
-0.1438164941  
0.2767238337  
0.4477490977  
1.432982443  
1.512322802  
1.040578974  
1.085928993  
0.2173762179  
-0.5299634089  
-1.032429658  
-0.3938120581  
-0.925738982  
-0.1369642061  
-0.6501680122  
-0.5605783367  
-0.346613411  
-0.1472466518  
0.1271783071  
0.42657995  
-0.2435350258  
-0.2362797229  
-0.1020764781  
-0.7654652739  
-0.410838888  
-0.9057257449  
-1.14955312  
-1.040987125  
-0.6655391943  
-1.188319043  
-1.381818473  
-0.6623656746  
-0.797643943  
-0.6750429626  
0.2915608739  
-0.1167665584  
-0.971756428  
-0.10492694  
0.2250612895  
-0.4716806391  
-0.4745978939  
1.00596476  
0.6898302388  
1.024471735  
0.3718550981  
-0.8694306631  
-0.02192928744  
0.0941419964  
0.1450325517  
0.4650707354  
0.4517376552  
-0.2800338163  
-0.07857518103  
0.591825842  
0.3621338828  
1.395129782  
0.9709461846  
1.528341288  
1.8440796  
2.58799978  
2.571144043  
1.904270691  
2.063592863  
1.301494086  
0.4816533979  
0.3201219438  
-1.773519306  
-0.9764826352  
-2.528842264  
-0.3096072766  
-1.764681326  
0.3779763488  
-0.2383639837  
0.2515517016  
0.1001708185  
0.602985199  
0.5853327768  
0.6897670379  
0.1140436096  
-0.4639217384  
-0.2955854595  
-0.1872161874  
-1.064547091  
1.089379142  
-1.566261558  
-1.437492423  
0.735882374  
-0.1736363016  
-1.607370149  
-0.725027853  
2.154051894  
2.622970055  
1.965843832  
1.765378997  
-0.6918926208  
0.2795460101  
2.604079369  
0.8157283724  
1.929997232  
1.853430472  
-1.375025685  
0.6881183086  
-0.8268863748  
0.2287916712  
0.9390653998  
-0.6816344868  
-1.275134642  
0.8327051013  
-2.300973173  
-2.38945876  
-0.1452884016  
-0.3934074366  
0.3071848456  
-0.9312553055  
-1.157327054  
-0.3775881951  
-0.8168712745  
-0.2707434254  
-0.790603796  
-0.0531416621  
-1.075444729  
-0.9316256017  
0.9177531257  
1.07402813  
1.319381553  
-1.120406936  
-0.3231829039  
1.572123141  
0.2100319448  
0.9305881547  
-0.7244817588  
1.420221079  
-0.7163537304  
1.477938332  
0.8714367113  
0.193008425  
-0.9241845733  
-1.390591153  
-0.2354079912  
-0.09010723007  
-1.374353483  
-1.608982093  
-2.082352183  
-1.033044013  
0.638370225  
0.02624329517  
-0.335120868  
0.358217072  
1.267183752  
-1.40759987  
-0.9691747465  
-0.1962664842  
-1.974013099  
0.3410252184  
1.925360592  
-0.6138402099  
0.9154209006  
0.5870169003  
0.4899045478  
-2.022748363  
-0.6693398641  
1.054372884  
1.818129394  
-0.7952508269  
-0.9232896336  
0.7662439455  
2.045307327  
0.5710185064  
-0.5283515212  
-0.5138868201  
-0.2621880934  
-0.2288669856  
-0.9742806012  
0.1262839749  
-1.776971615  
-0.03729397862  
-0.3055796716  
-0.1243556704  
1.331212959  
-0.1628504663  
-0.4229831059  
0.679075035  
0.8773177955  
-1.278484483  
-0.4388252768  
-0.09909577697  
-0.6681163322  
-0.6713856687  
-0.9686996704  
-0.6924758299  
-0.2350173596  
-1.413880389  
0.389318768  
0.377545836  
1.182566483  
0.7956553639  
-0.9117052406  
1.416232217  
1.426885627  
0.2316195747  
-1.451315788  
-0.4728444908  
-0.4326102024  
-0.7102191955  
0.2365560588  
0.423052236  
-0.6157516309  
-0.2990858698  
0.9720816589  
-0.02242279128  
-0.2470177007  
0.970708553  
-0.4440023031  
0.9676511668  
-1.446047649  
-0.3756353231  
1.024514222  
-0.6905495574  
-0.707381577  
-1.273076777  
1.223530175  
-1.107543924  
0.6522706072  
0.5536412286  
-1.074861226  
-1.010409828  
-1.061200799  
0.1561338434  
-1.309462476  
-1.368841125  
-0.1115588623  
0.3596416996  
1.498152533  
1.096677234  
1.126068327  
0.4015411598  
0.4913586802  
1.137951641  
0.9557783718  
1.547519035  
0.8769007431  
0.383186643  
0.5531015643  
1.004262914  
1.625570068  
1.128707841  
0.7833340513  
-1.582733385  
-0.8856633039  
-0.4840462103  
-1.560107753  
0.4833409032  
-0.2655200283  
-0.8167224504  
1.168452777  
1.125850555  
-0.8997729361  
-1.886505443  
0.07374376063  
0.4434000412  
0.4294135934  
-1.04520679  
-0.9426730784  
0.1664083615  
-0.740663377  
-0.1808899452  
1.259118933  
1.141007797  
1.089829974  
1.706737389  
1.567818458  
0.948252035  
0.2046495105  
0.5925638311  
0.8697295819  
-0.7287505498  
-2.770199673  
-0.3643064187  
-0.8059177983  
-2.268730381  
-1.240168465  
-0.4577166729  
-0.2694054135  
0.6178371577  
0.7822868841  
0.3885619287  
-0.1853376022  
0.3546448306  
-1.2464453  
0.4752959952  
0.9360172221  
-0.5053645144  
1.434444581  
0.8824130316  
-1.195354237  
0.3295621831  
1.30022368  
0.511077691  
-0.01186946945  
-1.341353915  
0.3100886039  
0.8420310173  
0.146003485  
-1.537085774  
-0.7364403025  
-0.8672379458  
-0.6595335012  
0.5048279897  
-0.4947949994  
-2.373430369  
-0.3401084642  
1.210142729  
0.4693048697  
1.864860859  
-0.1942095284  
1.584855677  
-0.4462479979  
0.699904896  
1.298143411  
0.42471276  
1.390752625  
0.8226510969  
0.172240135  
-0.861007025  
-0.4085827948  
0.331553609  
0.5587827281  
-1.087023513  
-0.003721836075  
0.474770227  
-0.5587742932  
0.622920845  
1.29952783  
-0.6662877272  
0.5560830202  
-1.724144482  
-0.1615319721  
0.5721905936  
0.4813265647  
-1.142233015  
0.2027351264  
0.36481459  
0.830984728  
0.3554829066  
-0.745301008  
1.020317018  
1.251434952  
0.02450547682  
-0.2784359729  
0.739586916  
1.477872555  
-0.6863367065  
1.262327063  
0.1022672193  
-0.296211008  
-2.209010886  
-0.8070566061  
-1.143143565  
-0.3884197283  
0.9346839311  
-0.08006750736  
1.462437729  
0.6348776684  
-1.590356325  
-7.134582177  
-0.8707103709  
2.094835732  
1.293836032  
-0.9508162658  
1.165664958  
0.5448075674  
-0.432421774  
-0.7393913968  
0.211606514  
0.8894712051  
0.3887027157  
-0.2248194657  
-1.081747936  
-0.5812082633  
-0.9247565444  
-2.232402668  
-2.003335001  
-1.51684477  
0.07733730608  
0.05774916709  
0.8368004602  
-0.2486713664  
0.8063148388  
1.043700493  
0.1342230688  
-0.4858759699  
1.806729802  
0.7687432041  
0.04264565864  
0.1291997089  
-0.1063866393  
1.401578012  
0.4187595426  
0.2409185394  
0.5126090842  
-0.2941194894  
-1.432087638  
-0.09592208146  
0.3356032418  
1.027623555  
-0.08960970382  
-1.462573629  
0.6838399312  
0.108276165  
0.9184336097  
0.8565975564  
0.1417815839  
1.057371776  
-0.1216635187  
0.9071771481  
0.8153207532  
0.04974564236  
0.3325644287  
1.532118126  
-0.5189851505  
1.79952223  
0.9210624179  
0.5323038733  
0.7022328011  
1.135812576  
1.890363961  
-0.9968553775  
-1.593494373  
-0.01098389594  
-0.4500374324  
-1.44526106  
-2.52605128  
-2.397354346  
-0.2417240999  
0.5733731383  
0.1506093142  
-1.48890116  
-0.001890934646  
1.093252462  
0.2259274903  
-1.588225951  
0.5014987705  
-0.1457371447  
1.06509884  
2.251206259  
-0.9794272683  
1.139796165  
-0.2340379831  
-0.07705757174  
0.9567423416  
1.628181158  
-0.1602930929  
0.1015333131  
0.5205327091  
-1.017047912  
1.873590183  
-0.1432264744  
-0.7179674744  
-2.43392879  
-0.01693583165  
0.9574470369  
0.9849604644  
-0.4945120945  
-0.8291285902  
0.3947428084  
-0.9582908997  
0.3125574887  
0.3426308774  
-0.4780678431  
-0.7299341582  
-2.326395058  
-0.355050793  
-0.3443946526  
-0.342659576  
-0.8813812358  
0.4483271089  
-0.5896376129  
1.38202467  
-0.7667319014  
-0.2811178684  
0.0228822235  
-0.790012717  
-1.11639907  
-1.505733469  
-0.513758678  
-0.4211986086  
-0.8662567645  
-0.2260540758  
-0.5104807419  
0.640678216  
0.2685341571  
-0.7704082215  
1.005723091  
0.5030739291  
-0.2986553512  
-0.3250065561  
-0.3403592881  
0.532914614  
-0.2865282774  
-1.888154511  
0.4415024355  
-0.4143916263  
-0.4858183513  
-1.608495982  
-0.2079972217  
1.556117212  
0.1684250151  
-1.5168778  
2.089061221  
2.471990712  
0.6122216065  
-1.192664621  
-1.876608777  
0.1920217768  
-0.4657607982  
-0.8210432917  
2.398315756  
0.5683327167  
1.763352177  
-1.097990797  
1.052951462  
0.9311616073  
-0.6609160143  
-0.9803422208  
0.2366218275  
0.7731117062  
-0.03113700086  
-1.771170638  
-0.5161226788  
0.4051775884  
-0.1489070318  
-1.830090847  
0.08600892302  
-0.328659972  
0.9454603414  
0.991625557  
-0.2065456626  
1.425569419  
-1.255414279  
-0.5092269479  
-0.4485074972  
-0.4822739286  
-0.2417560454  
-0.8639734465  
0.2915436552  
1.359200604  
-0.6894033157  
0.7801373426  
0.4845903269  
0.5256854263  
0.0888618682  
0.6642107548  
0.8474315408  
0.459685568  
0.8270830648  
-0.007353992201  
0.215753327  
-1.373854217  
1.034583323  
-0.298552243  
0.4648228574  
-1.409260793  
-0.6497647699  
1.074560182  
-1.409315621  
1.271820508  
0.6233752818  
0.9612089035  
-0.8516865533  
-2.024804715  
