-0.2848582419  
1.234611896  
-0.4184766931  
0.04063123882  
0.1653320077  
-0.6548362696  
0.6689927361  
-0.4594481774  
-0.1376866221  
-0.293214367  
0.2986531126  
-1.214567648  
-0.03503978264  
0.4093990943  
-0.4552953013  
-0.8454569273  
-1.123696998  
0.5069571773  
-0.1106803632  
1.02428068  
0.820898287  
0.7851528227  
1.995703123  
0.04516945499  
-0.4220253694  
-0.7884585074  
-0.3569642022  
1.063888242  
-1.054943279  
0.3955639775  
1.136823862  
0.1885353318  
-0.6269278918  
0.4693812782  
-1.734141884  
-0.01404123931  
-0.4288029755  
1.080760978  
-0.4689880031  
0.2364955046  
1.184548435  
-0.09903894517  
-0.1800068523  
-0.8399128197  
0.4237745111  
1.156712847  
0.5497220927  
-0.08889660258  
-0.3202325123  
0.8028973551  
-1.568137216  
-0.3249715803  
-1.218801955  
0.3329096975  
0.973381666  
-0.5572659032  
1.408947519  
0.0768514552  
0.2857687457  
1.77803227  
-0.6781705915  
0.1741131914  
-0.8132048758  
-0.8453431499  
-0.03790749835  
-0.160730352  
0.272076265  
-0.6112370015  
0.9050991931  
-0.5343335642  
1.568485894  
-0.4033822921  
-1.086439846  
-1.637497247  
1.640701924  
1.121831451  
-1.064032041  
0.4063849191  
-1.592874979  
0.9858424689  
0.3567095888  
0.7082618189  
0.4109440277  
-1.525354564  
0.6796775267  
-0.3171964027  
0.104375718  
0.1073847527  
0.2667015325  
1.105757677  
-1.588836901  
-0.4338052199  
1.046875042  
-0.2398899678  
0.04613691021  
0.07321228776  
-1.920029689  
-0.9123794672  
0.7871353719  
-1.261923559  
0.716032605  
-1.108566844  
1.136696965  
-0.4688855925  
1.201460901  
-0.9792521431  
-0.2231223582  
-1.910810199  
-0.1202614381  
0.420997249  
2.036871769  
-0.2696187138  
0.6392041599  
0.04995250845  
-0.1727984729  
0.9476225776  
-0.7959715316  
-0.2935404954  
0.02367822209  
-0.9007555895  
-0.9231644557  
-0.9544992596  
0.07815823812  
-2.02889679  
-1.414076244  
-0.9797871281  
0.9874223808  
-0.1800393509  
0.5707369608  
1.81923676  
0.6683921428  
0.6769670581  
-1.576000901  
0.1757342864  
1.298214815  
-1.603624079  
-0.8483292226  
-0.6339447208  
1.00005353  
-0.5305364632  
0.2271655649  
0.9787479029  
0.7690240019  
2.014349246  
-0.210794781  
-0.267697725  
0.8965518769  
-0.5082989128  
0.3771922778  
0.5940969204  
1.381542982  
-0.7365422542  
-1.311674747  
-0.8617388659  
-0.6443964487  
0.1995505754  
0.1903383246  
1.004853856  
0.504754819  
-0.1656835943  
1.129778556  
1.432045679  
0.09069367405  
-0.8745031182  
-0.2118375328  
1.103377445  
-0.5404986324  
0.854227055  
1.071515969  
-0.2360204476  
-1.319916859  
-0.9018865987  
1.308257312  
-0.9787828408  
0.02795540282  
0.5564300087  
-0.2193856402  
-0.8249374756  
-0.05662743268  
0.7357961889  
1.072841824  
-0.04988219879  
0.06502507773  
0.136107307  
-0.4727456023  
0.8411106682  
1.391336421  
0.9181818396  
0.170237294  
-1.34292945  
-0.1418097938  
-0.9951579165  
-0.961182393  
-2.685536642  
-0.7081249449  
-0.3770711567  
0.592182443  
-0.7533497562  
-0.6473877758  
0.718025088  
1.155950732  
0.3005771395  
0.4652373354  
-0.2931903494  
1.023136782  
1.437158509  
-2.125195489  
0.1757167948  
0.07376376536  
-1.376540558  
-1.949388086  
-0.775559514  
0.6104994573  
-0.171980406  
-1.724758552  
-0.8935573199  
1.357366192  
0.1188136145  
0.7051178343  
0.4000986523  
-0.4905645794  
1.44555735  
-0.4913349007  
0.3057666122  
1.024553608  
0.3819927517  
-0.9439507449  
-1.604028398  
0.7700871711  
0.7649262677  
-0.1691219848  
-0.4287293648  
-0.2285364088  
0.5923686953  
-0.5519881522  
0.3992747143  
0.3020104256  
-1.081151823  
0.8969165125  
-0.2548380577  
-0.430348407  
1.407673942  
0.7405394081  
1.173427951  
-0.2053461127  
-1.164860498  
-0.1015282553  
-1.021210398  
-0.3953587759  
2.227438447  
0.09130757  
-1.143086192  
-0.03824336961  
0.9977676771  
-0.9123355589  
0.5835513223  
-0.07493669708  
-0.8987818786  
-0.1659231994  
0.7298202233  
0.9966058679  
0.9894713893  
1.619920339  
1.452091511  
1.501189746  
1.987497152  
0.5236825667  
-0.5167174161  
-1.26457251  
0.6279918212  
1.004617075  
-1.590263725  
-1.43102179  
1.687632316  
-0.8717752193  
-0.106798253  
0.0007424742516  
-0.3817094385  
-1.706653682  
0.3823178977  
0.332727939  
0.3535386238  
-1.243896085  
1.224728466  
-0.4893655602  
0.8609480373  
1.242074643  
0.3816855467  
0.113764919  
-0.5877371696  
-0.8678782664  
-1.415951907  
1.144750465  
-1.301057205  
2.562256282  
1.7142919  
0.1921554691  
-0.5716867332  
2.696596606  
1.741972195  
0.1677570055  
-0.9491833795  
-0.7903699141  
-0.8641385854  
-2.516049342  
-0.5963419836  
-0.1594018505  
-1.078577579  
-0.5076892626  
0.7245710669  
-1.636605593  
-0.5682486247  
0.2185209433  
-0.3596943968  
-1.547282453  
-1.740066076  
0.1481268485  
-0.05092408418  
-2.132106458  
0.257727753  
0.4210614318  
1.25521074  
-1.735624774  
-0.4907414781  
1.421859433  
0.3371418614  
-0.4094335935  
-1.219831684  
-0.5339351739  
-0.8957735112  
-1.14455568  
-0.4684266307  
1.697537214  
0.0976961912  
0.4708572738  
-0.1472452696  
1.0769968  
-0.4039767562  
2.035956981  
0.2722093918  
-1.027246849  
0.1796560651  
0.1647198515  
0.6795947857  
-0.4264478559  
0.3132669942  
0.2653961742  
0.22774629  
-1.70889644  
-0.4847017281  
-0.3147366434  
-0.1294641383  
-0.2932327592  
0.1484094843  
0.4899052615  
-0.2324133207  
-1.746712043  
-1.174428153  
-0.8653438865  
0.4633151339  
0.664831716  
0.9642279118  
0.9109903902  
-0.7198214516  
-0.7095354536  
-0.3039935241  
0.3346577767  
2.502383019  
1.646840984  
-1.098604215  
-0.4287036985  
-0.362278849  
0.3687406196  
0.2560105966  
1.973421213  
-1.111819733  
0.3858037212  
0.7981020044  
1.378985418  
-0.9476806655  
-0.3707329403  
0.867387748  
-1.386062175  
0.7856423024  
-1.490701577  
2.113481292  
1.690183228  
-1.031933949  
-0.7210593396  
0.4183248923  
0.9984691754  
0.02529428119  
0.1336590115  
-0.85533852  
-0.0007550124682  
1.131495053  
0.8717166763  
-0.8966076677  
1.438984402  
-1.314203934  
-0.2983933436  
0.1971956244  
-0.7625248433  
1.10740723  
-2.463226978  
0.3232588371  
1.089979879  
-0.7210978647  
0.6541027151  
1.028691469  
-2.491518943  
0.8869111698  
-0.3865711053  
-2.130891922  
0.5934220777  
-0.3846085085  
-0.4556539419  
0.3255570501  
1.319256459  
-0.7344343389  
-0.3904579535  
-0.7578900382  
1.645816796  
0.9193806768  
0.5659919547  
-0.02696921101  
-0.9717172359  
1.470804195  
-1.496123675  
-0.9690621011  
1.560907685  
0.8467581594  
0.644860271  
-0.9018303429  
0.2591990493  
1.354427084  
0.2790037199  
0.792543807  
-2.068451971  
-0.8217094079  
0.01894584786  
1.498181138  
-0.7035125788  
-2.040187486  
-1.528524836  
1.514256423  
2.097593932  
0.2399376555  
0.5523631587  
0.9861976543  
1.300733318  
-0.485095612  
1.865121291  
0.3795197288  
-0.04878733569  
1.283703661  
-0.4324282115  
0.4499426546  
-0.2394635154  
-0.4249839916  
-1.698871192  
-0.3396634506  
-0.3855778035  
-2.28644275  
-0.1323203482  
-2.081962491  
1.266731826  
0.567149816  
0.5031016041  
-1.020054802  
0.04809700763  
-0.3818364239  
0.7128091793  
1.638216985  
-0.4311396389  
-0.07500168996  
-0.3988626355  
0.2345566975  
0.8586300504  
0.7223877136  
1.452172621  
1.310366534  
0.5395936787  
-0.3585726722  
0.3599964851  
0.8604456122  
-1.745884134  
-0.6246535663  
-1.844489544  
0.6206888825  
0.2393783583  
-0.8844281157  
-1.411314727  
-1.080278267  
2.303786308  
-1.296464149  
-0.3103857106  
0.8258291664  
-0.6760759256  
-0.8784597617  
0.6849471451  
-0.5298180452  
0.5802419404  
0.122671155  
0.9217760752  
-2.237192773  
1.578182106  
-0.3996928982  
-0.5319017457  
0.2197202648  
-1.5842778  
1.084093828  
-0.9000035622  
-0.1645513908  
0.1471551594  
0.09466076873  
-0.585055352  
-1.45104239  
1.198116192  
-0.3621126302  
0.511822659  
-0.3354677726  
0.5655588545  
1.603854935  
0.1368107374  
-0.3384489939  
0.2672037266  
-1.202456723  
-0.6773259449  
0.4647418978  
-1.025043822  
-0.6445616452  
0.01560989272  
-0.7490075819  
-0.3515636542  
-0.3249660476  
2.027919033  
-0.4260264445  
-0.3132729117  
0.8272117493  
-0.2092638605  
-1.510852325  
1.797406629  
0.2306597275  
-2.029514088  
1.004943492  
-0.4769304941  
1.573361006  
0.8273154885  
-1.04460813  
-0.6580253568  
0.924572105  
1.335722682  
-0.9418407996  
1.917316166  
0.6279948284  
-0.7229378606  
-0.6141462955  
0.1447206185  
0.328152574  
-1.022839677  
-0.9011552588  
3.207636497  
-0.377225296  
-0.8307271208  
-0.5270779728  
2.069319288  
-0.3545966519  
-0.1808253231  
0.3617252766  
1.909589814  
-0.3746419672  
0.5788030168  
0.1372068836  
-1.415555941  
-1.416643394  
0.7820663073  
-0.28553105  
-1.450883043  
-0.8191307666  
-0.5857062556  
-0.2693439759  
1.259444809  
0.7002012374  
-1.129547332  
1.008790007  
-1.252386281  
-0.7599255532  
0.8471879606  
1.293844581  
-0.4018938572  
-0.1812174658  
-1.107345506  
1.128569681  
2.198352151  
-0.03295320911  
-0.1047271973  
1.599563259  
-0.8801270076  
-0.03650494578  
0.9638395273  
1.67035367  
0.3548189588  
-1.349229996  
-1.664364491  
-2.004128043  
-1.016855191  
2.007926706  
0.9813323189  
0.01252678873  
-0.4765690131  
0.6428136547  
-0.4833494097  
-1.749941429  
-0.6405857034  
0.2955993243  
-1.138441165  
-0.5536309545  
0.962049547  
-0.06285004061  
-0.8486638529  
-0.2479767095  
-0.9429472657  
1.521812476  
0.8538981663  
0.009960652255  
0.9796418596  
-0.6511160082  
0.8634041346  
2.412733342  
0.3156590033  
-0.3163361306  
-0.4870801966  
-0.2222565555  
0.4347590452  
-0.4054119749  
-1.470564956  
-0.4688894855  
-0.6874594129  
0.9538375319  
-1.523073575  
-0.9246068253  
0.7601110419  
-0.6688429645  
-0.4486662044  
-0.05244743026  
-0.6466726118  
0.6544688177  
-1.342151584  
-0.9359796073  
-0.02250056417  
1.281215335  
1.047053198  
-0.1682527325  
1.059678864  
0.6737858731  
1.983234404  
-0.03442543604  
-0.3730147918  
-1.073070633  
-1.977186146  
-2.122710762  
-0.1828090965  
0.6329592437  
0.575541661  
-2.225609923  
-0.1893899075  
-1.797870288  
1.084429809  
-0.3127294617  
0.8800591085  
-1.041039482  
0.5769731997  
-0.6924039624  
0.6620435923  
0.004820576759  
2.15945008  
0.4937559158  
0.08108706652  
-0.5130045023  
0.1731582254  
1.352552696  
0.7372660514  
0.483523931  
-1.086271081  
0.8913691797  
0.7964452733  
1.113158221  
-1.134709212  
-0.8522777806  
-0.9913382489  
0.7977684956  
-0.7168576986  
1.544153137  
-0.6712358865  
-0.6406962979  
-1.549615827  
-0.6195683625  
-0.1225802676  
-0.2084793518  
0.4635305943  
0.3630779649  
1.294219539  
-0.5818652199  
