-0.9181915593  
1.308702216  
-0.4420878729  
-0.08395182344  
-0.1705489311  
-1.087164642  
0.02084952087  
0.1629605251  
-0.1262696727  
-0.7774333032  
1.894073313  
1.111714441  
-0.3249794741  
0.387963532  
-0.4963993735  
-0.2819458741  
-0.7936758906  
0.04483509977  
-0.1946054406  
0.4937234499  
-1.200264052  
0.4151812066  
0.7778442775  
1.810950588  
0.4546762038  
0.818631818  
-0.03771421551  
-1.091891002  
-0.04259361218  
0.4369895019  
0.187425107  
-1.124522355  
-1.660511864  
0.2709839929  
0.3537420453  
-0.2904399476  
-0.8520456707  
-0.05160848503  
-1.48612762  
0.6457964594  
0.7952771371  
-0.8935287061  
-0.3960447763  
-0.1752004812  
0.4407715542  
0.8743089904  
-0.5346806886  
-0.2204484378  
0.1636362945  
0.3043239988  
-1.351352131  
-1.028900627  
0.08749097565  
0.9242727231  
-0.3040283757  
-0.4716841163  
-1.169789921  
2.478573716  
1.364468227  
0.7606116549  
-1.149944611  
0.1419723997  
0.42670759  
0.7315061716  
0.2452562798  
0.6288413307  
1.47299418  
0.3587845181  
0.7661315965  
-0.1443257586  
-1.224187885  
-1.063295408  
0.1832259207  
0.04603094039  
0.5934628668  
0.5398351199  
0.4059893677  
1.689908381  
0.2862479212  
0.935562992  
-0.5171728727  
0.03709061231  
-0.2669823579  
-1.245406272  
-0.2902628827  
0.4661849044  
-0.6401632452  
-0.910974159  
-0.3014521472  
-0.87316053  
1.325346278  
1.355779195  
-0.3385616929  
0.6185517478  
-1.887869661  
0.9402077498  
-0.1269505218  
-0.2869132147  
-1.115931994  
-2.221646761  
0.241124674  
0.1570774768  
1.328048449  
0.5810086207  
-0.7908753685  
-2.100458659  
0.9421326505  
-0.3682929282  
-0.4270827991  
0.8259649061  
1.1805962  
-0.6186140582  
-0.4195671654  
-0.4516517337  
1.353639615  
0.4635440138  
0.2788648824  
-0.2228211088  
-1.343689454  
-1.286849901  
0.6064498356  
0.05787588591  
-0.7255827166  
-0.6429947177  
0.7293456428  
-0.4034474592  
1.717711641  
0.2126338686  
-0.3813618504  
-0.3454943611  
-0.3240238572  
-1.235820719  
0.5048251069  
0.06675811693  
-0.041811686  
-1.078156984  
0.5867792915  
-1.016303904  
-0.7591435378  
-0.3702172999  
-1.827904745  
-0.1852946924  
0.12216003  
0.7060275259  
0.8473276253  
-0.441672492  
1.588082201  
-0.1087381048  
-0.1781086152  
0.4387275311  
1.669897491  
-0.4355296409  
0.898328455  
-0.06621452114  
-2.109513531  
0.4389043428  
1.479484294  
-0.8573468522  
0.4111189352  
0.9088895248  
0.1170413871  
1.463580074  
0.4124742872  
-0.4289191127  
1.254379906  
0.7481594542  
0.2684561369  
1.413510683  
-0.07281468872  
0.01839582352  
0.6416077798  
0.5194420805  
1.536085417  
0.8280386023  
-2.534480807  
-0.9578604372  
0.08825608001  
-0.1113269641  
-0.756058598  
0.3213371702  
0.64495722  
0.1635910655  
-0.5925284264  
-0.5492006553  
0.01779804562  
-0.5096576893  
0.2546063755  
-0.04177072055  
-0.09873768401  
-0.7474415307  
-0.5504750849  
-0.2990305885  
-0.6241544242  
-0.4587971517  
-2.34731933  
0.1179926932  
0.4109245942  
-2.062197722  
-0.6585940931  
0.5360372485  
0.9812634077  
0.9915603935  
0.3046785477  
-0.7266967672  
-1.159775899  
1.220100317  
0.4815378027  
1.097376754  
-0.7909911247  
0.928211184  
-1.839750641  
-1.410967132  
-0.7817230861  
0.3661008301  
-0.0807044185  
-0.5854594558  
-0.1733010838  
0.9172755667  
0.388920836  
0.01790017025  
-1.929931233  
-0.3538709528  
0.05457299217  
-0.08416811658  
-0.05247150819  
-1.081987707  
-0.9495849217  
-1.839666526  
-1.091395214  
2.222171033  
-0.7759139368  
-1.034094332  
-0.2593600576  
-0.3092692221  
-1.06675788  
0.8954375601  
0.787909884  
0.153082225  
-0.1601264291  
-2.073453698  
1.125378996  
3.48492975  
0.5856159889  
2.440984167  
0.481845537  
-1.297493673  
0.5773711078  
-0.1913743855  
0.5969575727  
0.4135220835  
-0.213109826  
-0.4192051675  
1.314009027  
-0.5489311794  
1.41807553  
3.518155119  
1.452558523  
0.07709084991  
0.6233325631  
-0.5615649839  
-0.5642226413  
2.37706102  
-0.5823655669  
0.3377975916  
0.7148086455  
-0.7824730841  
1.358992489  
0.8288775167  
-1.471189239  
-0.7906589711  
0.07131710732  
-1.562447677  
-1.071226467  
-0.01983031349  
-1.103579268  
-0.4568211747  
-0.2870375972  
-0.297211571  
-1.530461996  
-1.069794087  
0.7584125113  
0.5955638991  
0.284959676  
-0.5592527116  
0.2474661594  
0.3934904517  
0.4001564972  
-0.8723412161  
1.786534054  
-0.166675148  
-0.08047232891  
-0.8864586808  
0.9006736958  
-1.374880186  
2.07181361  
2.210375222  
1.364875773  
-0.4173249198  
-0.5182917168  
1.929017274  
0.7438027665  
0.5556824525  
-0.1109527382  
-0.301324386  
-2.262651697  
0.7543452634  
0.1070311276  
-0.499696009  
-1.420344028  
1.126108881  
0.4611395819  
0.3993124176  
-1.596954101  
0.3709473739  
-1.137375626  
-1.853028955  
0.2897719986  
-0.04530543003  
-1.791466137  
0.1586448114  
-0.7494036979  
-0.5488864705  
-2.037652852  
-0.2990623812  
1.085593866  
1.953966508  
-0.6997298866  
1.361962493  
-1.367449384  
-1.072998952  
0.4590531432  
-0.2477609833  
0.1331049353  
0.01436192763  
-0.774629588  
0.908085168  
1.73272403  
-0.3494988378  
-0.5756129653  
0.3037681606  
-2.537442273  
-0.241935548  
-0.4695173287  
0.8338188106  
1.200758461  
-0.2740774039  
0.9665987057  
-0.01185981704  
-1.80094065  
-0.9602153336  
-0.1368432158  
-0.2975155973  
-0.8371371679  
0.5709584805  
0.383478899  
1.950732143  
-1.026455723  
-1.75559332  
-1.100598841  
0.7213660036  
0.8714226066  
1.877507074  
1.585065218  
0.1506960206  
-0.677979304  
1.612896125  
1.070970219  
1.725958109  
-1.213141734  
-2.300017605  
0.001880987008  
1.495578737  
-0.255600797  
0.02613980151  
1.514387399  
1.10310789  
0.5897788323  
-0.3163254755  
1.207430773  
-2.711965225  
0.5248115579  
0.9468181619  
-1.418654211  
0.1301358004  
-0.637679481  
-0.2309490875  
0.6438541381  
0.02978140553  
0.6555708905  
1.162253425  
-1.998580743  
0.2016127215  
-1.338369665  
-0.08743169086  
0.4999758839  
-1.713540336  
-0.131516955  
1.177119262  
0.8922308313  
-1.351252451  
-0.729671294  
-1.347038242  
1.288542923  
0.7238441346  
-1.075707536  
1.206423026  
-0.3822270023  
-0.9893821801  
0.6794089476  
0.9398658359  
0.5776067802  
0.4163254305  
-0.4092780215  
-2.805249715  
1.125850471  
-0.4587498245  
-0.6756160952  
-0.02325441438  
2.05670435  
0.5170501699  
0.3386180835  
-0.306539648  
-0.4382953935  
0.2568811973  
1.564596826  
1.02238685  
-0.4642017836  
-0.5733145496  
0.7140310098  
-0.1159308183  
1.144355709  
0.4374106576  
0.5166851422  
-1.336294025  
-0.09100078019  
-1.571893436  
0.5858398668  
0.5633549885  
0.5612160218  
-0.5276321817  
-0.9119439026  
-1.11541273  
-0.9868325279  
0.500067042  
-1.191180857  
-1.033228624  
0.4388408753  
0.3022067368  
1.76134492  
-0.8265553448  
1.847385411  
-0.2234489934  
-0.6207321475  
-0.06104374075  
1.061664907  
1.656578743  
-0.628912465  
0.6883622213  
-1.382057014  
0.1606847735  
-1.463216863  
-0.785813754  
0.7426654217  
-0.6764598932  
1.115969255  
-0.6036788138  
-0.6267284967  
0.0963489224  
-0.569634814  
-0.6270035798  
0.4874246045  
0.01228197883  
0.01733889901  
-0.1274143364  
-0.01196752124  
0.385113753  
-0.7625025695  
-1.209140208  
0.002662469656  
1.012358437  
0.3204718049  
-0.7268056435  
0.871485962  
-0.5795708713  
-0.4102988371  
0.3519086159  
-0.7247502966  
-0.6916690254  
-1.519290865  
1.721457656  
2.074935528  
1.492628415  
-0.07986577613  
-1.329037536  
1.374438155  
-0.6174114116  
-1.388471632  
-0.3161010022  
2.784228258  
1.44248024  
-0.1287592973  
0.19280002  
0.6950288018  
1.684436382  
-1.654342173  
-0.7619842217  
0.6657615965  
0.3749945028  
-1.999759194  
-0.03989161061  
0.04198223119  
-0.3435432091  
0.4102323845  
1.075864006  
0.03874702093  
-0.6561590319  
0.03648598206  
-0.7441247563  
0.7263523902  
0.09429186021  
1.016814059  
-0.1042512123  
0.6062526236  
1.89831346  
2.071136585  
-2.652917916  
-1.385325229  
-1.220163482  
0.2146653011  
0.2825633352  
-2.092893032  
-1.09724212  
-0.2582493336  
-0.9860990424  
-0.9940730425  
0.1807102356  
0.5864114142  
0.4806130705  
-0.3749930854  
0.0008519636521  
0.1858403138  
0.06455665297  
2.018326118  
1.471533239  
-1.653957573  
-0.03716559188  
-1.854402074  
0.1373779192  
1.265037538  
-1.24226785  
1.267114746  
-1.668314219  
-0.3367369787  
0.3552426252  
0.9612396417  
0.5515078509  
-0.9821596262  
0.3183794053  
-0.07458802328  
-0.253976457  
0.2451238073  
0.1530188418  
2.665660876  
-2.200748081  
-1.235628519  
-0.3581150045  
1.560355887  
0.6116185108  
-1.109166952  
-0.6571577005  
0.4373739516  
0.3365216864  
-1.63850118  
0.205089568  
0.7418036245  
-0.9469739537  
0.4324567989  
1.39188624  
0.3105280412  
0.9659776714  
1.00177451  
-0.7386691637  
0.5789744385  
2.088665542  
-0.2053152979  
-0.5157744947  
-0.3181268612  
-1.714979354  
1.115937744  
-0.9411204021  
-1.142558707  
-1.045167588  
-0.08086915972  
0.6635643779  
0.6685440129  
-1.652277783  
0.3149994796  
-0.3425134349  
-0.4828381009  
-0.4110475135  
2.526108586  
0.219884307  
-0.7574445773  
-1.186200846  
-0.5633890227  
0.5474985088  
0.3932578943  
2.844920199  
-1.08726565  
0.4298710465  
-0.2112439059  
-1.540983278  
-1.40532212  
0.5999805316  
0.5667690003  
-0.5867339378  
0.4236181768  
-1.034103275  
-0.9061744806  
-0.3164412582  
1.052077074  
0.1715785376  
-0.745010346  
1.170726143  
0.08282900214  
0.8008232758  
0.1408685013  
-0.2395291797  
1.107342593  
-0.8714199216  
-0.7280333393  
1.492341534  
-1.33131514  
1.045627902  
0.7553073256  
-1.731865529  
-1.503062076  
1.399805952  
-0.3426910498  
-0.1528386655  
-0.7215937861  
1.115537619  
-0.6013521346  
-0.3019166498  
0.8603310973  
0.37815742  
1.029349182  
2.343678567  
-0.696615435  
0.5416040677  
-0.6721416586  
-0.04117155818  
0.3559465729  
-1.351334305  
-0.07134068812  
1.232448248  
0.6509676306  
-0.3397069532  
0.8149267866  
0.0768675326  
1.330554797  
0.1681714088  
0.4280912163  
-0.527403697  
0.06068060138  
-1.498501981  
1.519076373  
0.00131354742  
0.4418762988  
-0.2187881916  
-0.2537560386  
-0.9698008231  
-0.3273866355  
-1.599142496  
0.3671907063  
-0.7122534908  
0.4179639725  
0.8611179766  
-1.189001936  
0.2986321778  
-0.173492391  
-1.289296775  
-1.204785765  
1.126134997  
0.2962441737  
-0.1605726355  
-0.3961977343  
0.009128501928  
0.4925542708  
0.8068613743  
-0.524970599  
-0.3242577774  
0.2551946332  
1.925881687  
0.1219911275  
-0.6621384185  
-0.5351069764  
-0.9251583796  
2.09280758  
0.4773341595  
-0.4602196439  
-1.072194432  
-0.3115179379  
0.402211393  
