0.3942862138  
0.6623982162  
0.683364669  
0.3379642637  
0.970875952  
0.8188345184  
0.5633776084  
0.4928170892  
-0.1892752276  
-1.236250151  
-0.2468646656  
-0.2042340628  
-1.154640634  
0.01137494261  
0.1719030619  
-0.4546121317  
-0.3574866815  
-1.458854129  
-0.8085527504  
0.03744570101  
-1.120726943  
0.2615172519  
0.8220630368  
0.4552730461  
0.04790388164  
-0.3750243807  
-0.09910231217  
0.4958027721  
0.03272933239  
-0.5824837218  
-1.571638927  
0.2942944258  
-0.3442290695  
0.08432555438  
-1.353301302  
-0.645408014  
-0.105127429  
-0.3662384941  
-0.904394246  
0.00262982786  
1.172435565  
-0.1171638556  
0.7427429222  
0.2789253545  
0.2160402148  
0.8684708492  
1.290373685  
-0.2877988794  
0.1485026041  
-0.383617869  
1.147208675  
1.748693438  
1.397958542  
-0.3032400366  
-0.08243164172  
0.7065084399  
0.2744492452  
0.4426976767  
0.4480497391  
0.9176532223  
0.80323091  
-0.0812433359  
0.284677113  
-0.458349001  
-0.1696258693  
-0.1760628778  
0.6381827143  
0.05333430199  
0.2690551847  
-0.7746088665  
-0.02885034348  
-0.0982659641  
0.6932910412  
0.3007692747  
-0.2492287495  
0.09085594178  
-0.3945028766  
-0.3502268983  
-0.2875281938  
-0.9632324115  
-0.9057584868  
-0.583644222  
-0.6523588331  
0.06079345711  
-0.05611976041  
0.4264446723  
0.162717286  
0.8797334369  
0.4550849192  
0.2148853443  
0.3472295773  
0.1716261412  
0.168082722  
0.4085852907  
-0.7251685216  
-0.3078752854  
-1.042582625  
-1.101633304  
0.7025544761  
-1.051755722  
0.1798345083  
-0.9896723581  
-0.7380956929  
-0.4032890496  
-0.9305681302  
-0.1236435201  
-0.8775982206  
0.1831884182  
0.3447566355  
0.2772991544  
0.6869953058  
0.09557140584  
-0.05520183616  
0.6598747667  
0.3276756178  
-0.4623397151  
-0.05912621699  
-0.7723461615  
0.7416631954  
0.1176720604  
-0.4844691249  
-0.3885480234  
-0.3342368178  
0.09101597335  
0.05506097262  
-0.5487124703  
-0.1158124636  
0.8293737941  
0.3782028222  
0.2862325036  
-0.2456810891  
-0.2978260766  
-0.6215118117  
0.2307957382  
-0.14358907  
-0.1122909632  
-0.2811055373  
-0.5686592873  
-0.6928605843  
0.1429399921  
1.175971528  
0.9309546523  
0.8523578485  
0.5227616803  
0.05291523041  
0.6765075576  
0.7228517116  
0.336693515  
-0.07104769968  
0.5143747538  
0.007977884269  
0.3107035736  
-0.5667666143  
-0.3251049405  
-0.6324274872  
0.14610423  
0.0943685197  
-0.1659080218  
0.2273106717  
0.4260243535  
0.1415990289  
0.2996236501  
0.5132214834  
-0.5187650221  
0.223283289  
0.2326509738  
0.1412718349  
-0.8277165158  
-1.06126565  
-0.455355578  
-0.2621121883  
-1.060482425  
-0.8584828146  
-0.1700182453  
-0.02421207192  
0.006391844089  
-0.1344272222  
-0.7140972218  
0.500802048  
0.7917238703  
1.077162297  
-0.1123042933  
0.5614259863  
0.7014645321  
0.1065591389  
-0.400697804  
-0.2156459794  
0.2706361573  
-0.9204384022  
0.0166941255  
-0.7008506608  
0.2468672739  
0.2021431258  
-0.8053898964  
-1.278719996  
-1.482894545  
-0.3041285768  
0.2192470016  
-0.3816091567  
0.1318112463  
0.4146715802  
-0.2343025837  
1.154887645  
-0.1858146734  
-1.450038701  
-0.03924566526  
-0.8963771094  
-0.5038325054  
-0.8567001074  
-0.7274345541  
-1.148161457  
-1.183925125  
-1.421018033  
-0.4980881265  
-0.8456417709  
0.4286588776  
-1.168688738  
-0.519177301  
0.6780860326  
0.3148255089  
0.6981738151  
-1.082255478  
-0.5251339382  
0.3360482096  
-0.5672269268  
-1.239496127  
0.5027125005  
0.10824669  
1.883455269  
7.075529296  
0.1213425472  
0.1205499454  
-0.4865753236  
-0.4211886014  
-0.4749032272  
-0.3985392443  
-0.07224413655  
-0.8044070515  
0.08304615821  
-0.1841880567  
7.463296257  
7.655521089  
-0.9131099169  
-0.2115900743  
-1.043922146  
-1.955186981  
-0.6584654686  
-0.4767433583  
-1.477331723  
-1.627076539  
-0.5649423272  
-1.86284391  
-2.06992171  
-0.8313023786  
5.786895962  
4.526073032  
0.6508990738  
-0.2460736968  
0.5422094167  
0.3987929888  
0.9055880647  
0.4051722491  
-0.8969255791  
-1.231598602  
-1.410122808  
-0.6971408445  
-1.536505709  
-1.970869854  
-0.8449863075  
-0.2659264608  
1.038288553  
0.5554074101  
1.035127481  
0.1945768172  
-0.8504930999  
0.483913778  
1.116525789  
-0.1404134018  
0.7026022566  
-0.1802375484  
0.4935766588  
0.4269053993  
0.9208502489  
0.2815939959  
0.7745561776  
1.156637915  
0.9710126845  
2.818950546  
1.691525976  
0.3618721462  
-0.1633566045  
0.4262387807  
-0.9228703922  
0.5780172035  
-0.4525309727  
-0.6015095669  
-0.3163350156  
-0.1120805414  
1.00695414  
-0.9797775333  
-0.2287797065  
-2.123314474  
-1.418111797  
-1.663945924  
-1.231166595  
-1.278483213  
0.9827717017  
-0.6150215991  
-0.5458233114  
-0.3793196391  
-0.3745826112  
-0.8621622061  
-0.3513766707  
0.9555828315  
-0.7676578485  
-0.02973967562  
0.6199023278  
-0.6280974389  
0.3902330096  
0.4297896382  
0.3767567688  
1.130198782  
-0.2228176234  
0.3295664764  
-0.3129870142  
-0.4582146719  
-0.4399004815  
-0.0801133103  
0.6321013808  
0.2895632207  
0.7653845696  
-0.8150533644  
0.56388899  
-0.275087641  
-0.003329861293  
-0.4614506746  
0.06469662248  
0.5402131769  
-1.096299048  
0.5201973523  
0.4717636852  
0.5686798764  
0.001140263343  
-0.2433320279  
-0.2371719696  
-0.1157401703  
0.543500294  
0.246020212  
0.05850045364  
-0.0268584074  
0.9126788452  
-0.4950315429  
0.3272561336  
-0.4319624875  
-0.8008445945  
-0.3953356152  
-0.4155908772  
0.3133874984  
0.9756108452  
-0.1337929806  
0.2725122304  
-1.335797938  
-0.4319411064  
-0.337114686  
1.200852615  
-0.9401422352  
0.3188416318  
-0.660684851  
-0.3880212738  
-0.9132641006  
-0.5705112694  
-0.4675592968  
-0.3873605414  
-0.7917513389  
-0.4237702066  
-0.5056849647  
-0.1772737827  
-0.3378224755  
0.484835811  
-0.2978952136  
0.5688427015  
-0.5201127887  
0.5861743234  
-0.3841248671  
-0.8645776212  
0.2101620042  
0.3330864017  
1.276266735  
1.410829411  
-0.2064717565  
0.4236544075  
-0.07483469206  
0.2755603739  
0.0746743737  
1.152982972  
-0.4570447484  
1.082966578  
-0.3225025052  
-0.01860637109  
-0.5381881629  
-0.09408285773  
-1.201924022  
-1.298667836  
-1.66174312  
-0.8883277968  
-0.5266316465  
1.096778291  
0.434006185  
1.697774667  
0.0435469661  
1.165152024  
1.321686035  
0.4591524728  
0.2647058977  
0.004571129966  
0.4868883317  
-0.3882371158  
0.9432034804  
0.5075568635  
0.03236260709  
1.18775159  
0.2300325071  
0.07435939034  
0.5997114065  
-0.4209594584  
-1.077991658  
-0.7453714012  
-0.2064585727  
0.9546816125  
0.05690071297  
-0.06315214696  
1.159679817  
0.1320768564  
0.1599281404  
-0.21302808  
-0.2225757737  
0.1718954129  
-0.2200213876  
-1.128214576  
-0.7020463983  
-0.001337306184  
1.770134008  
0.9760424984  
-0.247406241  
-0.1329148272  
0.6675849519  
-0.3813902926  
-0.6534946215  
-0.02957346978  
-0.7692806826  
-0.3572213469  
-0.02362942115  
0.6558233899  
0.002485787252  
-1.043261556  
-1.240565802  
-0.07502687855  
-0.9040518658  
-0.1171566251  
-0.1881609903  
-0.6926073557  
-0.5755811912  
0.3473536926  
0.1597180108  
-1.381216782  
-0.4288641484  
-1.435161877  
0.7993986505  
0.5194619162  
-0.1723514317  
-0.2149805423  
0.1492830857  
-0.1126389531  
-0.1635351924  
0.3292385404  
0.03169410585  
0.317779195  
0.5141648821  
-0.2209275848  
-1.079736911  
-0.5925739306  
-0.7499062578  
-0.4925999803  
-0.365327428  
-0.1053639726  
0.2184196722  
0.0925294312  
0.06970887969  
-0.4136386112  
-0.9893115128  
-1.394363864  
-0.2928335376  
-1.097878192  
-0.0806221442  
-1.39152915  
-0.8039321068  
0.05514832027  
1.636631718  
9.95909176  
3.470816825  
-0.6650418142  
0.7882416125  
0.7488396742  
0.3600784064  
-1.021379149  
0.8817917841  
-0.7709588765  
-0.2309754166  
0.01260642772  
-0.1073386802  
-0.2674369842  
0.2168168915  
0.8467184656  
-0.9606613015  
0.8749393406  
0.5144894646  
-0.4190265975  
-1.145861911  
-0.7648983042  
-0.9135973759  
-0.8243767744  
-1.186288828  
0.01885080476  
0.2354229092  
-0.3570515269  
0.4280570044  
0.7427319969  
0.161543495  
0.1759424259  
-0.4715038406  
0.4380685527  
-0.1258313079  
-0.9040925514  
-0.1208639643  
-0.7631593034  
-0.1113279581  
0.3045270113  
-0.2517432509  
0.9536994331  
0.7727782482  
-0.2074947507  
0.5423263083  
-0.1947351733  
0.03899072012  
0.1076355203  
-0.3484249741  
-0.05277481693  
0.861308683  
-0.5273346709  
-0.6834950019  
-0.04994275415  
-0.2081917117  
-0.5302863502  
0.446629379  
0.5943502409  
0.1007414288  
0.3029495115  
0.6808194283  
-0.4802873193  
0.6986109921  
0.5670968589  
0.5859372328  
-0.1362926172  
-0.6946496399  
-0.6676748479  
-0.2234068968  
-0.8408892352  
-0.1275928674  
0.6456348383  
-0.9228710124  
0.6797945831  
-0.4844457156  
0.1130268768  
-0.1405189714  
-0.2965262428  
-0.5870247527  
-0.8273747308  
-0.6783015242  
-1.049297181  
0.1613964132  
0.6317849061  
0.9977129937  
-0.4461296733  
0.3669505943  
-0.2327954837  
-0.5580230889  
-0.9179719992  
0.5086670951  
0.332616693  
-1.232077121  
0.9118149084  
1.157256834  
5.776367222  
1.14308675  
-0.1297046131  
-1.191877689  
0.1800371325  
0.3985720646  
-0.2653763381  
-0.7421180828  
-1.051523448  
0.4613096898  
-0.5984797774  
-0.02342734931  
-0.3873800743  
-1.469959118  
1.076332823  
-0.4609227135  
-0.02641742218  
-1.10594174  
-0.5580312689  
0.1023559955  
-0.08979847865  
0.445228665  
0.3130579559  
-0.4775333814  
0.3932213022  
1.147233384  
0.9183043678  
-0.5935627071  
0.5387413155  
-0.2632957455  
-0.5424565901  
-1.014938405  
0.4718294275  
0.09681385142  
-0.1602852797  
0.5110186397  
0.1878766475  
0.7110181357  
-0.7327559458  
0.04702983307  
0.7731757225  
0.7704831697  
0.54812879  
0.416087306  
0.7237901673  
0.7252510294  
-0.5257224249  
-0.3683776312  
-0.5184991924  
-0.9005423239  
-0.4510391718  
-0.2363030694  
-0.2131422414  
-1.339156221  
-0.9726504118  
0.4857274053  
0.03365874099  
0.6414510703  
-0.2386148657  
-0.3650117636  
-0.1702953642  
0.1610695703  
-0.5193861411  
-0.7318419331  
-0.7808114425  
-0.09307887697  
-0.1895563816  
-0.8317026547  
-0.6122407701  
1.133529654  
-0.1858894731  
-0.1695776393  
-0.2777923693  
-1.127760122  
-0.7592413562  
-0.5976580598  
0.5841195297  
1.373951167  
0.2196381124  
1.089803919  
0.4071765086  
-0.3938029444  
0.8915321798  
1.786078643  
-0.4553808126  
0.4518040501  
-0.3855440615  
-0.572488273  
-0.3000987758  
0.9069957574  
-0.3427788748  
1.449465561  
-0.2434735862  
0.5237886646  
0.4592110388  
0.2623159352  
-1.280349444  
0.007656310192  
0.8138067958  
0.2419089051  
-0.02245022085  
0.07977294863  
-0.4669052874  
0.6453170519  
-0.863031198  
1.412085757  
0.2462940509  
-1.253693757  
-0.7829654928  
-1.247081011  
0.1490595373  
0.2153240619  
