0.2885873122  
1.742484477  
-0.5189106046  
1.449777703  
0.3212232973  
0.03363790948  
-0.282044942  
-2.362484901  
-1.293401255  
-1.327642574  
-0.5215253893  
0.5458847194  
-0.7683348697  
2.338958174  
-0.6448751997  
0.6103615689  
-0.9898351004  
0.7304906504  
1.990896385  
-0.07371666046  
2.943107864  
-1.762361301  
1.465514975  
-1.676569883  
-0.1722454999  
-0.6041382672  
-0.3940796079  
-0.7837955966  
-0.4087422882  
-1.460167381  
-1.352993901  
-0.6203986688  
-0.03017850096  
1.508354247  
0.6741251111  
-0.2182481208  
0.4451236734  
0.8282177458  
-0.5974775536  
-1.316609174  
0.7745796798  
-0.09078393616  
-1.198565487  
-0.4178557726  
0.7000565647  
0.8221082663  
-0.6031242286  
1.274728282  
0.60954306  
1.650584165  
-0.1781147508  
-0.04842491924  
1.414140964  
-0.2645054422  
-1.369053306  
-0.6084359186  
-0.2441569112  
2.815832942  
-1.299331403  
1.391648119  
0.6657645989  
-0.5528684688  
-0.08005088761  
-1.304688647  
-0.444924563  
1.964945352  
0.7642961326  
-1.728242439  
1.967635129  
-0.736535507  
-0.4445795835  
0.345500099  
-0.01332586538  
0.5697143222  
1.253421821  
-0.5236722249  
-1.638760045  
0.002668212901  
0.3519101828  
-0.05941288937  
-1.206892137  
-1.355009927  
-0.3752009603  
-1.278978958  
-1.80250807  
-1.094363312  
0.8344126929  
1.272787501  
0.7894392919  
-1.525969592  
0.2094084074  
-0.1681841352  
-0.004209874135  
0.8418715951  
-0.9410940515  
1.836321509  
-0.8996072561  
1.043060258  
-0.479032208  
0.4948253423  
1.080211727  
-0.7047399439  
-1.070900926  
-0.4028148585  
-0.1606231251  
-1.58677946  
-0.07643815581  
-0.5116907432  
1.064999198  
0.8469888977  
-0.6801493647  
-0.1148333841  
1.441332911  
-0.1056691019  
1.894290243  
-0.6786690828  
-2.410269096  
1.034171109  
-0.7592025004  
1.126257643  
-0.4186921905  
-1.163103091  
1.673318131  
0.4167424609  
0.04645298312  
0.4583740519  
-0.3392655022  
2.024597104  
-0.1073692762  
-0.5271456391  
0.1913638356  
0.4445725718  
-0.1396241394  
0.2711646054  
0.6269480574  
-0.3133504168  
-1.402650226  
0.8115262465  
-1.827894378  
-0.4387373648  
-0.5183359799  
0.4257861954  
3.257038586  
-0.2414858091  
0.1528242779  
-0.8642903782  
1.718467256  
0.8786843567  
1.251365786  
0.5582140641  
-1.747628055  
0.2815510615  
-0.2550778598  
-1.138068085  
-0.8966538765  
-1.259401389  
-0.6201909175  
1.825893937  
0.3589312852  
-0.2901671226  
-0.02761917666  
0.09135014219  
-0.708233451  
-1.90954145  
-1.336646276  
0.3606360989  
-0.5025283052  
-0.02873690361  
0.3666189641  
-0.4118784718  
0.1381171767  
-0.8949730046  
0.07422138205  
0.5394028301  
-0.05483912102  
1.280960367  
-0.9928324877  
-0.4378978479  
-1.13560937  
0.2067767132  
0.8678816927  
-1.11284695  
-0.5404062952  
-1.276323017  
-0.5837190444  
-1.312985626  
-2.022104935  
0.2467463101  
-0.7677669563  
0.6614031731  
0.3267216074  
-2.239222238  
0.8553290153  
0.01140130283  
0.7054171585  
-0.3368347526  
0.5465479439  
-1.145949887  
0.9449294703  
0.03469824452  
0.645441252  
2.127084995  
-0.9984820912  
0.03994785399  
1.2813157  
-0.831638643  
1.281191372  
0.04084254764  
-1.212098836  
-0.477220769  
1.056877795  
3.412422772  
1.167326154  
1.098145892  
0.5351653915  
1.847073953  
0.5686395456  
0.1126952332  
0.5539432981  
0.3734542324  
2.125023983  
1.067315668  
-1.295383491  
0.9615904162  
-0.3549875559  
1.789131038  
0.08114821129  
0.3286261334  
-0.6719175192  
-0.2419964461  
-0.03080162662  
-1.486028946  
-0.22904866  
-1.566851145  
-0.9563861654  
0.08768108207  
0.08767542581  
1.535238348  
-0.9022352245  
-0.1444792782  
-0.8556932935  
-0.03431343988  
-1.663930221  
-1.653782509  
0.624246193  
-2.022501029  
-1.37550852  
2.548691735  
0.8171778749  
-0.3139844199  
-0.05257023743  
0.5299324516  
-0.636771959  
0.06325928089  
-0.03821575933  
-0.7495687733  
-0.1696181193  
-1.257070736  
-0.8356497347  
0.08333214492  
1.380636541  
0.4835242796  
-0.8711495547  
-0.2269139393  
-1.000527617  
-0.1237042125  
0.1067343721  
0.4496196477  
0.9094825237  
0.2663945628  
0.2462628231  
0.08895715957  
-0.5603858737  
1.407091916  
-1.134699952  
-0.8449177105  
0.06330068569  
0.3947828604  
-1.131384234  
0.336719478  
1.093446947  
0.1965637072  
1.012460465  
-0.3639832632  
-0.9835085064  
0.5060812519  
0.9173958758  
-0.8570590137  
-1.477001386  
-2.565524144  
0.3724287889  
-0.05036340025  
0.4351649135  
-0.6527461474  
-0.07798665876  
0.4910044737  
1.05759369  
0.1368015678  
0.3142607499  
-0.8151220551  
0.8772491634  
0.728934825  
1.158657733  
-0.8437089296  
0.7823337654  
0.464086072  
1.25136521  
2.057940838  
-0.6667698985  
2.223980783  
0.1314357522  
0.6491219792  
0.7733096067  
0.04699119366  
0.7883705859  
-1.058411397  
-1.208462331  
1.171801006  
0.5623473176  
0.8368203028  
0.8612566988  
-0.7363722739  
-0.8083106252  
-0.7304974798  
-0.663755034  
0.4384435985  
-0.4041960501  
-0.7936323605  
-0.7137068247  
-1.218338237  
0.01156904487  
1.068431779  
0.6269709532  
0.3710063975  
-1.171247462  
-1.407352791  
-0.6931698603  
0.1847725137  
-1.154516811  
0.5000958543  
0.6615887958  
0.7563400224  
-0.3261427521  
0.2985162003  
-1.15748652  
0.2738605344  
0.08613206264  
-0.2255887206  
0.6474493756  
0.04733383472  
-1.127473277  
-0.9982539072  
-0.4985732002  
0.8950880713  
0.2586137356  
0.7025816347  
-1.905182143  
-0.5014077969  
-1.445117237  
0.2220392165  
-0.6540787247  
0.9544347157  
0.2097231109  
0.65998445  
1.894553  
-0.7030167693  
-0.1512586237  
-2.131101888  
1.098508249  
-0.274512069  
1.112751435  
-0.5354750664  
0.5706023224  
-0.5365005574  
-0.1144666993  
1.066335662  
-0.1664320074  
-0.1671165226  
0.9284852541  
-1.295304598  
-1.933897801  
-0.06811625278  
-0.8453362113  
-1.139079739  
-0.411385882  
1.443670027  
-0.4371718417  
0.9608079633  
1.408036628  
1.427372075  
-1.173553168  
-0.02065001811  
0.6246321024  
-0.115902423  
-0.5315592908  
2.392343076  
0.485284562  
-1.313333989  
0.7767646248  
-0.7871745735  
0.4322874415  
-0.8546903808  
0.6250773474  
0.3641079041  
-0.7488202798  
1.396029639  
0.3108464442  
0.3564020792  
-0.3721517012  
1.060530892  
-0.3857872238  
-0.03137788286  
-0.07961677438  
0.2941410305  
-1.392573398  
-0.008077822134  
-0.9492831757  
0.3687132974  
-0.5554723123  
1.700045156  
-0.4698160703  
0.01978827535  
0.3346230715  
-0.4476458634  
-0.1830549633  
0.9670977511  
-0.2903773508  
-1.054228129  
-0.2457914569  
1.325803237  
1.464751661  
-0.2980702171  
1.237596042  
0.4616237358  
0.003456257356  
-0.2438732202  
-1.384564296  
0.176664014  
0.1522972258  
-1.552802059  
