-0.9735472122  
-0.0730029629  
0.05518728884  
1.119405191  
0.636299828  
0.4057753431  
-1.596674399  
-0.3352096285  
1.274505632  
-0.1029513944  
0.8097257035  
-0.9547372634  
-1.693014198  
1.324055381  
0.19040389  
1.591661467  
-0.7485163536  
-1.095180429  
1.367072735  
-1.07351385  
-1.15059589  
-0.3843695556  
-0.1906344773  
0.5178251871  
-0.9476877657  
-0.743987962  
0.8991873637  
0.4307668725  
0.3751673241  
-1.24555326  
1.115028196  
0.4723475755  
-0.08686395704  
0.9390094969  
1.172374158  
1.453482365  
0.2515583911  
0.7748633866  
0.2887513686  
-0.6687752658  
-0.1354858908  
-0.1162896955  
-1.628006  
0.3284560285  
0.8668729415  
0.4225031065  
-1.084719023  
-1.166355056  
-2.1569931  
-2.147346752  
-0.242924201  
-1.016706734  
1.278190757  
-0.6478767471  
-1.363787781  
0.1988535504  
0.4880757964  
1.532022987  
0.9099060423  
-0.5495306215  
-0.5593021896  
-0.2136103865  
-0.3291043774  
-0.9480489233  
1.669518043  
0.4976278004  
-0.2968398721  
0.8386891155  
-0.9953884784  
0.3094774009  
0.2756229964  
-1.400765085  
0.8116934364  
0.1790745089  
0.1019247069  
-0.4009582034  
0.4139881641  
-0.5171850904  
0.7387651548  
1.712688034  
1.108669883  
0.5540124316  
-1.256983139  
-1.109582861  
1.15275147  
-0.9064456707  
-0.1145971665  
-0.42378795  
0.3984459834  
0.3535873581  
-0.7151098092  
1.287468804  
0.006846545511  
0.04416525589  
-2.080099448  
-1.104730894  
0.5773411282  
-0.1199766622  
-0.7394353282  
0.03346881093  
0.9097857171  
-0.3261354398  
-0.749679002  
1.14858289  
0.02036358413  
1.560591267  
1.331311063  
-0.07929352757  
0.4988392651  
1.086701648  
1.271053699  
-0.6793489653  
-1.233732587  
0.1714977404  
0.6103527048  
-0.8590519213  
1.713819836  
0.4958711671  
-0.251501845  
-0.1376025549  
-1.715033971  
0.01307619737  
0.7215089588  
-0.5547965194  
-0.3044015227  
1.312927394  
0.09695980171  
-0.8138553534  
-1.654494987  
-0.06325596006  
0.3059341211  
1.938293518  
-1.940478594  
-0.9790858315  
0.2924106274  
-1.039106238  
-0.1079612566  
-0.2085031251  
-0.3535637908  
0.6198351629  
0.6938422666  
-1.389577553  
0.9328724085  
-0.05628019589  
-1.582319842  
-0.1564020533  
0.5341545734  
0.224373399  
-0.5895107278  
1.31133714  
1.736013682  
1.296319925  
0.355966074  
0.8970338979  
0.7895131006  
0.1247023959  
1.543856894  
0.5783141407  
-0.957620892  
1.274378336  
-0.3299557968  
1.254637179  
0.4922257619  
-1.464060853  
0.4838536574  
0.01831532751  
-0.5899498223  
-0.7471571625  
-1.136716188  
-2.175470312  
-0.5756960182  
1.21441576  
0.4501488844  
0.4943628692  
-0.2899109541  
-1.572424446  
1.331680337  
-0.794882007  
1.349621903  
-1.738469008  
0.7695463986  
-0.63264181  
0.8334832335  
-0.1963343217  
1.044224733  
0.8074478019  
0.7855246651  
0.5492028386  
-0.04616737938  
0.6644123825  
0.6063765342  
-0.3861355855  
-0.2461564279  
-1.726804773  
0.7846199495  
-0.8575394603  
-1.373668348  
0.7987154485  
-0.6596192989  
1.000442631  
0.01086601957  
-0.5186471241  
-0.1376330413  
-0.07368598301  
1.783028676  
0.2483434038  
0.8206186582  
0.138245396  
-1.53160543  
1.310545703  
-0.2892255497  
1.400441245  
0.2019580028  
-1.247870098  
1.516814588  
-0.02244814806  
-0.3838792247  
-0.760377178  
0.1595146521  
-1.602140255  
-1.270741379  
-1.928734095  
-1.034736491  
1.476834679  
-0.005579759905  
-0.3930700535  
-1.301099632  
1.047473068  
0.7185506058  
0.6719850793  
-0.4841902088  
1.44886273  
3.131654349  
-1.976626043  
-1.484101348  
-1.681618389  
-0.2538928261  
-0.6138635448  
-0.6992099675  
1.758267821  
-0.6311448607  
0.4372950749  
0.2959385778  
-0.471944711  
-0.1437907552  
-0.1369527223  
-1.964692121  
-2.010140006  
0.8272394918  
0.5847515837  
0.9861087135  
0.9475009648  
-0.6516648352  
0.6947408975  
0.01757539274  
1.414636618  
1.790263614  
1.033264063  
-0.3245481747  
0.03184902104  
0.8648043016  
0.6833025506  
-1.01814169  
-1.638992604  
-0.04156563617  
-0.6912154267  
-0.1507129292  
-0.4543617217  
0.1741218876  
1.04367643  
-1.005395688  
0.1680900092  
0.05288461074  
2.237366575  
-0.7674179079  
-1.424218176  
0.3692808658  
-1.035144312  
1.46367214  
-0.1923490944  
0.25546024  
0.5324035423  
-0.6379392476  
2.366142093  
-0.5989417018  
-0.3673607823  
-2.51232154  
-1.408197124  
-2.884902389  
1.461247315  
0.2330116911  
1.605684631  
-1.388926043  
-1.137767348  
0.8917164746  
0.1238723385  
1.103793938  
0.1053691007  
0.2456784844  
-1.862061306  
0.440374095  
1.11454409  
-0.8925708838  
0.6756093175  
-0.5071170323  
0.9672585554  
-0.1727713605  
-1.248677031  
2.542780573  
-0.8885639241  
-0.2301502249  
1.067162375  
0.961063076  
0.8391192268  
-0.6211203001  
-1.679248046  
-2.244434498  
1.397097762  
-1.558577349  
1.547815275  
-0.4692095192  
-2.151389463  
-0.5913912597  
0.5536980732  
-1.346987341  
0.4778808003  
-0.7385916442  
0.2381605601  
1.037110413  
0.2372620834  
-1.024961436  
0.4148307125  
0.4737525586  
1.125193652  
-0.1190420308  
-0.959440823  
-1.473587425  
-1.40854081  
-1.111906284  
0.7553787732  
-0.6158708185  
0.4794106625  
1.993424711  
0.4092018718  
0.5456009963  
-0.5589802199  
-0.007912775497  
0.6633901994  
1.072754299  
0.03782039987  
0.201715443  
-0.5321979187  
1.017001172  
0.85173318  
-0.3754786807  
1.120368939  
-0.1205000689  
-0.3885946489  
0.8980328847  
-0.290446369  
2.01720755  
0.4313676881  
0.7450787381  
0.04713293248  
0.7388154731  
-1.16502714  
0.8716839106  
1.727813115  
-1.912071212  
-0.9012054599  
0.7016957787  
-0.9544181822  
-2.059833983  
-2.025504225  
-1.382516448  
-0.0606429573  
-0.2400537093  
1.117554927  
-0.1674989251  
1.370489045  
-0.4831307247  
-1.308888052  
0.5565384348  
-1.288400798  
-0.4042325072  
1.647759278  
0.03410638697  
0.2429353427  
-1.566371522  
-0.5012481547  
-1.559328194  
0.1920251109  
0.3628968038  
-0.7609081412  
-0.4334726739  
1.176695365  
0.4452258642  
1.553456996  
0.2358894595  
0.2726135481  
-0.03022079961  
1.429971178  
-0.519252416  
-0.3870304968  
-0.618142175  
1.009287076  
-0.8021331287  
-0.01918792392  
-0.2997727473  
-1.016455877  
0.8261061005  
-0.5435502619  
1.401059482  
0.2645545475  
-1.465502992  
0.07642049956  
0.4083398865  
0.007652584206  
0.5648097094  
0.315394116  
-0.4299180656  
-0.07791518328  
-0.3860835621  
1.622845748  
1.264106249  
0.283027406  
0.7731993168  
0.8122883147  
0.8635191557  
0.1605772908  
0.4236713867  
0.6321309342  
-0.5019378099  
-1.08456322  
-1.226153138  
-0.9744713992  
-0.1490648018  
-0.5901696858  
-0.1470123596  
-0.4775715929  
