0.6514321873  
1.041580565  
-1.219167481  
-1.53059105  
-0.4569172644  
0.1899180347  
-0.05617389685  
0.5796908611  
-3.017979879  
-0.6466238514  
-0.3489560588  
1.068101061  
0.8407896356  
0.5655619737  
0.7440150712  
0.4489500775  
0.1392511826  
-0.8183631001  
0.3424638298  
0.6949341318  
-0.1852695576  
1.055981444  
0.07411333558  
-0.7793097728  
0.5260095795  
-0.1494854702  
0.9110147699  
-0.2561436669  
-0.2701419762  
0.6777594668  
0.2940926045  
1.575354715  
0.5799789607  
0.7167236016  
0.5867765036  
0.4465289933  
0.6626229854  
-0.005087731277  
-0.09284704684  
0.7298405147  
0.3982101373  
0.7985908442  
-0.1682592591  
0.4413955441  
-0.3445659885  
0.1018777232  
0.4711926217  
-0.20140491  
-0.1943053521  
0.6814531872  
-0.0686296144  
-0.2299146148  
0.7701454739  
0.3064251259  
0.905230507  
0.6482794399  
0.4601887294  
0.244523422  
0.3480680782  
0.3469567698  
0.01586232591  
0.6660254715  
0.4708119008  
0.8322793816  
-0.01051338692  
0.9361854889  
0.6154714504  
0.9908950738  
0.3503020344  
0.007493789283  
-0.5383440038  
-2.925187613  
-2.393466516  
-2.475434347  
-2.305935915  
-1.252718689  
-0.9314348579  
-0.874425048  
-1.651084643  
0.1194469234  
-1.042725582  
0.2179399525  
-0.3890947435  
0.08586772998  
1.219108854  
1.251838108  
0.6805239647  
1.604419226  
0.7298827494  
1.066791657  
0.8216233689  
0.3887887349  
-0.2091061917  
0.4123452597  
0.4527658695  
0.4178012375  
1.145609859  
1.337594757  
0.302188687  
0.5315005307  
1.107485397  
0.6210485846  
-0.08709565311  
0.4239087381  
0.2861167687  
0.06530949498  
0.948649037  
0.9379300979  
0.6121419999  
1.311420598  
-0.1365420387  
0.4036771389  
-0.3448140813  
1.00027291  
0.9143588302  
1.321554093  
1.05233408  
-2.147657054  
-2.459434619  
-1.248324531  
-0.779929526  
0.1586893851  
-0.5038325968  
-1.640161218  
-2.545395795  
-1.155063315  
-1.069973818  
-0.9544320012  
-1.935049674  
-1.582990223  
-1.845661768  
-1.520273876  
-1.604696774  
-0.1849355753  
-0.2566056767  
-0.4243558666  
0.1334755491  
0.4203106436  
0.548708447  
0.5236332079  
-0.3923582956  
0.4903719669  
0.87171438  
0.6049148789  
-0.1344004915  
0.07844257342  
1.168423112  
1.343590147  
1.026911886  
0.985681169  
0.6108163616  
0.1488869884  
-0.3573408419  
0.5292992948  
1.584454375  
0.7618587993  
0.5228281454  
0.8368150106  
1.057403294  
1.09023254  
1.025376043  
1.229912189  
1.36518482  
1.514958144  
2.398476099  
0.9633976319  
1.003671746  
1.253298923  
0.2991708384  
-2.255835958  
-2.422349117  
-1.443957723  
-0.8685512836  
-0.7851270608  
-2.694555639  
-3.478450254  
-1.950324441  
-1.859714646  
-0.7827167625  
-0.6882393626  
0.2057426899  
-0.486413294  
-0.6424056045  
0.4426507532  
-0.02692485513  
-0.6051641399  
0.5859273725  
0.6032110439  
0.300748007  
-0.223249604  
0.3466542355  
-0.4032218766  
-0.3099534626  
-0.3232591671  
-0.8121450192  
-0.597744424  
0.6299436712  
-0.09520269359  
-0.04748111615  
1.1398295  
0.7762753314  
0.6044421221  
0.5814802415  
0.01461623862  
0.7383882165  
0.02591133445  
0.8650760461  
-0.2493125927  
0.07644554507  
-0.7709275289  
-0.04916074251  
0.2239651284  
-0.8115030182  
0.07129249625  
-0.6819359349  
-0.1242266951  
0.01198184841  
-0.3922560493  
-0.6523609352  
0.4271586835  
-0.8368497763  
0.6604676537  
-0.3296829888  
1.067911908  
0.9583244436  
-3.655524059  
-1.908593819  
-1.503907283  
0.713492651  
0.3061292183  
-1.005864708  
-0.3018328399  
0.2581323279  
0.4311361906  
0.9002267266  
-0.2020560593  
0.1576602205  
0.1143772978  
-0.7658255907  
-0.5361028615  
-0.1003656451  
-0.6638306045  
-0.9538894025  
-0.5125583766  
0.1496820113  
-0.7399159412  
0.3630206231  
0.2372579677  
0.269712452  
0.4044244311  
-0.4718681418  
0.3332198716  
0.1702317381  
0.3808741823  
1.338801865  
1.487591761  
-0.2628760038  
0.3844960824  
-0.06053635159  
0.1246389617  
1.506737077  
0.2363397627  
-0.1732704793  
0.3691170525  
-0.2618204831  
0.3140036466  
0.8794473201  
0.5542958972  
0.9741898895  
0.196201175  
0.8124331025  
0.5372383666  
-0.1213587091  
-0.001939686293  
-0.2649335904  
-0.678505293  
0.2949819169  
-0.3513296112  
-0.646559173  
0.4583191407  
0.458644059  
-0.03774991445  
0.5325581824  
0.4863856101  
0.7308047395  
0.4968438702  
0.2268730186  
-0.517773565  
0.02096591157  
1.277049424  
0.6984197413  
-0.2433196073  
0.1096781115  
-0.3008431912  
0.1911418189  
0.5191009822  
-0.3178720463  
1.038049351  
0.5989997118  
-0.1375052082  
0.4545260626  
-0.8670777363  
-3.085896587  
-2.544888661  
-1.554793526  
-0.8000614353  
-0.006759461003  
-1.112860979  
-0.7796410871  
0.6263163701  
-0.6092726442  
-1.025641428  
-0.2506190317  
-1.097161251  
-0.05252244223  
0.8797345493  
0.6295541673  
0.6007911933  
-0.0550784912  
0.9496111418  
1.007027216  
0.5068274509  
0.5923405233  
1.206139259  
0.989567264  
0.8540222116  
1.520699703  
1.037655835  
0.7994868339  
1.156285787  
1.029817361  
0.7317265562  
-0.1683281201  
0.1467037195  
-0.7180900731  
-0.08553755677  
-0.6115564621  
0.3222711323  
0.6955354531  
0.6351625787  
-0.09344478056  
0.5571805595  
-2.02332518  
-2.694501057  
-1.58831991  
-3.738243818  
-2.788461733  
-0.974369651  
1.073605216  
0.274216763  
-2.038706662  
-1.006448429  
-0.6424040351  
-1.121433336  
0.4785507599  
-0.2732830437  
-0.3033561624  
0.558759816  
0.2369809437  
0.3602437645  
0.3123408847  
0.4778496497  
1.066323435  
0.7955251098  
0.67818933  
1.147181029  
-0.4232902302  
0.05090390456  
0.4831771468  
-0.2695595937  
0.5610779244  
0.5043479122  
0.7552705908  
0.5813681895  
0.8323009749  
-0.273918286  
-0.5157543001  
-0.2896556836  
0.3596608883  
0.8075140089  
0.05258773942  
0.4784675356  
-0.01613446216  
-0.4967656018  
-0.05636070705  
-0.3140921253  
-0.05448027789  
-0.05312655555  
-0.3448209386  
-0.4679437391  
-0.3984107568  
0.3924712796  
-0.4519027462  
0.530733759  
-0.0568798335  
0.3994771474  
0.8923269613  
0.07966963062  
0.2227183045  
1.113095788  
-0.4664918746  
-0.7098964103  
0.8084670797  
0.1673561606  
-0.02871004279  
-0.2365826406  
0.4742472739  
0.1606540361  
0.0727570681  
0.5446378135  
0.7207074557  
0.331683977  
-0.1608588464  
-0.3224261425  
-0.05003672684  
0.2769027814  
0.1345961626  
0.3551078716  
0.5315806049  
0.9726879357  
0.4978502935  
1.305945782  
1.139432309  
0.3242962899  
-0.455015211  
-0.5227985338  
-0.272554871  
-0.3782084627  
-0.274448121  
0.5177561951  
0.2241092405  
-1.626289757  
-4.293194312  
-1.735884221  
-1.712800713  
-0.5965845293  
-0.4758357813  
-0.2753004847  
-0.4969687807  
-0.4224582411  
-1.01257294  
-0.2735332661  
0.04891762221  
0.6475474236  
0.8931966361  
0.03798577966  
0.3091219338  
0.555380852  
0.6522124297  
0.1248653314  
-0.2298076553  
-0.3205902406  
0.3721543923  
0.8300148898  
0.9981149724  
0.9115352327  
0.1284612909  
1.673133613  
1.033395432  
0.8757538926  
0.7269678902  
0.2423899766  
0.1327575162  
-0.1444595494  
0.5745342593  
-0.8406943765  
-0.4124063013  
-0.4994780931  
-0.5339385766  
-0.4581184344  
0.7344125694  
0.1228185253  
0.1914571508  
1.437547013  
1.71669012  
1.822082942  
0.6327184088  
1.048868762  
1.238304752  
1.033441624  
-0.7947288901  
-4.267974067  
-1.687384774  
-1.223713827  
0.1567843718  
-0.35338085  
-0.9872381518  
-0.6016958076  
-1.004475855  
0.3954377448  
-0.5325929713  
0.0103733289  
0.1460200884  
-0.1533629686  
0.7080437  
1.220247109  
0.3788030117  
0.410977811  
1.56065837  
0.4620097336  
0.3030781606  
2.08568592  
0.2347256959  
0.764822133  
1.1067778  
0.5147338045  
-3.102081171  
-4.371249532  
-2.581486522  
-0.5666121396  
-1.041038805  
-1.09953932  
-2.130120721  
-0.6819197303  
-0.6241591891  
0.5538218213  
0.9579937298  
-1.064281156  
0.1717528245  
-1.126483175  
-0.284801662  
-0.2734080283  
-0.2421061486  
0.2087424071  
0.6840821928  
0.4591947425  
1.075368394  
0.6567373192  
0.8748784962  
0.1681059801  
1.116661482  
-0.2167556172  
0.1606159143  
0.1335336553  
-0.2809482865  
0.5830091358  
-0.5804486308  
-0.2463641651  
-0.2511595179  
0.9753536907  
0.8230827984  
0.161364793  
0.6553770176  
0.4555627397  
0.2299221013  
0.9498315984  
0.133386796  
-0.4892052234  
0.6235029443  
0.01935288895  
0.0596409402  
0.09330229653  
-0.2779756605  
-0.6504629713  
-0.2442854872  
-0.01205167885  
0.376706637  
-0.1434992852  
-0.5884308639  
-0.668209911  
0.2857629098  
0.8572047751  
0.75530717  
0.9863342335  
-0.4476327128  
-2.399088989  
-1.009714945  
-0.9360058561  
-0.6060133848  
-1.126618334  
-0.1365983669  
0.5162520189  
-0.06266779467  
0.7002759003  
0.08263901515  
-0.3824105075  
1.160840724  
0.4285669136  
0.1578929781  
0.8118413595  
1.087946434  
0.1040307067  
0.481505421  
0.6975446394  
0.7567098369  
-0.1042816216  
0.3603423053  
1.086930741  
0.5505374042  
-1.447767831  
-1.700428778  
-1.601265969  
0.7431678351  
0.2279569279  
-0.5176893218  
-0.5113796567  
-0.5056339929  
0.8325024691  
0.4285184398  
-0.3218179476  
-1.961227715  
0.1685739593  
-0.5906991905  
0.06283342895  
-0.2753502754  
-0.2841390714  
-0.6354084137  
-0.1954186243  
0.09367895315  
0.5646278412  
0.3688003916  
-0.2362522889  
-0.5328370804  
0.4624463076  
0.5241810591  
0.6139727645  
0.295134835  
-0.8667926896  
-0.8742985833  
-0.9453579058  
0.06048620066  
0.1994898023  
-0.02290184538  
1.128668322  
0.314109928  
-0.3581504767  
1.198655385  
0.03675992035  
-0.1409957632  
-0.2692323285  
-0.1944120954  
0.4132470072  
0.3405224215  
-0.8321466557  
-0.2697914394  
0.2076157271  
0.8280227248  
0.7435845625  
-0.2206709562  
-0.2140751237  
0.6487336891  
1.308982388  
0.6565954648  
1.344304477  
-0.6485819297  
-0.866769859  
-0.2301184596  
0.6001772565  
-0.04686896242  
0.3138373562  
-0.1955815816  
0.493369305  
0.2109043727  
0.6062996877  
-0.2612513027  
-0.2140697277  
0.6853232462  
0.2290485078  
1.199626942  
0.2501008089  
-0.2617763147  
0.3091294505  
0.1435215651  
0.4182672997  
0.2851664355  
0.4137675337  
0.09468783606  
-1.074835376  
-1.101636988  
-1.668963661  
-0.2887014944  
-4.06233789  
-1.91902795  
-0.6651292894  
-0.7575738858  
-0.5803713822  
-0.7700509486  
-0.160374091  
1.530833996  
1.039393256  
0.3759261762  
0.7821043822  
0.6887236141  
0.9004038667  
1.119367011  
1.534056981  
1.260591684  
0.5511004757  
1.166282728  
-0.8526590086  
-0.0100988586  
-0.08562382076  
0.6950295952  
0.2754809472  
1.384348473  
0.9847761269  
0.5830197632  
0.4981619872  
-0.6365144931  
0.2281405793  
0.6449226204  
-0.008454653929  
0.8748487667  
0.3696353633  
1.756511536  
1.19578436  
0.7559271979  
0.4336921829  
0.2112104686  
-3.105481344  
-2.174395564  
-1.341772057  
-1.051463979  
-0.8882600236  
-2.339564196  
-2.457165375  
-0.8086411889  
-0.9029696228  
-0.8440450034  
-0.8093034578  
-3.749866457  
-0.742845546  
-0.4238155729  
-0.2634617597  
-0.4864085141  
0.2501379962  
-0.08912054883  
0.5305549432  
0.1682236501  
0.4466911033  
0.1296711309  
0.7311194375  
0.6078468723  
0.3965331095  
0.1394605648  
1.046244265  
0.7053574746  
1.044894492  
1.312660095  
0.8607607508  
1.092370661  
1.040307572  
0.6576166066  
1.015015483  
1.51200384  
0.9868697053  
0.4686863146  
0.2219259727  
0.3691059232  
-0.9553127446  
-3.12560295  
-1.863425494  
-2.00761776  
-1.48340357  
0.1196415859  
0.1004553045  
-0.1963202028  
-0.7858402348  
-0.05392154691  
0.8476230723  
0.1059599625  
-0.01896249064  
0.3837010062  
0.7326903663  
-0.3798341668  
-0.8756607821  
-0.08396376726  
0.01093263204  
0.8724800827  
0.5268154799  
-1.241352126  
-2.03529462  
-1.571921343  
0.7330054573  
1.724941332  
-1.536320363  
-1.280301855  
-0.08255146927  
0.9438523082  
0.4881291592  
1.604197598  
-1.559604662  
0.5251487118  
0.919953143  
0.8264246418  
0.3979487135  
-2.257353404  
-1.612780098  
-0.06703675217  
1.884107025  
1.539579834  
-1.159674461  
0.6065363634  
1.027442357  
1.186483369  
1.806550531  
0.8101445786  
-1.119949294  
-0.1443273816  
0.6623796505  
0.3718180709  
0.2853663946  
-2.698942055  
-0.3161553133  
-0.392499154  
0.2345661196  
1.313748259  
-0.7786101221  
-1.069711184  
-1.031876687  
0.7398418922  
0.963085478  
1.201647672  
-1.808797664  
0.02232856184  
-0.1302407341  
-0.7962864996  
-0.6529739339  
-1.416921026  
-0.8107912005  
-0.5032329597  
0.3473665807  
0.3316550049  
-0.3658647529  
0.2191446461  
0.01959646224  
0.1228774582  
0.2426760203  
0.5861155202  
0.4813750778  
0.7344427727  
0.7767072718  
-0.4556960328  
0.1824083011  
0.6306281028  
-0.1062023952  
-0.3108122208  
0.731277694  
0.003616054025  
0.1867966839  
0.1275633414  
0.743896383  
-0.06591106422  
0.2777340681  
0.5225967148  
0.1461342716  
-0.1265023529  
-0.1606733714  
0.09288494122  
-0.7755456001  
-0.5277135144  
0.1721389442  
-0.7734969  
-1.646916183  
0.1973697527  
-0.4054292204  
0.2188411142  
0.5413706918  
0.1298974822  
0.5912723728  
0.4670000173  
0.8642012288  
-0.2276976629  
0.4558508813  
0.5505555323  
-0.6384461746  
-0.9405562093  
-0.4514857815  
1.410556137  
1.096282889  
0.7360779871  
0.224342768  
-0.02945658946  
-0.5224081233  
-0.1220448644  
-0.4451666195  
0.1751723629  
-0.175718537  
-0.6945840859  
-0.3953622707  
0.4399460338  
-0.02279876951  
0.2011150431  
0.06917369234  
0.9117394133  
0.5129818172  
1.10197032  
0.6709832577  
0.447855199  
0.5561120111  
0.4709801119  
0.7510881055  
1.066441497  
1.056625628  
1.247798457  
0.8666232866  
0.5981975016  
-2.793417793  
-1.325921348  
-0.9231473253  
0.4514569607  
1.01123233  
-1.181333557  
-0.4112509023  
-0.01638918815  
-0.9802893159  
-1.117014852  
-1.497660774  
-1.200787203  
-0.7813701441  
1.145535198  
1.547422773  
-0.8150216904  
-0.1300533376  
0.7340235167  
0.9917689761  
0.1695066805  
-0.5148920985  
0.8199811091  
-0.0521878099  
-2.822534819  
-0.5352936782  
-0.2486925071  
-0.7976394275  
-0.6934234645  
-0.5270346109  
0.1045857556  
-0.7200898  
0.6702538766  
-0.3458541019  
-0.4785475607  
-0.01471594682  
-0.7454654775  
0.08598620972  
-0.5536008557  
0.6031069722  
0.4250885567  
0.5913531711  
-0.4669609538  
0.05346726225  
-0.5896047191  
-0.8708319417  
1.546674133  
0.3526382592  
-0.07797456488  
0.9076640695  
0.3252664501  
1.346612579  
0.4101647911  
0.5609606433  
0.1498184702  
-0.3307181255  
0.2801273048  
-0.2631745177  
-0.5622794461  
0.6308344244  
-0.6436206803  
-1.111670674  
-0.3072650318  
-0.4595116495  
-0.9628815025  
0.5313896555  
-0.4602552732  
-1.34674318  
-0.4701591545  
-4.530001269  
-0.5232276983  
-0.5815290539  
1.066824895  
0.9142011218  
-1.156575501  
-0.3724116853  
0.01384425021  
0.467730145  
1.234254843  
0.8020914448  
0.3208011922  
-0.3853769998  
-0.2917342842  
0.449800406  
-0.123532469  
0.5767332078  
-0.6826316895  
0.7451541168  
0.6937879365  
0.372561133  
-0.08635347807  
0.8289347181  
1.020518646  
0.5580147964  
0.2190423779  
0.4295800993  
0.3440737871  
0.5961119538  
0.8699806002  
1.227271824  
1.519661009  
0.6875056778  
0.9089883139  
2.257725245  
1.012215105  
-0.9113116844  
-0.8155691867  
-0.4003923899  
-1.818854465  
-0.9179830467  
-1.318004785  
-1.913434441  
0.5658055246  
0.5751485749  
0.01033045481  
0.4214829591  
-2.232972203  
-0.7357006346  
0.320862503  
-0.8017960421  
0.3747587028  
-2.29349453  
-1.529197677  
-1.550544836  
0.4164597194  
3.281490057  
1.465007555  
-1.147316498  
-0.4136487822  
0.4896582387  
-0.9188446723  
-0.4688084502  
-2.006311672  
-0.9825615576  
-0.2638764527  
1.357871543  
0.7206799434  
-0.4579814526  
-0.7450031039  
0.1875103431  
0.4286479379  
0.7269138917  
-0.02594790296  
-0.3325349957  
0.5088676137  
0.3687476209  
0.4077025212  
0.5133460346  
0.9021079698  
0.8005317778  
1.318584196  
0.669879238  
0.05373433826  
0.7708973906  
0.3882009265  
0.191749739  
0.3235871287  
-0.0965198771  
-0.1065751212  
0.1696694677  
0.1420066589  
0.6219083258  
0.7795544042  
-0.1506118857  
0.3598765082  
-0.8149401646  
0.594245997  
-0.1919381169  
-0.09817075145  
0.2235601117  
0.5103683171  
0.08468593773  
0.2544255084  
0.2849290105  
0.6067412728  
-0.2159989794  
-0.03392959606  
-0.883417514  
-0.4475316015  
-0.1697785901  
-0.1785259665  
-0.5484757418  
0.6159813482  
0.6353226466  
-0.2687244447  
-0.2075849444  
0.01053401263  
0.7073335237  
1.176620107  
0.8664786679  
0.2939701283  
0.3541297222  
0.3984256054  
-0.1599509019  
-0.1131338081  
0.5391900881  
0.4841385297  
0.3863348117  
0.9058224534  
-1.56586873  
-2.864847364  
0.377352117  
-0.868021157  
-1.119892677  
-2.139339993  
-0.5748337573  
-1.472163957  
-0.8186380334  
-0.1458792599  
-0.08797646798  
0.02805661782  
0.3837031933  
0.6688030972  
0.4566364584  
0.2320161279  
0.2684917874  
-0.4199327822  
-0.2019003839  
-1.567376141  
-3.263850071  
-1.470968902  
1.214027318  
1.82065925  
-1.252804897  
-1.012041594  
0.9079256886  
1.464487665  
1.8468257  
1.0268109  
-0.3515505962  
0.628165526  
1.56001758  
1.993093557  
1.034871434  
-0.5078254474  
1.11327938  
0.159206797  
-0.8319969924  
-0.4905407755  
-2.87916398  
0.1240733729  
0.7311215811  
1.42057623  
1.061352104  
0.4917985495  
0.2652871939  
0.9779129937  
1.490148784  
2.027313508  
0.9241239981  
0.2445953317  
0.3377802832  
-0.5711769033  
-0.7025552914  
-0.8337249388  
-2.421898087  
-1.407028182  
-1.808610951  
-0.8173452945  
-0.7153207024  
-2.444419495  
-1.44350131  
-0.3743980205  
1.807530674  
2.245532234  
0.3713083511  
-0.1316049627  
0.5875738029  
2.270714947  
2.554231275  
1.704751129  
-3.0439554  
-0.3927912577  
1.666768866  
2.188423643  
1.506378923  
-2.709407666  
-0.8048929411  
-1.071079469  
-2.097020886  
-1.136302067  
-0.4315115925  
-0.3595043402  
0.4744728104  
1.511461639  
1.439632533  
-0.7137523446  
-0.3732026652  
-1.295505423  
-2.097993108  
-1.669508013  
-2.944949682  
-1.646214215  
-1.102693681  
0.5087251428  
0.3624794038  
-0.9705502084  
-2.416025343  
-0.009561949464  
0.8220064324  
2.185475162  
3.146705608  
-2.38065741  
-0.2030576259  
0.6773207444  
1.730332805  
1.888666157  
-2.002890295  
-0.6179743455  
-0.08921366174  
-0.8015992284  
-0.9961503925  
-0.4528702387  
-0.7625872774  
-0.3697881734  
0.59160511  
1.97301129  
2.035921513  
-0.32840163  
-0.7511784532  
-0.3631695043  
2.997595688  
2.821569706  
0.0726890788  
0.9649281877  
0.3251075703  
1.952543361  
1.47813386  
0.4917911588  
-0.7951095765  
0.09772277624  
-0.001329295018  
-0.3142933679  
-1.245496835  
-1.999676407  
-0.3734908899  
-0.6598786051  
-0.0866985378  
-0.428980283  
-1.799217048  
-1.391006103  
-1.662033176  
-0.5272449746  
-0.4736157274  
-2.022196931  
-1.535565615  
-1.460027563  
1.615108972  
2.136118913  
0.5826513133  
0.9149886832  
1.053513571  
2.645871666  
2.271916176  
0.9202906192  
0.5900236727  
0.4241349128  
-0.05850296092  
0.1022048448  
-0.9291099158  
-0.7617041234  
0.02991870786  
1.257030907  
1.037541923  
1.665140206  
-1.305109187  
0.0985240193  
0.9558213033  
-0.1175945395  
-0.3491966169  
-1.154039463  
-0.2771319044  
-0.7515274043  
1.218611974  
2.456904437  
1.950446409  
-0.4211214169  
-0.6630840707  
-0.06234901985  
0.06565220344  
-0.699902904  
-3.594562198  
-2.043741718  
-1.896611788  
-2.35934906  
-1.299037521  
-3.301146884  
-1.741563246  
-0.7592455879  
0.2142357704  
1.827571343  
1.008724775  
-1.662514175  
-0.5914233067  
1.505906117  
1.605292033  
1.821017649  
0.6068218374  
0.3748070179  
0.6757472076  
0.1238563803  
0.120767638  
0.1620755796  
1.30699822  
-0.1560274256  
0.697080992  
0.5801988511  
0.3859987241  
0.1017420931  
0.3130508525  
0.2733663864  
0.4875920099  
-0.4334827551  
0.02327343131  
0.1071012829  
0.1951225861  
0.4809069253  
-0.6787455375  
-1.079051959  
0.1495078952  
0.940905463  
-0.1534069074  
0.8212526849  
2.415037562  
0.3683062944  
-1.502754016  
-0.5690489655  
1.011950359  
2.194909699  
1.261700263  
-0.4979499137  
-0.3434016047  
-0.3962751548  
-0.9464053472  
-1.193515299  
-2.484487312  
-1.752590292  
-1.044084813  
1.44283763  
2.139948352  
2.282836509  
-0.5179532346  
-0.5176529008  
0.8319766976  
3.044089379  
2.690554623  
0.3743342683  
-0.9634567876  
-0.1976117251  
-0.1341510006  
-0.3672918787  
-0.1102863143  
-4.868378544  
-3.048649478  
-0.5648661605  
0.0402818193  
-0.4605854979  
-1.328574589  
-1.744317169  
-1.08317815  
1.458682866  
1.571027133  
-1.549115122  
-0.9478465844  
-0.05371289781  
0.9539210636  
0.6867859928  
-0.03291468575  
-2.766011243  
0.07792093846  
0.4055464235  
0.8572924284  
0.202657824  
0.1189200937  
-1.450311429  
-0.2919033435  
0.04489082495  
-0.7147423644  
-0.3625559631  
-0.3805299712  
0.4461427597  
0.6923784371  
0.04770888103  
0.2257116934  
-0.05935099563  
-0.4616344577  
0.303995525  
1.741462412  
-0.1354661461  
-2.227939208  
-1.735619478  
0.9160753223  
1.068455764  
1.123892909  
0.6160356883  
0.9611450709  
0.7643683477  
0.6724600217  
1.680527633  
0.9271597851  
-0.2800049513  
0.1101013361  
-0.04715027899  
-0.313431316  
-0.534616514  
-0.7588116257  
-0.1610548888  
-1.040035098  
-0.7489219214  
-1.1321288  
-0.3934534241  
-0.5179660287  
0.07011863045  
-0.03430194397  
0.6517252886  
0.6574791559  
0.8664721942  
-0.06932973313  
0.79545332  
1.011892227  
-0.1156006754  
0.7204166723  
0.3325827699  
1.679818574  
0.8075682661  
0.7671518663  
1.361729932  
0.5022009673  
-1.087111059  
-0.4001586684  
0.1562466919  
-1.009996525  
-0.8893072794  
-0.2385464569  
-0.111320736  
-0.2125470889  
-1.649839297  
-0.02651476014  
-0.5017684241  
-0.2807512085  
-0.1324782001  
-0.4689289869  
0.1880253021  
-0.6185299088  
0.2712471749  
-0.5857155604  
-0.1127166055  
-0.3069312325  
0.254468596  
0.4435902308  
0.9954469793  
1.769115521  
1.034416358  
-0.2605677665  
0.2083145108  
-0.4673099124  
-0.9156828875  
-0.109535492  
-0.5695947894  
0.844438634  
0.8459391292  
-1.68438016  
-0.2970864108  
-0.5383843713  
1.144723698  
1.317545252  
1.060744631  
-2.770435298  
0.2487821053  
-0.5934020275  
-0.2860614584  
0.1547173284  
-0.3054334833  
-0.692409765  
1.250995111  
0.9651485597  
-0.1244368276  
0.8979234425  
0.02266225958  
0.1048357716  
-0.4582842692  
-0.4628855793  
0.7794182626  
0.4397269  
-0.4955595891  
-0.4042047376  
-0.374315445  
-1.391409807  
-0.3989210837  
0.3427076274  
0.1092115262  
-0.1557113548  
0.5976581199  
-0.4112583673  
0.1337707624  
0.4735959324  
-0.5296742857  
-0.1225833684  
0.5381949877  
-0.9063556043  
-0.6103104302  
-0.7705200856  
-0.3335022035  
-0.2744991973  
-0.07576536643  
-0.2324224392  
-0.2932059651  
0.6343247641  
-0.3924851861  
-0.5618878765  
-0.05371994024  
0.5410932276  
0.09960797083  
0.4531064936  
1.67437679  
1.241192189  
1.400847388  
1.074227933  
0.8482364766  
1.126030253  
0.09515742504  
0.7644543444  
-0.03251889085  
-0.1320374546  
0.2606945901  
0.5233078565  
0.3394495539  
0.007124400912  
0.1323848402  
-0.7352626998  
-0.3286989939  
-0.04724338094  
0.3558415613  
-0.5749259933  
-0.1458599746  
-0.1823170385  
-0.4072601951  
-0.341640525  
-0.2458783124  
-0.02851461604  
-0.03395198551  
-1.740219024  
-0.3116204822  
-0.1402538684  
0.2048559718  
-0.203544331  
-0.3874351623  
-0.4409956642  
-0.6058014129  
-0.07501406523  
-0.9926407851  
-0.1522296764  
0.6906182898  
0.4882014303  
1.254842758  
0.78013404  
1.002826241  
0.7182865797  
0.3869186828  
0.2863305515  
-0.008326524544  
0.5127157317  
-2.10411009  
0.5857887264  
1.287659171  
0.3999994887  
0.06153653274  
-2.051317478  
0.07929967483  
1.234470953  
1.489815214  
1.05456295  
-0.001046228319  
-0.7132036648  
-0.3211702512  
-0.5260975566  
0.08365561472  
-0.9117652486  
-1.218921446  
-0.7096454888  
0.3826499434  
0.3010681933  
1.37281781  
-1.568602205  
0.468004557  
-0.7830105419  
3.040891537  
1.227263213  
-0.1638675839  
-2.813315283  
-0.4722536159  
-0.263727494  
-0.02871902863  
-1.283962073  
-2.459746136  
-0.6478463542  
-0.6369565911  
-0.9455727556  
-0.5829999582  
-1.445969689  
-2.15231624  
0.4449881563  
0.318635329  
0.7980088881  
-0.5403447058  
-0.1760042418  
0.9364049301  
-0.39957281  
0.9865182262  
-1.750231263  
-1.533546707  
-0.1154214661  
1.641305952  
1.203788504  
-0.2852922496  
1.323713902  
-0.1145995037  
0.5980049039  
2.082896768  
0.2961951711  
-1.806073258  
-0.7926851296  
1.116841631  
1.25628438  
1.599780208  
-0.8311974417  
0.6687405848  
1.189425524  
0.940868862  
1.706172464  
-2.166626501  
-1.096885493  
-0.8660007448  
1.216575607  
1.720384261  
-2.162055009  
-0.3992479117  
-0.5956980675  
-0.472700027  
-1.137967038  
-1.015804082  
-2.247842065  
-1.554673536  
-1.356799268  
0.4508721125  
0.5690434092  
-1.415199015  
-0.3657058022  
0.1053481218  
0.8687626937  
1.408074254  
1.293090966  
-0.4434305764  
-0.6826020335  
-0.4770956664  
1.143816806  
1.796601587  
0.5860890758  
-0.1453390473  
0.1315278942  
0.9098371744  
-0.2806584205  
0.4390334469  
-0.4230024222  
0.9391146304  
-0.5953955311  
0.3237874815  
-0.8441102066  
0.1584081869  
0.9183048528  
-0.05315846653  
0.5985566573  
0.5378525775  
0.8397876222  
-0.2548101921  
-0.06062215303  
0.174868184  
-0.3193432281  
-0.4289426764  
-0.7722426185  
-0.6804174329  
0.3920163326  
0.03923291164  
-0.5657881061  
-0.002949095513  
-0.1914623967  
-0.5413310957  
0.3520572282  
-0.7903413655  
0.3704541234  
0.563082066  
0.112987182  
0.1834089343  
0.0265599193  
0.0005236044545  
1.107142749  
0.8160087106  
-0.03440616757  
0.1791162226  
0.9690783457  
0.3548895576  
0.4252346871  
1.145700855  
0.7350185263  
1.172401849  
1.907421923  
0.25177114  
-0.2584200484  
0.2926461151  
-1.307453523  
-0.8238296645  
-1.160198649  
-0.8109056172  
-0.2506149358  
-0.6124956291  
-0.4271411584  
0.1072049299  
-0.218214506  
-0.2212934912  
-0.895531279  
-0.2455364308  
0.2061564632  
0.1098532266  
-0.1130346173  
-1.015433739  
-0.2487671049  
1.20105072  
0.09665273563  
-0.2474536502  
0.2538547277  
-0.1501279236  
0.334617803  
1.682741216  
0.7758688665  
0.8826469612  
1.709684729  
0.6416971565  
1.120538218  
2.018267898  
0.1346758373  
1.454629654  
1.82173255  
1.274935935  
-1.365452106  
-2.389532676  
-0.4155372357  
-0.3073746677  
0.5131657631  
-0.2448218782  
-1.651978804  
-1.642750903  
-0.9987330382  
-1.469335023  
-0.2373676138  
-2.228045033  
-1.037340727  
-1.121048274  
1.248709134  
1.704181332  
-0.2217003556  
0.08605860041  
0.1424651182  
1.348696299  
1.230416303  
1.07723078  
-1.315920414  
-0.1715545767  
-1.361634579  
-0.7844974975  
-0.9220878721  
-2.154481061  
-0.702803293  
-0.03277578535  
-1.073262837  
-0.3914429128  
-2.718337193  
-0.6534918835  
-0.4369224207  
2.115899076  
1.969280552  
0.3724217373  
0.32754297  
0.6682986177  
-0.8282302773  
-0.6037477252  
-0.6456221359  
-1.017719653  
-0.3163268808  
-0.2694516062  
-1.703056277  
-0.2338962947  
0.05187846252  
2.242629606  
1.691588909  
-0.3503851892  
-0.2045154859  
0.3998603147  
0.2834852085  
0.9124218876  
0.9915539728  
-1.292127893  
-0.2311408836  
0.8091582779  
1.307495378  
1.568047762  
0.08668900989  
-0.2309572314  
-0.3257148866  
1.149726947  
1.564892949  
0.4806645787  
-1.710578179  
-0.1639050915  
0.5747980679  
1.195904189  
-0.1209575334  
-0.3749999292  
-0.2571963615  
2.396412947  
1.92999519  
1.472658391  
-3.193625707  
-0.5740475513  
0.1603517023  
0.3096183966  
-0.3826088115  
-2.168600661  
-0.5529646162  
-0.06921341008  
0.1317677126  
0.8899602345  
-1.202498031  
-0.4697254674  
0.08020012942  
1.946388951  
1.372465394  
-2.185971964  
0.0780862788  
-0.02177114161  
-1.186490226  
-1.076181058  
0.03777708556  
-1.128522953  
-0.2675219749  
0.2301903672  
0.1506530469  
0.370651943  
-0.8436228416  
0.9880687522  
0.2642764665  
1.177925218  
0.8356389824  
0.09026131246  
-0.07864310561  
0.1186199492  
-0.2736428522  
0.6173803654  
0.9328607727  
-1.105475701  
0.2626514219  
-0.4626314525  
0.0896527867  
-0.3112899048  
-0.1664400856  
-0.9781124269  
-0.08709822136  
0.191622963  
0.02751497099  
0.08369813324  
-0.8198982964  
-0.5395071783  
-0.5321216129  
-1.433592411  
-1.687684924  
-0.7142423422  
-0.6236285952  
0.7172134991  
0.4443606203  
0.8633081842  
0.8897877173  
0.6137777163  
-0.1231822593  
-0.2430213024  
0.3513431712  
-0.8255938722  
-1.10653597  
0.0909226471  
-0.7023168596  
0.1522670701  
0.0765175392  
0.3365748968  
0.6316590906  
0.1223937371  
-0.3574468854  
-0.009923749439  
1.208834643  
-0.5051783385  
0.3775854401  
0.01593320534  
1.323841616  
-0.394473425  
0.8019257176  
0.3058285709  
0.3223611129  
0.4397771247  
0.7269310866  
-0.8934669828  
-0.04827695525  
-0.4336632385  
0.4246384325  
0.9941970608  
-0.1617694784  
-0.9146137175  
0.248790917  
-0.4185810077  
0.3192570151  
-0.3850395128  
-4.068365138  
-0.5579840615  
-0.4922782793  
1.554126992  
2.356424724  
-0.4166916611  
0.1313774315  
-0.02972543408  
1.602515691  
1.318874013  
0.1591894106  
0.5992849882  
0.2071785775  
-1.667292898  
-0.1927550409  
-1.393194337  
-0.09067809534  
-0.4438926257  
2.063679108  
1.582737302  
1.210747433  
0.201174891  
-1.167040177  
-1.132888958  
-0.8427745885  
-0.6152509077  
-2.208976264  
-0.1952506127  
0.6953817158  
2.585949434  
1.492832324  
-0.5690911513  
0.7797637501  
0.3094800494  
-0.8785643939  
0.2738014943  
-0.2065735651  
-1.354956728  
0.4238164381  
-1.513339066  
-0.2940221609  
-0.8806100436  
-1.55261787  
-0.7203107275  
-0.3849738304  
-0.07858685015  
-0.8320378554  
-0.8388780618  
-2.048986732  
-0.09083994195  
0.7683909403  
2.275979597  
2.569429494  
-1.046398112  
-0.5193302315  
0.2152199509  
0.5250404444  
0.2586446935  
-0.9152232376  
-0.4052206004  
0.3270821184  
1.582307777  
0.6846361812  
-0.999954292  
-0.111606154  
-0.1454862222  
1.817738105  
2.131472374  
0.755693829  
-0.8533689365  
-0.9182194701  
1.298499377  
2.847256155  
1.746104221  
0.2987826035  
0.2092951584  
1.254358162  
1.644303769  
0.04490026197  
-0.280768532  
-1.078975642  
-0.7680348762  
-0.537517163  
-1.206641986  
-1.161684066  
-0.8113760552  
-0.2734988076  
-0.6063878208  
0.2977386074  
-0.7040984781  
-0.2971695561  
-0.1084511144  
0.04934297134  
-0.555199077  
0.1405658751  
0.3368566231  
0.06498793719  
-0.4912503791  
0.1617513076  
0.8260609639  
0.2700919255  
0.2556496279  
-0.488512035  
-0.5376859892  
0.7547017187  
0.1948080446  
1.698740958  
1.55453354  
0.5438052914  
0.1046972672  
-0.0117925551  
0.4275706765  
0.7712237977  
-0.4337946007  
-1.006738425  
-0.3363550216  
-1.007910089  
-1.385714898  
-0.6258827965  
-0.5064340127  
-1.245191365  
-0.8391618093  
-0.639665792  
-0.1931765723  
-0.0356733803  
-0.1060109211  
-0.9957124889  
-1.105815523  
-1.016327311  
-0.136103355  
-0.726846496  
-0.4040660491  
0.704779288  
-1.059837598  
-1.129131664  
-0.8030206943  
-0.2773548686  
0.00497874804  
-0.1612581524  
0.6056696055  
-0.1312305815  
0.6604483292  
1.599984482  
-0.2880431899  
-1.203951587  
-0.2259106547  
-0.8831839266  
1.002921119  
0.3427490957  
0.434607063  
0.3413203402  
-0.2001596014  
0.2932188554  
0.5379119775  
0.527555617  
0.7781562533  
-0.1437843924  
-0.02560225092  
-0.5735736046  
0.541763287  
-0.1754896906  
-0.5494260831  
0.2437746032  
-0.4047550027  
0.09733147825  
0.02858231666  
0.339475172  
0.5506107141  
0.04931309876  
1.657656462  
0.4126793334  
0.7315748143  
-0.2487804309  
0.4551516223  
-0.6756084844  
-0.6357345684  
-0.3898275285  
0.26843558  
0.09626166623  
-0.4700523514  
0.6757492981  
0.1272858232  
-1.738721962  
-1.495323494  
0.7428756673  
0.9520569889  
0.4212585523  
-1.293268456  
0.217561387  
1.191130092  
2.251787182  
1.938259323  
-0.2507478871  
-0.09432366363  
0.6796560138  
-0.3921321136  
0.3410213141  
0.2741389481  
-0.1678067642  
0.557497374  
-0.2671975028  
0.3953275426  
-0.2798395868  
0.2395341677  
0.9831477473  
-0.67652293  
1.27869601  
0.129528627  
0.3198269561  
-0.2700363692  
0.565880192  
0.8671871021  
0.9053401411  
-0.2299274477  
-0.448843762  
-0.05297843407  
0.3972981566  
-2.45131932  
-0.5779492382  
-0.6272065385  
-0.3934392789  
0.7205248981  
-3.647237929  
-0.3940251705  
0.0185923138  
0.298075244  
0.5785477891  
-1.150115575  
-0.5549427901  
-1.125608071  
0.3594967366  
0.4141830774  
-2.125869378  
0.7729909657  
-0.03299282814  
-0.5143182555  
-0.231997619  
0.3500527937  
-0.1487177573  
-0.04958198569  
-0.5262014899  
0.01277562255  
0.1700102273  
-0.2460907228  
-0.2399342241  
0.1511589437  
0.1210250335  
-0.02177394985  
0.8207088197  
0.381339052  
0.2589450893  
-0.7288236261  
-0.9419919645  
0.1542869662  
-1.183913065  
-0.1200447948  
0.6517906045  
-0.8346133693  
-0.4315589472  
-0.1710612669  
0.1549669082  
-0.5510694947  
0.1040491203  
0.4538156019  
0.3134714086  
1.449484362  
-0.8828588404  
-0.5078852856  
2.738954688  
1.634368466  
1.237517722  
-0.01694889592  
0.08157602113  
0.3559668131  
1.312439533  
1.627421526  
1.518163027  
0.7377228067  
-0.3905891913  
-2.11502918  
-1.055004063  
-0.3436484374  
0.08663593775  
-0.0337723187  
-0.5925774643  
-0.9443163197  
0.1601013521  
0.3373130659  
-0.1389293342  
-0.1168215572  
-0.28202084  
-1.157880727  
-0.5999791523  
-0.3553130703  
-0.5542055587  
-0.2449579254  
0.122208063  
0.3929230999  
0.1262550297  
-0.3107055249  
0.8062013873  
-0.3324358782  
-0.07216497678  
-0.3922647557  
0.8813660843  
1.646286563  
0.2657343897  
-0.08163249156  
-0.2653176597  
-0.1953403893  
0.5117186181  
-0.3447418102  
-0.4394864719  
0.06848745999  
0.9752562135  
0.3549318705  
0.8949276729  
0.151079982  
0.3129036252  
0.7086921261  
0.2716000394  
0.8596221125  
-0.4686293318  
-1.261878389  
-0.6751780382  
-0.8533262071  
-0.2738132066  
-0.2132782806  
0.0418048778  
0.2018335523  
0.2128351764  
0.2319872741  
0.8946224476  
-0.2644879862  
0.7292271065  
-0.8942775303  
0.3207453471  
1.980906769  
1.867606844  
2.377853037  
-1.545253678  
-0.3839906393  
-0.3142436862  
-0.1412045119  
-0.5978102697  
0.5048517947  
-0.3931316504  
-3.791885821  
-0.7557234967  
-0.1701030931  
-0.4204059712  
-0.2222819214  
-1.488129875  
-0.4607724685  
0.386571517  
-0.08212087286  
-0.1926346028  
-0.1225910915  
0.2236569203  
-0.6663110816  
0.1028965621  
-0.9728998979  
-0.05308901249  
0.4233171868  
0.2014884007  
0.6287188701  
0.2894558669  
1.805866637  
-3.400428956  
-1.67398079  
-0.6709139506  
-1.077895486  
-0.1440624639  
-2.483531015  
-0.3930529417  
0.5059532599  
0.1025596294  
0.4713622993  
-1.38201081  
0.2765496637  
-0.3166634461  
1.524025584  
1.411279801  
1.138517626  
1.176823742  
0.346642481  
0.4715558053  
-0.1711253061  
