-2.15249849  
-0.991228022  
-0.6550865135  
-0.7631760897  
0.001623080701  
-0.4994974213  
-0.09791887019  
-0.2607785133  
0.472031405  
1.260795548  
0.01829949915  
1.854061102  
1.310879737  
0.6809861482  
1.174326376  
-0.01730591345  
0.722828289  
2.088577236  
0.6477513292  
0.5895092815  
-0.6437486383  
-0.1617849543  
-0.2893850742  
0.3988138777  
-0.9775146231  
-0.9580998648  
0.8515785277  
-0.95209393  
1.388070681  
-0.8779209506  
-0.7081802039  
-1.520047553  
-0.5643910769  
-0.1605739423  
-0.7379508465  
-0.6172458611  
-0.2240878676  
-0.9073002385  
-1.727737241  
-1.170916768  
-0.4115220265  
-0.01435070976  
-0.06023980656  
0.3146300474  
-0.1219433523  
-0.782975388  
-0.07982266498  
0.05310055174  
0.4615096139  
0.5828287305  
1.918597852  
0.9153593865  
0.9547742628  
0.3518831287  
2.029545763  
0.2316906436  
0.05598329208  
1.935255162  
0.1241324086  
1.016426789  
-0.3841151023  
-0.02135017792  
-0.1430777018  
-0.1867605391  
-0.592639704  
-0.9087676117  
-1.100107466  
0.8386337562  
0.3327056538  
-0.2106205537  
0.3529701016  
1.255254981  
-0.4152746707  
0.8320978259  
-0.1388792768  
1.568602621  
0.6392125446  
1.230841858  
1.283932525  
0.3019694959  
1.515393661  
0.8550943435  
-0.6928235572  
0.1871262325  
-0.4563072145  
-0.4334723986  
0.872483113  
-0.2925870309  
-0.9255401287  
-0.08060468515  
-1.821327147  
-1.701881734  
-0.8969322774  
-2.155863361  
-1.147768589  
-0.9790636648  
-2.12840317  
-0.8058127591  
-1.059054762  
-0.2651272871  
0.3815804846  
0.8671123443  
2.019459585  
0.7116503277  
2.155136325  
0.1427585209  
-1.147349485  
0.3485697458  
-0.02882804114  
-0.05912991466  
-0.6439998853  
0.511196823  
-0.4851447571  
-2.040110726  
-1.045282843  
-1.29310941  
-2.201050537  
2.283290927  
0.2293348841  
0.8215452898  
-0.1372665822  
-2.21490235  
0.054075018  
-1.572680242  
-1.293282047  
0.1252470764  
0.7632267083  
0.5849236991  
-0.4570802793  
0.257467344  
0.5382840041  
0.1919053861  
0.9025351538  
0.399868914  
-0.222532642  
-0.5140161458  
0.4967562071  
-0.5234045609  
0.9795372163  
0.03438036357  
1.371703786  
2.251037165  
0.4314858987  
0.469146239  
0.1140477604  
1.092429674  
3.780723695  
-0.1005395109  
0.7720219826  
-0.9589905244  
1.327870804  
0.8027090919  
0.2806390304  
0.8379392103  
0.161760167  
0.2993582942  
-0.01336853357  
-0.3867464558  
0.6766127363  
0.7902724531  
0.6579590688  
0.6193663628  
-1.561805893  
1.354582517  
0.8714030846  
0.8002906001  
1.462872666  
0.5435408684  
1.063668206  
0.4583435927  
0.5555011513  
2.188750097  
0.1538911199  
0.1119489515  
-0.8980400498  
0.8976815853  
-1.836012096  
-1.523151326  
-1.418675908  
-0.5338150676  
0.4135575675  
-0.1571753354  
-0.2706294823  
-0.2473712653  
-1.175606105  
-0.5622383803  
-0.2592280575  
-1.472241737  
0.6099702031  
-1.939578506  
-0.4605218748  
-2.275292311  
-1.845438798  
2.126848953  
0.6740488878  
1.46055781  
-0.2927762258  
-0.6568691003  
-0.7496189502  
-0.7402867514  
-0.215319369  
-0.3715103772  
-1.206111374  
-0.7551812584  
-1.013886958  
-0.7477350019  
-3.122003216  
-0.7327162619  
-0.5258543483  
-1.35443951  
0.1387191028  
-2.025351509  
-0.7599606328  
-0.4796490884  
0.3691660619  
1.109705748  
0.9746913867  
-0.1699079389  
-0.1620301157  
-0.9031943374  
0.5293631867  
-0.6978098818  
1.931360448  
1.270167938  
0.4837218494  
0.9775451302  
-0.6510524783  
-0.3491259474  
0.2469129105  
-0.6265810341  
0.8408889012  
1.711903066  
0.3345230577  
0.8153167398  
0.3630901605  
0.3895889056  
-0.4556667543  
-0.2350874465  
1.753332416  
0.1350944097  
0.6718585097  
0.3498634497  
-0.2404882322  
0.2755889617  
0.9843967094  
-0.4687765226  
0.4803305302  
1.192801702  
0.03607170919  
0.4837982757  
0.943299075  
0.9226983328  
1.482638895  
1.832138076  
0.2353824114  
0.4745860565  
-0.408785334  
-0.5053774536  
-2.194769151  
-1.569865808  
2.028580166  
1.102926895  
0.8823362959  
-1.093878162  
-1.086040475  
-0.8591378388  
-1.245319065  
2.65006322  
1.153529889  
1.724717462  
0.5068134453  
-0.04080133817  
1.890205593  
-0.3968801339  
0.02733537409  
0.2310463047  
-1.001876229  
-0.06993428828  
-1.080046467  
-1.040876941  
-0.9715020291  
-1.839610752  
-1.011474596  
-1.044946656  
-0.8775835481  
-1.753739895  
-1.527460858  
-0.9556921785  
-1.316866277  
-0.01429350742  
-1.036244646  
0.2163202396  
-0.2125979385  
0.01844555574  
0.636734312  
-1.36093201  
-1.3819455  
0.1735085624  
0.8791767121  
0.7506732515  
-0.4202498874  
0.7309973377  
0.7337758585  
0.1200327676  
0.3621532929  
0.7123281779  
0.6474593527  
0.9750811991  
0.7842247992  
0.313988582  
0.7802795206  
-0.4950798155  
2.07410548  
1.614768781  
2.422006723  
0.1873921808  
-0.1980918775  
1.032677495  
0.4120865595  
-0.5135991435  
-0.1630730256  
0.5564295472  
1.078449699  
0.7541193743  
0.2506847343  
-0.1515771675  
1.784936037  
0.05364407769  
-0.5395981421  
-0.08936840317  
-0.3871756048  
-0.5156979003  
-0.8026893483  
-0.1225056078  
-1.055463573  
0.3853439699  
0.4396990127  
0.5586772391  
1.029495898  
-1.299895835  
-0.9314313619  
-0.431594517  
-0.7232202976  
-0.8647513032  
-0.7584402562  
0.5662946417  
-1.008666865  
-0.2844829743  
-0.8638801759  
-0.5539874576  
0.5117175168  
-0.7481755537  
-0.6295817411  
-0.5778269638  
-0.9757961398  
-1.722434617  
-0.7210922853  
-1.352465239  
-1.861862037  
0.4346895972  
-0.2792379337  
0.7499633457  
-1.365267079  
-0.5386185835  
-0.190369708  
0.6023457489  
0.4524582158  
-0.05483058248  
0.1022915734  
-0.8170856867  
-0.8780111955  
0.177315299  
1.974718612  
-0.8315296872  
0.1136344967  
-0.7229376966  
0.8917641017  
1.463701433  
0.6133303284  
0.7638499028  
-0.4049513996  
-0.3746325315  
-0.694200806  
-0.3313535515  
-0.5084160166  
0.09875756988  
-2.374442561  
0.1040244972  
-0.8596743136  
-0.3845250318  
0.3489064803  
0.1188663624  
-1.29016579  
-0.9323642277  
1.069699506  
-1.013464752  
0.3320351455  
0.1085388394  
0.1372774993  
0.8752725518  
-0.5669105781  
0.5319435165  
0.9457525631  
1.649583154  
0.604403377  
0.1394147131  
0.4009859093  
0.4223140564  
0.007102752688  
0.5435820455  
0.2179295976  
-0.03755182033  
1.1004275  
0.2237065759  
0.3117618632  
0.1136455558  
1.256997992  
0.5116932388  
1.762626988  
-0.1568523136  
-1.36867872  
-2.001181852  
-1.690821056  
-1.653247908  
