-1.683839898  
-2.66278135  
-2.817629285  
1.014023717  
-0.1513103278  
0.07463241858  
0.874532739  
0.07554756572  
0.4328992404  
0.1535447591  
-0.2214993939  
1.106791046  
1.927038331  
0.414724298  
0.302833759  
0.5604976855  
0.7169646031  
2.136250803  
1.890558618  
0.352554353  
-0.02556213043  
1.557956837  
-0.9051278338  
-1.716844069  
-0.5878843662  
-0.6836357389  
-0.4186817349  
-0.2442815035  
0.08547237936  
-0.3294097252  
0.4957494085  
-0.5925027773  
0.4186722542  
-0.3047362021  
-1.00462431  
0.2504377736  
-0.8081761525  
-0.957648316  
1.112683698  
-0.1808011189  
0.07302712364  
-0.903255072  
-0.03331717891  
0.8253808174  
-0.1614322778  
-0.1777702695  
-0.2966049173  
0.8863515862  
0.3954684167  
-0.1497399102  
1.952303642  
1.676923918  
1.520748888  
-0.09550057153  
1.030109635  
0.2688571051  
-0.1027187414  
-0.4694387183  
-0.5024284668  
1.012332932  
-1.338723524  
-2.014509442  
-0.4788604176  
-0.9502915738  
-2.079451668  
-0.2367173096  
-1.693123902  
0.05133851773  
-0.3442811744  
-1.154047505  
1.240195505  
1.060436194  
0.7273166172  
2.038850026  
-0.4051523069  
1.645955174  
0.9598871861  
2.301438258  
1.237671836  
2.722740507  
0.7632769052  
0.7001263092  
1.900532199  
-0.2963994841  
-1.689925784  
-0.7943420965  
-0.2483506258  
-1.271387118  
-0.2970718038  
0.06967408392  
-1.385070934  
-0.003515809141  
-1.59753241  
-1.09418275  
-1.261970745  
-1.766657316  
0.8193179102  
-1.111965248  
0.1310428243  
-1.308349487  
-0.1525619305  
-0.8157117033  
2.285104486  
0.4662947895  
0.7742246211  
-0.731357078  
-1.945432208  
0.7090852174  
-0.3070979981  
-0.9007761299  
-0.8122150749  
-1.231531494  
1.030716514  
-1.46264441  
-1.12291406  
-0.2678495323  
-2.002142653  
0.1500002715  
1.262514372  
1.247507114  
0.1129791323  
-2.076550294  
-0.2348924624  
-0.8449644112  
-1.258636104  
0.8024402201  
-0.9605155623  
-0.5060239133  
-0.208458734  
0.1357745183  
-0.05620833089  
-0.02217516126  
1.509339621  
0.407089461  
0.0333009351  
-1.249766739  
2.078031134  
2.541073173  
1.142476826  
1.279579281  
1.928742944  
1.330010104  
2.077772321  
0.4230931833  
1.151788588  
-0.01765728782  
0.8140981105  
-0.8155187332  
0.3243237759  
0.9670839687  
-0.9397908498  
-0.7051125453  
-1.041230958  
2.25472459  
0.5996573166  
0.1040068739  
0.1145191777  
1.16977801  
-1.575179976  
-0.4635556951  
-0.483490701  
0.0115623499  
-1.562347936  
0.9425884373  
1.389334998  
1.043680296  
1.690456768  
-0.5334014936  
1.170899312  
1.044003982  
1.203925828  
1.94183376  
0.4431775523  
-0.6689318952  
-1.489339723  
1.154692999  
-1.376668396  
-1.545823915  
0.1093502358  
-1.149564459  
-3.186792789  
-1.549122292  
-0.9936543824  
0.4914273424  
-1.175670515  
-0.7554612517  
0.4328650458  
0.01994551075  
-0.6186825747  
-0.1215543546  
-0.5449915317  
-1.763698342  
-1.380822756  
1.299079661  
-0.2462847288  
-0.6145337137  
-1.304373269  
-1.013462986  
0.2092278306  
-0.104509202  
-1.254446937  
-0.3676859391  
-0.8659535453  
1.359752706  
-0.7609741647  
-0.9912837276  
2.094896503  
-0.1907753886  
-1.034139147  
1.163838582  
0.1205521123  
0.1296693747  
-0.4112256296  
-1.521781002  
0.03519710771  
-0.5703420063  
0.4790841485  
1.305241089  
-0.1049240746  
2.396203205  
0.7898215518  
-0.428634838  
2.05909184  
-0.05442132449  
0.080073114  
0.2469609722  
-0.0008845199879  
-1.368009729  
0.3608575708  
-0.1192187338  
1.726611843  
1.932948285  
-0.06641829921  
1.294830924  
-0.5873161954  
-0.4211254522  
-1.074411652  
-0.5871148018  
1.528581269  
-0.8560150771  
-0.3795761377  
-0.951634504  
-0.1365055818  
0.3747645829  
0.08567501051  
1.145990255  
-1.0520167  
0.04061867889  
-0.2606948548  
-0.05441712256  
1.12100926  
0.7805819816  
-0.4108946941  
1.141278656  
2.367409571  
-0.1270346384  
-0.3794874035  
-2.520934694  
-1.839494754  
-2.160080721  
-0.1887118714  
-0.8562620863  
1.04718086  
-0.6795174733  
0.5459885875  
0.2175165817  
-0.2616038115  
2.117021559  
0.9605910906  
3.253090956  
0.1401474293  
0.6775635799  
0.9046785514  
-0.6448075484  
0.2735296055  
0.3733887809  
0.1478693501  
1.199901489  
0.02721460054  
-1.135548987  
-0.9085649195  
-1.208496838  
-0.519825983  
-1.38016985  
0.713167077  
-0.4946157179  
0.0414263705  
-0.02209730494  
-0.4404617574  
1.17072471  
-0.5718984578  
0.4013433588  
-0.2655442503  
-0.6332490814  
0.5465827937  
-1.109088345  
-0.4638265439  
0.595497966  
0.3634707594  
0.05053527978  
-1.478580804  
-0.3345741365  
-0.3474656408  
-0.4362106027  
0.3354869561  
0.05669797298  
0.2731515152  
-0.01103289639  
-0.4834505584  
-0.7138579799  
0.2606967177  
-0.05996284562  
0.8862961311  
1.171382732  
0.6145436187  
0.08460240066  
-0.5476206999  
1.533738775  
1.734585105  
-0.4554420721  
0.1303706263  
0.1540392865  
-0.1830101367  
0.837695493  
-1.039166296  
-0.7484176231  
0.2327984242  
-0.6432986169  
0.1213172622  
-0.8440523287  
0.03751891401  
0.8706504848  
-0.3638258601  
-0.5472003631  
0.6394031336  
1.411431809  
-1.180729455  
-0.3046508606  
2.020307541  
-0.3746085258  
-1.270779344  
-0.7871995199  
-1.094472013  
-0.9195279041  
0.6191803188  
0.4913926999  
-0.2163644327  
-0.5204111883  
1.572927651  
0.2327515912  
0.1420832172  
-0.3696852012  
-0.1022687145  
0.1765138118  
-0.413141825  
-0.7067291511  
-0.8637363971  
-1.007835419  
0.5676937147  
0.3568790741  
0.3111479947  
-0.6804646839  
0.7136611264  
-0.2338707368  
0.6623172475  
0.06789709315  
0.1639655067  
-0.3857510893  
0.2707973005  
-0.6058451429  
0.01039879856  
0.1491490901  
0.3298728444  
-0.6365822148  
0.005810049068  
-0.2825501716  
0.9004465697  
1.279279043  
0.5129972357  
-0.5642307908  
-0.5675457046  
0.01041919471  
-0.02516904806  
-0.01245835048  
-0.2824175053  
-0.5417937585  
0.6464349259  
-0.3042517186  
-0.2864874105  
-1.414155344  
-0.297232928  
-0.8354562565  
-0.888990862  
0.02657010731  
-0.4569089474  
-0.6193343153  
-0.02921817693  
-0.06211472716  
0.01487954935  
0.476893256  
0.3935446409  
0.2135342748  
0.3527968007  
-0.4432954722  
1.651585629  
0.283798061  
1.331913613  
-0.9901785937  
-0.4542323277  
0.428753917  
0.04937422453  
-0.7564350418  
0.4674113968  
0.2753180131  
0.6649963858  
0.3523657255  
-0.1683358831  
0.1726989119  
1.149591332  
0.4352821156  
0.325663372  
-0.6369991604  
-1.189866547  
-1.75016165  
