1.184396748  
-0.2038853191  
0.4996952246  
-1.926729853  
0.4060249655  
0.748027379  
-0.9984779466  
1.035027846  
1.175257866  
0.3184602291  
1.108795694  
-0.6196709778  
-1.615899692  
-1.554779119  
0.09998320551  
1.063098517  
-0.8886933426  
-1.893660161  
-3.541271006  
0.4725111262  
1.037871021  
-0.6770614419  
0.7560029618  
0.3729907554  
0.03982382254  
0.5759910213  
-0.2415430584  
0.6589040719  
-0.4732921966  
0.8974167865  
1.35687256  
0.6295383788  
1.262971908  
0.878723499  
0.8482047029  
1.36526287  
0.2377078865  
0.9008036542  
0.6873395551  
1.193011337  
0.4850960231  
0.9339327977  
0.8838503346  
0.04879722545  
0.9170725367  
1.38185955  
1.162006624  
-0.1347407254  
-1.419591268  
-0.7203067274  
-1.627315054  
-0.6777471197  
-0.9751387913  
-0.5736833446  
-1.744679447  
-1.033569596  
-0.5090278638  
-1.722682997  
-0.5382203662  
-1.043156546  
0.5889234956  
0.2722651669  
-1.283204107  
0.3929863739  
0.5772053693  
1.251969498  
1.524963615  
-0.2444306425  
-0.1416602138  
-0.3679258522  
-1.678378324  
-0.395075019  
-0.9917863254  
-1.398290178  
-0.5793846343  
-1.006840345  
-0.9408805908  
-2.092717143  
-0.9900384893  
-1.130097637  
-0.868813856  
-0.4044806387  
-1.265488684  
-0.4207291602  
-1.241666411  
0.6899549021  
-0.08679857935  
1.625660731  
2.096094315  
1.467395039  
1.540204765  
0.3426785344  
1.75666226  
1.776450848  
1.429835019  
1.474230442  
1.438406343  
1.78192316  
1.700219781  
-0.3353994463  
-0.8298354805  
-0.1983236954  
-2.437293519  
-1.029700726  
-1.721457389  
1.219328911  
1.226405998  
-1.638017668  
-0.9385743771  
-0.9463027094  
-0.3109022276  
-0.1061372356  
0.6706158684  
2.395728765  
1.688971725  
1.307925253  
2.073143928  
-1.797984392  
-0.685763043  
-0.5816759666  
1.424804763  
2.330889632  
0.6853343329  
2.011082817  
2.214279321  
-0.7647346194  
0.3437835074  
-0.3239706079  
-0.1611926379  
-0.3159874961  
-0.9451114065  
-0.4388675934  
-0.8488145957  
-0.7227849792  
-0.1925083215  
-0.002909057402  
-2.274365806  
-0.3094699824  
-1.342277265  
-1.326819564  
-0.176631055  
-2.025867241  
-0.5923638295  
-0.7841975858  
-0.6415968559  
0.001234455752  
-0.8456735814  
0.342096968  
-1.125223859  
-0.36179897  
-0.7872083134  
-0.4713711618  
-0.6282621215  
-1.758180008  
-0.3859313367  
-1.914623569  
-0.7547131583  
-0.2963526074  
-0.504980805  
-0.0611911258  
0.5783209342  
0.9833646003  
2.275906334  
-0.1204461485  
-0.7863159497  
-0.09308072752  
-1.000344381  
-0.60284458  
-1.178199253  
-1.134463249  
-0.7073598449  
-1.102899451  
-0.3466204502  
-0.2882007731  
1.518920081  
0.1856265684  
1.384443019  
1.034015699  
-0.174552979  
1.166256975  
-1.727783317  
-0.4452619619  
0.4776747122  
-1.419235401  
1.330049477  
1.804966952  
1.174990529  
1.506446952  
-0.1355219321  
1.430710432  
0.7840597599  
1.189330081  
1.354163795  
-2.26567298  
-0.7924222434  
-0.4061718218  
0.4164551886  
1.054265288  
0.3592081555  
1.167494922  
0.9797583981  
0.547455054  
0.9549088594  
-0.2470480779  
1.318104899  
1.237880982  
0.8960880787  
1.305364097  
0.5932137912  
-1.282011496  
1.206753328  
0.1943088516  
0.9524334025  
0.6969138627  
0.1647080609  
-0.6437495559  
-0.6414334275  
-2.78724331  
1.616450499  
0.2498080238  
0.05167379952  
1.027583988  
-0.6023618631  
-0.8340345118  
-0.4469244287  
-0.3676685808  
1.423315021  
1.166471917  
1.223087473  
1.4707297  
-0.1164671391  
-1.211986549  
-0.900935759  
-1.582657233  
-0.4301455304  
-0.749711344  
0.08523569443  
-0.3106796652  
-2.188985202  
-0.7416758819  
-1.024484935  
0.07763938772  
-0.2720333831  
-0.6750803901  
-0.3153815814  
-1.119684164  
-0.4905461295  
-0.9896484359  
-0.5967691347  
-0.5230727175  
-1.339447586  
0.3614097054  
0.05323984656  
-1.888876468  
-1.308962731  
-0.4328228461  
-0.4091978168  
0.7691546404  
1.071959338  
-0.3340565074  
-0.6761172208  
-0.6544749783  
-0.1761904364  
1.286670139  
0.4140670978  
1.489514427  
1.008058598  
-2.196049281  
-1.327347037  
-2.678488664  
0.8928674251  
1.23615642  
-0.3786653304  
1.440419225  
1.204447952  
0.6097284271  
1.218813598  
-0.4907856237  
0.715386596  
1.061056824  
0.6908975153  
0.8606750392  
1.23154561  
1.189992547  
-0.5797893849  
0.8159185565  
0.7006802326  
0.7455677096  
0.461618822  
-0.9326649971  
1.190399546  
0.9612848694  
0.246357404  
0.7259472505  
0.1941990851  
0.9945143165  
1.230037296  
-1.717746946  
-0.4652462249  
-0.6592601292  
-0.1393350174  
-0.08606863495  
-0.8643870506  
0.511878486  
-0.3719625375  
0.0387825284  
-1.051564488  
-0.5659649195  
-0.5023766059  
0.1092596018  
-0.5059389729  
0.6612205538  
-2.466319545  
-1.566781289  
-1.597280629  
-0.1623009726  
0.3366925507  
-0.4248751777  
-0.06030064863  
0.5813053619  
-0.7220791633  
-0.5041044312  
-0.5788478368  
-1.118357033  
0.09358027673  
0.5345464394  
0.4380288517  
0.6621904725  
1.254969181  
0.5674923003  
0.7164179506  
0.8013362382  
0.02512770969  
0.5596339309  
0.9745226373  
-1.057123013  
0.07895342306  
-0.1057799936  
-1.795335187  
0.4084331122  
0.5717864009  
1.036630124  
0.7104118316  
0.1694523943  
0.6276641084  
-0.4193221761  
0.1635717307  
0.2369647378  
-1.213104503  
0.05403387743  
0.8192858186  
0.06691525808  
0.1600292897  
1.090004936  
0.8732107303  
-1.098731094  
-0.008509686217  
0.4830594974  
-0.872863372  
-0.6392908524  
0.2725231313  
0.2050045753  
0.08272533521  
0.4003601721  
-1.332758104  
0.7156369115  
-0.05587516295  
-0.3646739825  
0.2017957039  
0.3641333169  
-0.2313835197  
0.004771982584  
0.01684710877  
0.6117724976  
0.8815327382  
1.08194817  
0.02600543379  
-0.9195061993  
-0.5431213245  
-0.7744431809  
0.697348881  
-0.4600287088  
0.5793179748  
0.7260639461  
0.7534036892  
-0.493106281  
-1.64308985  
0.4726521004  
-0.7848873943  
0.09968495393  
0.2843050518  
0.5583170964  
1.061489318  
0.9504026406  
-0.2820802962  
0.1718768832  
-1.242564608  
0.3653184787  
0.3893230489  
-0.6714259741  
0.3748042464  
0.3574407363  
-1.818124838  
-0.514462375  
-0.6547764991  
0.08706358317  
-0.01239471138  
-0.3217681176  
-0.06179742572  
0.2685503864  
-0.551332451  
0.4083447805  
0.347700097  
0.0830771472  
0.2738054283  
0.177944264  
0.1329785304  
0.1999845023  
-0.8297437966  
0.3406272939  
-0.1469373855  
0.3462299355  
0.2246768108  
0.2107433858  
