-0.6774707021  
-0.4895342346  
-0.9940822963  
-1.959611774  
-0.7979401988  
0.6727220827  
1.707367043  
1.316079882  
-0.5141871608  
-0.291337306  
-0.63197959  
1.613046863  
1.310365609  
0.742653923  
-0.8062437016  
-1.573911406  
0.002424765068  
-0.4616869449  
0.2076308644  
-0.06990341527  
-0.2820374976  
-0.8017457974  
0.8396137572  
1.245070458  
2.058813971  
2.117307101  
1.713425042  
0.8325292477  
0.1157112339  
1.186178921  
-0.08105184496  
0.6455960661  
0.7735463925  
0.3398704546  
-3.916487876  
-2.892858003  
-2.395130351  
-1.475968988  
-0.8586574386  
-0.383432901  
-0.3492682116  
-0.5640964314  
-0.9108290401  
-0.6530366531  
-0.6680972351  
-0.1425836849  
-0.5324858492  
-0.4570446719  
-0.7306458758  
-0.3327987633  
0.380336288  
0.9878871722  
0.1978223221  
0.2201209006  
-0.1902100399  
0.4531563241  
0.9566040455  
0.7739886918  
-0.2475288692  
-0.379400031  
-0.5348506562  
-0.6094196475  
0.3863161213  
0.5611478224  
0.4271872595  
0.0006320697681  
0.1093964359  
0.02413951573  
-0.1707759198  
-0.2290197524  
0.118598729  
-0.261675624  
-0.4820019545  
0.826360128  
0.9168431277  
0.6563400266  
1.270087171  
-3.433402583  
-0.3701659558  
0.02322382536  
0.2533543474  
1.482303067  
0.4304282384  
0.01899934532  
-0.2835109458  
-0.6313485313  
-0.1692662588  
-0.7288751092  
-0.01500256818  
-1.206539123  
-0.9504293787  
0.3196550877  
0.7474543694  
1.802601941  
1.143890756  
-1.732195368  
-1.715962103  
-0.3624477009  
0.6398938295  
0.9296416651  
0.5588182486  
0.3489423215  
-0.03446569605  
-0.1744308496  
0.4698645028  
0.4611401787  
0.2214629798  
0.193216322  
-0.8932660964  
0.01364379441  
-0.5891050277  
0.8105250941  
1.448325334  
0.3904345421  
-0.1886822355  
0.8469198738  
0.5510838057  
2.021486606  
1.593258555  
1.784733656  
-0.3697597462  
-0.6559846421  
-0.8527118446  
0.04572077094  
1.221435703  
0.4963154627  
0.5856209786  
0.3164941352  
0.3557370583  
-1.073389797  
-0.5522834331  
-0.6407846882  
-3.561557028  
-1.164208034  
-0.7005260488  
0.02695231302  
0.00313746968  
-0.3979448984  
-0.492074919  
-0.6546633581  
-0.1823790738  
-0.6903478336  
-0.4589687654  
0.7799950898  
0.5731469986  
-0.8946831669  
0.2480826314  
0.3384052134  
0.691160628  
0.09666336636  
-0.3374047279  
-3.064229272  
0.05991842315  
-0.352301137  
1.342584528  
1.535082266  
1.333266759  
0.3370908279  
-0.1766374727  
0.3628064139  
0.8814255687  
1.535650722  
0.6676738594  
1.314805053  
-0.8689375983  
-0.8287970865  
-2.796300021  
0.02048449509  
-0.9594349553  
-0.8288757497  
-2.411305804  
-1.316410741  
-0.8447357161  
0.5369925989  
1.095855519  
1.40282035  
1.089254782  
1.172621212  
0.06661361825  
-0.4661383899  
0.5078731848  
0.3028794398  
-0.3623514407  
0.1372958308  
0.1858646482  
0.004873420144  
-0.4547073055  
-0.7065639294  
0.1505389327  
-0.7972423177  
-0.2929418995  
-0.2521164563  
0.5353089409  
1.565759874  
0.508080162  
-0.4216758608  
-1.057370604  
-0.791859388  
0.1483080472  
0.9984189163  
1.318715557  
0.654972874  
-0.6530494488  
-0.2240089732  
0.2827997886  
1.575228314  
1.041700039  
-0.1473181505  
-1.107363427  
-0.215247162  
-0.3299541987  
0.3321346232  
0.1735956688  
-0.06766747175  
0.003264298248  
0.7923631725  
0.864540308  
0.5251376723  
-0.4333098358  
0.04934754704  
0.08615815292  
-0.875717824  
-0.2611463473  
0.9525412  
0.8868667782  
1.14347852  
-0.1053241605  
-0.6463657485  
-0.4520398892  
0.3995275427  
0.1154684818  
0.2404907432  
-1.138504053  
-1.034005682  
-0.8457202479  
-0.2522791266  
-0.0604664542  
-1.177879175  
-0.6661935762  
-0.4928461334  
-0.6863864136  
-0.2462513232  
-0.5019637845  
-0.2299300687  
-1.20768226  
-0.3066135323  
-0.2370968279  
0.9091885723  
1.216428794  
0.9233935182  
1.257536195  
-0.7020489794  
-0.2448027544  
0.3362943758  
0.4773498823  
0.9195483792  
0.8419001447  
-0.2217876761  
-0.4314930473  
-0.2707487269  
-0.7665839871  
-0.1411188311  
-1.395152337  
-0.465180433  
-0.2402897921  
0.3642599431  
0.884678459  
1.208421312  
-2.752995478  
-0.3106843902  
-0.2811166274  
0.3334961851  
1.666806043  
0.9800582412  
0.7279676325  
-0.6700948908  
0.09834184075  
0.4447058231  
0.7467665194  
1.754794039  
0.3634707254  
-0.0677792185  
-0.6410369047  
-0.6697787492  
-0.007265095836  
-0.3315937575  
-0.6721270233  
-0.02840404979  
-0.6387237182  
-0.8416357665  
0.1848307624  
0.1020217229  
-0.5603865444  
-0.08467238861  
-0.8756920735  
-0.2459853493  
0.4470631983  
-0.6028186522  
-0.2520688007  
-0.5050654256  
-0.3567481357  
0.1815913067  
1.215545532  
1.228593698  
1.039965424  
0.1264932553  
0.8547879476  
0.2488874224  
0.3561593662  
-0.8715153093  
-0.5462217634  
-0.3000385426  
-1.264940021  
0.5806258801  
1.079592234  
1.675223167  
0.893018405  
-1.816082674  
-0.7661536657  
-0.04647651473  
0.3215561729  
0.4306224389  
1.183236886  
-2.302898509  
-0.5619680619  
-0.7621677288  
-0.8444130757  
-0.5824839251  
0.1894757138  
-0.3813081336  
-0.1885405405  
-0.5995150897  
0.3723210617  
-0.6299826725  
0.8442467541  
-0.04039177337  
0.1446886049  
-0.6272981823  
0.598784702  
0.983645075  
1.473183307  
0.9091210863  
-1.136205823  
-0.04108278258  
-0.9926270518  
-0.1185846978  
-0.1152332296  
0.7404656004  
-0.4916558767  
0.2617633074  
-0.318551796  
0.537074106  
1.465634618  
1.627425256  
1.025000884  
0.06843043943  
0.706844435  
0.2921559208  
-0.4088401859  
0.4004789731  
0.520520306  
0.2616809628  
0.3080930401  
0.6130320277  
0.04419224551  
-0.207268989  
-0.5672542369  
0.3588816502  
0.2465239371  
0.5637637379  
-3.771233045  
-0.5795212956  
-1.155160753  
-0.8215703393  
-0.7638191197  
0.1343086282  
0.2475712626  
0.08215901698  
0.347772477  
-3.224772938  
-0.7111504251  
-1.261252714  
-1.315053272  
-0.9516367473  
-0.3917977594  
-2.811792074  
-0.4661954544  
-0.746177507  
0.9750528537  
1.275994634  
1.235212525  
0.1164053228  
-0.4071147277  
0.3422227724  
1.503440735  
1.47730478  
0.4753729168  
-0.2547631992  
-0.4017157766  
-1.244030971  
1.117793191  
1.549899831  
1.574071827  
-0.1406493064  
-0.1101169529  
-0.3780386786  
-0.3725768349  
1.199677684  
0.7381419339  
-0.1922323316  
-0.8353423676  
-0.01422926593  
0.7108111076  
2.203979856  
1.851678991  
-0.3692716074  
0.2099603434  
-0.2773574493  
1.503135702  
1.5851054  
-0.03039312197  
-2.608413375  
-0.9592446223  
-1.446848102  
-0.2197526557  
-0.3430304106  
-0.3602349139  
-0.7250769712  
-0.842253008  
-0.4250628511  
0.6409137925  
0.5918137437  
0.4722522188  
0.7485583679  
-0.2520735516  
-0.201336925  
0.3440636715  
0.4629542593  
0.411155996  
2.343567261  
-2.285466493  
-0.3581161413  
-0.8382420441  
0.2953792331  
1.776988632  
1.635255202  
-2.135987637  
0.02405273147  
-0.4793580771  
0.1935163717  
0.8604251258  
0.8782151212  
-2.34693689  
-0.4113116706  
-1.097049236  
-0.2716394098  
-0.4015791736  
0.1298830055  
-2.419509239  
-1.015045455  
-0.6055001756  
0.1846470583  
1.285022013  
1.666898186  
0.2002230753  
-0.5442344601  
-0.6390695773  
0.4473232155  
-0.5489568127  
0.4103619194  
0.6037356074  
0.8403534053  
0.02925126766  
0.5494108573  
1.316194061  
1.013270682  
-0.1178260263  
0.1057265106  
-0.1091797918  
0.7515683196  
0.8179977555  
1.511677806  
-2.893850032  
-0.2427822339  
-0.1787782377  
0.3871656133  
0.2757407602  
-0.1331090763  
-0.4092221431  
0.2754080951  
-0.2645970649  
-0.0479631397  
1.420180498  
1.109814711  
-0.5224197396  
0.1534654082  
-0.7059348028  
0.5491710063  
1.466136234  
0.9522643896  
-1.21398542  
0.1336002342  
-0.7147913676  
0.5551602393  
-0.3338952888  
0.3277217396  
-3.088225046  
-1.170822796  
-1.413546766  
-0.2587039803  
0.3055896533  
0.8907733526  
-0.04775413838  
-0.7871151023  
0.5672495214  
1.530765273  
2.314791575  
1.71606593  
0.6627269367  
0.7770417712  
0.0962405797  
-0.2719915973  
-0.9536484968  
-0.5464078738  
-1.0909684  
-1.268145226  
-1.046123115  
0.01710472228  
1.383328409  
0.08482769757  
0.2309911048  
-0.7911805199  
-0.2644985744  
-0.3592588891  
-0.9591772708  
-0.4789163347  
-0.1916286407  
-0.7483500656  
-1.330717836  
-0.3496737023  
0.8703860944  
1.643640018  
0.9452094052  
-2.852339671  
0.2546740717  
-0.4715150977  
0.14875303  
0.7559678514  
1.075168159  
0.5423985181  
0.8019602407  
0.2356428158  
0.8493181481  
0.2355685566  
0.3758427517  
-0.6573315916  
-2.238959086  
-0.3031315713  
-1.255168256  
0.453574092  
-0.5009502935  
-0.1200219647  
0.1655631384  
-0.2134364853  
-0.3376211923  
-0.1118486679  
-0.3615721692  
0.2282392745  
-0.878486001  
-0.3894101461  
0.4791812015  
1.152340219  
1.391639219  
1.615259196  
0.8656461099  
-0.04892662627  
-0.1219647363  
0.03882506403  
-0.02105386516  
0.3257733266  
-0.4660484133  
-0.7849871897  
-0.704005302  
0.6261948277  
1.551942957  
0.8596846682  
0.5219952173  
-0.5286547585  
-0.4208752589  
-0.7257860496  
0.1169268147  
1.496166054  
1.012489175  
-1.068781098  
-0.2734417743  
-0.2330202457  
0.7985379241  
0.6018493153  
0.8500041101  
-0.631436117  
-0.5158061343  
-0.5895483995  
-0.9088065242  
-0.3022407684  
-0.6783033563  
-1.871738885  
-0.9776674901  
-0.1855060227  
1.260514356  
0.705974604  
0.08092460831  
0.1398811366  
-0.2199863493  
-0.4917580828  
0.4990916531  
0.6456822867  
1.875031434  
-3.583318052  
0.4263409271  
-0.8813668793  
-1.018654271  
-0.7581518821  
-0.7758195208  
-0.1359953167  
0.7741938196  
0.3701042647  
-0.1725787451  
-0.1596451696  
-0.2187182243  
-0.5711551224  
0.7258488813  
-0.4862767867  
0.6242755593  
1.612731246  
-0.1274932727  
-0.3882633548  
0.5986194384  
0.5807381972  
1.475496338  
-0.03064397861  
0.3020458676  
0.01602047625  
-0.1806728897  
0.3380894867  
1.961667313  
1.280325835  
-0.9795801059  
-1.06167604  
-0.5201517052  
-0.1475784953  
-0.3271592135  
-1.680258085  
-1.135335352  
-3.190108516  
-0.514219881  
-0.2879256792  
1.514022835  
2.007967233  
0.9334925556  
0.2414334341  
1.212293675  
0.02072540233  
0.1833743253  
0.1755835496  
0.3722103195  
0.2385245831  
0.07427725135  
-0.6524480142  
0.5295795771  
0.2014100742  
-0.07434536384  
-1.375199042  
-0.6462635936  
-0.2615424652  
-0.3793860942  
0.01829646463  
0.462855097  
-1.917508761  
-0.4938849084  
-1.203319031  
0.09185552741  
1.316537296  
0.9995318544  
0.2728979336  
0.1720945379  
-0.275932381  
1.188506389  
0.9973316892  
0.739976243  
0.6969708973  
0.111152061  
-0.2112868809  
0.3890113616  
-0.1688949576  
-1.536287522  
0.02062957352  
-0.7722401109  
0.6765441344  
-0.8262719231  
0.008280222809  
-0.6371406871  
-0.5319868278  
-0.5273196629  
-0.6470031589  
0.3862549664  
1.376771594  
0.6900928713  
0.5326400425  
-0.2901214718  
-0.05992487745  
-0.663899854  
-0.5312767842  
0.3107320978  
-0.09911623695  
0.3233759297  
-0.1484734147  
0.7805098769  
0.08260310402  
0.2078901883  
-1.209457587  
-1.985968015  
-1.256021751  
0.4539690304  
0.7976082531  
0.1829281008  
-1.177870666  
0.1049235472  
-0.4721915998  
1.013711667  
0.8010423576  
1.339124375  
0.9399287455  
-0.04737527842  
0.2812527127  
0.761409687  
0.9462422457  
0.05724040464  
0.4528072194  
-2.099562548  
-0.4514145783  
-0.4623914137  
0.6562846552  
0.8862043967  
0.4238831875  
-0.1717519494  
-0.09079606329  
1.159640235  
1.335867542  
1.261449799  
0.1198178237  
0.8607369024  
-0.04558516282  
0.2420121006  
-0.4713416155  
0.3713747171  
-2.601888529  
-0.7655389867  
-0.7298000654  
-0.330705729  
-0.1274461496  
0.07596714912  
-2.511795008  
-0.4973816309  
-0.1353463097  
0.4508819454  
0.8103052943  
1.090526008  
0.32235817  
0.1732275428  
1.467188807  
0.8199145093  
0.1266794858  
0.431522535  
-1.42637365  
-1.322044225  
-0.04803078273  
-0.5794389395  
1.582328242  
1.315330679  
0.7780744824  
-1.765800756  
0.02979809519  
-0.5017935974  
-0.7716379656  
0.6756850743  
-0.3810961427  
0.09119400307  
0.182261333  
0.1894478453  
0.7633391863  
-0.1787309866  
-0.00757228865  
-0.0275696826  
0.1646075482  
0.215776576  
-1.911852263  
-0.6547398605  
-0.2775726717  
-0.5055470894  
-0.8087830226  
-0.4431009077  
-0.05699974103  
-0.4344624001  
-1.002282444  
-1.154387686  
-0.8513675919  
0.2380432127  
0.4274912295  
0.7675856397  
0.8274426767  
0.3939623574  
-0.2227088659  
0.8784506407  
-0.2544171173  
-0.035563665  
-0.2587636878  
-2.831500757  
-0.3733172201  
-1.122777146  
0.6014744488  
1.206300642  
0.4469188848  
0.09038235261  
0.02644015901  
0.5182861366  
1.412491665  
1.185839246  
1.404551382  
-0.6394810214  
0.5525596351  
-0.5282167529  
-0.3276859499  
1.035330697  
0.7968373349  
1.67135631  
-0.5949159279  
-0.238541946  
-0.6408616089  
-0.419945832  
-0.7047117683  
-0.1585255957  
0.09266441231  
0.3049473882  
0.5362148119  
0.6954042274  
0.8824301377  
-1.114926003  
-0.3870496923  
0.04941656621  
0.1451897603  
0.6242230041  
0.6622327586  
-0.01957609247  
-0.2080984519  
-0.5071243114  
-0.2947379094  
0.3885363263  
0.4914965642  
0.2473289056  
-0.4674427616  
-0.9279375551  
-1.039781198  
-0.6116157489  
-0.1368975751  
-0.3290538431  
-2.562158408  
-0.1842071153  
-0.3607287529  
0.1468674912  
1.354625282  
0.8467710587  
0.2753499275  
0.3923893338  
-0.1965934214  
-0.47822082  
-0.1328956476  
0.7284468935  
-0.2856717134  
0.7218681733  
-1.050801179  
0.09073669991  
1.962672124  
1.178169038  
0.2682172717  
0.3421170527  
0.5679876758  
-0.4769220255  
0.6957179069  
1.226181409  
0.6896588722  
-3.864404153  
-0.488704469  
-0.2475679899  
-0.2725191604  
-0.4978278281  
0.1813915089  
-3.652298157  
-0.5639281855  
-0.4211711833  
0.4208522311  
1.031791575  
0.9107966113  
0.3179270619  
-0.3659790593  
0.6811884212  
0.3078548456  
1.302514584  
-2.061352732  
0.01397438116  
0.161136708  
-0.3953289886  
1.153577573  
0.736901017  
0.2901288092  
-0.3298310523  
-0.08335418828  
0.7530711648  
1.729647979  
0.6747471921  
-2.872151706  
0.2397209592  
0.04184511656  
0.3536905869  
0.9405116936  
0.6722178517  
0.9829031127  
0.2794070289  
-0.2735247154  
1.045294768  
1.198497302  
1.055528998  
-0.6238256306  
-0.1906832501  
-0.08575585705  
-0.3956886278  
-0.2940689579  
0.123307617  
-0.7200240702  
-0.7523468848  
0.2547185435  
0.5294105408  
0.7786685482  
0.01760155363  
-1.750060163  
-0.1584413162  
-0.5781534649  
0.3782630222  
0.4260446027  
0.5894086159  
-2.630962862  
0.0299489296  
-0.6733175989  
0.7633856111  
1.220530869  
-0.1205856785  
-0.3252377888  
0.07001752265  
-1.035970648  
-0.3551694438  
1.157235472  
0.9669888829  
-0.7569144829  
0.1334832429  
-0.1675853446  
-3.696639468  
-2.989525109  
-1.867696057  
-2.142194397  
-0.5261649063  
-0.1601355527  
-0.4562098803  
1.985395561  
1.717416631  
0.2173002058  
1.085182497  
-0.2175386773  
0.6782317037  
-0.3848730479  
0.3803159441  
-0.4487334307  
-0.4417361573  
-0.05542529666  
1.048936104  
1.975931942  
1.087525355  
1.252075241  
-1.701763983  
0.1730346607  
-0.3236053005  
1.30964163  
1.36796832  
0.6089161554  
-2.083407423  
0.1260813121  
-0.2355331174  
0.67563084  
0.3584569935  
0.4495648343  
0.6850606485  
-0.5838459282  
-0.0942707817  
0.5550192073  
1.128785555  
0.1742421031  
0.3291587625  
0.2192912845  
-0.7408272118  
0.4720280279  
0.8011217591  
0.6729405153  
0.5790024845  
-3.052237391  
-0.1527816967  
-0.6832485459  
1.020912652  
1.277292977  
1.525562795  
0.1926994334  
-0.8871630504  
-0.2951998418  
-0.1470786601  
-0.6954343541  
-0.3778603891  
-0.7043224703  
-0.4329289257  
0.1649356704  
0.7249384038  
-0.1544820254  
-1.29615879  
0.5162036111  
-2.575213162  
-0.3114267775  
-0.6445405303  
-0.06600305818  
-0.802618269  
-0.04517567784  
-0.6900052951  
-0.5102477265  
-0.1895155425  
1.344362948  
1.849922566  
1.523099717  
-0.7267242675  
0.01639651209  
-0.779006542  
1.004331135  
1.606771441  
0.7465193607  
-0.8888301156  
-0.3926907766  
-0.3660507037  
1.071085029  
0.9569257179  
1.840481994  
-0.7692622319  
0.4569326451  
-0.5282183926  
0.1856599902  
0.65691441  
0.1981747097  
-3.58031289  
1.46930257  
-0.1344972692  
1.042114434  
-2.432406404  
0.5999852503  
0.3110899773  
0.6557844776  
0.7859242929  
1.294172686  
1.326262658  
0.4517305427  
0.6984080583  
0.6795988442  
1.617058676  
1.963789659  
-0.7447263878  
0.7643929512  
-0.1692058615  
0.650001537  
1.221036158  
1.278603814  
1.357939742  
0.8427673201  
0.4188160278  
1.302368239  
-4.387877348  
-5.446087484  
-3.674171921  
-2.111335235  
-4.517004954  
-2.124004199  
0.08313972746  
1.850318406  
0.2620091981  
0.1850585099  
0.2101921466  
-1.241785448  
0.1978185469  
0.9235648876  
0.7103906898  
0.3299935288  
0.1809612803  
0.3607887885  
0.462865016  
0.7088701101  
1.124078496  
0.4271510683  
0.3330110991  
1.389153431  
