-0.5846716342  
-0.2830434391  
-0.4514165459  
-0.3642106225  
-0.7051988518  
1.123782455  
1.683547423  
0.3518783457  
-1.008305588  
-0.1946677416  
0.1930703501  
0.691262104  
0.1387613662  
0.7710308254  
-0.7709158536  
-1.375719232  
0.002341475509  
-0.2570834249  
0.5513231017  
-0.940989978  
-0.7940493737  
-0.2054990092  
0.08238818498  
-0.1098717913  
1.466897865  
1.768764346  
1.193860898  
1.313489324  
1.056453709  
0.7206444975  
1.001996755  
0.3349061369  
-0.308351079  
0.2988276938  
-3.2174089  
-1.981223044  
-0.9421863043  
-0.6590374159  
-0.07953797428  
0.001752263861  
-0.4609349621  
-0.5242183732  
-0.2984503167  
-1.397884924  
-0.8156415306  
-1.198974005  
-1.153731519  
-0.3289943539  
-0.9043180973  
-0.6244641121  
0.6947404505  
1.447117527  
1.038265132  
0.22572837  
-0.2366853044  
0.473947507  
0.4602945392  
0.6999412514  
0.02094505377  
0.282971141  
-0.3629527961  
0.8276063587  
1.515108048  
1.078446984  
0.7461816954  
0.3793077254  
0.8032741497  
-0.1891861839  
-0.6543929114  
-0.6207971309  
-0.0886172601  
-1.229347812  
-0.4379293438  
-0.05050636096  
0.8444679705  
1.377237894  
0.617540077  
-3.837083249  
-0.306677639  
-0.2888501576  
1.179899314  
1.314338176  
0.3224424566  
-0.1439660621  
-0.1143696926  
-0.0695377367  
-1.000595969  
-0.6920087979  
-0.4165045012  
-0.09590924556  
-0.716382311  
-1.381841928  
1.183421089  
1.354762196  
0.3307804609  
-1.085721777  
-0.4163408663  
0.09246541979  
-0.329859196  
0.5810516262  
0.9685471996  
0.9539009876  
-0.8830035189  
-0.6549761677  
-0.4730493161  
0.5565358053  
0.4788556761  
0.651627662  
-0.8429118012  
-0.1507835563  
-0.7074720695  
0.6836085956  
1.103056328  
1.313619649  
-0.5516088921  
0.4086678939  
1.092399551  
1.760193065  
1.351536347  
1.256437565  
-0.2089863993  
-0.2667953732  
-0.004676643242  
0.9783539993  
1.623548194  
0.680280805  
0.213382983  
1.029102547  
0.5479049907  
0.06110762533  
-0.4798950026  
-0.7051792743  
-3.862028091  
-1.446745835  
0.477472263  
-0.3357257761  
-0.7799151926  
-0.7141558091  
-0.04142504679  
-0.5802320847  
-0.01185722715  
-1.067908113  
-0.9615560544  
0.6458921652  
0.1861307204  
-1.42372726  
-0.7308734882  
0.1134045667  
-0.5629426621  
-0.3482017722  
-0.2506974297  
-3.807851328  
0.0677232875  
-1.133130174  
1.299531461  
1.906763311  
2.181569026  
0.8965838739  
0.7112461611  
-0.1511023362  
0.7134981867  
2.34377421  
1.891998022  
0.08252786317  
0.2457253578  
-0.8922519873  
-0.413520504  
-0.6886113004  
-1.188318494  
-0.3767829356  
-1.729099931  
-0.947235565  
-0.5669707453  
0.3714975186  
1.939803076  
1.207515093  
0.622207677  
0.311824972  
-0.1638897454  
-0.8319192395  
0.1633754796  
-0.6100586719  
0.04248768502  
0.8295600994  
0.2378449572  
-0.2018277448  
0.2166099111  
-0.9063328467  
-0.5806954642  
-1.07009062  
0.2328009722  
-0.4782642789  
-0.1765002871  
1.050054173  
0.5032327844  
-0.290624133  
-0.7465251805  
-0.7815597878  
0.7496326359  
1.946909258  
0.3874801859  
0.2592839159  
0.3359577951  
-0.3706430456  
-0.6220325781  
1.31148779  
1.004217574  
0.8703256841  
-0.5876848404  
-0.3287630439  
-0.3317176817  
-0.01320092626  
0.218560416  
0.41900626  
-0.2134601932  
-0.2292638671  
-0.5290553012  
-0.1968349703  
0.6308884041  
0.1936979777  
0.4031940455  
-0.5125077958  
-0.1745112189  
0.2174193055  
1.535480706  
1.037988703  
0.7712605864  
-0.5097255084  
-1.340528038  
0.1022925898  
1.196280266  
-0.6114794774  
0.2212375179  
0.3312740903  
-0.4175655046  
-0.2513319176  
-0.4675099084  
-0.5331999688  
-0.4280274245  
-0.8876113277  
0.1543137797  
-0.1932271348  
-0.3012493981  
-0.5155818471  
-0.7452490433  
0.3665131788  
-0.1500377336  
-0.136969623  
1.330219722  
0.639979071  
1.382055406  
-1.261371209  
-0.2281623748  
-0.7855567108  
0.8679707509  
0.5753676446  
0.9313978635  
-0.6644648183  
-0.4615067255  
-1.057627875  
-0.9820248809  
-1.047370659  
-0.8829392791  
-0.318544846  
0.7991300013  
-0.09324369109  
1.834324957  
1.230232794  
-2.474630615  
-0.5322226019  
-0.6740649821  
-0.5169601606  
1.478326004  
0.5668310664  
-0.06356720637  
-0.2471481312  
-0.130959655  
0.2871083575  
-0.08279893086  
2.346892566  
0.9738048401  
-0.484692241  
0.0656664691  
-0.5245256633  
-0.1463350384  
-0.7125415766  
-0.8920033497  
-0.2695513515  
0.04180829724  
-0.2729031541  
-0.9530731935  
-1.384426413  
-0.9016328274  
-1.301935556  
0.2115322684  
0.3832724841  
-0.2238416452  
-0.8098811517  
0.7052333388  
-0.7708991917  
-0.6693270864  
-0.3070112193  
1.156242502  
1.516328394  
1.390544336  
0.1139153578  
1.13008496  
0.090428513  
-0.6564864621  
-0.9062264461  
-0.7424389172  
-1.235833566  
0.2731959074  
0.7790672262  
2.0781805  
1.842534741  
1.186600854  
-2.270820277  
-0.05567331391  
0.1395969219  
0.5274872929  
0.3819172056  
1.326947798  
-3.058315043  
-0.2179423127  
-0.8738545976  
-1.13471116  
-1.109639665  
-0.3723092304  
-1.18071476  
-0.6005556439  
-0.3240460751  
-0.4667646261  
-0.7896647895  
0.7812930008  
0.2989181026  
-0.8883209796  
-0.06020357654  
-0.1245788212  
0.2808243461  
1.030223914  
1.88162742  
-0.9163204732  
-0.184252509  
-1.062332809  
0.01049150739  
0.9108706952  
0.2574540585  
-0.7495264137  
-0.2838237688  
-0.02850338183  
1.486404042  
2.740197255  
1.847331783  
1.121776134  
0.2853487584  
0.2818633817  
0.1086350621  
0.3856808166  
0.2340531985  
-0.6968587686  
0.05708752608  
-0.06680283642  
-0.2621844324  
-0.4696610023  
-0.04143011297  
-0.9833848817  
-0.6766204163  
-0.09353550725  
-0.00354621999  
-1.494225746  
-0.2482754505  
-0.3037581745  
-0.7719436433  
0.8435949034  
0.7734145872  
0.9000342133  
-0.7669567879  
0.520037943  
-0.7178044526  
-0.2550450644  
-0.9902574721  
-0.1562541136  
-0.4532551676  
-0.1612351717  
-3.493522793  
-0.2360482141  
-0.1255708046  
0.7302046864  
1.791936862  
1.710567128  
1.006592114  
-0.3467920883  
0.4408121622  
0.9082343405  
0.9634180699  
-0.2922776466  
-1.319381506  
-0.7373934268  
-1.08892406  
0.1191121103  
2.011366716  
1.237917284  
-0.5316394004  
-0.3283633889  
-1.006741437  
0.5928518362  
0.932501441  
0.4964789525  
-0.5827724539  
0.01382274505  
-0.01716499907  
0.6073209264  
2.074511997  
0.7154029595  
-1.375399187  
0.3079872856  
-0.5181466522  
0.8732623372  
1.639299907  
0.6952585627  
-0.1454417326  
-0.4072203193  
-0.1528182529  
-1.364118543  
-0.7569317209  
-0.4927681446  
-0.9073834808  
-1.166666832  
0.01873563481  
-0.001666645279  
0.4169164011  
0.8494542247  
0.5564003724  
-0.5160032353  
-1.013549782  
0.2459996728  
0.03795388516  
0.2764048906  
1.275102697  
-1.804431116  
-0.4880046939  
-0.6783961473  
0.2554034696  
1.086128066  
1.832387425  
-0.980887578  
-0.7900348191  
-0.4072716938  
0.8665200996  
0.88888883  
0.5790593822  
-1.277468774  
-0.4179560722  
-0.8386389818  
0.4553495276  
0.169029195  
-0.4232831086  
-1.492947405  
-1.503370844  
-0.7191034018  
0.1735048068  
0.2241308796  
1.513789563  
1.025485153  
-0.05583850284  
0.1641049305  
0.9761169765  
-0.2251207671  
0.0393517218  
0.9578854854  
-0.2104322355  
1.149837617  
0.6529237302  
1.111461639  
1.360424114  
-0.5564129776  
-0.4295895889  
-0.287222527  
0.9402050304  
1.758754087  
1.219789567  
-3.067555227  
0.1754706145  
0.07612442647  
0.05330095702  
-0.3508023848  
-0.542745478  
-0.9036491158  
-0.7492703004  
-0.9250191766  
0.1279795427  
1.13613197  
0.858706634  
0.4200047174  
0.5077051596  
0.1460472521  
0.7654591002  
0.7012439387  
1.386770719  
0.9034606975  
-0.132073463  
-0.9657912416  
0.307986354  
-0.0296427363  
-1.039367626  
-2.949598986  
-1.593186245  
-1.186803898  
0.3732575309  
0.8651060543  
0.9472852733  
0.5888191696  
-0.1118040382  
0.6339259732  
1.488161865  
1.454693101  
1.27830131  
1.341137145  
1.123892626  
-0.2616163584  
0.0170602451  
-0.5660825573  
-0.6986306996  
-1.238408542  
-0.3802093103  
0.1332387146  
0.1717097349  
0.3858087382  
0.08191455133  
0.326330319  
-0.5541222797  
-0.9326478769  
-0.6317594337  
0.06514848701  
-0.8737138602  
-1.54632478  
-0.9733543905  
-0.3370499909  
-0.3601627533  
-0.2122663497  
1.611531029  
1.318719649  
-2.804973339  
-0.1574924558  
-0.5677565584  
0.608338087  
0.8325889081  
0.8558428231  
0.4994483382  
1.402096766  
0.432539602  
0.2419898157  
0.005513465478  
-0.3452299996  
-0.8807111406  
-4.648040975  
-0.5712306486  
-0.6278545296  
0.1761989261  
-0.2952756205  
-0.771625856  
0.2805773534  
-0.310982343  
-0.4368634456  
0.2702807366  
-0.6012263052  
-1.291615184  
-0.5485691146  
-1.604047819  
0.1174749693  
1.585325351  
2.056327064  
1.679938406  
0.7804479857  
0.2420674742  
-0.4616257154  
-0.6739128788  
-0.7521959852  
0.3628935024  
-0.2878937467  
-1.281478926  
-1.149686077  
0.6100016985  
0.6456673079  
1.346156565  
0.7398319949  
-0.7779438923  
-0.3191499131  
-0.7066799773  
-0.1313688069  
0.7815894936  
1.693534411  
-0.6533279937  
0.3502694022  
0.1399932884  
1.149723379  
1.510221099  
1.366404169  
0.3412447787  
0.7899106127  
-0.03839202927  
0.1604766563  
0.1365366286  
-0.4086534312  
-0.8091675777  
-0.8066686168  
0.04520779361  
1.546870578  
1.11074725  
1.159681669  
0.4152861405  
0.401174328  
0.5610162283  
1.839018856  
1.852411921  
2.348175383  
-3.078830646  
-0.6689015474  
-1.388315171  
-0.9633890463  
-0.3538034026  
-0.9924268308  
-0.5302424056  
-0.7109790441  
-0.8353628682  
-0.866870005  
-0.9164520175  
-1.936219884  
-1.165098554  
0.297154537  
-0.2000708134  
0.8714713599  
0.49402062  
-0.6369928366  
-0.2555953454  
1.244830614  
0.06259130878  
0.2968840188  
0.7093127938  
-0.1999273632  
0.1096996992  
-0.3334905361  
1.091801154  
2.371789582  
1.844121023  
-0.05014677731  
-0.1959381643  
-0.5025251297  
-0.06699432023  
-1.019313075  
-0.755940827  
0.01447403226  
-3.096793174  
-1.017599297  
-0.385863055  
0.9509478155  
0.8209210211  
1.392381933  
0.7326213832  
-0.4849551647  
-0.9978534772  
0.2705235726  
-0.6319048959  
-0.3224417024  
0.06205893007  
-1.003388771  
-0.1224937544  
0.6204138487  
1.211810292  
0.06293992528  
-0.5766576737  
-0.33329473  
-1.304536578  
-0.4206033067  
-0.2239751236  
-0.8357061014  
-0.9148357845  
-0.6070926592  
-0.3455876883  
1.322090052  
0.4708973335  
1.812448946  
-0.7492225041  
-1.404419131  
-1.142295087  
0.3498466127  
0.6972872245  
1.308729371  
-0.133493996  
1.149229145  
-0.2926914841  
0.2774163543  
0.02155511909  
-0.5593408593  
-0.45270614  
-0.4254713699  
0.2852060744  
0.1942611766  
-1.062303245  
-0.9653745575  
-0.7943305405  
-0.2173788728  
-1.034800639  
-0.2627561457  
0.7915264458  
0.6156034441  
0.2707961926  
-0.3253216121  
-0.4948748438  
-1.006324693  
-0.5815380287  
-0.4931512719  
-0.6177667724  
-0.3389624554  
-0.7740338792  
0.2178822173  
0.2951100519  
0.4760749374  
-1.468706248  
-0.9329309799  
-0.3891543064  
0.01579451648  
2.055458046  
1.469026236  
-1.382160005  
0.08832275427  
-0.2719716454  
0.8266575405  
1.41327876  
0.8589575292  
0.6902415382  
0.2102157218  
0.6083622087  
0.9953956659  
1.631169705  
1.560407977  
0.8475892772  
-1.811487618  
-0.3226552256  
0.6341416132  
1.434081721  
2.109312622  
1.230549058  
0.8111081904  
0.6958947934  
2.29844322  
1.996251959  
2.069513433  
0.5774468031  
-0.3216825286  
0.5672687076  
0.07042421119  
-0.05028603477  
0.285805193  
-1.747563098  
-1.740001831  
-0.9031298131  
-0.2397351258  
-1.288959552  
-0.06066758136  
-1.505950801  
-1.338468627  
-1.364817144  
-0.9131409375  
-0.4321031728  
0.5565436624  
0.9513066151  
0.3072226652  
0.6123074547  
0.4955820865  
0.46775513  
0.6958190921  
-1.725869052  
-0.6179317157  
-0.1880129108  
-0.06421811804  
0.9324942903  
1.336665446  
0.5159358506  
-2.038830377  
-0.4300008247  
0.01963726483  
-0.5865369846  
0.381346231  
0.3683537387  
-1.104220794  
-0.4808641731  
-0.9402622055  
0.2255511038  
0.2623702526  
-0.1028621997  
-0.6666282441  
0.5284916836  
-0.243221931  
-0.9504045728  
-0.3553201268  
-0.1209223129  
-0.3368818745  
-0.1938021257  
0.3557298098  
-0.5432544842  
-0.5139922986  
0.2121823323  
-2.367301781  
-1.685157016  
0.08334013616  
-0.2330396131  
0.9448850779  
-0.08493940223  
0.8947248091  
-0.1301468687  
0.6665614631  
-0.5481067609  
-0.104700022  
0.232037117  
-3.416981042  
-1.660764946  
-0.5042259288  
0.08308179213  
1.449954772  
1.143041348  
0.7172287312  
-0.7179811887  
0.1440973438  
1.348083405  
1.280356156  
1.628784762  
-1.404627581  
-0.4924539044  
0.1614417445  
0.9312067432  
1.754695307  
1.729847772  
1.544724538  
-0.6282305713  
-0.2854475604  
-0.5986221273  
-0.930794611  
0.2980127254  
-0.6874654513  
-1.148164541  
-0.4243922002  
1.300775164  
0.5492110063  
1.752067677  
0.05679521203  
-1.016673627  
0.6698351078  
0.7369833148  
1.172836793  
0.5869287029  
0.004000725898  
-0.2093556426  
-0.8309532005  
-0.2555300893  
0.954387928  
0.8453453651  
0.4075568776  
-0.06677003123  
-0.1049442857  
-0.201562864  
-1.034846865  
-1.23764517  
-0.4325641801  
-3.22263437  
-0.4811683812  
-0.1615013804  
0.3399935149  
0.8068229435  
1.107263134  
1.205298004  
-0.2545169365  
-0.5019914001  
0.5799745531  
1.126162052  
-0.8506701493  
-0.6745471258  
0.166504195  
-0.7083562697  
0.0005918596234  
1.023252395  
1.633301122  
0.6912372266  
0.7237859767  
-0.5576762489  
-0.7218235716  
0.9180233172  
1.13971792  
1.248208912  
-3.454457088  
-1.071843191  
0.09079132967  
0.4191857496  
0.09748646579  
-1.092096776  
-3.771622207  
-0.3180406346  
-0.1124414064  
0.2030236974  
0.8731366595  
-0.08971450768  
0.9574977019  
-0.2591617829  
0.307228756  
1.589087756  
0.9699464525  
-1.47915981  
-0.6019358344  
-0.2396920028  
0.7141463283  
0.6206586452  
1.180904818  
-0.4474350871  
0.1099568906  
-0.4532040224  
0.7477908994  
1.20087064  
1.353848773  
-2.059275391  
0.1840155478  
-0.09835408308  
-0.2029679702  
0.6944593573  
0.9428188486  
0.1783729531  
0.4882846837  
0.3058575429  
-0.09274053272  
1.706155636  
0.8851064229  
0.993016399  
-0.296023778  
0.785719618  
-0.2105961561  
-0.1093815598  
-0.4880408784  
-0.9724744728  
-1.107659479  
-0.6469876937  
0.8303839585  
0.4515081786  
1.119308458  
-1.632277979  
0.338259796  
0.3627969857  
0.7347980012  
0.4293632636  
0.6036766857  
-3.517796099  
-0.4933024824  
-0.6726267477  
1.576133288  
0.2985828874  
0.09175142575  
-1.207739287  
-0.7245773984  
-0.4808152873  
0.009340702618  
1.235439535  
1.307429749  
-0.980901468  
0.01851403799  
-0.09709177868  
-1.964443268  
-2.145038187  
-1.597733717  
-1.772328619  
0.008306158997  
-1.271278199  
-0.2559241886  
1.58918106  
1.483188774  
0.4016313902  
0.1229190326  
-0.1975028223  
0.2156804155  
0.008218656616  
0.1995662819  
-0.4585931274  
-0.667740725  
-0.9616984826  
0.5354544547  
1.974126761  
1.387216454  
1.761161417  
-0.8174479508  
-0.2307890286  
-0.1430256205  
0.1409878244  
1.156142725  
1.304403774  
-0.8993598562  
-0.04290206373  
0.6395138124  
0.01451883987  
0.2161658687  
2.194407112  
0.1385808621  
0.2545588473  
0.5181234771  
-0.3623148114  
0.5704814522  
0.1641860477  
0.9679915978  
-0.02826998771  
-0.09100963538  
0.09147623908  
2.09554803  
2.885248395  
0.7706271123  
-3.205405911  
-1.307975746  
-0.6589355496  
-0.4176003348  
-0.1428768975  
0.63041139  
0.6981611867  
-0.4004317564  
-0.5244675169  
-0.1977526206  
-2.495191049  
-1.002654473  
-1.159578133  
-0.7605354409  
-0.6386231698  
-0.3778693574  
-0.2966167548  
-0.6429353896  
-0.2366507753  
-1.450119511  
-0.6092704775  
-1.174153717  
-0.5012160334  
-1.352771007  
1.020258851  
0.5369972797  
-0.2335920286  
0.3986416923  
1.190922239  
1.632773698  
1.777381735  
-1.373996585  
0.01550157283  
0.1040945666  
0.2555832225  
1.127992143  
0.6969400119  
0.5985656424  
-0.01536388672  
0.02646506348  
0.7913212645  
1.254478229  
1.090422875  
-0.03915536568  
-1.14817898  
0.5966512955  
-0.4757861912  
-0.4008738365  
-0.2036749776  
-2.061811665  
-0.3056629152  
-0.6903831263  
-1.358001399  
-2.308631018  
-1.071267932  
-0.6700985882  
0.6000702474  
1.060193972  
1.169511469  
1.449599045  
-0.3268197341  
0.02724903495  
0.5420836038  
0.6217383707  
0.4092995856  
0.09332549969  
-0.0173437656  
-0.833671737  
1.101889838  
-0.3010284839  
1.0036877  
0.3973699425  
0.2601647166  
-0.156658838  
1.819492759  
-3.254705044  
-3.781475934  
-2.144932139  
-2.707007283  
-1.847085679  
-1.511753488  
-0.09312707238  
1.568401711  
0.9393181052  
1.106279118  
0.9295395694  
1.160685189  
0.6326360357  
0.7452141603  
0.8504724229  
0.8431372961  
-0.8750286182  
-0.2708572706  
0.354411383  
0.06903788007  
-0.283426737  
-0.172995921  
0.4477239062  
0.06331529591  
