0.8260365685  
0.414960394  
-0.7457527887  
-2.600759329  
0.971151337  
-1.335400735  
-0.2830465349  
1.603991604  
0.8480061606  
-2.765023505  
-0.2409987926  
-0.09419865171  
0.4500934684  
2.416710469  
2.10016495  
-1.875503317  
-1.041219266  
-0.7579779378  
0.4042801534  
1.518160984  
1.354506276  
0.238933876  
1.095711227  
0.4255088087  
0.8493375722  
1.440566082  
1.265011131  
1.766649935  
-2.496288339  
-0.9829517425  
-0.9525884373  
-0.1891414175  
-0.8352944829  
-0.1490753041  
-1.775070867  
-0.8178427045  
-0.9079191741  
-0.4179512088  
0.5667627949  
0.3597088042  
-2.935107825  
-1.643158224  
-1.155579831  
-0.829928688  
-0.8748986277  
-0.6015187598  
-0.9626489306  
-1.399105742  
-0.5108572637  
-0.287477183  
0.8500989804  
1.189397512  
1.191690733  
-0.3167038194  
0.7596088988  
1.053010283  
-0.1855606417  
0.1576233093  
-0.3186499565  
-2.726801788  
-1.540061257  
-0.04493487826  
0.09748143566  
1.368287747  
1.70039472  
1.789427112  
-5.029097252  
1.757773602  
0.3234479646  
1.842789096  
1.582078948  
1.789762232  
-3.636732698  
-0.158491446  
-0.5420432777  
-0.5849478266  
0.8758712109  
-0.0005207022766  
-2.286768941  
0.5948100355  
1.349261102  
-0.1811167387  
0.3507961429  
0.8016668706  
-2.231286722  
-1.545004065  
-0.2448334587  
-0.4964171727  
-2.136829528  
-0.2240041351  
-0.6434106818  
0.4500034524  
0.9042426451  
1.304891367  
0.4010760843  
0.04149437334  
-1.703448086  
-0.0475310043  
-0.1624541634  
-0.7615121021  
-0.3439487286  
0.7591024638  
-0.685235662  
-1.043698365  
0.1357531149  
0.08275278906  
1.032003188  
2.657460098  
-0.6036163835  
1.004622389  
0.2711282581  
0.1225177412  
0.04524808933  
0.8623509704  
0.1732192181  
-0.1756989561  
-0.07714122594  
-0.3540990368  
-0.5864852843  
0.2420271103  
-0.4440368488  
-2.835911858  
-0.2836551016  
0.3641900339  
0.6189928028  
1.281733409  
0.969764496  
1.048419631  
1.027639174  
-0.175419786  
1.352960944  
2.479023344  
0.1742449116  
-0.02403738436  
0.6465378893  
0.979948801  
0.7974904003  
1.2176547  
0.4539639203  
0.5961097773  
-0.2935343161  
0.09343626246  
0.9982769556  
0.4600893639  
-0.3092321905  
0.01979122226  
0.1484764873  
0.2687699348  
0.09141249014  
0.1288759287  
-0.6753426702  
0.2662151818  
-0.399309394  
0.1020992587  
0.5980881053  
1.328795086  
1.452890558  
-0.8022822684  
0.2002556548  
-1.08270287  
-1.232494145  
-0.2581808673  
0.20625116  
-2.047542288  
0.1302739151  
-1.107641972  
-0.4518848484  
0.1876650054  
1.905010368  
0.8078772413  
-0.2492738776  
-0.08161919218  
0.2354058675  
0.6156057575  
0.5987969468  
0.6298489807  
-0.5426124511  
0.3906649403  
-0.3437684215  
-0.7917064639  
-0.1185341306  
-1.063527296  
0.04735702309  
-0.3839576091  
0.02315060585  
0.1989773422  
1.127177468  
-0.1317919314  
0.08369438293  
-0.3792762905  
-1.16144497  
-0.6545350117  
-0.2536800087  
-1.713628818  
-0.1229729267  
-0.7220165791  
-0.221068252  
-0.5322995602  
-0.6461985946  
-1.208255895  
-0.2114542888  
0.3374463085  
1.375940621  
2.06194923  
0.4575874572  
0.02077225697  
0.02662409943  
0.7823714992  
0.4624762804  
0.5565607583  
0.3173185641  
-0.9947933482  
0.2512818934  
0.2961743314  
0.7681304576  
1.412441424  
1.5429246  
-0.1473888031  
-0.3943666996  
-0.2739852854  
-0.2245473913  
0.03858023823  
1.405289211  
1.827036667  
-0.2294109896  
-0.140576131  
-0.4131003709  
-0.239002476  
0.2779735542  
-0.3904109761  
-0.82020015  
-0.5699535839  
-0.4111683743  
-1.780593779  
-0.03814499822  
0.4017248815  
-1.099180262  
-0.4827876237  
-0.4842593004  
-0.04181754253  
0.7602731245  
1.200977465  
0.4368501434  
-0.0300055999  
0.3468037234  
-0.3934134211  
0.5052691556  
1.650980839  
2.452988536  
-0.5628395097  
0.9414012984  
0.08177627131  
1.161873588  
1.802012537  
1.931351233  
1.28407967  
0.2176544916  
0.5276519352  
-1.420527268  
-0.4845053883  
-1.031578533  
-0.7790975018  
-0.7169411122  
-0.4652622586  
0.8111580938  
0.4100215222  
-0.5563524182  
-0.06525413925  
-1.03623361  
-2.383936243  
-1.272387978  
-1.018826478  
-1.173296879  
-0.1013938154  
-1.689089712  
-1.634450875  
-0.2498751997  
-0.8182282393  
-0.3149481034  
1.205165545  
1.496883694  
0.211083507  
0.002942524973  
0.06889286164  
0.1450936317  
1.239167228  
1.664226495  
0.6167196015  
-0.8473383498  
-1.492175433  
-0.8356139379  
-1.239100005  
-0.5638161311  
-1.928045247  
-0.09233333135  
-0.5833966348  
-0.1071300934  
1.630432608  
0.0825747115  
-1.70645472  
-0.3358788588  
-0.5650208693  
-0.468119648  
0.08780634179  
1.32825746  
-0.02615144366  
0.4228405202  
-0.07422677281  
-0.2934200645  
1.035041692  
1.013582518  
0.4830436984  
-0.6708321684  
-0.7004793869  
-0.7651753456  
0.6195806115  
1.073147769  
0.2698803544  
-0.6170749749  
0.7613471373  
0.3182204882  
0.03156465677  
-1.391528424  
0.01311885241  
-0.4275163281  
-0.1470077633  
0.395524323  
0.5548370448  
-0.04750421107  
0.2105921854  
-0.5763191947  
0.01299257572  
-0.9351006164  
0.3833243296  
1.137825496  
0.9744008583  
-1.02169742  
0.3012295544  
0.8861645864  
-0.3778427531  
-0.8534175525  
-0.4875177124  
-0.6570101043  
-0.6525363983  
-0.4672297818  
-0.6680669363  
0.6753765723  
-2.339690629  
0.4694810079  
-0.08299948755  
-0.08938167051  
-0.5714477855  
0.8710830272  
-0.5399291627  
-0.8356287139  
-0.2704508301  
0.2588529341  
1.085820473  
1.883951238  
1.334806735  
0.6700805862  
1.084877098  
0.7698763157  
1.425448448  
1.917962088  
0.3585850596  
-0.1678804546  
-0.2448489134  
0.8136888837  
0.7861390729  
1.012800718  
1.10839326  
-0.2235071336  
-0.2098573068  
-0.2528030761  
-0.870882436  
-1.691903791  
-0.6760533291  
-0.6503892689  
-0.2791676712  
0.3389138697  
-0.3138073951  
-1.882119715  
-0.4634592375  
-1.457878609  
-0.7946478507  
-0.4021478128  
-0.2898957511  
1.068600562  
1.096466965  
-0.1609716214  
-0.4577238538  
-0.4221105434  
1.039524729  
2.163333498  
2.253944737  
0.8849338025  
0.8441785815  
0.08712734333  
0.7978880538  
1.16151645  
1.185844061  
-0.2912143574  
-0.4337696961  
0.1852061483  
0.1713260339  
-0.6993120863  
0.1230166829  
-0.9737476777  
0.1985837138  
-0.6119781933  
0.3341370538  
1.029605888  
2.397984094  
0.4362811001  
0.4970593872  
0.1942715471  
-0.5106460385  
0.5601053446  
1.242365983  
0.357103855  
-0.4868678592  
0.6730249083  
-0.5741976406  
0.4469550754  
0.5204111178  
-0.4025392793  
-0.4225149868  
0.7277436037  
0.5220584329  
0.2917016645  
0.5411453406  
-0.5509659815  
-0.7168660515  
-0.5206384508  
1.040242445  
-1.763102557  
-0.1838204259  
-0.2519466378  
-0.7948537268  
-1.001464933  
-0.204680117  
0.3520475056  
1.608731007  
0.4440507017  
-0.6420314077  
-1.360912094  
-0.8733266795  
-1.465187822  
-1.36550373  
-1.621406856  
-2.148236607  
-1.281986866  
-1.313055752  
-1.235723621  
-1.797742813  
-0.9534505245  
-1.381131865  
-1.410702377  
-0.9260541703  
0.7102881217  
1.388391624  
1.525109099  
1.207708239  
-0.5446638411  
-0.5503643286  
-1.002854867  
-2.179278526  
-0.2106345315  
-2.136714417  
-0.362596534  
-0.3100789612  
0.02335431379  
1.937521937  
2.075131919  
3.050270998  
0.6520948546  
1.014377485  
0.5922564866  
0.2723687109  
0.1871395397  
0.104984897  
-0.708306184  
-0.2803342546  
-0.07407861527  
-0.5387054722  
-1.045497913  
0.07538335488  
0.370380645  
-2.064177713  
0.5469089511  
-0.0003962846572  
0.02225603581  
0.3149026534  
-0.114558963  
-0.2017641805  
0.03194970651  
0.1418180862  
1.475835019  
2.122537077  
0.6366812124  
-1.444423876  
-0.04759255873  
0.1160962739  
0.6496803614  
1.557724439  
1.979084173  
0.4751916138  
0.3179790556  
0.2081000144  
-0.6204940739  
-0.1288183394  
0.1415595595  
-0.5500575765  
0.4021875081  
-0.03758509481  
-0.1324546245  
-0.7086209702  
-0.4307027591  
-0.5782052131  
0.08237102729  
-0.4247130459  
0.5605931267  
0.08639889129  
0.9759005419  
-0.08992524906  
-0.2700477453  
-0.3608216566  
0.789161959  
0.8678803716  
0.4431063699  
-1.531455502  
-0.02212051966  
0.6627003662  
0.9527097732  
1.332311766  
2.001350846  
1.634576208  
0.1694305647  
0.4922517802  
-0.2653515457  
0.7764544508  
-0.02457017904  
0.301844065  
-0.7198503587  
0.2999472414  
-0.1317127598  
-0.108567572  
0.8338226412  
0.4170129729  
0.1857793708  
-0.2045432065  
-0.4713545984  
-1.139108138  
-0.2860359238  
0.08339435613  
-0.4459303637  
0.2437915243  
0.3853201679  
-0.08506637754  
0.8024456136  
0.9538521675  
0.7466996479  
-0.009548858243  
0.487447959  
0.4857515487  
-0.3041507289  
-0.534512962  
0.005191449364  
-2.164078782  
-1.668774024  
0.05326176969  
0.8656471927  
1.705388657  
0.7865587212  
0.2383779547  
-0.1987971579  
-0.7153020894  
-0.09092126279  
-0.1570857697  
0.6539827318  
-2.055553705  
0.139868683  
0.5435243438  
-0.1976954787  
0.1652538501  
-0.5981418262  
-1.200841005  
-0.2198037167  
0.292750783  
-0.2638304153  
-0.2988921022  
-0.1703998968  
-0.71424598  
0.06194406315  
-0.2123658765  
-0.2989560404  
-0.01674665327  
0.5069742524  
-1.742784813  
-1.258076593  
-0.9507269035  
-0.4426763423  
-0.3756788694  
0.04818959518  
-0.0530457769  
0.08795478699  
-0.3537505656  
-0.4828253655  
-0.9553507865  
-0.5314558678  
-1.550820587  
-0.6026296721  
-1.018335747  
-3.756050379  
-1.30878197  
-0.9771712074  
-1.03216  
-0.7319952074  
-0.4165711461  
0.8606880416  
1.87437422  
1.894652561  
-0.2318589779  
0.1291875905  
0.4400099972  
0.6334243701  
1.697962985  
2.080532172  
1.586280581  
1.297971517  
0.3536614444  
1.311436882  
1.132434982  
1.503908078  
-0.2230003006  
-0.4029718572  
-0.6457598623  
-1.389056196  
-1.089343619  
-0.3692835307  
-0.1223754603  
-0.7802539963  
-0.3627960107  
-0.1708092545  
1.35772321  
1.417534826  
2.792598003  
0.2223868676  
-0.2731757825  
-0.02256915554  
1.046456272  
1.727971955  
1.345506505  
-1.567070503  
0.6047090855  
-0.3867966117  
-0.2866736724  
-0.2662447056  
-1.07900703  
-0.8167105271  
-0.1939259071  
-0.6115917154  
0.0353504745  
0.4290279844  
0.956462157  
0.0873928838  
-0.1671075628  
-0.05144611207  
1.323786507  
1.894920899  
1.566824159  
-1.397975479  
-0.4583196424  
0.2755717953  
-0.3641157732  
-2.57776132  
-1.520039706  
-3.58391115  
-1.687438354  
-1.222989303  
-0.4598008119  
1.065737748  
-0.003377473121  
-0.4124116906  
-0.7136478872  
-0.9647899875  
0.112842932  
-0.4107520776  
0.7258295853  
-0.0864964831  
0.1459767977  
0.4620119807  
1.097234313  
2.437687142  
1.546403434  
0.5268683223  
-0.04496409425  
0.8755828794  
-0.2212202425  
1.043476323  
0.6650416069  
0.11120627  
-1.074019795  
-0.1918145574  
-0.1416889717  
0.560122668  
0.3986955117  
0.3276713107  
-0.8371965137  
-0.5767240226  
-0.3215374332  
-0.1511047608  
1.049419644  
1.511851482  
-0.735981962  
-0.8816531746  
-1.021469845  
0.7746504529  
0.7806366427  
0.1530336018  
0.1074530053  
-0.7285399936  
0.1719106772  
0.6174031726  
0.489737785  
0.3441696114  
0.4256489843  
-0.3793026577  
0.08593757588  
1.156216382  
1.375655093  
-0.1084664588  
0.2406241995  
-0.3476448255  
1.167010123  
0.7035169387  
1.682378071  
-0.2196274513  
0.4270109087  
-0.6816282117  
-0.627064237  
-0.9855253915  
0.3396677534  
-0.5471954989  
-0.2177595288  
-0.1118068068  
0.2963315043  
1.490838375  
1.220489363  
-0.2658601032  
0.1308869221  
-0.1020216725  
1.120680939  
1.211707672  
0.4518784428  
0.5343063466  
0.06197249563  
0.7424272852  
-1.18361887  
0.3761396727  
0.8169706292  
-1.436149045  
-0.6647247652  
-1.90140856  
-1.380580909  
-0.3011956862  
-0.5871530425  
-1.699100398  
-0.6283766687  
-0.7028932653  
-0.2252592475  
0.04592229129  
0.1255654889  
-0.9748085233  
0.04665195888  
0.07432495071  
0.7753012799  
0.8834811463  
1.646665918  
-0.9311083178  
0.1901192338  
0.2398710519  
1.287740146  
1.646346583  
2.498996319  
-0.02537210642  
0.4641427772  
0.1409242995  
1.046103549  
0.1535716267  
0.2021329645  
0.6660632185  
0.03225964384  
0.5195446202  
1.103089109  
0.6491373321  
-0.1342351497  
-1.308013881  
-1.693337586  
-1.688622635  
-1.864173219  
-1.558825925  
-1.923215468  
-2.091824313  
-1.812412686  
-1.827140266  
-0.4865588526  
0.5543840314  
1.290813284  
0.1943221021  
-0.1549253168  
-0.2511914232  
-0.9697254642  
1.199753512  
1.367604527  
0.115228617  
0.1873657858  
-0.4106358152  
0.3405062141  
1.869158655  
0.8411376964  
0.3249111542  
-0.1449034167  
-0.4653062904  
-0.3509975394  
-1.073792662  
-0.5771397537  
-0.7192125867  
-1.464528903  
-0.728816052  
-0.08975334562  
0.7758991195  
2.068930771  
-0.4218774719  
-0.3681048183  
0.03745798043  
0.5435823892  
1.43759312  
1.361566186  
-0.221700426  
-0.5392449845  
-0.2713235148  
-1.090625894  
-1.095770197  
-0.8029853595  
-2.570483965  
-0.2067747893  
-0.2504551077  
-0.2851207388  
1.402192036  
1.521802049  
0.3966449168  
-0.7204244768  
-0.8598393228  
-0.6273291393  
-0.87145554  
-0.7355134368  
-1.167990157  
-0.5421211076  
-0.9663947786  
-1.417214133  
-0.7149841832  
-1.526167461  
-2.01766543  
-1.826105586  
-0.8669352977  
0.1657936591  
-0.7836847196  
0.3850551356  
0.8780405722  
0.3243923279  
0.5344205603  
1.088239557  
1.50147207  
2.514100422  
0.8028966005  
0.8027545888  
0.2955167692  
1.712254592  
1.823839838  
1.222023055  
-0.8484282328  
-0.2774992197  
0.005598225247  
0.231647064  
0.1303925383  
-0.3920019343  
-0.8739289526  
-0.1866555514  
-0.299424868  
-0.3243863133  
0.03567214478  
-1.509935471  
-0.1865774108  
0.003325000687  
-0.4997844171  
1.194217022  
1.965118056  
1.852624138  
0.02925044292  
0.5264861342  
0.3314870965  
2.22870748  
1.274411787  
0.7206125853  
-0.1365407093  
-0.1328014503  
-0.8975093291  
0.5538316803  
1.416787085  
1.169183988  
0.4336407633  
-0.225900832  
-0.831913861  
0.8389796728  
1.11122097  
0.7352821909  
-1.070957441  
-0.9972644646  
-0.6564915664  
-1.157620201  
-0.4567021569  
-0.5934487536  
-0.9457575685  
-0.9308303317  
-0.3517396687  
-0.1722380538  
0.8351110192  
1.091710511  
0.5558403695  
1.317286866  
1.115833651  
0.1848175025  
0.4626578353  
-0.1022260365  
-0.4115571148  
-0.1193496842  
-0.4151075835  
-0.5421177185  
-0.2909632226  
0.02025871469  
-0.2832700961  
-1.062791775  
-0.7389408001  
-0.7272744332  
-1.052946183  
-0.3663737555  
-0.9436127577  
-1.372735038  
-0.5033554361  
-0.3285253225  
0.5549815064  
0.2376508494  
0.4245547748  
-0.5491600003  
0.01570944781  
0.3095844863  
0.2292402194  
0.8105669002  
1.601196307  
1.291074548  
0.3919820977  
0.5351558353  
0.9592466706  
-0.08953487601  
-1.306290527  
-1.386270175  
-0.02765427908  
0.4866297007  
0.5082893108  
0.2913392666  
0.4117794229  
0.9188174542  
0.3533688492  
-0.3963144756  
-0.2934724155  
1.497710075  
1.298409128  
0.6086606242  
-0.3915861312  
-0.1183479221  
-0.6064135588  
0.6024326557  
1.145566688  
0.5941330026  
0.3087387574  
0.2890208354  
0.2691277366  
0.1421826398  
-0.2409432059  
-0.1673099579  
-0.9739949495  
-0.8420335985  
-0.7141580599  
-0.1950064456  
-0.5383248357  
0.1339639741  
-0.5850622308  
-0.8433071376  
-0.7641085512  
0.07095135616  
1.332731434  
1.532879948  
1.438628469  
1.278409826  
1.519187917  
0.8986813971  
2.589115041  
3.385356865  
1.607846267  
0.06841594407  
0.9815359363  
0.6927597818  
1.456949352  
-0.3097164559  
0.6237904144  
0.3842268063  
0.1558355807  
-0.3554631289  
-0.5120696169  
-0.5900265595  
-1.680107846  
-1.422461335  
-1.544936975  
-1.790831204  
-1.25727565  
-1.166032141  
-1.5063191  
-1.89475576  
-1.273014952  
-0.5859570579  
-0.766759979  
-1.2951784  
-1.422638851  
-1.06589847  
0.3820576128  
0.346921668  
0.412601156  
0.4797771103  
-1.141424929  
-0.6541985968  
-1.079876427  
0.3448048456  
0.05743768007  
0.07475313542  
0.1848533817  
0.2930019864  
0.501331233  
-0.3311658749  
0.4328808407  
0.5154007365  
0.006207824454  
0.001509390661  
-0.01153916168  
0.2976636915  
-0.9894573428  
-1.567492803  
-1.326711286  
-2.057267861  
-1.98680781  
-2.476092207  
-3.161666382  
-1.928935896  
-1.077933112  
0.6000581308  
1.523113624  
1.178816168  
0.4331348618  
0.3708091596  
0.3392851099  
1.076638281  
-0.5379645996  
0.09277493768  
0.3362885914  
1.471230285  
0.2913426676  
1.823511397  
1.96100689  
2.292239597  
-0.0569420926  
-0.5423835442  
-0.7911856016  
-0.7595870786  
-1.295434234  
-0.9698356405  
-1.87468704  
-0.2315043491  
0.9934973191  
0.0005307731736  
0.7948131848  
0.3640003916  
-0.6504760569  
0.05493298092  
-0.4867417586  
0.06129620757  
0.8078094087  
1.467138544  
1.803102536  
-0.228373026  
0.09234422639  
-0.2093712061  
0.3558664286  
0.5133668842  
0.03401539447  
-0.6567220592  
-0.01832708785  
-0.6180502427  
0.02100615168  
-0.8348062559  
-0.9443027858  
