-1.012820334  
-0.02513107572  
1.65560675  
1.431493592  
-0.007595075279  
-0.002712963126  
-0.8303756299  
-0.4007699546  
0.4246668321  
-0.9710991236  
0.2061272281  
-1.878112546  
-0.6322929853  
0.7132453075  
-0.5824548345  
-0.4969500971  
0.4299243553  
-0.8936283195  
1.882241518  
-0.6858675258  
2.241052484  
0.2066375642  
-0.4313489943  
1.749744367  
-0.9534519195  
0.2970338606  
-0.4320844866  
-1.166499349  
-0.4438635236  
0.6067626873  
1.107619383  
-0.818805052  
1.284126167  
0.00406509985  
-0.1965107239  
2.50170215  
-0.5775821368  
-0.2588323115  
-0.2364859051  
-0.827523414  
-0.2492690244  
0.3104058598  
0.5711210337  
0.3777287808  
0.3604137431  
-1.075623676  
0.0427814343  
0.109930587  
-0.3193202022  
0.229456037  
-0.3380074213  
0.7621270341  
-1.520536032  
-1.437974614  
-0.5020035378  
-0.2925156402  
-0.8571059433  
-0.6828432231  
0.02841971371  
-0.9537577057  
-0.4911771515  
-1.183065317  
0.4844742197  
-0.3944407355  
0.6557279262  
0.4657886975  
0.920017341  
0.1204408691  
0.4331928193  
-0.7963346416  
-0.1477443563  
0.620719117  
0.2721376565  
-0.1309512229  
0.08555073766  
1.616360775  
1.454728368  
-1.160959406  
0.5752236764  
-0.01038350153  
1.235857354  
-0.2074286479  
0.2424283888  
0.05159414445  
0.5286542027  
0.6329417114  
0.297870415  
-0.009004454654  
0.05370001519  
1.307371869  
-1.729543133  
0.04493704868  
0.7050022176  
-0.2581521605  
1.155516966  
0.08628674786  
-1.509667743  
1.970035015  
0.8763324123  
-0.04222233159  
-0.4978001522  
0.1572803707  
0.361559782  
-0.744633414  
-1.14552835  
0.7679942944  
1.384775348  
-1.388878582  
-0.1588176725  
0.01051115688  
-0.2547881317  
0.7069459796  
-0.4561111122  
0.9498663086  
0.162386343  
-0.4668618718  
-1.284675907  
-1.839392664  
-0.2249890265  
-0.8092634315  
-2.071606969  
-0.8849260299  
-1.090202039  
-0.08179633043  
0.5557065546  
-0.6946908992  
-0.4447030267  
0.5327612893  
-1.509025355  
-0.3005437214  
0.5395136408  
-1.344511506  
-0.07190093872  
-0.80757517  
0.7093451972  
-0.1832304429  
-1.766618795  
-1.730500575  
0.5218510655  
-0.07364243569  
0.3363519399  
0.5155685966  
0.01482299069  
0.1096080195  
0.7922841074  
-1.759619214  
0.03843946163  
-0.6205296044  
-0.354580371  
2.408900318  
0.9920135565  
0.7987456161  
-0.3503545495  
1.002126319  
1.308088775  
0.8031904002  
1.250867819  
2.165958129  
-0.6485746735  
-0.3392570871  
-0.3343114904  
0.2867869325  
-0.2271877316  
2.716675586  
0.1661020922  
2.926135563  
0.5491111507  
-1.677376095  
0.8029663651  
0.9685328497  
-0.6797572926  
2.120346317  
0.2959494482  
1.948214781  
0.6207618439  
0.4749009606  
1.219506175  
0.85463601  
0.4551136693  
-1.331962349  
-0.09838096754  
-0.5185813487  
0.183622565  
3.070156963  
0.7032195653  
-0.8931046112  
-0.2166879901  
-1.465084951  
-0.5553905083  
-0.289914048  
1.820096834  
-0.5764255144  
-0.6917923034  
1.100476009  
-0.3705769399  
-0.3534535337  
-0.9655040958  
-0.9912112701  
-0.44037544  
-0.9776266347  
-0.03475136342  
-0.4640012696  
-0.4402595547  
-0.2489432909  
-2.964107886  
0.2578915843  
-2.078309759  
-0.5673118367  
-0.8171421137  
-0.4831736216  
0.9316589643  
-0.6087148142  
-1.15888477  
-0.4398667123  
0.921728169  
-0.323676623  
-0.006375218617  
-0.208493813  
-0.4805193094  
-0.7373033339  
0.7737609971  
0.4179739205  
-1.341175808  
-1.602555399  
0.6706293094  
-0.008725211028  
0.2101358008  
-0.1897444693  
0.3313939004  
0.7170158639  
-1.134558015  
1.930548793  
0.5267936452  
-0.3605473946  
0.4316219216  
-1.158881662  
-0.5337180471  
-0.06462777767  
-0.04473097365  
0.07192899213  
1.152342259  
-0.1635118089  
1.729975177  
-0.8532916886  
-0.2884432963  
-0.265946865  
-2.683329778  
-0.5736936908  
-0.0450507419  
0.160877351  
1.725338477  
1.359810755  
-0.4873186977  
1.80205264  
0.4291908  
1.05821873  
0.799359782  
0.8118587794  
-0.6657036431  
0.2835916148  
0.8025282896  
-1.343316577  
0.7326910259  
0.1274544738  
-0.2298898165  
-1.193835137  
-0.2241866316  
-0.9058047464  
-1.810009356  
0.4657771026  
0.2853811718  
0.6744659039  
0.3244762303  
0.1739904234  
0.3999131202  
0.2042882783  
0.551721088  
0.4847217253  
1.238045952  
1.25825951  
1.187994832  
-0.7027938332  
-1.313036831  
1.322693613  
-1.733481875  
-0.867092281  
1.02725466  
-1.484478394  
-1.412856188  
-0.5077063742  
-0.897958414  
1.057418892  
-1.132162377  
-0.6678762824  
-0.430705322  
0.578958513  
-0.2410801682  
1.755216601  
1.241670738  
1.274827035  
0.3589735445  
1.125315028  
-1.050739017  
-0.4052287845  
0.2985282414  
-3.071047122  
0.08134499344  
-0.566905268  
1.153156159  
-1.412155133  
2.193600967  
0.7430028734  
-0.07591247836  
0.4196469048  
-1.029559568  
-0.5782507771  
-0.2563389356  
-0.12929082  
1.243004345  
0.05945435921  
1.034633699  
2.068477785  
-1.265562989  
-0.3778974044  
-0.3977388177  
-1.829273742  
1.512477272  
-1.611626589  
0.9258308687  
0.1400414902  
-0.04597659135  
0.5298823441  
0.1023578895  
1.078809662  
0.01330583157  
-0.07482130456  
1.665907968  
-0.3989866895  
-0.1909982555  
0.6064679865  
1.860528678  
1.68333532  
-1.131074494  
1.280161909  
-0.649046894  
1.383476498  
1.464038042  
1.056254345  
1.304174732  
-0.3911148731  
-1.768067851  
-1.164486874  
-0.9800413508  
0.4833102167  
-1.193727203  
0.2918572967  
-1.220992402  
0.2880617547  
-2.165515008  
-0.860975353  
0.08709182185  
-0.5274430626  
-0.4649160242  
-0.4481304986  
-1.786040376  
0.03315964852  
-0.05728156841  
-2.013963042  
1.865660684  
0.1711419717  
-0.5167696657  
-0.3501130536  
-2.437544781  
-2.321473368  
-0.1537913506  
-0.313665954  
-0.6258891975  
2.337327133  
0.3677906042  
1.258809009  
1.068153268  
-0.09142757032  
1.012496787  
-0.3650622989  
0.245174302  
1.297931538  
0.6955799485  
0.07006980398  
-0.6548771791  
-0.1034814415  
-1.39192165  
1.790416784  
0.1286773684  
-0.2165379653  
-0.4330507499  
-0.6753591484  
-0.4280006897  
-0.06838926379  
0.2454156253  
-0.5523989715  
0.159542933  
0.5602266133  
0.2874250305  
-1.039552383  
-2.251757578  
-0.441072131  
-0.542329202  
-1.317985622  
-1.329321927  
0.7258120731  
-0.1586154891  
-0.9603735914  
1.171291689  
-0.1764307191  
1.506112689  
1.231992518  
-0.8838217978  
0.2026929567  
0.9495002977  
-0.02691963596  
0.05689912827  
0.5589628974  
-0.01351419293  
0.3575809886  
