-0.01171619041  
0.133151139  
0.6464030128  
-1.040178432  
0.7019974948  
0.7559111325  
2.003621206  
-0.655983399  
0.3702683108  
-1.127926747  
-0.2785290612  
-0.161450178  
1.137133338  
-0.7558728076  
-0.7592284609  
-0.667978906  
1.591992345  
-0.2861804005  
0.4994615756  
-0.6084277269  
2.28403279  
-0.3658833627  
-1.367293291  
-0.6484800558  
-0.2465940676  
-2.004043948  
-1.249059978  
0.502739124  
-0.01243525958  
-1.023355915  
0.02228211613  
-0.0009608043057  
0.9740420743  
-1.078447004  
-1.374417071  
1.60676589  
0.3865257674  
-0.0807620528  
-0.5995639217  
-0.08464516958  
-0.6872017961  
-1.089078973  
0.3100299466  
-0.2158064936  
-1.287581087  
-0.004441991652  
0.01493957064  
0.1385707124  
1.683659196  
0.1768829293  
0.2624498456  
1.739623919  
-0.2082178038  
-1.149165249  
-0.7672411136  
-1.39400679  
2.307833673  
0.7904243926  
0.6487451058  
0.02037978487  
0.3909108178  
0.1832381683  
0.5063175288  
0.2055769484  
0.3531274737  
1.467129658  
0.8233216101  
0.5822156797  
0.01363614713  
0.3893583535  
0.3521623889  
0.09513311939  
0.413428773  
0.6542652026  
0.0382325903  
0.0006543167623  
0.1349357048  
-1.738946434  
0.1324468156  
-1.07535246  
0.1984093794  
-0.02492338565  
-0.8961668518  
-0.7416234167  
0.9349358718  
1.06623339  
-1.291285443  
0.1672527161  
1.78117117  
1.402012793  
-1.151200627  
-1.513445173  
1.444955229  
0.040767709  
-0.6352102046  
-0.6016337735  
0.1665653754  
0.05429182997  
0.3834719967  
1.93915633  
0.390606204  
1.12481191  
0.5729216336  
-1.348096564  
0.2380627206  
-0.3942434421  
-0.9498448452  
-1.764072606  
0.2424929977  
-0.488554627  
0.4490607695  
-2.934534545  
2.462087262  
0.653823644  
1.001498594  
-2.026955419  
-0.4226915927  
-0.5631509832  
-0.6616080576  
0.008487246374  
-1.072758378  
0.3620073322  
-1.645722333  
0.1113281845  
-0.09866858966  
-0.2048695203  
-1.235109811  
0.2032334417  
-0.02788748528  
0.8016457515  
-0.5282749953  
-1.621425044  
0.9986832343  
1.487657568  
-1.527033381  
-0.4626860782  
-0.4672598067  
-0.6238675959  
-1.062649074  
1.343326257  
1.398101351  
-1.118975024  
-1.067873192  
-1.198953476  
0.6026755794  
0.6439116696  
-0.3981293178  
-0.5799965109  
-0.01980592115  
1.295983155  
1.305074936  
-0.1501879736  
1.306034537  
0.2933915731  
-0.4057378458  
0.5029418632  
0.2632148654  
0.2604055697  
-0.9590935425  
0.7616786017  
1.256267359  
0.8652477043  
0.3141617962  
-0.7349250602  
-1.527432434  
-0.07374618349  
-0.01069933217  
0.4112251755  
-0.5068983879  
0.9352996732  
-0.2231018692  
0.5623269295  
2.117672599  
2.947087219  
1.321056758  
-0.2273476271  
0.8916824804  
1.229344997  
-0.9976698352  
-0.2163202534  
-0.2047690622  
0.09386951621  
-2.254602692  
1.1844943  
1.963250948  
-0.3890655632  
-0.9514396549  
0.2010349865  
-3.347609421  
-0.522771676  
0.1316226821  
-0.4927083861  
0.02117158695  
0.2536736147  
1.421379007  
-1.24411664  
-0.156874851  
0.385652409  
-0.978393745  
-0.0855447787  
-0.677104488  
0.375620732  
0.156717799  
-0.9784925346  
1.160854608  
-2.014058789  
0.3635749226  
-2.144931342  
-0.2567016568  
0.2378181034  
-0.1440279986  
-1.262979484  
-0.5420395607  
1.386027314  
1.721667133  
-0.02155570975  
0.8786442747  
-0.296546206  
0.6537136658  
-1.357488293  
0.7223613968  
-0.175296246  
0.1929601989  
-0.4800065556  
0.4348190576  
-0.1213292329  
-1.00840665  
-0.1813778223  
-1.537419944  
0.6110685693  
0.5066232211  
0.4326018877  
0.4222488567  
0.7176741946  
0.529683144  
-0.5869942986  
1.305578734  
0.2691034722  
0.2098812963  
-0.3112439181  
0.5571669264  
0.3897332717  
-3.505199393  
1.495597243  
-0.1103699679  
-1.631712218  
-1.752493975  
-1.172403716  
-0.3503853818  
0.1427176869  
-1.34945051  
1.77058171  
0.6444239852  
0.8177425078  
-0.1984279139  
1.599917189  
0.04930062274  
0.4809860572  
0.7313904798  
0.5643210181  
-0.08827317921  
1.392976161  
2.69249554  
0.04005821524  
1.541962513  
-0.3361274153  
1.44838499  
-1.339233441  
-0.8095061489  
-1.00359033  
0.5886984867  
0.4565781469  
-0.2650138216  
-0.9576518398  
0.6575619828  
0.2370277547  
-0.2599645516  
-1.2751918  
-0.6393149172  
0.5541396466  
-0.1249865583  
0.7610892833  
0.09499235044  
0.6135306105  
-0.2743987253  
-0.04411675034  
-0.1414800487  
-0.2229050397  
-0.5927337095  
-0.4941615143  
-0.3852784324  
-2.166819178  
2.915367992  
-0.7264673925  
0.4183993244  
-0.8343228302  
-0.5854979791  
0.5705462928  
0.4730135793  
-0.5612595315  
-0.3270814817  
-1.070858626  
-0.1913586824  
-0.5619426222  
-0.3457869146  
0.3454238114  
0.452938096  
1.321349162  
0.1211487713  
-0.555279755  
1.085895156  
0.8368674636  
1.499063531  
-1.924362901  
-0.9229529889  
0.08905559457  
0.1883048219  
-1.088694428  
1.887865774  
-2.412681782  
0.540408891  
-2.9965944  
0.05303158627  
-0.5963043273  
-0.6150971532  
1.591599641  
0.188456302  
0.2251729267  
-1.530719074  
1.139664142  
0.6354978974  
1.69770359  
0.8984940869  
1.710898083  
0.7151487312  
0.1272535608  
-1.226500558  
-0.7978603203  
1.853982479  
1.855092256  
-0.7156387536  
0.1072959241  
0.05600373565  
-0.2985427955  
0.373928964  
0.02211468402  
0.9151011965  
-0.5129519827  
0.4553046292  
0.2130221469  
0.2871138092  
1.514657007  
-1.318876732  
-0.4604860053  
0.8445537681  
-2.020140981  
-1.017709593  
0.7780137584  
1.004970243  
-0.2819212644  
0.07355692154  
0.02785559309  
-1.602074617  
0.1446891675  
1.163831499  
0.07989071283  
-0.3056077122  
-0.572039196  
0.8540419052  
0.5610288575  
0.01361130027  
0.3419794242  
-0.03466894584  
-0.8982579954  
0.0009672201318  
-0.1392819373  
-0.9253944237  
1.241350971  
-0.4025538502  
-0.8801259132  
-1.152774394  
-0.4352791995  
-1.51127185  
0.6550899302  
2.265824293  
-0.2174054774  
-0.6314498614  
-0.3167215982  
-1.98685545  
0.4033037541  
-0.3694228286  
-1.469801804  
1.840592813  
0.2799356656  
0.9465869933  
1.28374822  
-0.5087435589  
-0.3585028624  
-0.142752002  
-0.6660395989  
-1.483112484  
0.6217157639  
-0.2378360695  
-1.745247755  
-0.2426018295  
-0.5846433751  
-1.678700124  
-0.8149241528  
0.9495258602  
0.2696975563  
-0.2530449441  
-0.6538885433  
1.253967357  
0.5268833761  
1.609848749  
0.7486512975  
-0.1492178298  
-0.1574932006  
0.2569834766  
0.7897718786  
-0.1442243953  
-1.125002097  
0.223892744  
0.353727899  
