-0.2457859508  
1.402556324  
-1.116551123  
-0.4821851681  
0.4238363729  
-0.0521040574  
1.651944473  
0.0178352261  
-0.3527192757  
-0.3476203237  
-0.3077840072  
-0.4133180661  
0.3611695172  
-1.261642771  
-0.06986635649  
-0.1701550377  
0.217538303  
-1.22543357  
0.9808463933  
-1.217672046  
1.645677251  
-0.934761518  
-0.03945114816  
1.664292468  
0.5575000292  
-0.6268933327  
-0.9516855338  
-0.4946896887  
1.90729592  
-0.2358804457  
0.2589882884  
0.9980113656  
0.8061429231  
-1.518604501  
-2.331789105  
1.133984492  
0.05508561222  
-0.9483901356  
0.1236804495  
0.8469799566  
0.6415010063  
0.619948356  
0.3497141825  
-0.08307220123  
-1.45798202  
2.289734319  
-0.179505085  
1.88839364  
0.04604236629  
-0.3059476959  
0.4118837762  
-0.08819984423  
0.9811921356  
-0.3497269669  
-1.180720035  
0.03817330133  
0.1762240819  
1.296469161  
0.8822936094  
-0.4711712139  
-1.25527622  
0.3282095835  
-1.85226711  
-0.09144836259  
-0.6355435493  
0.1663088052  
-0.2136851978  
0.6951184237  
-1.500639517  
0.6420234347  
1.71921928  
0.05756530789  
-0.6556294504  
-0.3221496121  
-0.1086808346  
1.860786192  
-0.2995371531  
-1.119158628  
0.2874442004  
-0.349072087  
1.139817188  
0.05842928378  
0.09280409103  
1.1767637  
0.003451069318  
0.1820278979  
0.8219127826  
0.9455520462  
-0.7394331677  
0.5496492239  
-0.6725011202  
0.2400281228  
-0.4031942081  
-0.2552008461  
-2.581594886  
1.542986186  
0.7107209103  
-0.1864251833  
-0.06512777819  
1.709459177  
0.5615707802  
0.1576254497  
-0.1274218216  
-0.9233575392  
0.1252689869  
-0.1946154627  
1.236610815  
0.2107256532  
-0.227844137  
0.9507672075  
-0.1970238724  
-2.295287441  
0.8069809  
0.5223907614  
0.04701325975  
-1.152594522  
-1.420674594  
-1.151380408  
0.2981421726  
-1.103607903  
-0.06011966262  
-0.5281882543  
0.08859934887  
-1.224254544  
-0.5921843965  
-0.5703445465  
0.8387682174  
-0.7270745551  
0.684459818  
0.9888433048  
-0.4722945902  
0.2381434563  
0.2440226071  
-0.3305154582  
0.4482275548  
-0.07868869386  
-0.2004720217  
-0.2422043239  
-1.570973079  
0.8898566283  
0.4144045677  
-1.049221384  
1.636212977  
-3.286555484  
1.688596239  
-0.05210766681  
0.3976104977  
-0.7884693481  
-0.5172430395  
1.521717393  
0.5449496757  
1.576898978  
-0.1943631886  
-0.2106636728  
-0.2096294168  
0.7176456643  
-0.09026187154  
-0.09474872797  
-3.328218735  
1.491139574  
0.712263983  
0.4348929944  
-0.1957957739  
-0.255146007  
-0.1673977768  
-1.772492924  
2.702747901  
0.4178472072  
1.740302688  
-0.6632364968  
-0.5431793369  
1.713725515  
-0.771310064  
2.065160506  
1.328090148  
0.04204421759  
1.158126322  
0.05674900993  
-0.6813663161  
0.4505051138  
1.667139512  
-0.06510938606  
0.4108843775  
-1.853295219  
0.6348670559  
-1.35899145  
-1.713234456  
-0.3697959155  
0.5141051858  
0.07979201986  
-1.276661185  
0.4960545405  
0.9783460749  
-1.193873883  
1.110763346  
-1.542743091  
-1.008156612  
0.9182438605  
-1.019574245  
-0.3366423386  
-0.6930074835  
-1.552878392  
-0.6094647499  
-0.7830795287  
-0.7320768844  
-0.6723020156  
1.912916055  
-0.6050661737  
-0.1017854716  
-1.406470647  
0.08645851559  
-1.500476155  
1.523834281  
0.5753289298  
0.6955796262  
0.8202245777  
1.067060036  
-1.285125798  
-0.1933846045  
-1.769170747  
0.128325182  
1.112532144  
-1.19840538  
0.3855971556  
-0.2056884318  
0.1096365502  
-2.173093975  
0.9857342868  
-0.03951513309  
0.6287882282  
-0.5430020764  
0.6012296695  
-0.01562980541  
0.3806242236  
1.536692912  
1.552526772  
1.691615344  
1.886119003  
1.238565774  
-1.374603764  
1.387602494  
0.4578468539  
-2.317067901  
0.008237694073  
-1.107743917  
-2.426025648  
-0.9326933734  
0.675565586  
-0.1348285275  
0.8619212494  
-1.704950296  
1.734933656  
1.47168595  
-2.235641399  
0.5084971463  
-0.4952114022  
1.531308586  
0.8884634094  
1.202242495  
0.6777399008  
1.114549566  
0.2970842008  
-1.00955387  
0.4900755682  
0.0197963194  
0.02538497508  
1.094068458  
-0.4988666706  
-0.3071586135  
-0.2016039617  
1.471666501  
0.5516333263  
-1.184907127  
0.3119667654  
-0.5904316498  
0.213267408  
0.0368629086  
0.1569969012  
-0.9806621698  
-0.1073016824  
-1.265472861  
-0.6271276895  
-0.8824537284  
0.8451277502  
0.2403012956  
0.1987107612  
0.1142908076  
-0.1421485615  
-0.2886464846  
1.03941474  
0.1112155474  
-2.086227858  
1.016262695  
0.4150544827  
0.2509958698  
-0.6187114091  
-2.40780788  
-1.316361292  
-0.511767282  
-1.177321053  
0.7914590202  
0.2328706834  
0.5657424489  
-0.4126113676  
-0.8688621923  
1.806891754  
-1.279030783  
1.697884632  
-0.1326020269  
0.04055352681  
-0.8972453641  
0.5134823951  
-0.6821565533  
-1.268486627  
-0.05693889744  
-0.6664644152  
0.2231594193  
-0.3928699943  
-0.9938317965  
-0.3052001074  
0.9637255888  
-2.954289829  
-1.633647166  
0.1440209432  
0.04788962563  
1.831251609  
1.42914564  
0.2094376773  
-1.422365499  
0.2662062948  
1.247517814  
1.016705657  
0.1854942715  
1.959776241  
0.8655539976  
1.347063207  
-1.563012923  
0.009159185316  
0.2367770028  
0.5270390065  
-0.6188174281  
0.5181160107  
1.988651368  
-1.034819051  
1.226394016  
0.35313114  
-0.5979807531  
1.544395688  
0.2168928485  
-0.04726301689  
-1.554675379  
1.10406624  
0.8704035305  
0.499777784  
-0.7740760851  
-0.2131999325  
1.837817512  
0.7878815471  
1.326735859  
0.9520264685  
-0.06449450738  
0.02211613993  
-0.1839404613  
1.087289018  
-0.1279513616  
0.135564476  
-0.4050556302  
-1.641554542  
-0.4495072187  
-0.1666953633  
-1.032432197  
-1.394297433  
0.6700692735  
-0.6713368929  
0.9892676965  
-1.76975052  
-0.08444704614  
-0.2521962624  
-0.191664976  
0.0859970817  
0.3102482224  
-0.5851559876  
-1.55269715  
-1.044891009  
-0.165403489  
-0.1813556459  
-0.4921174301  
0.1577350137  
-1.397081246  
0.5677804415  
-1.238722798  
-1.934573258  
1.462447083  
0.6545811209  
0.5472348226  
0.3073010397  
-0.371537412  
0.5262400725  
0.7967042111  
0.658240943  
-0.1834591335  
-1.390686606  
0.1023555348  
-1.275481955  
-0.3611217161  
-0.1635105038  
0.4593711536  
-0.39188673  
-0.3121319505  
0.5354209192  
0.2315952058  
0.1922669289  
-0.6623736016  
0.198312678  
0.675533977  
1.652901052  
0.5014864542  
0.8058761003  
-0.778449747  
-1.132753146  
-0.3036136505  
0.3566793167  
0.426582028  
-0.9013358061  
