1.633774157  
-1.268942437  
0.6223593442  
0.3712564587  
0.2836535767  
-0.1028314932  
-0.01132754751  
-0.4829780476  
0.1447110703  
0.05569070643  
-1.043132679  
0.7287069325  
0.7893080536  
0.2912589082  
0.9096548142  
-1.123529743  
-0.7685420893  
0.08328112796  
-3.1186186  
-0.1545117178  
-1.18314159  
1.217424904  
-0.06239139907  
-0.9758110291  
0.6953176835  
0.7941090198  
1.182445256  
1.187769208  
0.2362514376  
1.406337117  
0.2975968351  
0.3543769942  
-0.5923135514  
-0.7268850405  
-0.2298979593  
-2.153773447  
1.118379997  
-0.6102748187  
-0.1795132356  
-1.896824344  
-0.3628817214  
0.9508441604  
1.45224959  
0.2549889925  
-0.6123750054  
-0.2085069725  
-0.605264083  
-0.7946565953  
1.674416354  
0.02264887696  
1.488256838  
-1.068464358  
0.3544162889  
-0.681971227  
1.181964163  
1.785946176  
-0.5045250193  
0.477153186  
0.1386497113  
1.090763028  
0.9809905972  
-0.1964695003  
0.9972660242  
-0.2371361008  
1.210599981  
0.1385110211  
-0.03689549101  
0.6413979892  
-0.5568108032  
0.08190732786  
-0.4493858314  
-0.9620049969  
1.433578838  
-0.3415422235  
-0.001795284319  
0.2769986582  
0.1008777308  
-0.1101653727  
-0.3152575242  
1.680614048  
0.4260617444  
0.704178786  
0.2232824631  
0.7288579361  
-3.004734735  
-0.03115864814  
0.4031238072  
-2.960830693  
-0.2444559596  
-1.486865751  
-1.965580814  
-0.142014555  
0.5936488265  
1.453184396  
-0.9766532428  
0.1211952223  
0.8067190154  
-0.5976104278  
1.413494745  
-1.604328009  
0.7847874984  
1.76969036  
-1.198537957  
0.1945443328  
-0.01874388308  
0.640947502  
1.022032652  
-1.008374622  
0.4546292145  
-1.109619257  
0.6254765522  
-0.2042704263  
-0.8272987541  
2.297785199  
-0.1650659339  
0.5005619662  
-0.7133147353  
-0.9066186589  
-1.287331317  
-0.000775237428  
-0.3818084654  
-1.930437787  
-0.2836764041  
-0.5854004097  
-0.396479006  
0.1874603229  
0.7177148088  
0.504805905  
-0.9420736628  
-1.126407834  
-0.9601623139  
-0.3047333916  
-0.5442409974  
-0.5928498663  
-0.1102945958  
-0.03547414551  
-1.343588622  
0.520318443  
0.4028502935  
0.6072570304  
0.9575896398  
0.02172286555  
0.4630068177  
-0.05044868186  
0.254593283  
1.206906255  
1.162792584  
1.028272631  
1.173740057  
-0.01229697962  
1.705605868  
0.08067449949  
0.6808420165  
-0.4947727667  
-0.5337302603  
1.343933085  
1.779950147  
0.6137406233  
-0.5404379202  
0.04428126399  
-1.229912352  
0.2061567451  
0.9837300627  
-3.430460055  
-0.0002165440267  
-1.775053074  
0.655875201  
-0.1998754748  
-0.0716092716  
0.7831370962  
-1.273677464  
-0.4727562993  
0.7575136165  
-1.993823982  
0.2252575422  
0.2402283939  
0.3735709951  
0.9624925287  
-0.1527130449  
0.457391341  
-0.1458738155  
1.431199375  
0.243759447  
-0.7278214418  
0.1290457141  
0.6441559067  
-0.1106448211  
0.6763692851  
-0.3962941116  
0.2116894515  
-0.1977533312  
1.617030041  
-0.02697470336  
-1.049764002  
-0.381153103  
0.002281714899  
0.06666779167  
0.5096661413  
0.3567468478  
0.1237253826  
-2.484715934  
0.1019835359  
-0.01353196718  
-0.2558200109  
0.1081292431  
0.2877510822  
0.1549980664  
-0.7721548035  
0.3962817564  
-0.8101426872  
-1.048034432  
0.1272677392  
-0.2334212139  
0.9488454358  
-0.7465066675  
0.08746650021  
-0.08395351849  
-0.5229131313  
-0.1978364062  
-0.9445402843  
0.2507038394  
-0.03636893975  
-0.3148407189  
1.145991851  
0.469022227  
0.4762668147  
-2.981037017  
-0.1451761863  
0.9377595413  
0.5002114633  
0.2458475193  
-2.207748251  
0.05081461724  
1.234743425  
0.2704749473  
1.931269078  
1.4620577  
0.04493861451  
0.5236917261  
0.8509804428  
0.5811270752  
0.8916611135  
-1.524861987  
0.7214429312  
-0.6975230791  
-3.559477948  
-0.2152059938  
0.9257666046  
-1.5165344  
0.2541219629  
0.01291778739  
-0.3671032836  
-0.4348419503  
-1.282242707  
-0.2322683451  
0.7050133608  
2.110033198  
1.824756967  
1.522705008  
0.9573624225  
0.2952948442  
1.326150636  
0.08670813732  
1.458180022  
0.6669634554  
0.9022506783  
-0.1301118337  
-0.5207366682  
-0.2262837952  
0.9527574296  
0.1448682881  
-0.300185306  
-0.4077163734  
0.4721122999  
0.8942932386  
-0.2023861397  
-1.324506516  
-1.28689409  
-0.5255561078  
0.3059231682  
0.309256544  
-0.5605000353  
-0.06596236733  
0.311022423  
-0.1856754128  
-1.129446115  
-0.2244027075  
0.1862568845  
-0.02002244058  
-0.538523979  
0.8814004349  
-1.529830492  
2.287316936  
1.358750974  
0.4040108354  
-0.1192968236  
-1.801291578  
0.1903449149  
-3.669628428  
-0.6667712224  
-0.5392816203  
0.2822249947  
0.4048762643  
-1.513130889  
0.9584036158  
1.032411928  
-0.3415056378  
1.398314013  
-2.599215317  
1.063962715  
-0.8565666682  
0.0003501913532  
-0.4520153175  
-1.376960859  
-1.237453642  
1.112962851  
0.8579012822  
1.910258249  
-0.4071553359  
0.4178463221  
1.300368856  
-0.7940905541  
-0.1075472614  
0.4142366383  
1.657152654  
0.439649121  
-0.7738482671  
0.2132746378  
-1.356040064  
-0.7454048024  
1.663196962  
-2.558054836  
1.420221099  
-2.272703433  
0.4104578537  
1.834582033  
-1.510828022  
0.4927884525  
0.5726832462  
-0.01908691292  
-1.262655494  
0.6138759301  
0.8836952936  
-0.5181892305  
2.152705613  
-1.727954998  
-1.786992901  
1.632937743  
-0.733380645  
1.111134133  
-1.257432164  
0.9165395374  
0.5920338928  
0.3564718491  
1.291511651  
-0.07729826103  
0.120455098  
0.283984204  
0.5774711914  
-0.08515134616  
1.511210815  
0.4522444664  
0.4330127814  
-0.8998093382  
0.7090931337  
-1.479408493  
0.6253790251  
-0.1678907474  
-0.2818717331  
-1.198800741  
-1.209954515  
1.121017505  
0.2598858429  
0.01953808065  
0.2758301715  
-0.5037566923  
-1.013541554  
-0.4522027232  
-0.6638776818  
-1.777556037  
0.1255314238  
0.2524616304  
-0.050064359  
-0.5181423495  
0.4857819312  
-1.146685638  
-0.2195158925  
-0.9286974768  
-1.414764304  
-0.2032862389  
-1.050074017  
-1.010421324  
0.07095300412  
0.4065115105  
0.1694999031  
2.324384795  
-0.1829052149  
-0.06144816852  
0.9730164231  
1.424148572  
0.3880781582  
0.8277507434  
-0.1363027553  
-0.4843756383  
-1.227355037  
-0.7812818198  
0.1026904126  
-0.1046791077  
0.1820878673  
0.0600484962  
-0.03822160429  
1.581546522  
-1.874268923  
-0.6211112849  
0.5825157417  
-0.4129769748  
-0.1279148027  
-1.231798983  
-0.3791289807  
-0.8814199523  
0.8735572346  
0.2249225044  
1.395094438  
0.8055539217  
