1.521979826  
-1.126441962  
-3.492184713  
-1.005553345  
-0.5713359627  
0.1740124529  
0.3637481687  
-0.2409349561  
0.3096868826  
-0.3394864084  
-0.07271389792  
-0.1737087016  
-0.4834145371  
-0.2956089768  
0.1609034751  
-0.1932975781  
0.3600748848  
-0.02313698033  
1.575982495  
1.304130073  
2.42420977  
-0.6483144272  
0.8569789917  
0.3631718161  
1.58620584  
1.868023505  
-0.3881542625  
0.6000745451  
-0.107718702  
0.5566657324  
2.008047092  
1.724477834  
0.1645385913  
-0.3169347426  
-0.6557840673  
-0.543924294  
-0.4837253249  
-0.3965024221  
-0.3592034116  
-0.4034786439  
-0.3665605764  
0.7478326783  
0.675366543  
1.184525799  
-1.544446875  
0.0963624286  
-0.9385093752  
-0.08819571222  
-0.6133246744  
-0.3910512678  
-0.5257392159  
-1.232547876  
-0.6240282301  
0.05474656922  
1.44876421  
1.176616102  
-0.9117640109  
-0.2221643858  
0.2292851945  
0.04916546339  
0.3978052277  
2.147775511  
0.0906248914  
1.610951458  
-1.883615441  
-1.979133677  
-1.696805385  
-1.511913749  
-2.676751291  
-0.8378609427  
-0.01966920189  
0.7811910653  
1.644004235  
1.102757842  
-0.9439878681  
-0.3251063537  
-0.3222412988  
0.6650747155  
0.2331360372  
0.9579333917  
-0.5438616989  
0.7932345905  
0.02863160088  
0.8880317417  
1.472054977  
0.2427845891  
-2.03260265  
-0.8441778825  
-0.0713733388  
1.030911422  
1.371776729  
2.652667395  
-0.8280048686  
-0.7695198351  
-0.01336997122  
0.9849017663  
1.309279609  
-1.719583071  
-0.3711525756  
0.07598366003  
0.4472505294  
1.791361209  
1.814756623  
-0.2071653216  
-0.6290415101  
-0.330275223  
0.5951889741  
1.695963945  
1.702138438  
-0.3814959379  
0.1105106593  
0.3479047242  
0.3435980211  
0.9798534319  
1.76162129  
-0.08025033378  
0.3335209824  
-0.7686651626  
-0.4434562431  
0.1202856064  
0.4096453193  
-2.758469981  
-0.786428161  
-0.04589495349  
0.6435315018  
1.564392144  
2.195631759  
-0.4399157183  
0.2254475053  
-1.836354453  
-1.075756742  
-0.5719050517  
-2.541895219  
-0.1182130377  
-1.832227305  
-0.02437615958  
-1.110433219  
-2.658250782  
-1.490834211  
-0.7749268179  
-1.946571389  
-0.9256897182  
-1.724471572  
-3.412218157  
-0.4890433188  
-0.02603115787  
-0.5161601583  
-1.350334723  
0.1382197485  
0.1544173823  
1.171872136  
2.104612903  
1.389336137  
-1.13765483  
-0.104359811  
0.8420105436  
1.703057174  
2.124556841  
0.976232872  
-1.22286501  
0.4122060634  
0.3171865061  
1.810128998  
2.035289297  
1.380605817  
0.9115919668  
-0.05332015431  
1.185577875  
1.517508129  
1.257725144  
-1.812277439  
-1.247593178  
-1.083923094  
-2.519862039  
-0.9170687496  
-0.5380132389  
-1.33923123  
-0.8408150321  
0.07069792817  
1.080032139  
1.814935148  
1.847830028  
-0.2846772387  
0.1781198124  
0.4275893904  
1.423332986  
2.246642044  
1.370217982  
-0.5010606552  
0.08030118916  
-0.5403530772  
-0.710729827  
-0.8688460113  
-2.586851773  
-1.141679555  
-0.4840953817  
0.5192824538  
1.788655842  
1.703018914  
0.6153637776  
-0.05898132643  
-0.2070129915  
0.9261727748  
0.6913332096  
1.564029938  
-0.1740715671  
0.1130542809  
0.4334347313  
1.156004183  
-0.09285684092  
-1.354117081  
-2.472025753  
-1.346610926  
-1.229650711  
-0.51204908  
0.258318885  
1.142579901  
0.2390482365  
0.3366283438  
0.142593101  
0.9016727223  
1.19530104  
1.728637235  
-0.9313919516  
0.06670582745  
-0.03717143727  
-1.243557273  
-0.5586121352  
-0.3502138665  
-1.34793529  
-0.4200870381  
-0.2265714088  
-0.2133454747  
-0.5130068736  
1.700664958  
-2.22842847  
0.5070987911  
0.9064348644  
-0.7313174339  
-1.157854736  
-1.199530928  
-0.5747881082  
-0.2947838121  
0.2269613007  
1.265915591  
2.285013286  
-1.134657221  
-1.610469007  
-0.8707979702  
-1.213561935  
-0.8175723609  
-0.7918370557  
-0.4149337296  
-1.111829683  
-0.8830153301  
-0.5593941205  
0.1366262763  
1.506735324  
1.35060509  
-0.7268122342  
-1.035782095  
0.08787120412  
0.5097815423  
1.886563695  
2.36749184  
1.581351172  
-0.5462171611  
0.3054102684  
-0.1485114636  
0.2130726365  
0.2583194974  
0.1250974602  
-0.4076341683  
-0.7209105332  
-0.8055218935  
0.7398817789  
0.7735945877  
0.5886069121  
0.2498765817  
-0.286012139  
-0.4597786717  
1.080627767  
1.645127384  
1.657012439  
-1.262659566  
0.01096386713  
0.1006359262  
-0.8603242975  
0.06267379992  
-0.8793853032  
-0.4819852429  
-0.4435048444  
-0.5561957715  
1.061460456  
1.096976891  
2.169170868  
0.7623352967  
0.4115987897  
0.1266638124  
0.4558858217  
0.7442056561  
1.165900453  
-0.1857377692  
-0.4843748728  
0.1094914157  
-0.6603122351  
-1.759829176  
-1.119427802  
-1.559839582  
-0.5583984717  
0.2390145475  
-1.181633147  
-0.07295391002  
-0.02786845649  
-0.4745608635  
0.03515145351  
0.9971496908  
0.3802614567  
0.4714019328  
-0.2767648147  
0.1310679301  
-2.729485472  
-1.39620485  
-2.138012196  
-4.468527713  
-3.74486763  
-1.924691309  
-2.895050086  
0.1189729183  
-0.2667761704  
1.051437985  
1.782131984  
2.204040019  
0.2956950235  
1.630796128  
0.4240873962  
1.615509107  
2.048503896  
-0.1380300575  
0.7968608946  
0.9659662519  
1.113719903  
2.069639019  
2.310204278  
2.173581567  
0.4671245209  
1.786344935  
-0.8969683524  
0.3251332016  
0.5373442731  
0.2129448054  
-1.537362074  
-0.2698570048  
-0.9065614574  
0.7375443384  
0.2445422082  
1.002163897  
-0.1721604302  
0.01514690497  
-1.821481435  
-1.063334212  
-0.4616457431  
-0.6793489977  
-1.286743848  
-0.2950432965  
-0.2191766808  
0.8721168232  
1.418181799  
2.000239275  
0.357398107  
1.102274182  
-0.2371199518  
-0.02174038964  
0.3282485327  
0.1943728013  
-0.9222117146  
0.2417278825  
-1.34049657  
-0.958062894  
-0.4529924942  
-0.5528354174  
-0.2336600154  
0.008547127627  
-2.392280996  
-0.4367564003  
-0.1634151711  
-0.8702074966  
0.01484114452  
-0.1130709532  
-0.7748254736  
0.3012288978  
0.6624289601  
-1.968340264  
0.03096699993  
0.1944183649  
1.545136539  
1.838931198  
1.301349356  
0.7114535186  
-0.01204021939  
-0.6074039134  
1.477704366  
1.393364855  
1.21142916  
-0.782446955  
1.035914248  
-0.8115486747  
-0.9045835532  
-1.444584653  
-0.6357137522  
-3.54948686  
-1.022415031  
-0.9377149497  
1.319851477  
1.087688978  
0.569549109  
-3.183858599  
0.04543882273  
0.3533584206  
0.9056079402  
0.5962203426  
1.033730262  
0.7259635625  
-0.2500062508  
-0.4331796117  
-1.326997175  
-0.8978291545  
-0.7840717193  
-1.565976583  
-0.6535830452  
-0.4776906175  
0.2911485617  
0.625117429  
1.442523857  
0.506722864  
-1.294923873  
-0.5238472076  
0.09350303298  
1.017320957  
1.548763106  
1.140779834  
-0.5205698057  
-0.4081219917  
-0.3712949609  
0.3236986559  
1.48426808  
1.089088424  
1.404845383  
0.7296551361  
0.7573043496  
0.03420837398  
0.09437723456  
0.4803238353  
0.168599043  
-1.538237243  
-0.499404228  
-0.2297691725  
1.152510727  
1.653979037  
-2.023998116  
-0.4447598359  
-0.1489513405  
0.4744311673  
0.8824710528  
1.693767446  
0.8715485538  
-0.5949145492  
-0.3730573122  
-0.4196899042  
-0.0518422845  
-1.400259411  
0.1728225924  
-1.752408742  
-0.4266764546  
-0.7587236921  
1.228602511  
1.627528119  
1.533087968  
0.6217229283  
0.7842825292  
-1.23132855  
-0.2484997625  
-0.3081214819  
-1.670781421  
-1.061143904  
-0.73226837  
0.175946605  
1.10679554  
1.309903079  
-0.493081498  
0.9544646263  
1.186288564  
0.6623949835  
1.543573749  
-1.444726204  
-0.5655371578  
-1.110845854  
-0.9723021811  
-1.257913377  
-0.6515644029  
-0.08453514493  
-0.848110624  
-1.548719059  
-0.3961363201  
-2.170181424  
-1.185279525  
-1.305110382  
-0.8072126114  
-2.232045184  
-1.258694604  
-0.3578518341  
0.4625282597  
1.464914429  
0.6412864392  
1.008592025  
0.4622064996  
0.6364897948  
1.629153765  
2.138994793  
0.3202927975  
0.6093691276  
0.1635450779  
-0.0564628098  
1.648228131  
1.385419465  
0.1129714113  
0.5670054654  
0.5184079311  
0.6893643669  
1.53502842  
1.53000184  
-0.9556878115  
-0.6104454427  
-0.8850092006  
1.379400162  
1.755970969  
1.77360757  
0.6801969042  
0.666596934  
0.6478414684  
-0.1088148944  
-0.2611946851  
-0.2681041853  
-1.956658126  
-0.5547981953  
-1.349357533  
-0.1502878006  
0.840226688  
0.543975835  
-2.382985225  
-0.7181928916  
-0.1820308853  
0.9455933121  
0.1695683743  
-0.8851901568  
-0.5065948714  
-1.7759095  
-0.3943993568  
0.2390110188  
-0.1066566379  
0.3665325485  
-0.1930784656  
0.1890318697  
-0.3075160071  
-2.739103109  
-1.389604489  
-0.9447290936  
-0.7176492818  
-0.9595368791  
-0.1957822772  
0.1641683004  
0.7808546698  
-0.5726828719  
-0.697908453  
-0.1258400227  
0.1542681077  
-0.3627501048  
0.7037464957  
1.633978488  
0.6569626011  
1.013988726  
0.7474397308  
-1.384616501  
-0.9861885709  
-0.4200227036  
-0.3281879298  
-0.06642895959  
0.09784423883  
-0.3850835869  
0.9393562946  
0.7683867093  
1.259076378  
-0.6613636702  
0.4286318408  
-0.6768755572  
0.5357135097  
0.7473811123  
0.9776146288  
0.5376952688  
0.5931150353  
-0.6273189656  
-0.4653698477  
0.1789192023  
-0.2346846881  
0.1066636748  
-1.736351269  
-0.2618343206  
-0.8734206168  
0.5705563149  
0.9935885657  
1.11679672  
0.4289741579  
-0.4944651908  
-0.6482486462  
0.2335208046  
0.9986514618  
1.196866967  
0.2007224894  
0.05769518351  
0.05426016549  
-0.5612461915  
-0.443831347  
0.09300355521  
-0.1524877932  
-0.7601700725  
-0.9046390313  
-0.08500400583  
0.5259495114  
0.9866703325  
0.3916484339  
-0.4649381839  
-0.2293029461  
-0.8451815648  
-0.1861621469  
-1.090552854  
-0.7109206694  
-0.7959946271  
-0.01164054001  
-0.6401883798  
-2.21516055  
-0.914574167  
-0.3274049633  
-1.33854572  
-0.1038389549  
-0.3163726978  
0.8715205641  
1.465070998  
1.770543833  
-0.3706972209  
0.7855483394  
0.09662244944  
-0.3317546901  
0.8848837607  
1.153548666  
1.340252912  
-0.0280406486  
0.5150167917  
0.02427010325  
0.9998828406  
1.264262675  
1.855338558  
0.1420843742  
0.6054110487  
0.0530131681  
1.187648963  
1.378810414  
1.171249222  
0.06935350519  
-1.889057205  
-1.08403343  
-1.618856345  
-1.605412946  
-2.200560866  
-1.756837861  
-1.002831789  
-0.3324573448  
0.445125725  
0.3752086715  
1.150173623  
-0.7268544335  
-0.9674165167  
-0.7355427703  
0.5167323003  
1.316208621  
1.291366572  
0.2559353731  
0.1109568849  
-0.2991937375  
0.1177093584  
0.0315483815  
0.2818334525  
-1.076361696  
-0.8515146912  
-1.503301466  
0.01241686683  
0.5772925122  
1.168288352  
-0.4365759836  
-0.3967172771  
-0.9322728235  
-0.03155134469  
0.735555904  
1.378827158  
-0.3481504841  
0.1499990612  
-0.42697856  
0.6069407702  
1.485699923  
1.863157046  
0.628024769  
0.08239479638  
-0.2566164391  
-0.105085973  
-0.1439479611  
-0.01951819128  
-0.7465366445  
-0.3359336318  
-0.5374417422  
-0.2044909261  
1.49986699  
1.076389648  
-0.47147675  
0.5839899555  
0.3115523494  
-0.1740299932  
0.8316151318  
-0.814113047  
-0.7561081477  
-0.604665851  
-0.8660320411  
0.0752096206  
1.176818234  
1.257923358  
-0.1978250497  
-0.9104458074  
-0.4451319091  
-0.7514189197  
-0.2355102333  
-0.2655396024  
-1.26568678  
0.06821187486  
-0.3639709351  
0.7589809345  
1.056100525  
1.225776687  
-1.010597398  
-0.9091521127  
-0.2683769487  
0.3418804951  
1.489973592  
0.9520314104  
0.6460511819  
0.138645451  
-0.02931785928  
0.6444995719  
-0.01558535516  
-0.7856199321  
-1.31646407  
-1.435068876  
-0.005249242386  
0.3619944696  
0.9139653373  
1.183454336  
-1.599742585  
-0.4994155846  
-1.161234859  
-0.9876092704  
-0.9403561047  
-0.7381269279  
-0.8459822494  
-0.7760102695  
-1.207619146  
-0.3529741716  
0.7937647362  
1.287279935  
1.366519517  
-1.042278244  
-0.2027022047  
-0.6689271216  
0.6644153533  
1.483932651  
1.457250004  
0.2908896612  
-0.139033323  
-0.3858730224  
0.7931952835  
1.506281982  
2.105160859  
1.47692541  
-1.14550848  
-0.4522620793  
-0.8540182919  
-0.9898793187  
-0.9116173711  
-1.188039402  
-1.318908891  
-0.8809176634  
-0.4532070853  
0.4805397799  
1.344010548  
0.8114745899  
0.3772458176  
0.009355644012  
1.109521767  
1.156729149  
0.3932627345  
1.042010372  
0.3658837631  
0.2013638438  
-0.3682053857  
0.1769353382  
0.8066749798  
-0.05128051938  
-0.9530346801  
-0.6679193064  
-0.1910194619  
0.3171300521  
0.7121188462  
1.177675263  
-1.408516568  
-0.5287528603  
0.06295323093  
-0.2019039652  
-0.4224329009  
-2.581925559  
-1.086600481  
-0.7980486324  
-0.3001002115  
0.6231597606  
0.8230420612  
0.2598975923  
-0.1070488881  
0.191405567  
0.1178157301  
0.1857857129  
-0.4549928291  
-0.4124840461  
-0.1138918217  
-0.4279889275  
0.9135071823  
1.324098197  
0.937259915  
-1.506717182  
-0.1296890915  
-0.3330403072  
-0.8244673227  
-0.1988277953  
-0.2776834861  
-0.6695367141  
-0.5954680811  
-0.4126169852  
-0.2255933971  
0.5278992382  
1.020154401  
1.249073238  
-0.0004805866268  
-0.1134377013  
0.03235457415  
-0.2834918945  
-0.1597100702  
-0.73586585  
-1.712959301  
-0.8626573002  
0.04444835419  
0.9160475934  
1.319075482  
1.222278524  
0.4042709658  
-0.1750870705  
-0.3866810291  
-0.6341205236  
-0.7177670321  
-0.3919206513  
-1.355172865  
-0.8108324817  
-0.7466107654  
0.6243663378  
1.209855197  
1.990766218  
0.6287502752  
-0.1841050071  
0.2837626727  
-0.918297583  
-0.5096952498  
-1.117705468  
-1.652912399  
-0.9493044868  
-0.1542756972  
0.7623666432  
1.020768894  
-0.1706169797  
1.549351864  
0.6924090798  
0.2681177561  
0.07089485642  
0.7189244155  
1.234210301  
-1.00964699  
-0.8511262095  
-0.2133836792  
-0.5713578506  
0.6639224614  
0.9474749552  
1.203250217  
0.6878130695  
0.3486728489  
-0.3402998035  
0.2937554595  
0.8942019717  
0.186482061  
-0.7818743679  
-1.089115602  
-0.768219469  
0.07933227415  
0.6858066998  
0.965229649  
-0.6694025399  
-0.2154768102  
-0.3353685318  
0.2458875455  
0.08930833345  
0.8879282638  
0.04866492105  
-1.304011587  
-1.230547336  
-1.206696714  
-0.1512527095  
0.8391277421  
0.7843729719  
0.7716087896  
-1.503337108  
-0.7893864535  
0.07445617643  
1.296856078  
1.144785514  
0.4756852708  
-0.08928652552  
-0.02234860346  
-0.7393026427  
-0.4730905689  
-0.4633741251  
-0.3080416982  
-0.6102171951  
-0.7326352335  
-0.2238493891  
0.3180332537  
0.5239572966  
0.03464397684  
-0.4551788748  
-0.4816346517  
-0.6468709697  
0.0008900013989  
-0.2964774916  
-1.174493683  
-0.2834635833  
-0.7119678526  
0.1553001817  
0.8372268597  
1.443157287  
1.486520646  
-0.5777052229  
0.6653388077  
0.01154325269  
0.2031058352  
1.428220893  
1.289983156  
0.6274402203  
0.3446351941  
-0.03400347896  
0.2864822189  
0.4209170159  
-1.468228618  
-1.269969879  
-1.579789333  
-0.5802310526  
0.9270913183  
1.170040299  
0.3987211013  
-0.2327306741  
-0.1536199638  
1.178376542  
0.9179493742  
1.49960869  
0.1395707555  
0.1288217444  
-0.4760315339  
-0.1722071926  
-0.2659381003  
-0.8510986598  
-0.8567748687  
-0.9669234078  
-0.7167089288  
-0.06280124909  
0.1534878914  
0.5059560163  
0.3858144033  
-1.070161505  
-0.4803455653  
-0.1902027221  
0.4242917159  
1.020226102  
1.132939632  
0.04593443866  
-0.5184520878  
0.5096973995  
1.084801214  
0.7906843835  
0.5615605158  
0.2120474638  
0.1340729161  
-0.2560984178  
0.2318144197  
-0.4634094267  
-0.1379751659  
-2.06636797  
-1.283663344  
-1.182485748  
0.7058153133  
-0.1774330881  
0.5473994088  
-0.09138062077  
-1.440479776  
-0.6681256394  
0.6920348085  
0.8984131243  
1.276368753  
0.6572679338  
-0.5837156789  
-0.3089410845  
-0.5958963575  
0.7000987999  
1.060086218  
1.088509247  
0.3655766982  
-0.3126292128  
-0.9148043316  
-0.3994092044  
-0.4050777113  
-0.827068304  
-1.165867876  
-0.9781583851  
-0.5921840025  
-0.5127005119  
0.6010791506  
1.150299559  
0.871584043  
0.3533725137  
-0.5029527208  
-0.119004542  
-0.2161156695  
-0.4624660389  
-0.3725354728  
-0.7545096857  
-0.7281016707  
-0.6414377712  
-0.697642349  
0.06432057407  
-0.493546038  
-0.4406256123  
0.3089357026  
-0.03298368302  
0.9568991799  
1.49967926  
1.126183337  
-2.0384764  
0.09177104009  
-0.6526254891  
1.07460769  
0.9583906316  
1.108696544  
0.2922067801  
-0.01859097115  
0.3308641305  
0.3922171866  
1.046143444  
0.833961924  
-1.182956379  
0.2415434583  
-0.1708827186  
0.2742201393  
0.8601547011  
0.1448036452  
0.02767926305  
0.2291156194  
-0.6947432828  
0.4774695572  
0.4016867563  
0.441783143  
-0.1357978485  
-0.3937900974  
-0.3793866399  
-1.268026707  
-0.4825000544  
0.09585902182  
-0.04990094941  
-0.2896932368  
-0.6733336635  
0.5013813689  
