2.913896981  
-0.4396503892  
-2.1742493  
-1.153438638  
-0.04995628306  
-0.2009703516  
0.5251748279  
0.02726739056  
-0.8971579841  
-0.4509442142  
-0.5746252849  
-0.6687730154  
-0.2772761621  
-0.2543001587  
-0.1868540943  
-0.6998221374  
-0.1110598561  
-0.1159788773  
1.678098769  
1.31165768  
1.601989534  
-0.9554101388  
0.2845996026  
0.1517852988  
1.690029129  
1.560949004  
-1.605563053  
0.7761346711  
0.3617413955  
1.155395537  
1.739313179  
2.250299883  
-0.1968040264  
-0.7773936035  
-0.8315747971  
-0.5270360371  
0.212699223  
-0.5387664217  
-1.346720167  
-0.3463511095  
0.1442703081  
0.6487379573  
1.209931998  
1.284732249  
-1.822918374  
-1.562953418  
-1.524727019  
-0.3318717365  
0.3564794225  
-0.01712776816  
-1.130880154  
-1.160393218  
-1.20258071  
-0.7970407114  
0.6889590913  
0.987019485  
-0.9577903953  
0.1195367334  
-0.09453434571  
-1.20872715  
0.06724330552  
2.790548494  
0.4303195682  
2.179441287  
-1.735388526  
-2.479991662  
-1.364336609  
-0.6476628433  
-2.306760235  
-0.6226796456  
0.4064446803  
0.561343459  
1.132162387  
1.447780185  
-1.233085591  
0.7940085812  
0.3571048555  
0.6491667617  
0.7025342552  
1.622168764  
0.2302247793  
1.224264817  
0.6598975825  
0.8688391515  
1.394801861  
1.379649121  
-2.403491439  
-0.08876761002  
-0.2318513332  
0.8032935256  
1.849723653  
2.322064557  
-0.727895763  
-0.1125284705  
-0.3086650948  
0.6586678545  
0.8048038485  
-1.127931551  
0.09190376078  
0.6058877518  
0.4043280402  
0.908865609  
1.78082381  
0.5047759465  
-0.006276932203  
0.2610778841  
-0.03355190287  
1.538779118  
2.252440742  
-0.5063302052  
0.01186388986  
0.2433982101  
0.3249813765  
0.9380877622  
1.044368537  
-0.658078358  
0.4516918388  
-0.1426314461  
0.06613659738  
1.173237476  
0.74594328  
-2.304946825  
-0.2798731992  
-0.9528098284  
0.6490758767  
1.364335988  
1.302057578  
0.0158844969  
0.05395157437  
-0.2220337063  
0.1287674544  
-0.1808452889  
-2.864516991  
-0.6526336046  
-3.326791204  
-0.6209632894  
-2.086377638  
-5.937801069  
-1.90973362  
-0.857162309  
-3.050888869  
-1.294109646  
-1.756262827  
-3.230571285  
-0.05613045989  
0.3990358196  
0.5640306969  
-1.629183889  
0.2314277113  
0.2191848139  
0.6241265252  
1.794109739  
1.218280164  
0.4138499052  
1.659064556  
0.3962098461  
0.6489760526  
1.276230414  
1.84638327  
-1.388504585  
0.2215042654  
0.01075400617  
1.203894712  
1.55819589  
-0.4865198114  
0.3576726135  
0.3416175296  
0.9133467269  
0.8588402046  
1.472209571  
-1.453516486  
0.09697372372  
0.5864121286  
-0.6805466867  
-0.7427496206  
0.3170263806  
-0.4950112951  
-0.2133908309  
-0.4181051349  
1.14726804  
1.921759121  
1.741481825  
-0.9314071034  
0.7392945936  
0.1068509365  
1.112431373  
1.194240755  
1.064405706  
0.3279543776  
1.423814317  
-0.329647349  
0.3686094514  
-0.05015370323  
-2.98840199  
-0.7176621783  
-0.5790297847  
0.5753192177  
1.325960074  
2.046826552  
1.164709597  
0.679422888  
0.1793826866  
1.057404013  
0.4913283714  
1.028687101  
-0.1735349197  
0.9199029432  
0.6114386959  
1.070472119  
-0.06412503253  
-3.284032051  
-1.982158196  
-1.345193318  
-0.9907084195  
0.1074935639  
0.6389625577  
0.781633947  
-0.5589625773  
0.005851870433  
0.04073833611  
0.4766106988  
1.072707955  
1.312463058  
-1.285785068  
-0.670968758  
-1.562030962  
-1.335834792  
-2.011170094  
-1.076407518  
-1.410148711  
-1.1741616  
-0.7634380736  
-0.005655321967  
-1.165604329  
1.039033139  
-1.911308416  
0.5922772587  
0.9186612975  
-1.004592765  
-1.710243777  
-1.372546354  
-1.341400597  
0.09281163351  
1.357780899  
1.721554392  
1.743759076  
-1.876249386  
-2.049538211  
0.2309696959  
-0.7937224179  
0.3217005053  
0.4519528721  
0.4922465419  
-0.9200117786  
-0.6016834023  
0.2392139098  
0.275363587  
1.227077604  
1.359277613  
0.1565082622  
0.6692257893  
-0.3787014861  
0.2057652778  
0.6542147801  
1.288538975  
1.264834783  
-0.3259506304  
0.09402820384  
0.4624231951  
0.345415218  
0.488882643  
0.126023583  
-1.066840025  
0.4271241291  
-0.5175455565  
-0.1166011674  
0.6764032105  
1.190651514  
-1.072499596  
-0.154872013  
-0.5335061077  
0.4640674307  
0.6942683295  
0.9542761594  
-1.668169539  
0.3430724891  
1.068871453  
-0.3392433814  
0.3300395934  
0.4841154648  
-0.3567124904  
-0.2321698071  
-0.207045963  
0.1941588196  
0.8934534122  
1.833400826  
0.252869719  
0.8068812253  
0.7683035355  
0.4614375286  
0.2383875807  
1.016293154  
-1.029178626  
0.03093686254  
1.069691713  
0.4857256896  
-0.749245524  
0.2619781114  
-0.1302657926  
-1.442258304  
0.194359388  
-0.9685122524  
-0.1713047495  
-0.436068955  
0.184275108  
0.06103285656  
-0.1792124989  
-0.03293844388  
0.2198321416  
-0.516083804  
0.02116683083  
-2.013682296  
-0.03409052448  
-0.2775465798  
-3.192068145  
-3.9304389  
-1.121508689  
-3.184828945  
-0.2234909878  
-0.4030878996  
0.831374553  
1.261129708  
2.235383083  
-0.2555854688  
0.8461398869  
0.5745580466  
1.850154616  
2.21198341  
-1.269523373  
1.069682451  
1.164360164  
1.814533214  
1.387063684  
1.678878313  
2.148804941  
0.2404047729  
1.566014751  
-0.8318653643  
0.3902443017  
0.421982227  
0.6020428458  
-2.09408771  
-0.052631915  
-0.6464513487  
0.7104256479  
0.02328593093  
0.6176580861  
-0.1803390014  
0.3542991213  
-1.77305396  
-1.479937713  
-1.740817846  
-1.078911131  
-2.096615058  
-1.191701013  
-0.809826618  
0.9266535745  
1.063529617  
1.107649366  
-0.7598143135  
0.5989713506  
0.7664133813  
0.302095701  
0.0220264358  
0.7461361002  
-1.31970317  
0.07151138737  
-1.400321922  
-1.014192975  
0.05521135821  
-2.250606213  
-0.03646272997  
-0.1307232076  
-3.998404553  
-0.9365559595  
-0.9695302297  
-1.14087639  
-0.1043738599  
0.8138973251  
0.8279458891  
0.470141212  
0.6851579908  
-2.396753656  
0.02836082886  
-0.07693501224  
1.229974154  
1.408696959  
1.480607321  
0.4537579532  
0.3234864331  
-0.02091320666  
0.2529728322  
1.381239539  
1.517826682  
-0.5536531268  
1.403412821  
-0.446473364  
-0.4959902864  
0.01242058601  
0.1811148413  
-1.544559767  
0.3840175238  
-0.2553326193  
0.9120191248  
0.7594088633  
1.328222793  
-2.386349124  
0.3782538378  
-0.1545584573  
1.333376156  
-0.2468188386  
0.329827684  
-0.03473745474  
0.6496351367  
-0.2329868274  
-0.4893330782  
-0.4287114092  
-0.4553357335  
-1.729903003  
-0.142890657  
-0.8595747418  
0.3039312676  
0.7995356712  
0.845268325  
0.05000800283  
-0.4551746279  
0.1261439545  
-0.3954843363  
1.210218466  
0.7154094624  
0.5972945613  
-1.31230369  
0.1636727763  
-0.6640435579  
-0.3313737622  
0.8240982249  
0.9767223335  
0.9465732979  
0.8673510472  
1.320350215  
0.1798498073  
0.3930786764  
0.4498224141  
1.010806137  
-1.413164892  
-0.02647458446  
0.05473623786  
1.513197437  
2.018615208  
-0.887194001  
-0.2263058065  
0.5205412992  
0.177796095  
0.6155289025  
0.8745259016  
1.267814364  
-1.456095146  
0.2653463912  
-0.4430747812  
-1.307690314  
-2.781637756  
0.119118135  
-2.211805648  
-0.4184978534  
-0.5417595579  
0.5512193142  
1.193993341  
0.9500168407  
0.3963993165  
1.233469287  
-0.04337857103  
-0.3001589032  
-0.3555607596  
-2.586305179  
-0.565183148  
-1.642445594  
-0.3120133595  
0.7306366098  
0.8617641887  
-0.7132656297  
0.7895456289  
-0.01767040839  
0.02028174291  
1.050830839  
-3.035123509  
-1.480236044  
-0.02465899933  
-0.1950265315  
-0.2669511046  
0.01853984784  
0.5276274395  
-0.4469920954  
0.4519537381  
-0.512635652  
-1.723464115  
-0.7326145222  
0.1219174066  
0.05058040365  
-1.471925625  
-1.021757639  
-0.1735479186  
0.6549112475  
1.914425703  
0.2150674817  
0.4177828232  
0.5281953881  
0.6030823157  
1.111632785  
1.937469691  
0.1500602336  
0.7840665648  
0.5063060706  
0.6054705392  
0.7077547109  
1.931120752  
-0.6016978648  
0.4081764134  
0.3760887465  
0.2593754578  
0.641846394  
1.04867926  
-0.869852152  
-0.5845939097  
-0.3337785196  
1.131336856  
1.577911457  
1.553509846  
0.6090216994  
0.9080320332  
0.5243935802  
-0.2452305345  
-0.1734281613  
0.1128727192  
-1.433785389  
0.2919483439  
-1.095424329  
0.4522135237  
1.141991885  
1.13015195  
-0.904395226  
0.1846561065  
0.1339203861  
0.6685119895  
-1.654053255  
-0.7879516901  
0.5023419062  
-2.710489668  
-0.3602209587  
-0.256243027  
0.1617638642  
-0.00148284332  
-0.7551974562  
-0.3118473453  
0.4796284039  
-2.602487346  
-0.5258814634  
-0.5968438242  
-0.9986023994  
-1.185304838  
0.304033979  
-0.2703240063  
0.3034048382  
-2.113031262  
-1.300870991  
0.2946302833  
0.5497026443  
0.3069227416  
1.004098975  
0.8507832327  
-0.8746833366  
1.251233487  
1.120097253  
-0.6138776291  
0.1196282335  
-0.5602285035  
0.4098251924  
-0.03807549817  
0.4066464595  
-0.6955109736  
0.8042337158  
1.420759031  
1.229082105  
-0.4687653792  
0.5125613927  
-0.3716894469  
0.4919554634  
0.2681408359  
0.5462554029  
-0.07046241951  
0.2872842709  
-0.08304550222  
-0.4855444183  
0.4050571617  
-0.6421371275  
-0.0908975767  
-2.493418495  
-0.5980250061  
-0.7393631561  
-0.5339459846  
0.9409245686  
0.4082684383  
-0.2243515572  
0.02970917711  
0.01536465414  
0.280170248  
0.7711849779  
1.414770797  
0.01112961725  
0.314575212  
0.1323648004  
-0.5458059797  
-0.1422446966  
0.252145782  
-0.01493009887  
-0.8130605785  
-0.3596602727  
-0.6502614771  
-0.000800249255  
0.8435396023  
0.08221899428  
-0.5770341727  
-1.00944661  
-0.4471369674  
-0.6125012445  
-0.2266615318  
-0.2363837145  
-0.9897284554  
-0.3727082005  
-1.187108483  
-3.543726586  
-0.4790087434  
-0.08315556234  
-2.172810787  
0.2706245365  
-0.2615617838  
0.2412295603  
0.6966736057  
1.545358438  
0.5001437681  
0.9648935801  
-0.00411863528  
0.2718198328  
1.587397137  
1.432321476  
1.320053877  
-0.1357897163  
-0.06606162032  
0.1205083903  
0.707467887  
1.759766811  
0.733510687  
0.04807112915  
-0.1368143866  
0.2491510255  
0.8960511749  
1.142265124  
0.564556115  
1.287634125  
-0.2879766008  
0.1122977139  
-0.3842251432  
-0.09197107148  
-1.111804187  
-0.9380231525  
-0.2367398755  
-0.6395206902  
-0.212672789  
0.598256229  
0.3772968477  
-0.2083256804  
0.9626665759  
-0.3856871747  
0.4666761419  
1.818977599  
1.21371578  
1.282295206  
0.916497786  
0.5012933642  
-0.383650755  
0.4270366523  
0.2487620099  
-2.459751039  
-1.500847893  
-1.042681015  
-0.65276046  
0.0966277797  
0.8624924845  
-1.622225707  
0.2114125896  
-0.9890256626  
-0.07488975759  
0.1111392563  
0.9623675918  
-1.345508196  
-0.4000206219  
-0.1161453267  
0.07250236949  
1.130685863  
1.863844416  
0.2726888487  
0.7205038709  
-0.09942125287  
-0.7236943792  
-1.233354284  
-1.079590119  
-1.374169453  
0.01016148523  
-0.3196078751  
0.21637887  
0.6925153705  
0.974289191  
-0.9337189767  
0.2078391362  
-0.5460497855  
0.3280717481  
-0.6751826186  
-2.215018236  
-0.2271690024  
-0.1865264659  
-0.2953709966  
-0.00644751369  
1.08586056  
1.2444159  
0.03155183522  
0.3747512484  
-0.4479462039  
-1.265903887  
0.252327241  
0.1503957961  
-0.5181426403  
-0.0515709869  
-0.6401490485  
0.4267361668  
1.256873663  
0.8422874111  
-0.8915807647  
-0.092414666  
-0.2411093714  
0.3819870069  
0.7456298301  
0.771156728  
0.4691823732  
-0.1217657643  
-0.2997813987  
-0.07722306736  
-0.5691792419  
-0.09860142689  
-1.339438196  
0.01320273873  
-1.308670889  
0.4129340514  
0.4397775731  
0.5860172863  
-0.3211895334  
0.6271162524  
0.03244752754  
-0.3965864243  
0.1811290238  
0.2692840502  
-0.1148404547  
-0.695972249  
-0.7441009714  
-0.4820317442  
0.8214364841  
0.734336465  
1.189886263  
-0.4759493163  
-0.3374512969  
-0.3695408734  
0.1575474715  
1.1679933  
1.324556775  
0.02161468403  
0.5418565612  
0.3247137492  
0.2077745906  
0.3281117491  
1.143934175  
0.466179233  
-0.1248281424  
0.261196052  
-0.2652395086  
-0.784544927  
-0.1364041314  
-0.7574072244  
-1.413310649  
-0.2168138466  
-0.7361794705  
-0.2254625372  
1.211343539  
0.2824070036  
0.8652104176  
-0.1087567519  
0.6085718814  
0.2635461031  
-0.4315141229  
0.7213391125  
0.8583616169  
0.9148156694  
0.3828955365  
0.6872301099  
0.2062003058  
-1.290450425  
-1.590431925  
-1.084697802  
-1.092152732  
-0.6051945264  
0.8919679175  
1.43567542  
-1.224384753  
-0.0675485936  
0.2592794378  
-0.01826244929  
0.2032331537  
-0.9193105811  
0.1283490619  
-0.06327515713  
-0.4322359615  
0.09312224528  
0.8888750114  
-0.1388482789  
-0.4133323317  
0.3140368918  
0.2979618136  
-0.4422853031  
0.2840001202  
-0.6441805348  
-0.3346794647  
-1.134935457  
0.3898748242  
0.4880295948  
0.5987831819  
-1.473909249  
0.07089546179  
0.08741571365  
-0.3312546889  
0.1970621137  
-0.4159766712  
0.2793147256  
-2.583307935  
-0.5938354596  
-0.7046848956  
0.4933299514  
0.9951813141  
1.264535275  
0.1557540763  
0.8055609613  
0.3686641163  
-0.03748838953  
0.6158577383  
-0.1218658392  
-0.8324597371  
-0.02552897807  
-0.473803722  
0.2021545655  
0.7157438956  
1.350588843  
-0.144078971  
-0.2146239925  
-0.3707349913  
0.0803461098  
-0.5353788701  
-0.0841733196  
-0.5659838912  
-0.4226097525  
-0.7850089055  
-0.1216365398  
0.9493144768  
1.527773624  
0.2874623589  
-0.1091345699  
0.3354012144  
0.08994929875  
-0.934845474  
0.1727245611  
-0.9186084847  
-0.8849274494  
-1.134630813  
-0.2904727992  
0.7301795871  
-1.54404624  
1.529374315  
1.187997396  
1.087882161  
1.206656247  
1.688795674  
0.7539617379  
-0.9219186324  
-0.4621409049  
-0.6077419724  
-0.2614768575  
-0.8666978911  
-0.05005369388  
0.6430056392  
0.2896377056  
-0.280324437  
-1.551283467  
-0.2984585987  
0.4345109199  
0.2238925279  
-1.692866584  
-0.8104598973  
-1.247328127  
-0.6788577468  
-0.4207237715  
0.6387330666  
0.5268743777  
0.9004915465  
0.7385671645  
0.6960773962  
2.01010092  
1.563742513  
1.637403537  
-0.7991871354  
1.100928226  
-0.2353000029  
0.9185496703  
1.272981013  
1.116886563  
-0.3393897876  
-2.195439857  
-1.080555907  
0.01091913101  
0.4187333476  
-0.122027488  
-0.07431585329  
-0.1046461395  
-0.2893414687  
-0.1844297791  
-0.5807300836  
-1.041409409  
-0.52346687  
-0.6098034661  
-0.2148771582  
-0.1260164409  
0.0420733546  
0.6739398638  
-0.2682013495  
-0.7134319934  
-0.05624132631  
-1.038142608  
-0.9477810565  
-0.101669262  
-1.908368009  
-0.336813923  
-0.6636275898  
-0.3478574441  
-0.02871440092  
1.583380289  
1.020785253  
-0.1397705312  
1.49570444  
-0.3896390768  
-0.08677133305  
1.444170556  
1.306979256  
0.3540896634  
0.2870540567  
-0.3626263806  
0.4764839032  
0.5211547351  
-0.3870983309  
0.07552378316  
-0.3001677677  
-1.277674429  
-0.01308299955  
1.346447296  
-0.1681376551  
-0.06157008929  
-0.5815121786  
0.01542983736  
1.401099302  
0.899579296  
1.137261869  
-0.2662112697  
0.1210994436  
0.2070212519  
-0.6244304893  
-0.4687919002  
-0.07644265164  
-1.439620021  
-0.6374024296  
-1.253763567  
0.2701948627  
0.4537070843  
0.4531318625  
-0.3350709684  
-0.1663453105  
-0.5985052389  
-0.002720645176  
1.335205334  
-0.4059128601  
0.2513616463  
-0.132637597  
0.6414245218  
0.1344380249  
0.4517013339  
1.602712445  
1.880365292  
1.356293587  
1.78079992  
1.924228834  
0.4660746109  
0.4295073307  
-1.89874959  
-1.078235697  
-0.8458012427  
0.5275343397  
-1.276380503  
-0.998109992  
-0.115044348  
-2.857785738  
-0.5891459171  
-1.877896006  
0.216473313  
0.7525184282  
0.2927007454  
-1.361358027  
-0.2660481889  
-1.558840956  
-0.3157087473  
0.7585615253  
0.5202581036  
-0.03870679179  
0.4357444407  
-0.4171873502  
-0.4372976621  
-0.7644612765  
-0.2048573438  
-0.4399269585  
-1.164213956  
-0.6702305219  
-1.028822261  
-0.06877064692  
1.035244688  
1.14126093  
0.6542675802  
0.2503028448  
0.4315649224  
0.05686805434  
0.5312183414  
-0.9530613677  
-0.4863450537  
-1.175509348  
-0.3622918275  
-0.3773913132  
-0.4027604881  
0.03787822807  
-0.6542104237  
-1.579291093  
-0.9366402369  
0.723335745  
1.178245789  
0.7711089863  
-2.253967434  
-0.8908988745  
-1.345829129  
0.06292451422  
0.07389701797  
0.8736132688  
0.3955603625  
-0.4007902282  
-0.8267279528  
-0.1663814536  
0.6602237574  
1.876266076  
-0.6366427735  
1.019654203  
0.6285431381  
1.001883096  
1.220448421  
0.005485860272  
0.3809396355  
0.31974608  
-0.4945465055  
0.4776564757  
0.9439816492  
0.7780910318  
-0.4603026688  
-0.2832077626  
-0.3546255507  
-0.8278043682  
-0.7713800384  
-0.2301768624  
0.0968920582  
-0.1152406988  
-0.5080211786  
-0.6287076202  
