-0.05063283902  
0.1066281046  
0.7538039047  
0.2974179665  
0.4317107856  
1.362333558  
0.7296722831  
0.7713024141  
0.9407236242  
-6.248002218  
-0.9582372018  
0.1837615571  
-0.61637178  
0.1225362904  
0.2330121976  
0.890712784  
-4.737825067  
-0.06853593298  
-0.4084334147  
-0.1449077072  
0.6018534205  
0.680751787  
1.146128558  
0.896206096  
-0.5310122304  
1.041037614  
1.208865897  
1.545931222  
1.227844487  
1.831988579  
1.185319422  
0.2712335847  
-0.3262554396  
0.09750037416  
0.8400340825  
0.8532407344  
-0.07340876845  
0.3360727849  
0.7855531298  
1.44239543  
1.558811056  
-2.719253373  
-0.6719802407  
-0.2821203804  
0.09619508954  
-0.3880696132  
-0.1728473085  
-0.2198132099  
-5.529894504  
-0.5127725482  
-0.1075470613  
-0.2419083755  
-0.04851364218  
-0.3487008598  
-0.1689595362  
-0.9740903714  
-0.4784446617  
-0.2819965294  
-0.4403166351  
-0.5393489252  
-0.8355387078  
0.05743274677  
0.4418838013  
-0.9278182427  
0.07161365709  
0.8713979284  
1.636047617  
0.943209934  
0.4534571614  
0.3771722259  
0.8258398974  
1.586181744  
0.7141481047  
0.9876755194  
0.1026913788  
0.4032033184  
0.3312949075  
-0.6531157223  
0.5734868813  
0.6731251915  
0.2294236609  
-0.3952438376  
0.2398616088  
-0.9610844512  
-0.4335741902  
-0.1573446834  
0.05577717201  
0.5227722105  
1.024548625  
-0.01623702914  
-0.07404455431  
-2.597561074  
0.04200015842  
0.06990855586  
-0.03982419863  
-0.7667171263  
-0.2347484817  
-0.2538445568  
-0.2400753158  
0.1657273669  
0.2043137121  
0.1626838468  
-0.4126832547  
0.1244765862  
-0.5941003339  
0.6767505648  
0.8055624677  
0.4718441677  
0.3495711331  
-1.118254478  
-0.2540681574  
0.4513349655  
0.197178754  
0.5467251533  
1.111297161  
0.3230881669  
-0.02661305087  
-0.8305323979  
-0.7050511596  
-0.5201433713  
-4.171412107  
-1.266792786  
-1.412906623  
0.003329801531  
0.8240279628  
0.8843167076  
1.555735138  
0.7167176312  
0.01162630716  
1.093363664  
0.4369871689  
-0.1683942048  
-0.0636522402  
0.5107846429  
-0.9012604797  
0.9832693388  
0.8554169583  
1.785548754  
-2.313889336  
-0.1130740153  
-0.3561237436  
-0.2546940287  
1.008465266  
1.073797198  
0.5940605314  
-0.740740454  
-0.1473882911  
-0.996215346  
0.1717428103  
0.5694131326  
-0.01608618698  
-0.7579152828  
0.0627227405  
-0.5040839892  
-0.9792486246  
-0.8404928177  
-1.685501762  
-0.3696531331  
-0.1403071268  
-0.6077491553  
1.367060782  
0.8597555264  
1.761128929  
0.3110797335  
0.527610479  
0.6537727853  
0.6051062847  
-0.3978583485  
-0.5568290324  
0.02806565255  
0.3566438166  
0.4299901271  
0.816004245  
1.673734329  
0.8868478215  
1.37828089  
1.665888677  
1.319985302  
0.03175807531  
-3.573933488  
-0.05324147191  
-1.231022781  
-0.6825484157  
-0.801024999  
0.008039790901  
-1.818000415  
-0.4526549415  
-0.7524341269  
-0.9088472367  
-0.5500604019  
-0.3123621264  
-0.4850690251  
0.4045821481  
0.9381686781  
0.4582517629  
-0.4820959078  
-0.5118071587  
-0.1885583868  
0.2465325666  
0.1788399908  
0.4418202711  
0.9404907791  
0.4791056036  
-0.6374921445  
1.065611709  
1.390031417  
0.9125118438  
0.1293559496  
0.1837412932  
-0.777716562  
0.1026291361  
1.218392411  
0.4396817444  
-2.442488743  
-0.09111027017  
-0.2734652014  
-1.03404425  
-0.6243284009  
-0.4024473046  
-0.08986512385  
-0.4428807409  
-0.8738454368  
-0.1279172479  
-0.3500999511  
-0.4055617957  
0.1442675206  
0.1155649167  
0.5585247361  
-0.07766209798  
0.6387845252  
-0.5687027213  
0.000807817143  
0.34032166  
0.3906160303  
0.4536707681  
0.3057844575  
-0.0500417628  
-0.8532560315  
0.3557533945  
0.8543752891  
0.4021353735  
-3.118510323  
-0.1440607108  
-0.1764116981  
0.7510586348  
1.237181684  
1.186445389  
0.3914531433  
0.2477556397  
-0.3597450328  
0.01513739865  
1.287218235  
0.5680805733  
-0.9811600587  
0.2431196556  
-0.4520147819  
0.5547372785  
0.7588008083  
0.8142428678  
0.7112930335  
-0.06175655379  
-1.215343348  
0.5324041971  
0.7130145848  
0.5706131553  
-0.8498890095  
-0.5245191322  
-0.5647904994  
-0.5380224978  
-0.3618421535  
0.7454253512  
-0.8726985688  
0.6743313916  
0.8801946948  
1.560493053  
0.7285954567  
0.9429191357  
0.7877061933  
0.4835297421  
-0.2284339854  
-1.560009098  
-0.6708307032  
-2.166055062  
-0.6262261974  
0.6783055135  
0.2269329621  
-1.345165045  
-0.653569429  
-0.3266172314  
1.114126219  
1.070781851  
0.6857328256  
-0.3153934141  
0.1622320315  
-0.2893490297  
-0.6508316563  
0.4327221211  
1.169594225  
-0.4901823825  
-2.041932828  
-0.4126971833  
0.197286194  
-0.5863620301  
0.2017668677  
-2.131393037  
0.6259537545  
-0.4074388819  
0.3941448215  
-0.4118407178  
-1.037353943  
-0.09704071944  
-2.165475349  
-0.5963357721  
-0.2676743507  
0.1297119635  
0.7388418155  
1.897519467  
-1.919667442  
0.7296363737  
0.6184854631  
-0.7386788902  
1.262125462  
0.2220716313  
1.055510916  
0.9680292977  
0.1034859941  
0.9149062894  
0.4538047716  
0.320200978  
-0.1980741805  
-0.1311002839  
-1.593701173  
-0.1516778643  
-0.778168264  
-0.676682716  
-0.4658478651  
0.07770646444  
-0.288532673  
0.3369450007  
0.8772227402  
0.563822645  
0.1471510594  
-0.009958781978  
0.7465960902  
-0.3226891974  
0.4839766973  
0.7366299193  
0.5276076748  
-0.006973335943  
-0.2016518095  
-0.9032136096  
0.8674083885  
0.8393498837  
1.070571614  
-0.5843268973  
-0.1819661542  
-0.6595354495  
0.7456516703  
1.420483108  
-1.842850809  
-0.3260098351  
-0.935056429  
-0.04635561598  
0.8458368032  
0.3669014009  
-0.1031865991  
-0.02950321469  
-0.1097013285  
0.2301315832  
-0.01032748186  
0.7203794935  
-0.1349381255  
0.1986016752  
-0.0786126408  
-1.13100534  
-0.1509775516  
0.292338358  
-0.8765335421  
-0.7026862437  
-0.3388417576  
0.4091160539  
0.5045525878  
0.6672281948  
-0.1431981352  
-0.525884598  
-0.3258189161  
0.4869683027  
1.451072163  
1.664384167  
0.4492723875  
-1.610781984  
-0.1860043424  
0.1703413775  
-0.473138312  
-0.1451493416  
-0.3472216039  
-0.09651520645  
0.08391309757  
0.1220197425  
0.4732997524  
0.166753225  
0.9703960733  
-1.66915068  
-0.2634476167  
-1.160033248  
-0.8312837736  
0.7851395036  
1.318857166  
0.5799858947  
-1.673835934  
-0.8528998473  
-0.8575646078  
0.4652196797  
0.8973622514  
1.058985593  
-1.141271025  
-0.4559390678  
-1.180511796  
-0.08232826609  
0.4978167434  
1.259413864  
0.6164515945  
0.6422067748  
0.1623352721  
0.1267641915  
-0.004663112906  
-0.4925833781  
-4.49661809  
-1.375694159  
-0.4790893829  
0.9162232249  
1.366565085  
0.9324318749  
-1.276750891  
-0.9695096192  
-0.6926474303  
0.6588774217  
1.402284466  
0.7984244821  
-0.01208283924  
0.4699308441  
-0.1097663893  
0.2040293143  
0.1153986306  
0.1169752307  
0.7185350546  
0.7362933153  
-0.2941493636  
-0.2163000176  
0.06565610178  
-0.6845209572  
-0.2533868227  
0.0756636927  
-0.6491282575  
1.055109227  
0.8816886065  
0.5787500237  
-0.6040342296  
-0.2150012712  
-0.570055428  
-1.009717558  
-0.2856573806  
-0.3700793879  
-2.347679693  
-1.119341485  
-1.220676871  
-0.0510212662  
1.313243983  
1.822169088  
0.4384394502  
0.7330585947  
-0.5214648693  
0.6859847866  
0.5747948999  
0.8696708979  
0.3361434245  
-0.2616913822  
-0.6736330546  
1.248916251  
1.652067235  
0.7816713185  
0.06052469642  
-1.520891895  
-0.8874567084  
-1.102435736  
0.6937087449  
1.828866705  
0.4626578238  
-2.511352611  
-0.5551218153  
0.6034420018  
1.475105395  
0.9762522542  
1.132024594  
-0.2024894845  
-0.04700481889  
-0.1312844907  
-0.0451386182  
1.71836122  
1.618191802  
1.313956088  
-0.09378774129  
0.3571885379  
-0.3357264081  
-0.2623128402  
-2.805033016  
-0.4972562218  
-0.7401561415  
-0.3105261041  
-0.4368410168  
1.037698457  
0.9655164018  
0.5018665859  
-1.89420141  
-0.790495169  
-0.4288727174  
-0.3898440673  
-0.4638213301  
-0.6780721046  
-0.4104199803  
-0.5168549888  
-0.557843661  
0.1172906044  
-0.3782053105  
0.9521471677  
0.3789491312  
-2.406951904  
-0.2986964533  
-0.2674021311  
1.17974336  
1.487612488  
1.417967975  
1.403868646  
0.6880727934  
0.3932883402  
0.394736626  
-0.5927823387  
-0.6704067238  
-0.1112303525  
-0.1782385974  
-0.1473155171  
1.247846233  
2.241003997  
1.040031779  
-3.167626138  
-1.551550001  
-1.656911409  
0.5914718787  
1.675971557  
1.016832426  
0.3601170282  
0.4394422193  
1.083752249  
0.9117172679  
0.2862092505  
-4.845244284  
-2.037598552  
-1.449954666  
-0.760627608  
-0.7717669465  
0.4143132313  
1.262883362  
1.434468043  
0.7828848065  
0.4805755991  
0.0008162644143  
0.2621448907  
-0.1366542572  
0.1999066778  
-0.481217951  
-1.163310946  
-0.4447786642  
0.1499348015  
-0.7887515374  
-0.6559891362  
-0.4990431291  
-0.4522150195  
0.4021024013  
-1.06308459  
1.113523737  
1.620503399  
1.20513112  
0.8973620132  
0.01011612579  
0.2691028162  
0.5759131134  
2.083920103  
0.8214081158  
0.9819800265  
-0.3590762363  
-1.014277358  
-0.6494702434  
1.314059599  
0.7838219227  
-0.08071202798  
-0.9415471275  
-1.029099836  
-0.4507427533  
1.098310276  
0.4288722167  
-0.2065013322  
-5.3177603  
-1.112174154  
-0.1047451883  
-0.2848347847  
-1.064339961  
0.4983789806  
-0.3150091955  
-1.958193557  
0.1470340358  
0.01503651107  
1.016121229  
1.529189538  
1.77865827  
0.1361129534  
0.800132671  
0.1113498753  
0.6332412583  
1.223203178  
1.186983627  
-0.4486938812  
-0.8261450726  
-0.4502308152  
-0.6331528013  
0.7848389085  
1.557254743  
0.4983571639  
-1.074780214  
-0.2780459362  
-0.3277248038  
-1.356916285  
-0.6598003889  
-0.4342184909  
-0.2871893563  
-0.7099551202  
-0.3718972234  
0.297865563  
0.001809342375  
0.3462659388  
-2.286389194  
-0.1354041683  
-1.159874031  
0.2562687498  
0.6052979798  
-0.03092677912  
-0.07390763686  
-0.2772702313  
0.01216622626  
-0.2253575704  
0.16948673  
0.939764752  
1.03088833  
0.154699463  
-0.3787193608  
-0.8347941823  
0.7816232165  
1.766404758  
1.132706041  
0.1333323505  
-0.1973253614  
-0.5451344882  
-1.188922699  
-0.5371551426  
-0.6900401647  
-0.6338629993  
0.003447180603  
-0.4264255685  
0.6875235653  
1.444716034  
1.121724955  
-0.3223684647  
-0.3032335102  
-0.5848771319  
1.523570025  
1.6063064  
0.8676763871  
0.4237026679  
0.4567570842  
0.2096941151  
1.37073004  
1.371321268  
1.483479086  
1.57577201  
0.5905481211  
-0.05200344588  
-0.2678791568  
-0.5527798811  
-0.6907684114  
-0.4234940685  
0.2805293912  
0.1425798496  
0.6155114417  
1.900694685  
1.20119497  
0.4442434305  
0.4031181423  
-0.5806429739  
1.28373631  
-1.331504755  
-4.058109833  
-8.089596853  
-6.610487782  
-4.452384206  
-1.088164762  
0.4814328983  
1.272254347  
1.255131835  
1.123634073  
0.0212499948  
-0.2140223451  
0.3313067728  
0.7189345306  
0.9242614518  
-0.5441688484  
0.01390894391  
0.4614916666  
0.238525445  
0.7773358246  
0.7963277361  
0.2579161803  
-0.1791737749  
-0.5666965131  
-0.6700217001  
0.7617324529  
1.54874318  
1.050928299  
0.6399386255  
0.771205772  
0.1876275816  
0.5054803732  
1.957206899  
0.8332978546  
0.2545199793  
-0.0224296531  
0.2189000926  
-0.03923658657  
-0.2250642807  
0.2126444599  
-0.3745777625  
-0.03342857726  
-0.5640274149  
0.07702894119  
-0.2202319484  
0.1500826073  
-1.911309142  
-0.412159463  
-0.3805082296  
-0.2468572716  
-0.3197940764  
-0.03098585147  
-1.521837336  
-0.7552864649  
-0.3429131965  
-0.2153230712  
0.6580653318  
-0.09453304339  
-0.3245898375  
0.04300285056  
-0.5944293334  
0.9193010349  
1.206879043  
1.030107177  
1.717075077  
0.741581339  
0.1406064772  
0.1556258737  
0.1510256131  
-0.8156619394  
-0.4994866234  
0.03308548692  
-0.8896382727  
-0.2991008622  
1.115232255  
0.6578484719  
0.3961886646  
-0.4946442692  
-0.548855114  
-0.2015737673  
0.9264990507  
0.531252465  
-0.0454001339  
0.6052071556  
-0.4666327093  
-0.1928869619  
0.2764355711  
-0.1828567146  
-0.203334687  
-0.5494992211  
0.08493428161  
-1.16063813  
0.6521712273  
1.719709905  
0.3122245012  
-0.0111612699  
0.0682272276  
0.2301201008  
-0.1759726804  
-0.518006064  
0.272246439  
-0.676808773  
-0.1683439172  
-0.3615324457  
-0.3272437325  
-0.5116485481  
-1.986059596  
0.8698174286  
0.03727054429  
0.06192698456  
-0.8003181773  
0.45111053  
0.4510198814  
0.2983107695  
-0.6553631101  
-0.2978745429  
-0.365504383  
-0.1707182487  
0.2182270611  
-0.3108256474  
-0.4798780352  
-1.082778938  
-1.038214123  
0.1226205152  
1.585929138  
1.161410882  
0.05387791913  
-0.1891003352  
-0.2314958611  
0.6194849411  
0.6038242152  
1.342701107  
0.4260050311  
0.2295373185  
-0.8678292209  
0.06670155631  
-0.3361489748  
-0.6415543307  
-0.5874288004  
-0.5567417694  
-1.297730736  
-0.4810267478  
0.5402434626  
1.802619543  
0.761158115  
-0.491720277  
-0.6652604508  
-0.3892694473  
0.07473552167  
-1.811684203  
-1.24334683  
-1.09694494  
-1.007257176  
-0.9358728296  
1.075202343  
1.736832611  
1.699234594  
0.9417383588  
-0.5080389801  
-0.5685181075  
0.6717533957  
2.112718224  
1.262626573  
1.126815076  
-0.1002844662  
-0.2871944972  
0.00502860696  
0.5700400231  
0.4122624084  
0.06473816342  
0.04479949071  
-0.6544851821  
-0.6160938818  
-0.08986776103  
0.847326366  
-0.29260682  
-0.7552050765  
-0.7752099956  
-1.332669272  
-1.130685822  
1.06286167  
0.88196307  
0.2207733405  
-1.547225823  
-0.2648324851  
-0.5920579146  
1.243036348  
0.9808783535  
0.7883325783  
-0.2486232909  
-0.044317244  
-0.4996298945  
0.3983381095  
1.161320967  
0.3148950294  
0.4943233652  
-0.6121810763  
-0.4646207298  
-0.1122675722  
0.5119805523  
0.1451314187  
-0.06026345883  
0.01935996761  
-0.5728147874  
-0.5387630353  
-0.5162392346  
-0.627573288  
-0.886122863  
0.05312006389  
0.1244714869  
-0.4353870476  
-0.1736560735  
-1.023203762  
-1.091185092  
-0.2739595803  
-0.3498157288  
0.0007280478099  
1.141479845  
1.310098698  
1.454398942  
0.4856602743  
-0.5539082266  
-0.7743992291  
0.4604663811  
0.9388592489  
1.44107935  
0.6244631999  
-0.2501119561  
0.1253860736  
-0.1733138661  
0.1744616174  
0.07686577123  
-0.6439041186  
-0.2210139086  
-1.043216294  
-1.081747059  
1.385223128  
0.9657860565  
0.1183038165  
0.3535059723  
-0.0369569195  
-0.3333156687  
-0.6750266942  
-0.6741664893  
-1.250356315  
-0.8700738053  
-0.716339968  
-0.3886927875  
-0.9324257252  
-0.7252042841  
-0.6303391543  
-0.4042238207  
-0.6451024715  
-0.7114132943  
0.03049927418  
1.060678719  
1.140821248  
0.844412605  
-0.3233090344  
-0.4074281799  
-0.2751130984  
1.163091391  
1.05429684  
1.389206009  
0.104795164  
-0.2907267821  
0.8767794001  
1.304348127  
1.242698284  
0.1953990818  
-0.5635758923  
-0.6752561239  
0.8468309305  
1.724394732  
1.28891193  
0.5695677656  
0.1889135537  
-0.08622259498  
0.1394391021  
0.457798102  
-0.1016381535  
-0.3324650538  
-0.3922607399  
-0.7446929068  
-1.015177135  
-0.5213810008  
-1.121038814  
-0.06369550432  
-0.3214504839  
-0.5778537279  
-0.3028493932  
0.8167775987  
1.248004134  
1.208176237  
0.084700603  
-0.5051190878  
-0.1938377241  
0.615810113  
0.07250575328  
0.009271397318  
-1.075753357  
-0.4176977458  
-0.6163688531  
-0.1328734477  
0.1593389417  
-0.5252327954  
-0.4456143457  
-0.1140657183  
0.003838971619  
1.175915539  
1.161758548  
1.239555993  
-0.04955412134  
0.4551384921  
-0.7278069138  
-1.326246848  
-1.423968156  
-0.8336228963  
-1.888856622  
-0.5559820515  
-0.9923679371  
-1.351979633  
-0.7705746928  
0.1774190916  
-0.5785025824  
0.5996248521  
0.3200172499  
0.9172983512  
1.279285014  
1.643991499  
0.2647416048  
0.07880515903  
-0.008204856213  
0.9357773943  
0.5611573431  
0.447638926  
0.7529778748  
-1.04720651  
-0.9706689213  
-1.139995378  
-0.3185885775  
-0.6106610197  
-1.061167746  
-1.012571073  
-0.8735442448  
-0.33886313  
0.5798022886  
0.8686771058  
1.672789289  
1.550239338  
-0.3575151446  
-0.7736809151  
-1.648611458  
0.2892060422  
0.5247143039  
0.1149455796  
-0.485603397  
-0.9300262537  
-0.14673024  
0.6091833406  
0.9773903588  
1.540722262  
1.63900194  
0.8645642703  
-0.3854321019  
0.4280486113  
1.20874337  
0.7784864409  
-0.1130507698  
-2.501163731  
-0.7546327366  
-1.41869721  
0.4381257151  
0.6843238487  
1.180825994  
0.4634117396  
0.2976804064  
-0.1696055984  
0.0831819562  
-0.447345118  
-0.9988967656  
-0.3837320454  
-0.8173749292  
-1.237648669  
0.7877380262  
1.106968682  
1.324362878  
0.09002854384  
-0.3468247576  
0.6603742994  
-0.04214753301  
-0.3260968511  
-0.4477177556  
-1.36341498  
-1.161435696  
-0.1980181643  
0.02721368441  
0.890196692  
1.151888298  
0.2960126117  
0.05113941232  
0.2688421853  
0.06965698065  
-0.0387107365  
-0.3181036961  
-0.8415498999  
-0.4939486285  
-0.02651353447  
-0.6568773626  
-0.4413963504  
-0.519466665  
-0.6162120046  
-0.07395094082  
0.736504949  
0.01151422924  
-0.537832184  
0.4536900792  
-0.02737565942  
-0.2562807254  
-0.06690692756  
0.5305399267  
1.093960296  
2.008170855  
1.00357951  
1.238863493  
0.8575040185  
0.3121167511  
0.3418628283  
-0.8860098956  
-2.26257268  
-2.395308256  
-3.982303304  
-0.8985977148  
0.02859967847  
0.965790158  
0.2173888608  
0.1561723543  
-0.1031236025  
1.342770742  
1.87313656  
0.5308069323  
0.246927198  
0.06169447783  
0.07105685368  
0.7890359191  
0.3672183842  
1.298278998  
0.1775902766  
0.2055555898  
0.1858486081  
-0.6838868668  
-0.2480714238  
0.4412516109  
-0.03999475044  
-0.8419129546  
-0.3812247579  
0.09693165485  
0.2443874055  
-0.2256755925  
-0.4616623302  
-0.7352639176  
0.1412258647  
0.6067990734  
-0.6975187699  
