0.37372123  
0.3953245854  
0.3299469818  
0.5660571472  
0.1627799414  
1.487353611  
0.7599684963  
0.9154895266  
1.30506847  
-6.578433733  
-0.7643800263  
0.5725348352  
-0.5552274373  
1.012162574  
0.3509970208  
0.6946367359  
-4.733135111  
0.1422590676  
-0.3765905498  
-0.5667204407  
0.05340923445  
-0.1147295914  
0.260063102  
0.1035768698  
-1.566988562  
1.354309775  
1.295404515  
1.355146322  
0.6251341492  
1.676773869  
0.4839507779  
0.3763341176  
0.832749868  
0.6906556765  
1.320084986  
0.7271862395  
1.442666339  
-0.3286868051  
0.963086284  
1.30155161  
1.356804448  
-2.88796569  
-0.4619462176  
-0.5550007994  
-0.4320949394  
-1.349167048  
-0.0274109548  
0.1628329504  
-6.14318886  
0.1151238003  
-0.7388916112  
-0.07359278985  
1.246745861  
0.1243932734  
0.002652991209  
-2.261488889  
0.2277139735  
0.172955803  
0.4023812895  
0.5686336643  
0.3253029506  
-0.5495094718  
0.0506357624  
-0.9335213452  
0.2252399879  
1.409502054  
1.042006783  
0.4177295847  
-0.02254481148  
0.3234405579  
0.07927109685  
0.5440285238  
-0.04797830854  
0.2652989777  
-0.08004690759  
-0.3516362807  
-0.5667940473  
0.3279683473  
-0.1572824097  
-0.6051206796  
0.5037708336  
0.2421261564  
0.6342545164  
-0.8251772451  
0.46496808  
0.02276753459  
0.2383835117  
0.590084816  
0.2512988669  
0.07034274309  
0.6497260461  
-3.324133946  
-0.3170575467  
0.1252681733  
-0.1707666996  
-0.207803191  
0.2949127204  
-0.07309563708  
0.2320313856  
0.15279018  
-1.012765028  
-0.4963712147  
0.1940857323  
-0.3103926917  
1.280857211  
0.355174356  
1.287543279  
0.2930952841  
-0.0954155623  
0.1384727541  
0.226784374  
0.02294468499  
0.7530424829  
1.441175508  
0.9142115046  
0.4175876368  
-0.73382103  
-0.267180206  
-0.2254430905  
-0.2581726739  
-5.777896031  
-0.4564912189  
-0.3396220179  
-0.1012245384  
0.9983605251  
1.115518884  
-0.07348737768  
0.9140551876  
0.2796723772  
0.6478836187  
-0.3090977888  
0.8892833916  
-0.6560476804  
1.361084749  
-1.319153163  
0.1761089443  
0.4715710064  
1.142764989  
-1.726185483  
-0.2132977255  
0.4811148714  
-0.1721478688  
0.9396421712  
0.5668981443  
0.8431121086  
-1.803923895  
0.5513243972  
0.06740607479  
0.7779735966  
0.1437334322  
0.944797096  
-0.4087460759  
0.01070331412  
-0.9003887572  
-0.7684108236  
-0.5002813329  
-0.8053630847  
-0.2174756761  
-0.4881424984  
-0.8450765513  
0.8273766368  
0.2938555189  
0.1552743866  
0.1719982343  
-0.5334886291  
-0.2723682643  
0.08927357775  
-0.7146018497  
-0.4548683573  
-0.01358948264  
0.9174521583  
0.360870548  
0.7061244762  
0.7210872346  
1.042485847  
1.490513688  
1.581883995  
0.8554855066  
0.5171768005  
-5.272573002  
0.03093970579  
-0.3145055939  
-0.4048060801  
-0.6336876283  
-0.03004021308  
-1.762250654  
-0.6999063676  
-0.4970061958  
-0.5787483469  
-0.7071797935  
-0.03787422794  
0.3078177018  
1.527319994  
1.340622791  
1.659178486  
-1.468232644  
1.242378448  
0.2941745447  
0.3215496034  
1.624069812  
0.7452071833  
0.2995974615  
0.1359318645  
-0.152812635  
0.3200236607  
1.012363467  
0.04062796493  
0.8574772976  
0.06772083089  
-0.1801210404  
0.3560833613  
0.4226402581  
0.4270163079  
-3.981008242  
-0.4484357653  
-1.175831833  
-0.3962815092  
-0.8380774534  
0.02068546793  
-0.01316839679  
-0.5221821141  
-0.4910113446  
0.2806918065  
-0.147457461  
-0.1689454115  
-0.5146534809  
0.5181292162  
0.9793248533  
-0.3258781635  
0.2971259143  
0.0819639269  
0.4326094181  
0.6693555448  
0.1263472789  
0.5533165832  
-0.6388300243  
-0.2429630433  
-0.7397060969  
0.2347452469  
-0.2867057603  
0.3462963784  
-4.407873844  
-0.5576842935  
-0.7302742577  
1.238368814  
1.233728685  
0.6911947087  
0.1739360746  
0.4954435208  
-0.1496068565  
0.8706921826  
1.392181704  
0.7220433745  
-1.0778195  
0.5613189243  
-0.8670454856  
0.4371372042  
0.3064083195  
1.184333541  
0.2991469261  
0.4292838857  
-1.367661125  
0.0475300089  
-0.770658028  
0.7295937363  
-0.2986820065  
-0.5169811765  
-0.03171316597  
-0.3439694915  
-0.1479687229  
0.2468819791  
-0.7942231902  
0.5201998572  
1.304299429  
1.63941578  
1.171473814  
1.933748008  
1.124725908  
1.252141663  
0.04868982784  
-1.175513934  
-0.6667826409  
-1.702362596  
-0.03611632334  
1.453257249  
0.2117211084  
-0.4846063913  
0.1115866442  
-1.349579327  
0.3297440486  
0.2437098324  
1.033207688  
-2.025418466  
-0.1475110011  
-0.381483293  
0.3733167632  
0.2332802388  
0.4039456274  
-2.291754271  
-0.771966917  
0.3493823529  
-0.7322658728  
-0.5387674676  
-0.5341610243  
-3.557225733  
-1.168607883  
-0.1547500465  
-0.2521779877  
0.3354300302  
-0.7080698404  
0.1005653241  
-1.667059153  
-0.3983056813  
-0.7205943469  
1.235769004  
1.500655765  
1.319960554  
-1.451104804  
0.3806290594  
-0.8493296997  
0.3093333415  
1.302580671  
1.20380315  
0.2650414614  
1.091474598  
-0.06698757741  
0.5002355495  
0.6695408906  
0.6902806943  
-0.290121834  
-0.1175304147  
-0.3575757562  
-0.4860739464  
-0.52641854  
0.2305832333  
0.2932643883  
-0.009124115573  
-0.6596293328  
-0.4797862266  
1.479578625  
1.627935721  
0.6346518712  
0.3094390427  
0.156086462  
0.6503625745  
1.051217631  
0.8887559254  
0.6217500959  
0.1016276652  
-0.9339858299  
-0.7206042853  
0.6830701941  
0.4926071386  
0.7319418139  
-1.604903528  
-0.6568198621  
-0.1267428279  
0.2373987616  
0.4015743781  
-1.562880036  
-0.3295810671  
-0.9125448215  
0.4258040395  
1.191366212  
0.2575121032  
-0.005925592523  
-0.1278478472  
-1.218212935  
0.3107503225  
0.337062618  
1.307273814  
-0.679766911  
-1.951279599  
-0.07351765848  
-1.19732481  
-0.4435281078  
-0.08244115815  
-0.9425807928  
-0.8669719864  
-0.5402547634  
-0.05770158971  
1.214262276  
0.6472642377  
0.9901313815  
0.04824694132  
0.2399821441  
0.8964896392  
1.272506958  
1.6724499  
1.504263606  
-3.014011218  
0.05010844852  
-0.6549723913  
0.1318331102  
-0.2241531554  
-0.005626148498  
0.4760200853  
0.7545326783  
0.02230245379  
0.1745744053  
0.8788486546  
0.747938324  
-2.983305443  
-2.315031093  
-2.09747717  
0.3112499158  
0.4790412201  
0.8367971642  
1.070316094  
-1.50285239  
-1.120324638  
0.03948434734  
0.9295705438  
0.8215379065  
1.061734592  
-0.7894330192  
-0.2679544558  
-0.8846089202  
0.9696809653  
0.9887031653  
0.8398333889  
0.3149421366  
0.2656131913  
-0.957373538  
0.9743544635  
-0.5906761032  
0.2917547596  
-5.685927056  
-0.2111168535  
-0.3969204349  
-0.3369229344  
1.066725071  
1.389043529  
-0.9877094545  
-0.9911400835  
-0.5625046293  
0.5681394853  
1.446354908  
0.8649623196  
-0.5994603962  
0.7633486042  
0.4263418008  
0.5400982689  
0.5329090777  
0.3345906787  
0.0004454986544  
0.5632558983  
0.6978166796  
0.5500707517  
0.8839822786  
-0.1988742243  
-0.3662400451  
-0.7329307388  
-1.75701685  
0.5377216183  
1.935704944  
1.420379107  
-0.2940109503  
0.03959425497  
-0.1012116523  
0.2719989002  
-0.3228638982  
0.1732537769  
-2.64618434  
-0.3810380675  
-1.721957708  
-0.1813783361  
0.8412800765  
0.6620685429  
1.187144968  
-0.4793219711  
-0.7331694841  
0.5044383182  
0.5857578817  
0.9242803206  
0.7885338964  
-0.444349751  
-0.4253571394  
0.5395321309  
1.392641228  
0.3849529488  
-0.2015722707  
-1.727636902  
-1.329390619  
-0.8907401951  
0.6656253805  
0.8605142312  
0.1537042539  
-1.354992698  
0.3117817936  
-0.4119651015  
0.1438069545  
1.124782704  
-0.2326710877  
0.5692306418  
0.1037372825  
0.6386112296  
0.983711885  
0.9282938056  
0.8240183112  
1.713464485  
-0.4366665203  
0.793727099  
0.06725191746  
0.7666493915  
-1.381967952  
-0.7353880793  
-0.4645121718  
-0.09791997577  
-1.3727332  
0.6489632153  
0.8211515421  
-0.3113737908  
-2.087330981  
-0.06776277542  
-0.4052419706  
-0.749165865  
-1.083093856  
0.2523545081  
0.0472658999  
-0.3953297967  
-0.9228430173  
0.3124327033  
0.4003261229  
0.3479026881  
0.6254774172  
-2.006245372  
-0.1096701475  
-1.201670137  
0.02561353479  
1.299802253  
1.433040275  
1.47501712  
-0.1778828806  
0.1806275046  
0.1610833365  
0.1474204516  
0.9658918828  
-0.5503048208  
-0.006778823277  
-0.5058443185  
0.5648294666  
1.306778935  
0.8165621776  
-2.20476843  
-0.2555334009  
-2.207296631  
1.368804737  
0.1348025242  
1.374201875  
0.2853034937  
0.4403817926  
-0.3135535695  
0.8757628023  
-0.3262382522  
-4.134417029  
-1.614102454  
-1.001947815  
-0.7692589959  
0.0257415268  
1.642593767  
1.491996906  
0.7182765345  
0.5141818252  
-0.2167430744  
1.01442291  
0.1450087798  
-0.06637808889  
0.2005722255  
-0.1387188373  
0.08575466615  
-0.05497176233  
0.1403266609  
0.564418674  
-0.1365573694  
0.3705074466  
-0.4752328063  
0.4908997923  
-0.2775209401  
0.6006290137  
1.418940779  
0.9892118746  
-0.2849152982  
-0.01078883865  
0.1065617126  
0.5890151475  
0.4699224555  
1.23573218  
1.711985586  
-1.891107275  
-0.9143646937  
-1.826540659  
0.511569406  
0.4511963001  
0.1391230938  
-0.4133658783  
-0.1282944188  
-0.3565114813  
0.6190371409  
0.5369459871  
0.3708693712  
-4.080367013  
-1.136206603  
-0.9616282399  
-0.8029009313  
-2.289684166  
0.4529279679  
0.7153001095  
-2.431857981  
-0.708560907  
-0.3440973164  
1.023415183  
1.521685548  
0.8129050885  
-0.1043820415  
-0.1681416584  
-0.04224919867  
0.5216156597  
1.423809981  
1.421838369  
0.694882191  
-1.563787162  
0.3035838474  
-1.11582989  
1.008203956  
2.662578626  
1.131634166  
-0.04495067639  
0.5299425045  
-1.135278778  
-0.5129812994  
-0.7839164869  
-0.7911658902  
-0.792179203  
0.3173457872  
-0.5468117384  
0.2338540527  
-0.8171993638  
0.1695199567  
-2.379330035  
-1.268328686  
-1.956335853  
0.3899466652  
0.7830229841  
0.5761970001  
-0.582099544  
-0.3256405795  
0.1976022971  
-0.7046184062  
0.6118091278  
0.5471521745  
0.515548613  
0.206914771  
-1.167917376  
-0.1827058974  
0.7566371456  
0.2167608056  
1.140590731  
-0.1552814367  
-1.085352917  
0.3583721031  
-0.1423909927  
-0.7016956362  
0.6750964775  
-0.08958232977  
0.1326708568  
-1.099820122  
-0.1987312118  
0.4416284502  
0.8912328411  
-0.05640093614  
0.8460604602  
0.0577280733  
0.01080017115  
1.289639959  
0.697708654  
0.4565072781  
0.556035045  
0.164443005  
0.8729107425  
1.672913366  
0.7275658243  
0.217204158  
0.3064320234  
-0.3330447834  
-0.01586624413  
-0.2619189601  
-0.09682450411  
0.1371727148  
0.0830309219  
-0.2479881667  
0.7608238359  
0.8797199695  
1.038314859  
1.703437566  
0.819168589  
-0.6517799393  
-0.08940549758  
-1.585287212  
-3.043164795  
-3.59197255  
-4.900958274  
-4.019065568  
-0.5640428508  
0.1417891  
1.303902069  
1.043075433  
0.3395122884  
0.2587975594  
-0.1993450248  
-0.8402571698  
0.8657687188  
1.663113817  
0.2564502711  
0.1160463018  
0.5003471892  
-0.1759510398  
1.143934493  
1.232699123  
1.310165005  
-0.188574253  
0.1671701482  
-0.4114275197  
0.4881700261  
1.321017872  
0.5417610864  
-0.3778952173  
-0.1231697505  
-0.3620747395  
0.7892845248  
0.06813903037  
1.253162452  
0.2118644421  
-0.07720615491  
-0.1767808384  
0.08979077491  
0.2297428349  
-0.01074514639  
-0.0240027939  
-0.6347483762  
0.3064589525  
-0.15213445  
0.212786384  
-0.06769068158  
-2.994818321  
-0.6165975737  
-0.4295419862  
-0.1380375409  
-1.195525271  
0.3315596796  
-0.7283210147  
-0.09743412518  
-0.4635163869  
0.007386062314  
1.193516834  
0.6860327935  
-0.05835664649  
-0.6155033585  
0.6971122279  
0.4692667331  
0.7854957322  
1.537501933  
0.516787578  
0.5587646683  
-0.0258821574  
0.2048921919  
0.5023575877  
-0.3057356287  
-0.4482942939  
-1.129339336  
-1.36958292  
-0.2793467197  
-0.01507273185  
1.218812499  
-0.2628628222  
-0.7888170705  
-0.1306771848  
-0.2183611707  
1.014158908  
0.4142546447  
-0.5395749071  
-0.4643519487  
-0.03196535219  
-0.5631946799  
-0.4439786666  
0.548973781  
0.2711278514  
-0.383391712  
-0.7186510416  
-0.7048931869  
1.156484156  
1.614344392  
1.399284367  
0.1761247207  
-0.02514697597  
1.088461857  
1.017458815  
0.6698936634  
0.03391410041  
-0.3273798446  
-0.5869903942  
0.5799452754  
-0.3510927637  
0.2457519162  
-0.3847676733  
0.384613662  
-0.04548339958  
0.1336474066  
-0.389193338  
0.9599299272  
1.403006033  
1.768822707  
-0.2592687823  
-0.9053713607  
-0.6458243351  
-0.2562486861  
0.05485740471  
0.1780567198  
-1.820041882  
-1.237825486  
-2.732176187  
-0.5355600695  
0.428848222  
0.9620334381  
0.03457469172  
-1.633667056  
-1.503249593  
-0.6480460804  
0.5547413759  
1.370991471  
0.007107607765  
-0.1797374189  
0.5296486651  
0.7699395065  
-0.009736863912  
-0.01583772694  
-0.2071797571  
-0.7605339772  
1.134585068  
-0.1617793018  
0.9265655658  
0.3187036147  
0.9433731288  
-0.6428050484  
0.1505554779  
-1.363634739  
-0.9055038312  
-0.9974813888  
-0.1508706382  
-2.320843102  
-1.785791127  
-0.8307270059  
1.14204252  
0.9024179036  
0.2266552703  
0.2435447583  
-0.1882015817  
-0.1597460502  
-0.6343615942  
1.401927885  
1.36987473  
1.493816759  
1.822599735  
-0.237314435  
-0.4691750109  
-0.1996479228  
1.753763371  
0.2030598665  
-0.8067715777  
-0.5189896477  
-0.9822710178  
-0.5277007733  
0.7591509654  
1.092764513  
-0.1576407842  
-0.8950251311  
0.1264057135  
-0.6676276772  
0.2058439146  
1.533061159  
0.3852821504  
-1.957433071  
-0.9564403396  
-0.5389161006  
0.3826485254  
2.011455955  
1.135107864  
0.2920931908  
-0.007042543041  
-0.3786585826  
-0.5108549053  
0.5894480376  
-0.5659241693  
-0.2880699334  
-0.260083414  
-0.4388306771  
0.7188270605  
0.5580502958  
-0.3579136409  
-0.4410791322  
0.2558642876  
-0.1216409027  
0.4023684432  
0.1524731029  
-0.2654247175  
-0.03019782984  
0.2588106387  
-0.1943389924  
-0.5213555674  
0.2109710145  
-0.1353516937  
0.1558990908  
-1.280477105  
0.3506837021  
-1.056116565  
1.287122473  
1.228556026  
1.34678071  
-0.727372785  
-0.7409583751  
-1.698046469  
-0.1476466998  
0.4606756871  
0.3808600295  
0.4348441492  
-0.2385302931  
-0.4126225624  
-0.3800312078  
0.1725733519  
0.1777741641  
0.1206725503  
-0.1663182105  
0.2303445743  
-0.06951553636  
0.09421222376  
1.18041023  
0.8092825741  
0.217390428  
-0.4932615483  
-0.3280816196  
-0.3833952564  
-0.5193697137  
-0.1649221179  
-0.0318646441  
-0.2023868909  
-0.3711192133  
-0.6800979462  
0.131764198  
-0.5376570069  
-0.06724839733  
-0.006281039283  
-0.7659206218  
0.4024948962  
0.6733150974  
0.6208592162  
0.5093594923  
0.04019792148  
0.05963830891  
0.1949040398  
1.005646496  
0.1666209319  
0.3092456956  
0.7183733007  
-0.06279162747  
0.5080557774  
0.8093207209  
0.8815260947  
0.9017884046  
0.0354060391  
-0.9482701792  
1.213106978  
-0.3963387059  
1.668046017  
0.7791927478  
0.06257094294  
-0.3771484411  
-0.08255551667  
0.4878168717  
0.2645513263  
0.4117937929  
-1.567324332  
-0.9981816646  
-0.7945282314  
-0.8379802372  
-0.2962593081  
-0.4346934937  
-0.4244992036  
-0.6493506324  
-0.7133403582  
1.102193227  
0.9930135505  
-0.1378204721  
1.093917381  
0.03656677101  
-0.4573957799  
-0.1545101759  
0.02356439917  
0.1545878023  
-1.752180989  
-0.625896285  
0.3892564467  
-0.3676745719  
-1.131175362  
-1.343145331  
0.4423706982  
-0.1385591269  
-1.787058451  
1.438125989  
0.3632037849  
0.01698679665  
-0.03229986969  
-0.7211509583  
-0.2606874115  
-2.189585613  
-0.6983508168  
-0.4939878552  
-1.980598187  
-2.376182041  
-0.3977932862  
1.119155916  
-0.7465455152  
0.7372999398  
-0.8006243173  
0.7784507458  
0.961094344  
0.02832878227  
1.316915694  
0.9696653774  
1.436687579  
0.4656605811  
0.2364167857  
1.638151937  
1.393284015  
0.042028471  
1.015406858  
-1.309550042  
0.5842017938  
-0.2502472007  
0.1520701678  
0.4697863567  
0.3990641257  
-0.2680412448  
-0.3929340173  
-1.32841747  
1.178132292  
0.3712502852  
1.626108473  
1.312468236  
-0.292125214  
-1.335922063  
-1.430989535  
0.1889655798  
0.8592538294  
-0.1862885877  
-0.6176934524  
-0.8634778189  
-0.5782057246  
0.5283052123  
0.3176385625  
0.2981672025  
-0.3763432603  
0.07319845471  
0.4707273984  
-0.4203568673  
-0.1830969595  
0.2685107247  
0.3833251047  
-1.784733946  
-0.3915474493  
-0.265743233  
0.9716390543  
-0.1203868912  
1.054325403  
0.6395734295  
0.4434574991  
0.1733844678  
-0.3834422992  
-0.7346408283  
-0.7382042985  
-0.2781257146  
0.1145046747  
-0.8270730693  
0.5726692276  
0.845903269  
0.7619288106  
1.061538405  
0.2647095263  
-0.009053342481  
0.1826548369  
-0.6148789902  
-0.6363138045  
-1.009025694  
0.5265981799  
-0.2708472669  
-0.08990684822  
0.8571652069  
0.9711374684  
-0.03082754141  
0.03824698362  
-0.8506870868  
0.5051370232  
-0.596017151  
0.2320059293  
0.3649846155  
-0.7827925938  
-0.7558549078  
-0.931303906  
-0.6073449347  
0.1157615578  
-1.269796585  
-0.948936836  
-0.9300733249  
-1.649206961  
-0.9153675747  
-0.499331987  
-0.4594769269  
0.1016415129  
-0.3398219429  
0.3455440676  
1.789761264  
1.923821197  
0.1366936938  
0.2273972853  
-0.4671626254  
1.284957685  
1.211643011  
-0.549433749  
-0.6652977919  
-0.4220968522  
-3.111021086  
0.4438612168  
2.005412808  
1.18618044  
1.215149302  
0.3563632948  
0.04365755684  
0.9600419683  
1.11718812  
0.500961112  
-0.3158825049  
-0.3782042152  
-0.9877032895  
0.977218576  
1.148919275  
0.3869505773  
0.3412952896  
-0.1363725671  
-0.4782212029  
-0.1193027012  
-0.1077636078  
0.8639392401  
-0.2130905133  
-0.2572354881  
-1.277379131  
0.5765056374  
-0.3992072131  
0.1937269059  
-0.3993908711  
-0.3391704307  
-0.7960433081  
0.05855415573  
-0.05626733037  
