-2.408695252  
-1.604991136  
-0.4426160047  
-0.4128965887  
0.7594410516  
0.8336606015  
1.128428116  
0.8863155011  
-0.8711828855  
1.057003104  
-0.565648784  
-0.1065186463  
0.4902853846  
0.8716440652  
-0.3027219811  
1.787705389  
0.01624998639  
0.034151143  
-0.02947446795  
0.5775499611  
0.5744401383  
0.2233835207  
-0.5336258253  
0.9528826866  
-1.539234825  
-1.085313007  
0.1198320865  
0.3418614307  
0.4111071319  
0.5915040566  
-1.658684706  
-0.04667958  
1.646576486  
-1.343976653  
-0.3999832025  
1.346273896  
-1.742844784  
-1.020312971  
0.6327154277  
-0.4901474338  
1.675670815  
-0.103803058  
0.2689238561  
-0.7794047002  
-0.6961329388  
0.2651857773  
-1.24280632  
-0.5879582163  
0.7538439837  
-0.8098623326  
-1.270270265  
-1.257502902  
-0.4872780299  
-1.422397726  
0.1071211502  
-0.2192896129  
-0.3860415971  
-0.4695765274  
-1.009102864  
-0.1201119285  
0.2833372779  
0.6912779057  
0.1303472847  
-1.194257671  
0.6284484784  
-1.35022625  
0.5014954973  
0.1137701908  
0.9500421379  
-0.9409179803  
-0.5471119581  
1.164467835  
1.745882459  
0.1634672  
-1.266845349  
-0.6349013939  
0.1741695877  
-1.107954722  
-0.4451847385  
-0.3956664494  
0.4628939469  
0.1396427601  
-0.5929108851  
0.5675577334  
1.243820935  
0.1429659939  
0.1475910551  
0.5622551641  
2.111785865  
1.993276185  
1.699884615  
1.787261238  
1.418872749  
0.7371273008  
1.175055869  
1.921011104  
1.443284107  
-1.255108379  
0.127697945  
1.162961973  
0.619242421  
0.1996390298  
-0.7531809237  
-1.236412405  
-1.182381652  
-0.6466102822  
-0.6610741436  
0.7423457189  
-1.854741677  
-0.03593558912  
-0.4982394918  
-1.226474904  
-0.5916309908  
-1.364213519  
-0.07625260341  
-2.727109041  
-1.105970517  
-1.328339303  
-0.8671942109  
-0.3527142458  
1.161972775  
-0.8435033157  
-1.563377226  
-1.04376902  
-0.6998405391  
-0.169276195  
0.5355993844  
-0.7104415082  
0.9706552771  
-0.1325508424  
-0.6068165302  
-0.9897651865  
-1.088245195  
-2.385196501  
-1.456649387  
0.5667873299  
1.896435697  
1.246915411  
1.279768801  
0.7950260996  
0.5921458703  
-1.080806544  
1.1008071  
0.1518885544  
0.9552703735  
1.073547001  
0.2211580543  
-1.032526665  
-0.2152573381  
-0.9082721558  
0.2581519407  
0.7344208338  
-0.0650990376  
0.8707938991  
1.309274935  
0.8754220453  
0.8777954298  
1.099599059  
1.239724587  
0.6049235921  
2.735340138  
1.035974129  
1.487018682  
2.007562314  
1.921456157  
0.03967302946  
1.088443285  
1.18588677  
-0.6549786663  
-1.020944733  
-2.702731736  
-1.305703382  
-0.4890771892  
-0.309264762  
-1.762567337  
-1.424614426  
-0.2691938319  
-0.2749846843  
-1.203548545  
-2.154287412  
-0.3211535399  
-1.13420373  
0.3379068192  
-1.704238855  
-1.097728347  
-0.1550107735  
-0.5527859756  
0.5368576689  
1.265998539  
1.533976058  
-0.5036956932  
-1.286959765  
1.553681159  
-0.2076836968  
0.5315003709  
0.6587459047  
-1.093695327  
0.2092505752  
0.01837112826  
0.01114445546  
-0.2196852092  
0.422875251  
-0.09773534207  
-0.1500429559  
1.18796862  
1.188204869  
0.2947239399  
0.9476719882  
0.2759988976  
0.2698457072  
0.9346904  
-0.01373162711  
-1.118767782  
0.3796767343  
0.1848228141  
-0.7369886246  
-0.3937459383  
0.5400703052  
-1.275971098  
-0.05787026332  
0.3245208655  
0.9496426727  
-1.165690314  
-0.4096828202  
-1.76213923  
1.041498525  
1.168345569  
0.6952534652  
0.1543473562  
1.290145105  
0.4082698081  
0.4715447139  
-1.298779984  
-0.2004915245  
2.418883973  
1.173662917  
0.3809762059  
1.243379916  
0.7734717043  
0.6183947476  
-1.672857415  
-1.555721814  
0.7622502476  
0.6813172016  
1.119767313  
0.736625896  
0.6451596768  
-0.2483443712  
-0.7528563455  
-1.914703695  
-1.734629706  
-1.962703208  
1.156050922  
-0.9120260952  
1.235618758  
-0.05938081242  
0.1733974408  
-0.6854116978  
-0.4178380877  
-0.6731845942  
0.5006802044  
1.447223515  
-0.8543863479  
-0.5064022231  
1.832539733  
-0.9311302957  
-1.143164361  
0.3454232161  
-0.752130171  
-0.2149328972  
-1.327824975  
1.585802819  
-0.4797588193  
-0.5049247067  
-0.6247973212  
-0.2027974954  
-1.310298032  
0.3363318069  
-0.9940427035  
-0.9695390606  
-0.2692149829  
1.600453887  
-0.2280333617  
-0.6373610619  
1.262807327  
-1.295095739  
-1.08444045  
-0.6565315048  
-0.1070441094  
0.1254679272  
0.5286309297  
0.3056068035  
-0.7287999781  
-0.1187749372  
-0.3311203012  
-0.1919920132  
1.387075347  
-0.9637244634  
-1.603025679  
-0.05621414016  
0.5378937341  
0.5045282206  
1.983188821  
-1.816064583  
0.01845232478  
-0.05436473063  
-0.9673924591  
1.221808703  
-0.3181903548  
-0.7993080859  
-0.08360179466  
0.2765602824  
-1.151982452  
0.6267299468  
1.12611662  
1.935261783  
0.0593809948  
1.200978351  
0.6033327763  
0.7464287436  
1.160414498  
-0.3253268956  
1.05986401  
-1.213453355  
-1.273711078  
-0.06879959216  
0.9712882467  
-0.5849418394  
0.05311472674  
0.5643455433  
-1.229474432  
-0.2683905108  
-1.234010557  
1.918609844  
-1.025993544  
-0.5101931392  
0.9477845214  
-0.36359249  
-0.2270645369  
-0.4548561864  
-0.4830687013  
-0.2901586263  
1.898906506  
0.2571530158  
1.000628226  
0.09400326521  
1.366611294  
1.249451861  
0.2755873352  
-1.147466717  
-0.3739602319  
-0.1369220946  
-0.1618385431  
-0.890284984  
-0.9167967688  
1.095939408  
0.6885751476  
1.034902926  
0.256588431  
2.365736927  
0.03471063634  
-0.4648263538  
0.6400679595  
0.3591054763  
0.2205615017  
0.4484643649  
-0.7632068612  
0.6478179545  
1.292796844  
-1.068266217  
0.5056612363  
-1.3303369  
-0.1744787886  
1.058939433  
0.8129410165  
-0.7471814195  
-1.540408075  
0.2763445935  
1.143018944  
-0.8433531366  
-0.5974664648  
-1.244114338  
0.1192025714  
