0.07313104828  
-0.5058011198  
-0.841895443  
-1.140032737  
1.130274466  
1.085830646  
1.304866027  
0.2821368749  
-0.4126952805  
0.09566718608  
0.3428827151  
0.01977721742  
-0.6831082105  
-1.139080973  
0.8196575261  
-1.270152917  
0.3162751865  
-0.6935656504  
-0.2255675527  
0.3541495632  
-0.4311227724  
0.4681228645  
1.003165698  
-0.4069009605  
-0.9983818132  
0.7673510134  
1.054303229  
-0.1727053869  
-0.479493971  
0.6318986595  
-0.7346569961  
-1.611300922  
1.26840738  
-0.1869122307  
-0.09544208007  
1.451023393  
-0.1291563749  
0.4385577674  
-2.360390375  
-0.001907119806  
1.161595011  
-0.7309937208  
-1.011582162  
-0.00620776211  
0.3222861807  
1.269485014  
0.6095722809  
1.432704678  
-0.5317932292  
0.779182252  
1.200493031  
0.6726582099  
1.019958492  
-0.6706348025  
0.692593847  
1.14180605  
-1.242564042  
1.588255424  
0.7078173634  
-1.674280938  
0.9097362257  
-0.4655690302  
-0.5178271432  
-0.2770201766  
0.1022082766  
0.4855913711  
-0.9795449918  
0.2486311985  
0.5204326106  
0.6699207128  
-0.3354585  
0.02677637708  
0.1336360908  
-0.8682675606  
1.741779092  
0.3640882481  
-1.760026231  
1.307140365  
-1.46465922  
-1.812459746  
-0.5390557631  
0.5174588907  
-0.5955273091  
0.3308007868  
0.08508611181  
-0.05327665952  
-0.4279478094  
-0.3396944988  
-0.6316791722  
0.3319219829  
-1.210049183  
-1.032986491  
0.3008959301  
-0.3642988374  
-0.9876771866  
0.02215167641  
0.3118152768  
0.6879642279  
-1.33965443  
1.554614264  
-1.167639448  
0.8395082862  
-0.1276048113  
-0.6135513156  
0.455944609  
-0.5617208351  
0.6120477772  
0.2205291787  
-0.9430765453  
1.196799713  
-0.3614920197  
1.416137586  
-0.6177554727  
-0.8214063484  
1.751336514  
0.8565041797  
0.566056317  
0.3673954224  
1.539138767  
0.463668749  
-0.293767097  
0.7897941764  
0.71867671  
-1.405969961  
-0.7218966144  
-0.8311345342  
1.50463232  
0.08712502248  
0.2909749294  
1.290966171  
0.3202296551  
0.1718911779  
0.7631614059  
0.715629782  
1.09215984  
-0.2897113003  
0.5068049154  
0.8128367735  
-0.5330463172  
-0.6979273564  
-0.1322435112  
-0.6257014743  
0.2117318718  
-0.5237621389  
1.158578214  
-0.1164718357  
-0.8995355561  
-1.494071505  
0.197964174  
1.75725299  
-0.4240128269  
-2.131692463  
1.437950798  
0.3885855624  
1.195192836  
-0.8437088488  
-3.067049472  
-0.6796931159  
-1.154256643  
-1.209860672  
-0.448175455  
-0.1104965538  
-1.597363076  
-0.5948120686  
0.2855491085  
0.1421005325  
-0.3281867269  
0.3993485469  
3.170674524  
-1.009195662  
-0.04869094253  
-0.2873960176  
-0.612764806  
1.393029341  
0.4438376645  
0.02876785831  
-0.3268623899  
-0.8575936574  
1.462240641  
0.4703240376  
0.03759760146  
-0.01599741873  
1.247939055  
-0.3644715491  
-0.6865466499  
-0.006238272211  
-1.207206226  
0.5872548067  
0.7988620904  
0.1627102411  
-0.2683021001  
-0.5684053247  
0.1997522771  
0.7868661781  
-0.2179796077  
0.6496786544  
-0.3404275319  
-0.8654691268  
-0.9101588373  
0.3661377063  
0.8090736117  
-0.2074114139  
-1.501912172  
0.7164220614  
0.3945601816  
0.3756747729  
0.1684173818  
-1.643118871  
0.8166742438  
0.2478852557  
-1.244158315  
-0.3329246146  
-1.192703421  
0.2229519185  
-0.03300326751  
-0.07388270368  
0.5128103262  
-1.77061284  
0.1116147458  
0.5129103494  
0.7270233787  
0.5352424912  
-0.1096012585  
0.963089664  
-0.2445700971  
-0.4898849589  
-0.4089998448  
0.03548385031  
0.5311636633  
-2.13837639  
0.7100496445  
-1.09899729  
-0.7398316641  
1.467088844  
-0.6125647536  
0.3609659385  
-0.5231903608  
0.4180403096  
0.7731720536  
-1.009939197  
1.310851182  
-0.1173544947  
0.650976788  
-0.03077209228  
-0.7357010356  
-2.245371148  
-1.431601669  
1.131176146  
-0.2178473594  
-1.423205327  
0.6847845682  
-0.02398097364  
-0.1751703866  
-0.3595602436  
1.191036016  
0.04131030858  
-0.670229082  
0.5664700767  
-3.0068485  
-0.2477626144  
-1.071404841  
-0.5574232241  
1.493586636  
-1.213213694  
-0.8935728578  
0.1672499927  
-0.2477622208  
2.318689967  
0.1458233891  
0.8036631574  
1.532621552  
0.2276108505  
2.186741684  
0.2346334275  
-0.7475603962  
-0.680326143  
-0.5206963855  
1.719460997  
-0.8958832949  
2.939028937  
0.8504827972  
0.3564031675  
2.032980293  
0.3565214679  
0.5057565355  
1.471297989  
0.5114408813  
0.9074287958  
1.00928426  
-1.076363499  
0.3109006004  
-1.115640018  
0.3627511294  
0.1122121293  
-1.355712306  
0.2380051603  
-1.704102182  
-0.2195541429  
0.6635827429  
-0.1571173745  
1.743411386  
-1.616518967  
-1.81930269  
-0.6006048074  
-3.293025196  
1.210492009  
-0.3180221091  
0.713594086  
-0.4977112985  
0.1282463616  
0.7069886215  
0.635252451  
-0.0513753141  
-0.2039083507  
-0.9453487108  
0.2858393184  
2.415742025  
-0.2224561968  
-2.630475044  
0.04903901426  
-0.5957893742  
-0.09175026916  
0.8490934853  
-0.04567177484  
0.2341324584  
0.3567347218  
-0.1316068043  
0.5208384603  
-1.38212531  
0.8514679102  
0.9092296449  
-1.181553155  
-0.5186107935  
-1.156474821  
-0.8958353514  
1.046261581  
-1.063406188  
0.3788370954  
-0.3596854807  
0.4664409362  
0.2636813707  
1.220894467  
0.6291611437  
-1.190430973  
-0.5207763809  
-1.428371085  
-0.1769268348  
1.407829148  
-0.09793322891  
-1.435066276  
0.222211175  
0.09597419326  
-1.810496309  
0.264541465  
-1.421347552  
-2.087631621  
-0.4620190262  
0.1418705958  
0.1638728294  
1.326108238  
1.455168651  
0.9119449688  
1.595313087  
1.469898599  
-0.3966786991  
2.589402593  
0.8517309794  
2.283541236  
0.3038986668  
-1.133157137  
3.257662223  
0.2490582394  
-0.6435990916  
-0.04945191827  
-0.629607866  
1.127611485  
-0.0295038525  
-1.926746752  
-1.279218593  
-0.9843456461  
-0.7483981362  
-0.792881467  
-1.529733619  
