-2.875092355  
-0.5638193759  
-0.8980132791  
-0.5575626019  
1.062876707  
-0.2501264773  
0.4384029308  
0.5643544988  
-0.04563153566  
0.3612532674  
1.150642156  
1.361272429  
0.1817925484  
0.1541000142  
-1.375742265  
0.1931967054  
0.9493228718  
-0.006120667853  
-1.000109371  
0.8765789412  
0.5009188092  
-0.627248827  
0.4789244185  
0.5207360369  
-1.321748138  
1.324660351  
0.3809883443  
-0.08285978551  
-0.3900047608  
-0.5630430528  
0.8464699987  
-0.007617804707  
-0.5846845809  
-0.500869033  
-0.8724311507  
2.551064183  
-0.8938426292  
1.141847109  
0.2198062735  
-1.157299024  
2.031863684  
0.1620749658  
1.461970689  
0.1220605318  
0.5842347801  
1.592299853  
-0.6987312025  
-0.5714784661  
-0.9260007958  
-0.6103762795  
0.3979536484  
-1.376837768  
0.7326470266  
-1.428366363  
-1.31846367  
0.9840781729  
-1.433637431  
1.195193821  
-1.262217519  
0.627535563  
0.937076876  
0.7737775745  
0.8698617328  
0.0605807897  
-1.14770263  
0.4691649339  
-0.451537363  
1.674243154  
-0.9651515938  
0.5718894164  
-0.04294057517  
1.02144553  
0.9462754894  
-0.5958034564  
0.2867903661  
-0.6875307299  
-0.4142907295  
0.5613534288  
-0.2526631981  
1.387417061  
-0.6902554042  
0.007013838631  
0.1834453191  
0.507661316  
0.6395993011  
-0.802043852  
-0.1983037129  
1.551421621  
-0.7562208194  
-0.4682947207  
-0.4382940037  
1.200368164  
-0.3079073668  
-1.247572132  
1.478104962  
0.008436902277  
0.04139884003  
-0.07488859309  
-0.4741846182  
0.381170865  
-0.8580729005  
2.152393539  
-0.2329476139  
-1.270099605  
1.698821803  
0.7252201615  
-0.1371201326  
-0.3050467212  
-0.4922066852  
1.910946826  
-0.3455280895  
-1.052944803  
-0.07895526757  
-0.8473156319  
1.204366882  
0.4176491374  
0.07826780238  
-0.6051046078  
0.7433609634  
-0.3682877107  
-1.145936669  
1.284972247  
0.3063817688  
-0.7515360518  
0.4424373015  
-0.2732369809  
0.05989413837  
0.3072518344  
1.902868625  
0.9054146382  
-1.735205546  
-1.005629356  
-0.391412442  
-1.725079424  
0.3354761735  
-1.327261767  
-0.09810262306  
-0.9561916811  
-1.02127286  
1.524179163  
0.3484259525  
-0.4284758645  
0.4358383055  
-1.342705215  
0.4507682573  
-0.3807830304  
1.252472604  
-0.6799170766  
0.4987723537  
0.7768224814  
-0.456210342  
-0.7376108186  
-1.909980548  
-0.4387953732  
-0.3340823473  
-0.4045630597  
1.048603698  
-1.685917507  
0.2062740876  
-1.895736438  
-0.0690158816  
0.5392251835  
-0.7802283555  
-0.6804048204  
-0.5018331499  
-0.7498305635  
-0.4832295801  
-1.139482981  
2.435683842  
0.9711603065  
1.1552824  
0.344320616  
-0.4557024604  
1.119802255  
-1.586257483  
1.231557094  
1.186804613  
0.4237001266  
1.108261943  
-1.389279337  
0.9552182578  
-0.6305834435  
-0.5149039868  
-0.6421918363  
0.9010999622  
0.2215417476  
0.3433371383  
-0.3509483305  
-1.469069873  
-0.6210644171  
1.266706804  
0.1460831943  
1.638073584  
-0.4717431916  
-0.3930517601  
0.9787179536  
0.1721305114  
1.003764774  
0.8932621189  
0.5410681871  
1.425826426  
-0.3303412042  
1.164353881  
-0.5474632014  
0.2411036709  
0.7222938482  
-0.8330244745  
1.591740703  
-1.097932648  
0.5269108364  
-0.4939652922  
-0.4215916277  
-1.355875143  
-0.4174159531  
-0.2384953294  
1.726404759  
0.1765044281  
-0.7509379256  
0.2052811011  
0.5414487613  
-0.449504745  
-0.1908210303  
-1.69437113  
-0.7772690587  
-1.312798497  
-0.6646718304  
-1.050493161  
-0.2892431583  
0.1748558943  
-1.496049513  
0.8673598723  
-1.469147173  
-1.264336518  
-1.415301683  
0.7375087567  
-1.138634683  
-0.6685973712  
-0.4010098528  
0.02067672667  
-0.5887076949  
-0.6961436014  
-0.2034803093  
-0.1457592957  
-1.325931534  
-1.144454946  
0.1622944596  
-0.4775968272  
1.786928222  
1.026366351  
-0.1280718375  
1.92289694  
-0.0158561331  
0.3530643963  
-0.9865895939  
-0.01902196361  
0.6849071514  
0.1611590388  
0.1905822974  
-0.5233135622  
0.9704522269  
-2.938012003  
-1.605135886  
2.444344717  
1.757023305  
0.4838756862  
1.321691637  
0.5000449717  
1.50058932  
-0.295776969  
0.3026291231  
-0.3860412758  
-0.6069587623  
1.476643095  
-0.4760131245  
0.2836267068  
0.4762313089  
-0.1483333476  
1.485979224  
-0.1149259429  
0.3896237579  
-0.4094505259  
-0.2862666552  
0.8654657417  
-0.1789557016  
0.7166135188  
0.8689200404  
0.5021359362  
0.7400051435  
0.4176366134  
0.8131273435  
-0.008744130192  
0.8949366859  
-0.3853340801  
0.3712480415  
0.3722611677  
0.4589473265  
1.220692395  
0.2976024773  
1.108779186  
0.3538598267  
-0.7280375187  
0.6863959803  
-0.2741176684  
-1.630184994  
-0.7437968185  
-1.73035346  
-0.04012520485  
-0.4651065708  
0.2973251042  
-0.5021819371  
0.7691931147  
-0.2479065575  
0.3612323608  
-0.5010840679  
-2.289052769  
0.6511751907  
-1.863895326  
-0.7517478003  
-0.8143950349  
-0.3747426012  
0.9835531421  
0.3431249255  
-1.613785895  
-0.1480922112  
-1.680214143  
0.005571995558  
-0.5718848676  
1.367026552  
-2.21852016  
-2.986177306  
0.01790675275  
-0.7023655713  
-0.4294167608  
-1.104898407  
0.7680462398  
0.7207243026  
0.4980336286  
0.3351156777  
-0.138725683  
1.527419217  
-0.1595009179  
0.5625652714  
0.5266597931  
0.2884752236  
1.343401774  
0.4414231293  
-1.012890176  
1.106626076  
-0.2472974284  
-2.078247809  
0.5879611501  
1.188454181  
0.9361657104  
0.7913923564  
-1.787529475  
-2.340137794  
-1.193079429  
0.07670475922  
-0.01155766817  
-1.490619652  
1.702966382  
0.8152053599  
1.759834694  
1.241094526  
1.104649572  
1.487642846  
0.9571597992  
0.404087346  
-0.04848980113  
0.07697743878  
2.63526243  
-0.5726618108  
0.8600595226  
1.641932834  
0.99087407  
-0.01814896555  
-1.309476728  
-0.1642698872  
-1.614949364  
-0.969631689  
-0.7287378756  
-0.3572231997  
-3.58609478  
