1.286549155  
0.790887192  
0.4109535904  
1.112500153  
-0.194309736  
-0.1816835278  
0.03957676368  
-0.274441392  
-0.08247691621  
-2.094508504  
-0.229510421  
-1.046105587  
-0.2512913707  
0.2213094178  
-0.001360083646  
0.5652423754  
-1.611355276  
-0.9336592897  
-0.3423892459  
-0.2845460663  
-0.2664601885  
0.09423687015  
-0.5896229584  
0.5085914292  
2.314561134  
-0.372522299  
-0.1789174924  
0.0620797966  
-0.1781857772  
-1.069313622  
-0.2452424364  
0.7653589759  
1.951798  
1.293571722  
0.8481109106  
1.10539906  
1.690974686  
-2.005240607  
0.88145743  
0.1725659792  
-2.094567418  
0.4372317348  
1.274044067  
-0.2389655394  
-0.9845923011  
-2.001273375  
1.309847855  
1.15599989  
0.5625099174  
2.234907008  
0.2522413555  
1.672180828  
0.6136604002  
0.6259056919  
1.922181828  
1.019863547  
0.2561086241  
-1.900069804  
0.1306835521  
1.655032437  
-0.6091760589  
-0.3348482058  
-0.2749376524  
0.3548373014  
-0.6054698318  
-1.221007295  
-1.217109338  
-0.4400029936  
-1.16134058  
-1.155750932  
-0.3192355529  
0.4601491658  
0.7069949022  
1.417686539  
0.1712379145  
-0.2378675382  
-0.6124533176  
-0.5251111363  
-0.3245814258  
-1.444265065  
-0.2497903654  
-0.04473166904  
-1.440084452  
-0.4360323293  
-1.257931985  
-0.3667727947  
-0.6355625358  
-0.05787655532  
-0.1914368683  
0.9786665375  
-1.076638094  
-1.5751735  
-0.5486061894  
0.6323297547  
-0.5019720591  
-0.3798135144  
-0.1304594022  
1.921560538  
1.830901184  
0.4399258702  
0.0009259854621  
-0.09244676865  
0.6394487405  
1.074101242  
-1.571515498  
1.038640393  
-0.6314593563  
-0.01271369609  
-0.1386987926  
-2.027118128  
0.7303858653  
-1.973125813  
2.098709534  
0.4553958856  
-1.82599741  
1.320087724  
1.828151122  
1.305383945  
1.411000552  
0.3879471384  
-1.393925251  
-1.184091067  
1.529878638  
1.852712676  
0.5524883526  
1.391037708  
1.438288701  
-1.404400168  
-1.041491609  
-0.8975854315  
1.825117493  
0.8547287939  
2.499224912  
0.6180592313  
-0.450502361  
0.5069983804  
0.7535785569  
0.3718827402  
-1.291072596  
-0.8756905319  
-0.5020913839  
-1.081216368  
0.09558277165  
-0.7785954091  
-0.01405496836  
-0.921669828  
-1.251183949  
-1.483952133  
-0.5133283777  
-1.653460371  
-0.3639347003  
-0.6124209412  
-0.7111735984  
-0.8117941271  
-0.3020917568  
-0.7912465929  
0.2197042471  
-0.5187774613  
-1.161813845  
0.2588600304  
-0.6119142879  
-0.2019302265  
-0.4520278477  
-0.3796675442  
-0.7418690788  
-2.58676669  
-0.4307732714  
-0.1760720026  
-1.518782236  
1.018678945  
-0.310237913  
0.9818212416  
0.9925232303  
0.8544034602  
1.394529347  
0.3723708613  
1.64197371  
1.99541656  
-0.4574202716  
0.9548786598  
1.508823566  
0.7519096051  
1.044555045  
1.424476644  
1.065490567  
-0.9945524103  
-0.3066517448  
-0.1803573014  
-0.8646170387  
-0.8468547894  
0.1073563338  
0.9655975489  
1.716180669  
-0.9036592453  
-0.9421532953  
0.9209309011  
1.240948577  
2.47790112  
0.3173187138  
1.158571187  
0.1197244948  
-1.361685022  
-0.9237850591  
-1.416972528  
-1.321338015  
-0.3732477108  
-0.4262401043  
0.4551482798  
0.12946751  
-0.1882409904  
0.0644182186  
-1.373851191  
0.3482374209  
-0.8987667472  
-0.09496751467  
-0.5171703782  
-0.2924285407  
1.129349377  
-0.487446081  
-0.2935495859  
-1.880128635  
-0.3929648608  
0.1442463478  
-1.20456911  
-0.8697183312  
-0.7566847894  
-1.658803069  
-0.1256414321  
-1.403909488  
0.512141578  
-0.7594406179  
0.8204593121  
-0.3989863502  
-0.3197349364  
0.100782794  
-1.093531039  
0.4711815623  
0.6047356482  
-0.3679509353  
0.4608911355  
-1.570834848  
2.083518844  
1.536661565  
1.374482935  
0.2168695248  
0.934790902  
0.7959493753  
-1.935586411  
0.5789333883  
0.1664723446  
-0.4530691882  
0.5808337203  
0.6532090822  
1.000003468  
-2.44516258  
0.7510070351  
0.9750601686  
0.9799033735  
1.373809066  
-1.168252149  
-0.6259982014  
0.07093289501  
-1.881417329  
0.8332504252  
1.212140686  
0.6911152076  
0.01760859353  
0.2685019796  
0.3751689721  
-0.5832998467  
-0.5644513813  
-0.9367793963  
-2.05078356  
0.7912040445  
2.060519892  
0.9670221974  
0.5868998346  
-2.419122398  
0.8323214724  
-0.2325456083  
1.582865371  
0.8343045367  
-0.3589629156  
1.192597  
-1.788148023  
0.05103044651  
1.044721972  
0.4201697226  
0.4357450293  
0.1969377315  
0.5623731338  
1.071005954  
-1.505039456  
-0.1119642166  
0.3511380733  
-0.4608396689  
0.0583173323  
1.125997395  
0.6648648294  
0.3411667806  
-2.060817384  
0.7152737321  
-0.1450384817  
0.3515210382  
-0.3616559467  
-1.009760867  
-0.1716539748  
-1.86574379  
0.4077352358  
0.1376854107  
-0.8289143294  
-0.07205805587  
0.3425669658  
0.2207027907  
0.3221862093  
-0.4935474123  
0.1570359132  
-0.7027963176  
-0.9276931619  
-0.7810543576  
-1.904274653  
0.9756366455  
-1.293024581  
0.537815914  
0.4858099724  
-0.4000970778  
-0.1632849096  
-0.4991548824  
-1.471147784  
-0.3078295996  
-0.6968780412  
-0.1335410185  
-0.7269002757  
0.8368667784  
1.100220817  
-0.01459083471  
0.4926469961  
0.6642218372  
1.106535504  
1.732321593  
0.3926839834  
0.363399292  
1.199907645  
1.064815956  
0.6223598436  
-0.7046852534  
1.307560696  
0.7401430611  
0.1911620513  
-0.1999224628  
-1.092489959  
0.1592856008  
-0.1119697836  
0.3940301891  
0.4089727944  
0.5312402863  
-0.09793884284  
0.8757255614  
-1.3248204  
-0.323465221  
-2.015994922  
0.06224748246  
-1.247707788  
-0.03654179082  
-0.2459467754  
-1.686080749  
0.5023578356  
-1.389019672  
-0.04609217779  
0.4433610293  
-1.655956565  
0.1641499463  
-0.3652819644  
0.3465819399  
0.6804761217  
0.1563518315  
0.3380452704  
0.7557392115  
0.4811283419  
-0.3798327198  
0.3792750886  
1.285797539  
-0.08436988933  
