1.251500028  
0.3940034047  
0.5110890377  
0.7757146564  
0.5386817555  
0.269592821  
-0.5421930032  
0.4672893942  
-0.3285470577  
-0.3701782124  
-0.144738549  
-0.03098272206  
-0.4436331556  
-1.189097048  
-0.4912805697  
-1.270867934  
-0.2710283995  
-0.3947619887  
-0.602086298  
-0.2526180616  
-0.8467784242  
-0.5489214723  
-0.5139571165  
-0.5947607824  
1.660011901  
0.0350785717  
0.0316393672  
-0.93974388  
-0.8301845071  
-0.7211758589  
0.03820072697  
1.08724828  
-0.20047477  
1.44472797  
1.104981591  
0.3699522112  
1.482378571  
0.7045172026  
1.713507853  
1.39026229  
-0.07349981212  
1.203692043  
-0.37935373  
-1.427455871  
-0.9032436586  
-0.5210218113  
1.391444382  
1.471260773  
0.7438861293  
1.740042931  
1.401100048  
1.31081439  
1.572475849  
1.462283284  
-0.5455055812  
1.173433632  
1.390961991  
-0.2695434281  
0.9353562644  
-0.2034960867  
-0.8607965249  
-0.5895673781  
-0.509203473  
-0.9647148934  
-1.008003444  
-1.369051712  
-0.7843809819  
-1.697854588  
-0.2148110371  
-0.983669352  
-0.2893890358  
-0.74930643  
0.5852063588  
1.78375027  
0.5695366664  
-0.5140844796  
-0.3951252302  
-1.30399803  
-0.8212395632  
-0.209204606  
-0.08245603978  
-0.07105378538  
-1.034042488  
-0.5914463046  
-1.158712966  
-0.6982573798  
-0.1816318216  
0.01829663204  
-0.2650947074  
-1.593812402  
-0.9606892632  
-0.9605061939  
-0.6249497211  
-0.3399711859  
-1.646843265  
-0.2692904602  
-2.004114947  
2.27851988  
2.119911433  
-1.729742417  
-0.3791567415  
-0.00494082557  
1.99012706  
1.504272195  
0.5515571356  
1.474683717  
1.305292372  
-1.036551335  
-1.060345029  
0.5641146764  
1.489179921  
0.3152290648  
1.169581995  
0.9785638323  
0.1113351126  
1.370346999  
0.924557993  
1.323623589  
1.199741192  
-1.24417187  
-0.6617604146  
-0.4652075712  
1.801189302  
0.5388951737  
1.340784544  
0.9989945702  
0.01342679576  
-1.102949588  
-0.7705737673  
1.75384162  
2.70190988  
1.693664341  
1.451587781  
2.092751154  
-1.342913245  
-0.4496855932  
-1.16716949  
-1.317801339  
-0.7545066737  
-0.7676966445  
-0.4469786357  
-1.011649347  
-0.5878604555  
-0.417397545  
-1.425588974  
-0.3320221754  
-1.159726169  
-0.7707122238  
-0.9338300989  
-1.12124845  
-0.5140125149  
-1.025183657  
-0.5580511423  
-1.126835334  
-0.7587837245  
-0.9787433296  
-1.442287486  
-0.9095920013  
-1.213440711  
-0.9994594308  
-1.283059103  
-0.5201957929  
-0.243898581  
-1.665089625  
-0.493382236  
-0.8035271641  
-0.9590797933  
-0.2384140654  
0.1418071874  
2.288712876  
1.752646958  
1.90583151  
1.564515461  
0.0929730212  
1.278091695  
0.7924314796  
1.856622267  
1.778143831  
0.2722953479  
1.983254194  
1.387622702  
1.805034623  
-0.3606740616  
1.245479305  
2.210333632  
-0.3182318676  
-0.5198099501  
-0.6059983351  
-1.373024297  
-1.325077566  
1.172782955  
1.693310365  
-0.492809182  
-0.9669016433  
-0.2836034439  
-0.3633919645  
1.11200239  
-0.4399646394  
2.004768607  
1.788873802  
-0.008824953514  
-0.5395120779  
0.1270703329  
-0.8458836491  
-0.4334530676  
-0.5055430004  
-0.162493794  
-1.719059603  
-0.3467486325  
-0.5525055985  
-1.766325225  
-0.3639385276  
-0.04777955376  
-0.5399005763  
-0.1674399284  
-0.6626770071  
-0.4169338601  
-0.06084713767  
-0.4024625506  
-0.3565637516  
-0.7248759367  
-0.1938339732  
-0.8978663189  
-0.7044068047  
-0.3364225668  
-0.1732716622  
-0.6570252524  
-0.6846076697  
-0.445745143  
-0.6471815519  
-0.6940818713  
-0.6668904346  
-0.4275268486  
-0.9549435264  
-0.7893243746  
-1.139208744  
-0.6950512204  
-0.5963450582  
-0.6561622645  
-0.4921070818  
1.107445841  
1.950883413  
0.4713599259  
-0.2250293069  
-0.04442578057  
-1.292793433  
-0.6053194043  
-1.155283747  
2.17915557  
1.5632645  
0.7603308664  
1.194076316  
0.9731923851  
1.149931662  
0.4136903279  
1.702027991  
1.188353975  
1.197989807  
1.374660067  
-0.02263720023  
-1.256213279  
-0.981084183  
0.1853825221  
1.265184477  
-0.4286926949  
-0.01465685625  
0.05033894322  
-1.323002864  
0.5593443798  
-0.3525999146  
0.1570893331  
0.3913861203  
-0.2180142475  
1.498984768  
0.4252279152  
0.6407651973  
0.8067648301  
-0.1829953594  
0.887154469  
-0.6899960948  
1.217578138  
-0.3886500321  
-0.4009446954  
1.693764075  
-0.575462123  
0.1804045997  
1.237268521  
0.1347827019  
-0.3180527447  
-0.1262626619  
0.8919129367  
0.9765090448  
-0.4356702275  
-0.4340425526  
-0.6111440735  
-0.412781365  
-0.436630776  
0.4335439516  
1.277327336  
1.708401576  
-1.704224318  
-0.2668849292  
-0.8727790261  
-0.6122675679  
-0.5022045739  
-0.8039340649  
-0.4249132147  
-1.343739927  
-0.7028539603  
-0.3237368717  
-1.099263596  
-0.8627035618  
-0.8819217915  
-0.7190687731  
-1.251255049  
-0.777644099  
-1.288376354  
-0.8369048797  
-0.6478782303  
-0.5777378892  
1.538353286  
2.604083971  
0.5086777498  
-0.1548864773  
-0.3245276348  
-0.752066023  
-0.6585710111  
-1.032078364  
-0.05462806485  
-0.8786979902  
-0.4753522916  
-0.5473393443  
0.4544023914  
2.728490442  
2.786368567  
-0.5161423716  
0.3952879322  
0.7800988421  
2.163894714  
1.089279867  
0.2664064573  
0.09650045594  
-0.6982397821  
1.94026302  
-0.7168854423  
-0.2887900058  
-0.09310018512  
-1.567447051  
0.1762750095  
0.2758152303  
-0.4312992682  
0.05457809158  
-0.5584920479  
0.1749101352  
0.7500462345  
-0.5092130099  
-0.1676552374  
-0.7262435076  
-1.276150583  
-0.7652496242  
-0.8344948056  
0.9146572614  
-0.2270113994  
0.1379689689  
0.8189729406  
-1.117238896  
-0.008387524055  
-0.7809827226  
-0.09798552707  
-0.1429599898  
-1.428098824  
-0.417467327  
0.009526433473  
-0.5111168718  
0.8672185014  
0.9419169037  
0.2008211956  
0.06715363783  
0.06974451895  
0.5214549246  
0.6620628643  
0.410251964  
-0.07680710432  
