-0.1801020029  
-0.06502772083  
-0.7136316433  
-0.6647358479  
-0.2170795516  
0.4229207662  
2.932206177  
-0.2630087859  
-2.027381052  
-1.984343772  
0.7852949036  
-0.7508667298  
-0.2664012177  
-0.2765209964  
-0.69160272  
0.2085947722  
0.04070268389  
-0.2689930951  
1.443605707  
1.059194769  
0.9045822352  
0.2818736682  
1.659304631  
0.1123028843  
0.29856712  
-0.1270953973  
2.850170294  
0.0104261605  
0.3273616293  
-0.1168698125  
-0.5320077714  
0.004224860135  
0.5671213171  
-1.76943671  
-1.484369738  
0.6477380715  
-0.1167276682  
0.7732185499  
-0.6222684384  
-0.03988303473  
-0.384430734  
1.080993212  
0.8858356683  
0.1831101992  
-0.4123582079  
1.374486932  
1.031045398  
0.1388346229  
-1.07426263  
-0.05318018988  
0.2443032471  
0.6486811658  
0.1949884014  
-0.4838369516  
-0.8698711856  
-0.9965405169  
2.501252043  
1.191197048  
0.5491489649  
0.9718859946  
-2.622039511  
0.615096359  
-0.5654428996  
0.4555999424  
1.721953959  
0.4958753945  
0.1972602137  
0.2000570608  
0.2722804551  
-0.3714154387  
0.04328842445  
0.7373948084  
0.5399059248  
0.01780583327  
-0.3032446893  
0.6328983442  
0.8669567756  
1.162033508  
1.109161026  
-1.696446729  
-0.5707912838  
-1.737367776  
-1.010652023  
-1.061282759  
-1.112367838  
-1.360976678  
-0.7194654087  
0.2521906008  
-1.575971194  
0.9240267056  
-0.1270401805  
-0.1639666532  
-0.1822224624  
-1.159480354  
-0.6079909542  
0.3096918239  
0.08878058219  
0.6186099474  
-0.2480320447  
-0.08456844685  
-0.3251470612  
0.6953525723  
0.3213819378  
-0.227122613  
-0.8666153247  
-0.3662636583  
-0.6914393694  
-0.762438971  
-0.5070267573  
0.1838872528  
-0.8683763343  
-1.300600064  
-1.967855965  
2.38419794  
-0.2697863405  
-1.155392641  
0.9985108779  
-0.0003711635017  
0.08121686326  
0.08695668688  
-0.6349966053  
0.4714884339  
0.4884955703  
0.7113380526  
-0.1716942805  
-0.4767119136  
0.05911554791  
-1.654021313  
0.5740354844  
0.7444518256  
0.9275279077  
1.079369926  
2.549216459  
0.8980403084  
0.08348457002  
-0.4275095689  
-2.057431191  
0.4889802699  
-0.0218840931  
1.111368311  
-0.2595039327  
0.7209158125  
0.682372764  
-0.07051002932  
-2.771957804  
0.5682076857  
0.6515216161  
0.4296332949  
2.156489514  
0.7162134671  
0.2096912486  
0.8896070147  
0.7254420117  
0.5893589921  
0.6442023713  
0.4837171468  
1.06812898  
0.02437714201  
-0.3082805733  
-0.1248868765  
1.621208869  
-1.750604271  
-1.498646488  
-0.5227892513  
1.481477696  
-0.3911223283  
0.3791988685  
0.8283683062  
-1.548453296  
1.341540184  
-0.06551348898  
-1.26828341  
-2.182024529  
0.8672197544  
-0.05247238206  
-1.147162042  
-1.73996194  
1.262471551  
0.08870608327  
-0.2487610457  
0.2484926106  
1.793403305  
1.367165497  
1.537858191  
0.1673974666  
0.1783964859  
0.2196605457  
1.280274499  
-1.036431857  
-0.202181813  
-0.5038931803  
-0.2282302942  
-0.4449324613  
-1.269470674  
-2.002855959  
-1.935271495  
-1.159996262  
-0.0552278489  
-0.2792012648  
0.3034338985  
0.8390821915  
-2.392793749  
-0.1974113988  
0.4869231076  
-0.3405317776  
0.4525739906  
0.3427230478  
2.264041193  
0.7340077147  
0.8633489624  
1.425040273  
-0.5349564901  
-0.08723168357  
-0.4873864172  
-0.9683665578  
-1.433074116  
-0.8349042012  
-1.714079544  
0.3693939648  
-1.150766187  
-0.2540372094  
-0.1170189282  
0.5422894325  
-0.3779639822  
0.6340608643  
1.189991638  
1.427260568  
0.37307394  
0.07209970274  
-0.240235929  
-0.5222134461  
0.9476109285  
0.5118702917  
1.269980025  
-0.4472004909  
0.7268577626  
0.1991611286  
-0.8301318492  
1.136973144  
-0.8663946693  
-1.220938727  
0.1257805412  
-1.866864716  
-0.3642450158  
-1.046292312  
0.1822706869  
-3.093869981  
0.8638851863  
1.197172036  
1.040356228  
0.5268600433  
0.2103449548  
-0.7430223034  
0.2361194913  
-0.3245951095  
-0.3363512987  
-0.3245518184  
-1.002501819  
0.8813512199  
0.9693921946  
-0.007993391981  
0.5221157384  
-3.461595689  
-0.07231862378  
0.5117577575  
-1.525459916  
-2.451077987  
0.2078470745  
1.179001515  
1.085284385  
2.050788997  
0.4595998231  
0.2989264792  
1.06017933  
-2.317373761  
0.8249660373  
0.373223039  
0.3213453118  
1.71888161  
-0.7028625015  
-0.1117447551  
1.053368248  
-0.06626861355  
0.1492379567  
0.4334765207  
0.1322199734  
-1.734846272  
0.133107812  
0.02756513728  
1.880272825  
-1.156274317  
0.5864013957  
-0.3251332496  
-1.013504546  
2.119119568  
0.9531358282  
0.9935016507  
0.3416951203  
-1.314698982  
1.678130008  
1.594554325  
-1.709497407  
1.396490559  
0.3645337185  
0.5843941013  
0.5358765647  
-2.914514223  
-0.3241725752  
-0.3847437601  
0.5841616061  
3.0466615  
0.3384525019  
1.027960645  
1.309850473  
-1.43444318  
0.5759341979  
1.427219221  
0.1313633899  
-0.006055488487  
0.4382536958  
0.500895458  
1.142342648  
-3.514785089  
0.5899458676  
-0.7555425217  
0.5800325671  
0.3070149753  
-1.155169387  
-0.7063810445  
0.1616312541  
-1.459064834  
-0.3498365319  
-1.200151069  
1.376446378  
-0.3039149244  
0.1436057444  
0.4513365389  
-0.390045107  
0.2426926013  
-0.8083394876  
0.2478513875  
-0.1269881741  
-0.4624058701  
-0.481455983  
0.06864435344  
1.118667685  
-0.258805861  
0.5733785347  
0.9428579604  
-1.490239433  
2.836789189  
-1.931424348  
-1.173676741  
-1.880175228  
0.5425064363  
0.8268718948  
1.104885986  
-0.4371109531  
-0.6760369694  
-3.991951036  
-0.5482456399  
-1.735460496  
-0.9659320525  
-0.2212338779  
-0.07298783601  
-0.7888418907  
0.1681703333  
-0.183246272  
-0.03523225019  
-0.563236421  
-0.02918566164  
0.8603424438  
0.4048256967  
-0.1315895703  
-0.1941459441  
0.4843371167  
0.7398466648  
-0.7859679509  
-1.13422546  
0.2500229407  
0.5671758399  
0.5334707335  
0.2327427196  
0.1510329863  
0.4152622192  
-0.8325172751  
-0.2798317492  
-0.9877639063  
1.514159964  
-0.3803338334  
-2.095613827  
-0.6545977114  
0.4955299721  
-0.08227775319  
-1.010270082  
-0.07724129557  
-1.911728077  
1.140455242  
0.5871372207  
0.4398576168  
0.4313805277  
0.6929405611  
0.9958654329  
0.6513660836  
2.421294476  
1.481812325  
1.080949367  
1.195439413  
0.762343826  
-1.832903399  
1.305373818  
1.131512971  
0.7394566808  
-1.260985829  
0.3986389546  
0.6112506314  
0.4896438505  
-1.805378348  
-0.2773566739  
-0.6891978974  
0.7688901811  
-0.07432039785  
0.2414073344  
0.1485563566  
-1.194601591  
0.5455347254  
0.9169960543  
0.6957359483  
0.8403944759  
0.8172285747  
0.5232164566  
0.737956326  
2.12323695  
0.3683647477  
0.4208524032  
1.015901708  
0.1866480228  
-0.5980107319  
0.9906845871  
0.7849589341  
-1.108788276  
-0.3249460198  
-1.679188376  
-2.401038353  
-1.917929156  
-0.07746899722  
-0.5133606887  
0.3472482707  
0.7349597362  
0.3935755739  
0.4727670059  
0.5108405045  
0.2279585266  
0.1198555741  
-1.01459445  
-1.389264217  
0.06556640558  
1.008138109  
0.6776588035  
2.432585153  
0.438657186  
-0.6260402905  
-0.2005789795  
-0.3907015444  
-0.6032917361  
1.075792408  
0.4755285816  
0.6213825809  
-1.861389828  
-0.08917578836  
-0.4460485343  
-0.523635141  
-0.4639640621  
1.160008502  
0.1772552054  
0.337734882  
-0.6447969106  
1.054671265  
0.5310917693  
0.7824900648  
1.911283141  
0.219744455  
1.000080194  
0.5262443373  
-0.9404818216  
-0.8453377119  
-2.219069565  
-0.186230192  
-1.755170127  
-0.2342192991  
0.05444805409  
0.3342749174  
-0.3608853336  
0.5971286812  
0.3944562633  
1.532362574  
-0.8349550172  
-1.957603937  
-1.858852335  
-1.108449741  
-2.082032343  
-1.982992317  
-0.2041703852  
-1.137852211  
-0.5641411955  
-0.8324160778  
-1.312553149  
0.1345485009  
-0.3556981939  
0.7793646141  
0.7674721518  
-0.2464207647  
-0.02073334879  
0.4306409762  
-0.7383463118  
0.203404765  
0.2278687576  
0.4639065774  
0.3158653485  
0.7393695397  
0.4494985732  
0.5760263624  
-0.4792996162  
1.282121083  
-0.5091272004  
-0.9216896958  
0.1662325232  
-0.2421256752  
0.4584016643  
-1.580360861  
-0.5864360619  
0.8166124391  
0.0899919366  
-0.6806961163  
0.3896783289  
0.7056708547  
0.380440942  
-0.4028154057  
0.3587605744  
0.7438479973  
0.70793841  
2.49208063  
0.4783713993  
0.6414575342  
0.8921609452  
0.7357647936  
0.3198197073  
0.3915460431  
0.4692248752  
0.9127308958  
-0.7650027295  
-1.020064971  
-0.6675047388  
-0.6514969897  
-0.4467859449  
-0.5476472136  
1.124276779  
0.06573692418  
-0.2486913958  
0.2860711716  
-0.9983870971  
0.4610318525  
-0.4341563098  
0.0237703691  
1.538583145  
-0.1822511143  
0.06367423541  
0.3398116464  
2.111770926  
1.265563094  
-2.919009441  
-1.197847382  
-0.1285756783  
-0.03663325476  
0.3292896358  
-0.00444130935  
0.07267197745  
-0.08570970546  
0.6034353245  
-0.831704663  
0.3280578941  
1.597980841  
0.5075668005  
-1.870741263  
0.1082094609  
-0.09666031606  
0.02084135817  
0.01641260062  
-0.5111762218  
-0.5813911568  
-0.9824670169  
-0.9200622229  
-0.4304355166  
-0.001902287238  
0.8244936883  
-0.2381936097  
-0.2725551189  
0.1627737579  
-0.7200577283  
0.522059131  
0.5262937968  
1.347510276  
0.8929308044  
-0.8925453743  
0.7946825275  
0.1280324945  
0.5063097366  
-0.01355291532  
-0.4642469605  
-0.2109667026  
-2.362826826  
0.1934682226  
0.5705020114  
0.04584707781  
-1.109969072  
-0.2727737001  
0.524020406  
-0.2279235002  
-0.8930920689  
-1.251098569  
-1.705615388  
-0.3804897215  
-0.3085873756  
-0.659934304  
0.04743936886  
-0.114008256  
-1.957758522  
-1.014295651  
-0.2367082902  
0.004472860058  
0.4689031221  
-1.396257404  
0.8480142551  
0.2448551653  
-0.3269960418  
-0.2060521718  
-0.6058234621  
1.003305817  
0.6586569698  
0.7623749977  
1.252930794  
-0.1853801651  
0.8149613177  
-1.444607816  
-0.5274003645  
-0.1334457016  
0.1951654516  
0.0271856436  
0.3043097767  
-0.3508095326  
0.3711117672  
0.05050896339  
1.061638976  
-0.3586207628  
