0.6187682019  
-0.9179268685  
-0.3974394567  
1.091630444  
-0.551061046  
-0.6377158649  
4.157830722  
1.065922515  
-2.886050698  
0.05510188646  
0.20434955  
-1.65924838  
-0.4284282706  
-1.234174758  
0.8124511474  
0.7501054876  
0.5567484292  
-0.2363929535  
-0.3544668694  
-0.158579414  
0.8293244503  
-0.1508922831  
0.9520758467  
0.03585918042  
-0.6289560903  
-0.3140015441  
1.736017611  
0.2529277053  
0.3804418499  
-0.1157346373  
-2.138769658  
-0.8544584412  
-0.4742218718  
-4.088629586  
0.7045181612  
0.5746497584  
-0.4592724189  
0.7348663403  
-0.02677165692  
-0.4604114029  
-0.5766643896  
0.02082201956  
0.1108517208  
-0.52627965  
-0.78126906  
0.5712573056  
-0.3511277522  
-0.7686746321  
1.419710136  
0.5129712026  
0.0534212239  
0.1818670801  
1.235103215  
-0.6118747287  
-1.245418785  
1.119329732  
3.20952584  
-0.4222679462  
0.8131804724  
0.1459788179  
-2.846827583  
0.2303356007  
0.3584125112  
-1.421161091  
1.480937929  
-0.9769951624  
-0.5636160172  
1.355553543  
0.01289490376  
-2.639250593  
0.8481080571  
-0.308585212  
0.8999596677  
-0.7799234652  
-1.539874867  
-0.712819354  
0.5993623297  
0.6643083482  
1.397224976  
-1.031147904  
0.2697355647  
0.1511036684  
0.1585403894  
-0.4653184987  
-0.6608544828  
-0.3985578264  
0.7231945969  
-0.4979257755  
0.8267669699  
0.4819991404  
0.04120398601  
-0.3306692498  
-1.084454718  
-0.1978933976  
0.5346608308  
0.03391790626  
0.1768068134  
2.337820945  
-0.004465727667  
-0.9673311913  
-1.283952123  
0.6856659619  
1.250729345  
-0.4796038481  
-1.521438298  
-0.1701177843  
-0.3961252382  
-1.604353648  
-0.2352174358  
-0.7318473409  
-0.9828909175  
-0.7520010447  
-0.1843249051  
2.223156028  
-0.8863806077  
-0.0151274984  
2.175277872  
-2.091558303  
0.156492008  
0.1575284392  
0.1510817974  
2.776438221  
0.9707846143  
0.5733138066  
0.1361722496  
-0.7002850546  
0.170735764  
0.399468687  
0.3772809216  
0.4400956917  
0.1089654998  
0.3911689145  
1.398930082  
0.1729979925  
-1.070744916  
-0.2902612256  
0.3951500233  
0.1312108235  
0.0131639944  
0.6415877359  
-1.147575505  
-0.2590886826  
-0.2196586365  
-0.393726476  
0.3802414518  
0.213290363  
0.4719009428  
0.9379560931  
-0.21350493  
-0.08689361586  
0.1344217035  
0.06013507666  
-1.427815714  
0.06204207956  
-1.42725941  
-0.3285488947  
2.809728068  
1.62574674  
0.4177283771  
1.150574443  
0.6525014566  
-1.351295641  
-0.7790018203  
-0.4410451951  
0.9447254796  
-1.385490701  
-0.4290742009  
0.2312762262  
0.7488471944  
0.5909516359  
-1.120460092  
-0.2147845037  
0.5259179092  
-0.4093177586  
-0.09814646575  
-0.2558347855  
-2.778135823  
0.03368331277  
0.09007680761  
-0.5640603921  
-0.1130984926  
0.0780942885  
0.5577745377  
1.833810446  
0.5449069698  
-0.5397480153  
-0.6702587428  
1.617363925  
-1.732401715  
0.14035855  
-0.171679357  
0.599603536  
0.09978751484  
-0.8639738925  
-1.077017256  
-1.829982878  
-0.958315138  
-1.197507886  
-0.1077525217  
1.014153769  
-1.173631648  
1.77016691  
-1.171387962  
1.314831701  
-0.3769830792  
0.9391148181  
-0.5098504572  
2.250353794  
0.5701560582  
1.671624713  
0.831921953  
-0.2378425533  
-1.363851334  
-0.6706758641  
-0.1791513203  
0.8128662659  
-0.2188026561  
-0.9017026693  
1.697263429  
-0.6014068174  
-0.2519347635  
-0.8161996149  
0.2554021757  
-1.405029831  
0.08558980932  
0.05054278916  
1.329504202  
-0.03124965786  
0.6728102137  
-0.3226997004  
-0.4338466066  
1.039020256  
-0.404783954  
-0.0365290591  
-0.08139495387  
-0.8333479718  
-0.5136699793  
1.413790303  
0.2683205355  
-0.6979593398  
-0.02652722924  
0.7703490822  
0.790953634  
0.2544354589  
-0.03193541891  
0.7325886527  
-1.483059156  
0.8348814815  
0.2665344652  
0.6564122314  
-0.8144461917  
-0.3343492895  
0.7046224158  
0.2483677158  
2.197208931  
-0.4020351327  
-1.255997726  
-0.4283784835  
0.9637450816  
0.3162456387  
-1.011028556  
-1.013596572  
-0.8594791352  
-0.953158028  
-0.01858497113  
-1.611522614  
0.5168723101  
-0.6645235488  
0.8837149907  
0.7054916737  
1.898103491  
0.427015309  
0.8850735795  
-0.5261243836  
-2.723768245  
-0.08731326732  
-1.207448967  
0.566960147  
3.044875234  
-1.28184253  
0.6447815862  
2.365603552  
-1.715239581  
0.1185045901  
-0.1654094539  
-0.5703070975  
-2.178862182  
0.4993456439  
-0.01019292217  
-0.7805295885  
-0.4182141793  
0.3149689423  
0.9908423445  
-0.5164549667  
1.006411441  
0.03876891006  
0.7674121662  
0.1839968327  
-0.7556803561  
0.4838017289  
0.6196316786  
-1.218253991  
1.88320043  
-1.164129745  
-1.260285782  
0.8759877606  
0.01546561163  
0.0171755097  
1.114178377  
1.006202192  
1.2200007  
-0.8561773263  
-0.2448256318  
0.5098399331  
-2.247974092  
-0.4241971063  
0.2192623011  
2.330056022  
-0.06452109431  
0.4995105279  
0.2742482163  
1.265124458  
-1.098964573  
-0.7648823455  
-0.3119756496  
0.1206671449  
1.065838436  
-1.163265404  
-0.6860440555  
0.7569318408  
-0.08741563103  
-0.264867989  
-0.6614747739  
1.768752309  
-0.5528971995  
1.104061483  
-0.7539059975  
-0.5193560543  
0.9414009834  
-1.264424396  
0.2945835311  
-2.418125261  
-1.207756672  
-0.5905823721  
-0.2281180355  
0.8629057603  
0.7325919325  
-0.3967674349  
-0.4500344868  
-0.843945053  
2.143550495  
-1.06183234  
0.6363862071  
-0.9133324697  
0.3062560356  
-1.245018391  
-0.1591388933  
0.8946971148  
-0.8005580005  
-1.83129445  
0.6683464019  
-0.941193124  
-0.4360100126  
0.7210982813  
-0.3942751156  
-0.2033319531  
-0.829715068  
-0.4695426017  
-0.5207710962  
2.784356305  
0.8823480989  
-0.3251519128  
0.5543874005  
1.464773802  
-0.6651866648  
0.9427628084  
-1.188700966  
-0.06886459197  
-0.6261075453  
0.03398428613  
-0.2297496906  
0.2918943463  
-0.1386095763  
-0.740789135  
-0.3726026984  
-0.3086566371  
0.1244952223  
-0.2543482669  
1.350157532  
1.284676786  
0.7447985988  
-0.1721115787  
1.653271273  
-2.511894169  
-0.7046323612  
0.4290922248  
1.104274897  
0.1639691688  
-1.344213235  
-0.1684606292  
3.132474278  
-0.624103145  
0.9495919154  
0.4974823371  
2.831429281  
0.05541031962  
0.174955641  
0.7811679527  
0.616855421  
-2.459422716  
-1.514251692  
0.1982706828  
-0.1523387296  
-0.7559401503  
-0.2537092672  
1.212104351  
0.3855696226  
-0.475054807  
-0.8742001797  
0.7388862772  
0.6744166689  
-0.4968258495  
-1.037892253  
-0.7589639458  
-0.8371185478  
-0.2981682257  
0.1150894362  
-0.4003610751  
0.2369691498  
-0.366304724  
0.6407734381  
-0.3366972679  
0.6479892711  
-1.006296735  
-0.5239664429  
0.2705379491  
1.624787274  
-0.7073852165  
-0.4934487864  
0.1280198122  
1.87452645  
0.4323657049  
-0.2194636579  
-0.3394874674  
0.2585328364  
0.1946320581  
0.6178281374  
0.04027121115  
-0.3026857157  
0.1854202129  
0.2772865391  
1.057011995  
0.1146489984  
0.801620996  
-0.4081098259  
-0.4145652261  
-0.3072397492  
-0.3294990418  
0.01726482942  
1.460793822  
-0.01525559452  
-0.6992782015  
0.7239804113  
-0.4020011536  
-1.304074608  
0.01468150198  
1.433338925  
0.2130439601  
1.279276289  
-0.05494253761  
0.05321229667  
-0.6253499854  
-2.051577178  
-0.3771798872  
0.1137699882  
-0.4800194683  
-0.8482795815  
-0.5283722556  
0.4647898815  
-0.5017857418  
-0.4989758061  
-0.5628952367  
1.882790723  
-1.675999707  
-1.217274959  
-1.98714917  
1.268548469  
0.4407979929  
-2.141756628  
-0.6722086448  
-0.5040201909  
0.7273983489  
0.4641488982  
-0.5991868387  
-0.9849044339  
3.459686955  
0.4203988507  
0.1781937844  
-0.4196333626  
-0.8925488567  
0.01163533501  
1.740731013  
-0.1536651291  
-0.7974189234  
-0.5723000915  
1.180601964  
-1.37425637  
1.315484215  
0.7894963572  
0.9539739282  
1.217718491  
0.06895345615  
0.2854755243  
0.4452073208  
2.592644163  
-0.2628309527  
-0.4648869191  
0.387921405  
-0.1122527446  
-0.1589776505  
1.12722397  
1.589367938  
-2.983082586  
-0.4384107672  
1.622352905  
0.2473127931  
0.3792192013  
0.2174762166  
-1.129395556  
-3.061476102  
-0.7305649699  
0.3718128024  
-0.5616900491  
-1.76559182  
0.4290113827  
-0.4478366236  
-1.336027765  
0.08688968124  
-0.1117731856  
-0.5197675354  
0.1267384728  
2.457571045  
-1.790848413  
0.05394158668  
0.4279091068  
-0.5964859518  
-1.200472984  
1.598878211  
0.876346597  
2.043293643  
-0.4752156294  
-0.6339508468  
-0.09149860517  
0.733822101  
-0.7258585673  
0.3703927422  
0.9191501867  
0.18244979  
0.1122988079  
0.08437340966  
-1.02249573  
-0.2266888356  
-1.100638547  
-1.056497905  
0.7914050941  
-0.6782914109  
0.1434511098  
-0.516949575  
2.277484881  
0.4592354119  
-0.5738612987  
0.6124651429  
0.2845959416  
0.1839989632  
0.6490179121  
-0.3561306565  
-0.8350478267  
-0.3837286526  
0.3378409701  
0.238531515  
-0.9290737897  
0.4810003932  
1.283517317  
0.2927442921  
0.2592001992  
-0.3165030094  
0.2669321911  
0.571140545  
-0.7190123002  
1.699070375  
-0.4388402601  
1.336654616  
-0.3303990382  
-0.2885424076  
-0.7067609801  
0.3842417991  
1.026071075  
-0.4686696343  
0.4478653047  
0.09120955256  
-0.1628700428  
0.4182183166  
0.2128967763  
-0.3670214182  
-0.960477922  
0.1600460353  
0.5990082183  
-1.240183344  
-1.383290997  
0.3452939714  
0.1734086598  
0.4032664936  
1.0834566  
-0.8435337952  
-1.083714714  
-1.025322019  
0.008649104278  
-0.08788014455  
-1.227840961  
-0.76534607  
0.6301895425  
0.1865227438  
0.5451931932  
-0.5887735723  
1.026897278  
1.007061334  
-1.367264648  
-0.2071540134  
-0.6492168555  
1.202256444  
0.2195154875  
0.2075557554  
0.3134301729  
-0.3226919038  
0.2212117749  
0.08658212214  
-0.125886454  
0.4633379416  
1.715083261  
0.5093942779  
-0.1749252488  
-0.2087722897  
1.332642474  
-2.121263733  
1.12863564  
-0.5324450141  
-0.9929578653  
-0.2110213916  
-0.06818848557  
0.06693884812  
0.5025859729  
-0.1745956737  
0.4575776813  
-1.059845253  
