-0.5280950828  
-0.03085623285  
-1.325504036  
-1.091487414  
0.3718762364  
-0.07846654301  
3.606593248  
2.283171603  
1.578687406  
0.2513596907  
2.013720978  
-0.4279783364  
-2.189582993  
-2.442870945  
0.1502471399  
-1.136471256  
-0.03248198262  
0.9025448202  
-0.712758312  
-0.250650226  
-1.368756103  
-0.7245015901  
1.069191853  
-0.9841803514  
-0.4939897596  
-0.4831254699  
2.353603824  
-1.540777092  
-0.2533132225  
-0.8715570499  
-1.431031647  
-0.5975978931  
0.05770482063  
-0.8200815381  
0.5572791083  
1.640979569  
0.1166109582  
0.07427623457  
0.2463994961  
0.1173368688  
-0.7018795575  
1.858857746  
1.053899323  
-0.8889447323  
-1.414419092  
0.3317269147  
0.4316096447  
-0.06244283025  
-0.1078973853  
1.170875643  
0.8812735151  
-1.349638837  
0.7410766009  
-0.6327426256  
-1.864081579  
-0.3008021962  
3.274128267  
0.0744927718  
0.003333349707  
-1.527005718  
-0.8165386702  
0.6578550517  
-0.2202211244  
-0.4151683564  
0.6909481391  
0.9191686819  
-0.2994940349  
-0.4730258269  
-0.3082152026  
1.32394943  
0.02015988733  
-1.804243218  
-0.1287141387  
0.1081194708  
0.3507064285  
0.3049880796  
-0.3477930596  
0.3148261307  
0.6569069084  
0.5665265308  
-0.2570718763  
-0.2065916338  
1.02670912  
-1.683049293  
-1.545241183  
-1.070954964  
1.099971174  
0.04732329282  
0.2627966071  
0.6706556797  
-1.104955818  
-0.609170955  
0.6090328191  
0.398979133  
1.608811657  
1.047850917  
-0.6679652733  
0.5536832616  
-0.122960614  
-0.48102166  
-0.1885668487  
-0.5486480627  
0.8202490429  
-1.762429804  
-0.1868507489  
0.01123792127  
0.08810819192  
-0.1107078585  
-1.068756926  
0.4276821713  
-1.215748281  
0.1272585198  
-0.3757851187  
3.302673145  
-0.01068572923  
-0.6157676264  
1.183710318  
-0.5677312841  
0.2047810412  
-1.406571259  
-1.187107955  
0.5554804706  
1.510022405  
-0.7961848459  
4.112173776  
0.06804576127  
-1.897129708  
-0.5914016025  
-0.8862175117  
-1.464264245  
-0.4574427027  
0.382198486  
1.210479217  
-1.360936973  
0.2971337463  
0.4479856231  
1.885184003  
-0.9430947214  
1.058716161  
-0.2027456565  
-0.9857564334  
-0.9318654801  
0.1685430363  
-0.6673161612  
-1.374040921  
0.3055017153  
-0.2593760875  
0.2885684751  
2.549693116  
-0.2803136789  
-0.215668629  
-1.237173222  
-0.1646399501  
-1.076113973  
-0.6187755858  
-0.4092067534  
2.182664464  
0.3784857383  
0.0961325871  
-0.5406436958  
3.002015108  
0.2893071621  
-0.07477236918  
0.4451361147  
1.310650651  
-1.101055246  
-0.4832204482  
-0.79532394  
-0.7523974085  
-1.182106537  
0.4817350906  
0.8908562556  
0.5291966948  
0.2233625746  
-0.03206281544  
-0.01870140259  
0.1508657109  
-0.0619641651  
1.980029438  
-0.9445287706  
0.4994738953  
0.2945515918  
0.1675229138  
-0.4970670725  
0.357383602  
-0.02542732295  
-1.249381857  
0.1630275986  
-0.5452798246  
-0.07359399929  
-0.8048038404  
-0.8033645536  
-0.1921144984  
0.6258108406  
0.6268109262  
-0.5261172259  
-0.7635447957  
-0.6814091445  
-1.775324123  
-0.04359564508  
-1.08702786  
3.317911139  
-1.013548317  
2.263954385  
1.142084711  
-0.5749013155  
-0.3298454159  
1.778943278  
0.4684884725  
0.607567683  
-1.023384455  
-0.05306825658  
0.9129887282  
0.1073687127  
-1.063227737  
1.177576534  
0.3145971492  
-1.121629136  
0.2022101797  
1.676483605  
-0.7494277067  
-0.1556527492  
-0.3224028708  
0.1217019457  
-0.9028136251  
0.3592202614  
1.094076537  
0.9743506854  
-0.0306093193  
-0.5822475573  
1.094239752  
-0.07285324699  
-0.556115688  
-1.653323699  
-0.12856811  
-1.430205587  
-1.360947068  
-0.5853475956  
-0.1816505893  
-0.9513801608  
-0.9793687075  
0.1417052273  
-0.02413302624  
0.6123987177  
-0.7718213708  
0.9478297876  
-0.7962469389  
0.7661091451  
-0.4922665717  
-0.3380632666  
2.741329342  
0.327405314  
-0.5276233285  
-1.204466725  
0.5670516487  
0.3042746233  
-0.9676459639  
-0.4817298785  
0.6643987921  
-0.3891229444  
-0.9210893513  
-0.228653528  
2.596502688  
-0.8527148483  
1.063042192  
-1.378081879  
0.03876138038  
-1.940904575  
0.3411260365  
-0.1814173137  
1.447251536  
-0.254372323  
-0.06624986308  
0.7292203801  
0.01206419787  
-0.7417282751  
-0.5629297925  
-1.010987047  
1.347552964  
0.3477193363  
0.0793347957  
1.225078211  
0.59993732  
-1.054844621  
-0.04915850203  
-1.195862019  
-0.4820893962  
0.1290393686  
0.1855804048  
-0.2762153783  
1.1692097  
-0.4060682954  
-0.2894638993  
0.5371898856  
1.920814177  
-1.425764935  
0.5593532639  
0.6113356121  
-0.04185935905  
0.0387845527  
0.5264049035  
0.9393535496  
2.044580251  
-0.07325503826  
-1.172326479  
0.318456446  
0.1783728562  
-1.173796165  
-0.4042537843  
1.072269206  
1.275276513  
-0.6063765888  
0.3308679689  
0.08300388033  
0.7307082667  
-0.396236335  
0.8230369206  
0.1657858834  
-0.853464485  
-0.4218112699  
-0.8655120188  
0.2290188099  
0.6717403582  
-0.4581208874  
-0.9203923524  
-0.2610343563  
-1.19545179  
-1.518480756  
0.3714534649  
0.6440286564  
0.2460753397  
-0.8692822303  
0.2747890253  
1.852942395  
-0.4143866481  
-0.8482191461  
0.5728561885  
-0.5433238873  
2.378261772  
-1.172225995  
0.2242647682  
0.3650775349  
-0.8759081028  
-0.1783865593  
-1.472155407  
1.817641926  
-1.599421083  
-0.1332135195  
-0.5719633137  
1.634028104  
1.952844565  
-0.6073394166  
0.6475162834  
-1.578925718  
0.4432063331  
-0.1511102489  
0.1866931944  
0.9755842062  
0.003850428433  
-0.1926435359  
-1.42348052  
-1.710792323  
0.1668700181  
-0.6465052126  
-0.6496648216  
-0.6426081936  
-0.9412737503  
-0.4279515008  
-1.888058488  
1.03897437  
-0.3860751402  
0.8526499251  
-0.04935064502  
0.5642759284  
-0.5466794606  
-0.07222196461  
1.173627216  
0.8227086411  
-0.1008751006  
-0.1642090238  
0.3631677447  
1.057538317  
1.42272943  
0.1478520637  
-0.5986884089  
1.075756004  
-0.6509162633  
-0.2369385631  
2.831425983  
2.771912496  
-0.1050326101  
-1.025604025  
2.76974052  
-0.5929260509  
-0.4965430771  
-0.7512581373  
-0.03955192072  
-0.3067720658  
-1.583916546  
-1.357817205  
1.911570962  
0.1437673492  
-1.024987002  
-1.236748328  
1.065926109  
-0.1336883483  
0.6385499328  
0.7433241836  
0.07548332007  
-0.9283365643  
-0.2517357148  
-0.1986582024  
-0.7840652881  
0.07006776607  
1.009584668  
-0.2751172034  
-0.2785078006  
0.3115957606  
-0.9165188411  
0.6784989942  
0.3846273575  
-0.7363008242  
0.07313686292  
-0.5063559542  
-1.280520382  
0.350335385  
-0.2210770579  
-1.494685569  
0.4274754123  
-0.9471470225  
0.2694543068  
-0.3451118509  
1.666463622  
0.8074811742  
0.5893514849  
-0.9932986302  
1.104919627  
-0.3990282444  
0.6236809401  
0.4056031895  
1.578254437  
0.1083629599  
0.2006696873  
1.12549944  
0.01029986321  
-1.669287632  
-0.6185280249  
-1.243956804  
-0.05028880178  
-0.781223016  
-0.8658416601  
1.560389059  
-0.8715546944  
-0.7562882014  
2.268236831  
0.191004078  
-1.011893731  
-1.722069335  
-1.348940773  
2.150426073  
0.143367748  
-0.1691156555  
-0.4435537207  
0.6177403069  
1.563176598  
0.8702893355  
0.5499345197  
-0.3519147584  
0.7891198427  
-0.6293592676  
-0.7648773033  
-0.2892090344  
-0.4673638097  
-0.1808265426  
0.2139565497  
-0.174930508  
-1.012445184  
0.04511495703  
-1.249766861  
-0.6881937193  
1.020339363  
-0.5579363355  
-0.1294018684  
-0.3052808554  
1.433540201  
-0.7089008249  
0.2067739531  
-0.4879351897  
-0.2690122969  
0.2615096791  
-0.1637729134  
0.6426622746  
-0.6126923034  
0.01560113132  
-0.3584547397  
6.284231053  
-0.07050909886  
-0.3601664606  
0.5378172254  
1.004918163  
0.2588566512  
0.233353907  
-0.4725140326  
-1.043819977  
-1.573770063  
-0.8034689497  
1.066507013  
-0.4822653559  
-0.3564505162  
-0.8053105953  
0.2281535572  
0.1349447176  
0.05611588109  
-0.3676082833  
-1.186594616  
-0.314768708  
-0.5410681014  
-1.274049994  
-0.1705856701  
-0.1380981012  
0.4750661962  
-1.173156817  
0.5448441209  
-0.5008699244  
0.1573233694  
2.111548522  
0.8011977179  
0.7501517127  
-1.266830066  
-0.1306642202  
-1.724269835  
0.02776968158  
-0.103305787  
0.06777303752  
-0.5495322799  
0.6740556657  
0.3450111351  
-0.1476903175  
0.3513532879  
0.4001178064  
-0.6595244856  
2.565794954  
-1.361485261  
2.101838314  
0.612179123  
-0.02481098614  
0.2899310342  
1.513885687  
0.8517491794  
1.181674971  
0.007609217479  
-0.5428358817  
-0.8348541173  
0.1372628807  
-2.363343706  
-0.3032488134  
1.117005864  
0.6202804335  
-0.1723504964  
0.6341255542  
-0.6675896047  
-0.4403989372  
-0.115178025  
-0.0143704886  
1.100524725  
-0.9882193816  
0.9075362398  
-1.49764158  
1.92996048  
0.7588203316  
0.3367948818  
0.6526699718  
0.3387167346  
-1.249569414  
-1.250159886  
-0.04154691708  
0.3053830798  
-0.8616730406  
0.1280990847  
-1.646497498  
-1.551895256  
0.2030199797  
-1.110692782  
0.1622099933  
-0.771545583  
0.1547166367  
0.02413629369  
1.335680822  
0.1837955647  
-0.2987915339  
-0.3189382886  
1.424122332  
-1.241196405  
-0.8485251125  
-0.257875099  
-1.157834174  
-0.4344083074  
-0.6923794158  
0.5905506006  
1.080318049  
-1.425340633  
-0.6200694126  
-1.071613157  
0.08232329146  
0.3902996296  
0.1403428549  
0.3425190556  
0.03315680684  
0.5307710185  
0.7486773504  
-0.3915678001  
0.2464771142  
0.7451728325  
-0.6941878751  
1.227420886  
1.548235304  
0.3534833002  
-0.769145855  
0.9768351537  
-1.190250535  
0.4484447863  
0.2953093261  
1.878772347  
1.055976161  
-0.3414694686  
-0.3498508409  
0.1482976128  
-0.7613015982  
-0.9116665799  
-0.4831485295  
0.3221035841  
-0.9884284688  
0.6510600927  
-0.1677401569  
0.08330632241  
-1.233996013  
-0.5875957657  
0.08470557185  
1.479850451  
-0.654624446  
0.1835527408  
-0.5335305953  
1.903948781  
-0.504152916  
0.4203022093  
0.4376151457  
0.1334362539  
-0.5165287762  
0.5453328913  
-0.6781347265  
0.4591538345  
-0.3373734018  
0.121445586  
-0.7104426709  
