-0.2242739218  
-0.8050445144  
-0.4574677163  
-1.064144344  
-0.8607737437  
0.8456206955  
0.4058812408  
1.294604606  
0.06659816615  
0.1790395979  
-0.138362471  
0.4845407033  
1.418319866  
0.7629200853  
0.3133290532  
-0.1089052801  
-0.06884261447  
-0.5818891802  
-0.4515003712  
-0.5206049908  
-0.3033410771  
-0.9014830998  
-0.5325152927  
0.5110575471  
1.415893981  
1.682990558  
-2.846382621  
-0.8386355169  
-0.3582073999  
0.4480092633  
0.7889975784  
0.8460942806  
0.1324946748  
0.3045244205  
-0.8035349658  
0.9122520375  
0.9278767874  
1.050067315  
-0.02899660016  
-2.194355106  
-1.10909034  
-0.6012576852  
0.7359161856  
0.1382466378  
0.3026484724  
-0.2746349842  
-0.2371063749  
-1.029713045  
0.0931751361  
-0.4503690523  
-1.794154799  
-2.093430359  
0.08957447029  
0.5454973277  
1.304274498  
0.1092684138  
0.2093328021  
-1.036481515  
-0.9582294763  
-0.9023033457  
0.6425778996  
0.4712675895  
1.494038976  
0.7498298532  
0.5147493052  
0.4958240582  
0.076375194  
-0.3873077586  
-0.2125443778  
-1.167530329  
0.046930567  
0.1682147203  
1.310004595  
2.391168598  
1.846730924  
0.8049483092  
-0.5313597286  
0.8493470488  
1.239004172  
1.922227599  
1.411647161  
0.07465531248  
0.1049881172  
0.07992019627  
-0.09901085351  
-1.414783771  
-2.987389133  
-0.1859955688  
-0.3863677984  
-0.2750458981  
-0.6221605294  
-0.2484703326  
0.547440341  
0.1587900422  
0.3878734839  
-0.3372044579  
-0.02644864082  
-0.3369604986  
-2.148945591  
-0.3255089062  
-0.1617471282  
-0.1014364685  
0.5364287297  
-0.4751125979  
-1.511685786  
0.4233859311  
0.4332193465  
-0.6167281466  
0.3802033506  
0.4761330339  
-3.100130997  
-0.2516060436  
0.6372467583  
-1.10730895  
0.06263072612  
-0.07619961351  
0.3514364979  
-1.138614374  
0.1257297958  
0.03348048484  
1.318718791  
-3.091141059  
0.1527211043  
0.7053717834  
0.3123239002  
-0.4137616389  
0.9183053751  
0.4322016573  
-0.07748548865  
0.4672605485  
-1.665716259  
0.186915664  
0.1926866126  
1.726740427  
1.365502396  
1.011787352  
-2.357748478  
-0.4669595812  
-0.8840219463  
0.6616142498  
0.6266690951  
1.793032853  
1.678420653  
1.078624686  
0.5338135803  
-0.378313423  
0.8948590669  
2.245422766  
1.153668805  
-2.297699039  
-0.7918680827  
-0.264873339  
0.274670299  
-0.3406867878  
-0.3700021211  
-2.884907478  
-0.4397620407  
-1.158649128  
1.678668338  
0.3641838276  
0.9007265212  
1.198061255  
0.2730390796  
-0.02200894391  
0.1432410475  
1.292608436  
0.4133904432  
0.2288735929  
-0.1802649345  
-1.601271665  
-1.03715287  
-0.7863411431  
-0.6542249601  
-0.7192830288  
-2.33519162  
-1.38549208  
-0.5184647195  
1.02780225  
1.173018584  
0.5920328391  
-0.5784102476  
-0.1040575792  
0.3700091432  
0.532887135  
-0.5271513584  
-0.7974576564  
0.53008676  
0.0405413871  
-0.6711407729  
0.3803049874  
0.8174407751  
0.5009715793  
-1.694994119  
0.0300962449  
0.922955255  
0.08529701006  
1.46857152  
2.140143985  
0.4640955568  
-2.287892249  
0.2965125879  
-1.389949962  
1.365693528  
0.8858004538  
1.541049631  
-0.9248320538  
0.07911210024  
0.2761264648  
1.009967524  
0.09845617465  
-1.697625032  
-0.2533157679  
-0.09646128046  
-0.4298884076  
1.878318166  
0.3975833118  
-2.109608355  
0.4080796503  
-0.03890238132  
-0.05033260345  
2.095443495  
1.254539939  
1.114901609  
-0.4341379657  
-0.1131041195  
-0.9960154548  
1.09960868  
-0.87255606  
-1.231548799  
-0.2862334009  
-1.345286141  
0.4251446814  
0.8009309373  
1.46028724  
0.9872130126  
0.7452553494  
-1.097577161  
-0.210772602  
0.1717665362  
-0.0882558486  
-0.0737453246  
-1.222852852  
-0.910662626  
-0.8563131666  
-0.9106017334  
-0.5060831827  
-1.054967026  
-1.961316165  
-0.8011589349  
-0.6018424886  
1.18983712  
1.801003082  
0.8133477402  
-0.6790780473  
-0.8204640105  
-0.8888118157  
0.3777788769  
0.325409902  
0.4630146738  
-2.922941219  
-0.2502445099  
-1.060640766  
1.223266996  
1.584525821  
1.891787633  
-0.1515290374  
-0.942584036  
-0.08568275345  
0.9736263044  
1.280617526  
1.396038175  
-1.060828003  
0.07598313103  
-1.41024969  
0.2594330703  
0.6072970933  
-0.6092930207  
-1.197061625  
-0.9381986303  
-0.82749432  
1.833698324  
0.1708555083  
0.2924682479  
-0.2839201894  
-0.1898008582  
-0.4329552575  
0.9631751911  
0.9788585517  
0.7779035546  
-1.427717731  
0.0859144748  
-0.3261415473  
0.8629243264  
0.4168005674  
0.6532413537  
-1.43142866  
-0.274318093  
-0.5672923676  
0.8167434714  
1.410807623  
1.496013135  
0.5480151708  
0.9395504086  
0.093061493  
-0.4076755603  
-1.07957783  
-0.3104808163  
-2.912906966  
-1.45650433  
-0.3507728207  
0.9800723339  
1.193815898  
1.521642704  
-0.25388611  
-1.018625225  
-1.561727405  
-0.809597721  
1.025202571  
0.1774970862  
-0.6575312218  
0.1323192273  
-0.09934113046  
-0.6074453864  
-0.275857787  
-0.7164664137  
-0.2813770372  
-0.225320433  
0.6482375864  
1.567732938  
1.743716884  
2.300061335  
2.053922893  
0.438409657  
0.2614896242  
0.8095154722  
1.113401987  
0.03980990421  
-0.1270633535  
-1.268240415  
-0.2303355213  
0.4287991032  
-0.7817267771  
-0.9184533646  
-2.689619653  
-0.7242442437  
-1.260224141  
-0.6455375653  
1.193524378  
1.315557105  
-0.05347688206  
-0.293325778  
-0.835069958  
-0.5254484251  
1.064818314  
0.9151545518  
0.2690458204  
-0.5165197613  
-1.240760346  
0.3323637268  
0.7400218177  
0.4340086118  
0.371464152  
0.257354748  
0.2606063236  
0.6180830263  
0.5891721992  
-0.2538766852  
-1.859994512  
-1.185026346  
-0.2838790828  
-0.2230022451  
1.502839187  
1.382435995  
0.6185376621  
-0.6285207469  
-0.2423312461  
-0.5821673587  
-0.4106690175  
-1.242841194  
1.104949232  
-2.39181292  
-0.6740693093  
-0.6897930229  
1.523320067  
2.172249521  
-1.170684174  
-0.1364299034  
0.2895535832  
-0.1096421211  
-0.5585214098  
0.06219035608  
-0.1319131309  
-0.4703988319  
-0.3019512187  
0.01094617313  
0.9810832485  
1.621583946  
0.6556071969  
-0.03828031153  
-0.4592057212  
-0.07931315681  
-0.5224076053  
0.05464593393  
-0.7700068532  
-1.200005213  
-0.8582239639  
0.21476234  
-1.196231294  
-1.383122465  
-0.7245527421  
-1.126090048  
-0.3304486794  
0.9526624031  
0.5556371255  
2.080176144  
0.7094865169  
0.6951476206  
0.007596809067  
1.063626328  
1.479008022  
0.03065800768  
-0.3491261109  
-0.9727821488  
-0.9901747696  
-0.09115820802  
0.8652891163  
1.362367034  
-0.3354562727  
-0.03533566421  
-0.2250966744  
0.07216962483  
0.8703472998  
0.3627216597  
0.147373068  
-1.276882922  
-0.4107070008  
-0.722234629  
-0.4945925559  
-0.001635972289  
0.08431485442  
-1.241415913  
-0.7391253415  
0.448986101  
0.1845475806  
0.9360067644  
0.1317717444  
-1.235570357  
-0.1124433024  
0.8431197885  
1.165348625  
1.046608093  
-2.798595276  
0.4356616456  
-0.2678350056  
-0.1031840088  
0.8278129732  
1.373476118  
0.5394340445  
0.3092634843  
0.2243514934  
0.2134455458  
1.027310607  
0.2323381285  
0.8848409173  
-1.094489702  
-0.04311427253  
0.11451853  
-1.335804765  
-0.2898653333  
-0.8517121508  
-0.5186519654  
-0.7253393546  
1.03390771  
0.9330616756  
1.311605285  
0.1606652511  
-0.6510362993  
-0.7030040488  
1.07211403  
0.04546907616  
0.4129786527  
-1.111193324  
-1.249887425  
-0.695213155  
0.5222346395  
0.6897369732  
0.9821820608  
-0.08942993828  
-0.7391792545  
-0.5813388203  
-0.1785094247  
0.5038189434  
0.6381168819  
1.116708562  
0.187957448  
0.05287076084  
-0.290168448  
1.11530815  
0.4630663511  
0.04941339069  
-0.1967235096  
0.02878515099  
-0.9296735748  
2.239979543  
1.831523825  
0.5108192663  
-0.4871085828  
-1.177030449  
0.1790404069  
-0.2587040113  
-0.07587017465  
-0.1566512269  
-2.792877506  
-0.7508966343  
-0.6465132799  
-0.30295552  
0.007210592716  
-0.9820302931  
-1.89926843  
-1.19732551  
0.01202417763  
-0.2420088708  
-0.29821623  
-0.5987219343  
-0.7868333201  
-0.6948247822  
-0.4982744195  
0.7000877261  
1.667276153  
1.200524771  
-1.109859603  
0.01117886471  
-0.8777117031  
0.3674594688  
1.48304376  
0.7948638578  
-0.08462468189  
0.2201021846  
0.3127718412  
0.5491187515  
2.144998999  
0.6236347492  
0.2321879042  
0.8663220067  
-0.1582233957  
0.8256295082  
1.480412818  
0.2352389391  
0.3549536778  
-0.5879896762  
-0.6600149622  
-1.315062936  
-0.306797242  
-0.2638410412  
-0.0142398332  
-0.6639734512  
-1.342824188  
-0.4384943923  
0.6540220816  
1.140969772  
-1.920740965  
-0.1655247492  
-0.9078571552  
0.7838702392  
1.465825991  
1.175449891  
0.3351018645  
-0.4683036149  
-0.80736441  
0.03221634952  
0.9214412525  
0.4101231066  
-1.455115293  
-0.07859072443  
-0.1758243046  
0.1548151456  
0.6712535031  
0.3381434925  
0.3838005715  
-1.324506822  
-0.2441886926  
-0.03416764865  
0.566499804  
0.03529426056  
-0.7350515193  
-2.602463498  
-0.910801302  
0.02768963002  
1.100467106  
2.545692411  
1.849564973  
0.4234518275  
0.5577795735  
0.09717348895  
-0.401363904  
1.570196093  
2.00628041  
-1.640044445  
-0.5898442182  
-0.1125475286  
0.0736566812  
0.151408047  
0.1117781309  
-0.2647895043  
-0.8307953064  
-0.03165246571  
-0.1315592894  
1.176162097  
0.244207821  
0.7992096868  
-2.55089047  
-0.4056139513  
-0.2201080928  
-0.6232401898  
-0.2258999803  
-0.5332668551  
-0.6811648826  
-0.2445414886  
-0.6163561987  
-0.4883912257  
1.140166346  
-0.1533397741  
0.5488120867  
0.3408479454  
-0.06375919992  
0.3004247121  
2.38677204  
-1.61006189  
0.1706691407  
-2.55620497  
-0.9951780281  
0.358952816  
0.3497999459  
-2.480828198  
-0.1674433623  
-0.7474691423  
-1.065933574  
-0.5723182492  
0.6507231323  
2.466100093  
0.3573732212  
1.095093156  
0.7608575294  
0.1482324851  
0.6863208528  
-1.449763841  
-1.598678681  
-0.9575546875  
0.58493462  
-0.6673753606  
-0.4246974955  
0.7754572566  
1.583535563  
1.480390954  
0.2912957507  
-0.1800730911  
-1.163319852  
0.6668816663  
1.379225933  
1.735921204  
1.276447331  
-0.1618134176  
-0.4461785285  
0.9246925433  
1.019378235  
1.187338667  
-0.9662019931  
-0.3206149649  
-0.9809974444  
-0.1621499975  
0.7135661282  
-0.07498257588  
0.001985677902  
0.1415860403  
-0.7787936561  
-0.7898220909  
0.7615816722  
-0.4046892058  
-0.8621362656  
-1.143132456  
-1.150610824  
-0.9219222583  
0.3900174229  
1.746227452  
0.8476026726  
0.04295330551  
-0.04401239324  
-0.5074880609  
0.5820123528  
1.460425236  
2.129562204  
-0.4667517084  
1.317724399  
-0.4560351213  
0.06291411346  
0.5632502767  
1.261127858  
1.155936779  
-0.3899315189  
-0.1620503565  
0.1443941243  
-0.7808769311  
-1.189953137  
-1.186824609  
-0.9672012986  
0.5427168106  
-0.1838921407  
-0.5312918718  
-0.1100783561  
0.04649908225  
0.4392981945  
-0.2230934315  
-0.6678127005  
-0.3336617724  
-0.5544073171  
-0.7823116722  
-0.1694615622  
-0.7961300259  
-0.08255820126  
-0.1657765014  
-0.4818734031  
0.6898325149  
-0.08886865538  
0.1849525283  
-0.4879673058  
0.4752639474  
-0.4760744616  
-2.6693554  
0.01905393443  
-1.549632206  
-0.7437600316  
1.299150221  
0.8742401182  
0.131246564  
0.0727062681  
-0.2287095076  
1.50932442  
1.981185592  
1.61820775  
0.2745791136  
0.8705688973  
-0.1673007257  
0.4627496405  
-1.14855178  
-0.569688429  
-3.902344819  
-4.397618809  
-0.2031239918  
0.3712619694  
0.8717891936  
-0.866724918  
-0.06418444426  
-0.1205543205  
0.2456431124  
0.1144034028  
1.159488856  
1.255396695  
0.5651358806  
-0.4228352675  
-0.7015467039  
-0.2117953948  
1.665837544  
0.8893179336  
1.083983512  
-0.3323036202  
0.1606521844  
-0.3689824502  
1.125994153  
0.1381377807  
0.5029181857  
0.2741253544  
-0.7589466636  
-0.7971265154  
1.26572045  
1.424940525  
0.639498877  
0.2565223339  
-0.1255936731  
-0.01944330309  
-0.3833943172  
-0.6419898978  
-0.8504553267  
-0.4424799239  
-0.7537401062  
0.0528255736  
0.486786099  
2.04877311  
0.1664898954  
0.3709581533  
-0.5082196291  
-1.664240085  
0.320629607  
0.7141976063  
-0.2001892546  
0.1182566764  
-0.5291558676  
-0.2153154909  
-0.6513416456  
0.275917317  
-0.1067611002  
-1.477396161  
-0.3001686823  
-0.666720855  
-0.1221004352  
0.01482689188  
-0.2444596118  
-0.4007768414  
0.405986202  
0.2724371774  
0.488453201  
0.9772884936  
-0.5594890785  
-0.05954744263  
-0.5379576256  
-0.7571843662  
-0.7398258754  
-1.107002981  
-0.6318916328  
-0.265254373  
0.7625414019  
0.06633159985  
0.5096934746  
-0.05507230452  
-0.1547993036  
-1.161390673  
0.1548608384  
-0.7304726331  
-0.0122724596  
0.6824805169  
0.5450519084  
0.7222714748  
1.034335038  
1.800472918  
1.221405025  
0.9085128165  
1.363091601  
1.430742041  
1.539362186  
1.223101886  
-1.156920802  
-0.8889513069  
-1.458043798  
-1.032482913  
-1.3287807  
-1.643000451  
-0.5701161888  
-0.2418777774  
-1.284419725  
0.1381300532  
0.853870152  
0.1353385406  
1.874164912  
0.3229266512  
-0.1866875644  
1.378040571  
0.9187741882  
0.5404631264  
-0.8356021047  
0.1391689445  
-0.6009688599  
-0.242594967  
-0.4002657504  
-1.025709128  
0.02268413683  
-0.2321312019  
0.1913266014  
-0.06776378432  
0.5293720251  
2.04191787  
1.47983457  
0.643350727  
-0.1692133418  
-0.5396045473  
-1.50001495  
-0.4300586786  
-1.428994277  
0.2232992824  
-0.2585081515  
-1.277541145  
-1.32404776  
-0.03867169498  
0.02378385038  
-1.04125388  
-1.361827679  
-0.3246127275  
0.4049404599  
0.372545186  
-0.01550188192  
1.283984381  
1.133075763  
1.016146179  
0.7737758537  
0.9003330077  
0.9786281689  
0.9570652852  
0.7001615625  
-0.9565863309  
-0.5953184885  
-1.102053258  
-0.8203119988  
-0.5816692842  
-0.6821276811  
-1.229048265  
-1.596261684  
-0.7877680911  
0.3201033462  
0.5730059824  
0.7177128582  
0.917159344  
0.6165030312  
0.2259769589  
0.4931499597  
0.4493569447  
0.43368345  
0.3929078405  
0.05967178923  
-1.151561384  
0.2121780846  
-0.4012877488  
-0.03321365219  
0.1329369397  
-0.2831702942  
-0.5040924143  
-0.8622102179  
-0.2117169247  
-1.655711166  
-1.315358283  
-0.6199926187  
-0.4611320367  
-1.152053946  
-0.3971036018  
-0.04694764483  
0.9154089226  
0.5542355878  
1.361314838  
1.248408416  
1.586415104  
1.668194967  
-0.2676658235  
0.5814187757  
-0.04194462728  
-0.2882242854  
0.2293144934  
-0.1285952395  
0.9536076316  
1.569473461  
1.780686376  
2.078150689  
0.853941466  
1.768929817  
0.7046481782  
-0.5670820416  
-1.133399984  
1.451381865  
0.8048086673  
-0.253500826  
0.8373921673  
-0.7997162485  
-0.2700356822  
-0.2858981075  
-0.4018484315  
-0.6504680449  
0.4783219762  
-1.211300448  
0.714501488  
0.01436526186  
0.3502459099  
-0.1737804522  
-0.8975346776  
0.5391592857  
-0.4550453306  
-1.748054031  
0.82071597  
0.4580954795  
1.482941878  
1.68416255  
0.6139147702  
-2.747689009  
-4.530446623  
-3.23825897  
-2.490476743  
-2.354855757  
0.4107268539  
0.9899553479  
1.148978776  
1.710040051  
1.914824109  
1.574253462  
1.711436093  
-2.689874107  
-1.576508211  
0.2738571803  
1.655004232  
-0.1489271145  
0.9616049971  
1.009670027  
-0.7194424822  
-3.123064508  
-1.740713309  
-0.6261935301  
-0.1448188295  
0.4254463626  
-0.8639717635  
-0.07585437538  
1.011925178  
-0.6118574153  
0.6300993408  
-0.462135546  
-0.4404726694  
-1.561963695  
-1.708983583  
0.1412283504  
1.050640812  
0.8376790473  
0.5537276726  
0.4464942806  
0.119031645  
1.102056298  
1.204281681  
0.8660226781  
0.9288496134  
1.04993592  
0.9354384952  
-1.929665488  
-1.288529925  
-0.512949919  
-0.1399549606  
1.407035448  
1.943439532  
1.153517464  
0.5965124008  
0.03859408251  
0.3697516747  
-0.09975456459  
-0.3686657632  
-0.1513831963  
0.06034573019  
0.1384059968  
-1.002500368  
0.116586461  
0.399258303  
0.133544148  
0.01600861593  
-3.282715221  
0.2337688262  
-1.549774152  
-0.2058436981  
0.5305215645  
0.528664673  
-0.3695033969  
-0.1777594272  
-1.046163612  
0.1652850734  
-0.4449414745  
2.027835805  
1.239155246  
2.328638479  
0.2861527877  
0.2157010019  
-0.4536575471  
-0.3253020159  
-0.3133456757  
0.3040565344  
-0.9590610142  
-1.170466927  
-0.8255517001  
-1.670397845  
-0.2219155202  
1.490878245  
1.570194478  
0.8985283531  
-0.7139609718  
0.1569829195  
0.03201504051  
-1.166187076  
-0.6671091837  
-4.463270203  
-0.5135682699  
-0.8342799818  
-0.2494034728  
-2.311710494  
1.190247361  
0.72481108  
1.420534843  
0.4641078357  
-0.5800507715  
0.3174956619  
-1.176858686  
0.6206363326  
-0.1352183955  
-0.5418128545  
0.338427807  
0.5014122009  
-0.1019269084  
0.8403003784  
0.2253759845  
1.838555812  
2.385254787  
2.103499164  
1.306679279  
0.7062253779  
0.02106002113  
-0.3593794226  
1.052675546  
0.3922864876  
-0.229210533  
-0.2908345342  
-1.183138801  
-1.134001245  
-0.1448864456  
1.899384549  
0.9648055349  
-0.07710517567  
0.8835558275  
-0.6347256065  
-1.076347169  
-1.015864856  
0.02174277464  
-0.08724538241  
-1.647432252  
-0.9472898615  
-0.316053353  
-0.5157877912  
-0.5629440578  
0.6427141347  
-0.8610643848  
-1.042886556  
-0.5780308502  
0.1086045226  
-0.2718219809  
-0.8085354588  
-0.4878464528  
0.004308481955  
0.04009565131  
-0.4143576197  
0.4130916426  
-0.3513814965  
-0.404098692  
-1.110064828  
-0.3316543807  
0.4778067154  
0.3355709035  
1.349029328  
1.534189418  
1.03200281  
0.9062445023  
-0.6329936494  
-0.4673778509  
0.6009609297  
0.7538413884  
-1.647332836  
-0.4026439562  
0.1619050269  
0.6211635019  
2.466956333  
1.415187485  
0.3927911323  
0.1318145243  
-0.1285219543  
-0.1333600657  
0.3867475336  
-1.166653601  
-0.1356176901  
-1.68189901  
0.2000495627  
-1.089450143  
-1.087327313  
2.227372238  
1.199536252  
0.1241647562  
1.183087662  
0.6565454622  
-0.418344443  
-0.536733257  
-0.6434203192  
-0.06186781096  
-1.886117111  
1.040097049  
-0.2794116635  
0.1332957575  
0.4805548243  
0.0358534431  
-0.8225641474  
1.181996142  
0.5497509101  
0.9055243244  
1.478954171  
0.1895104564  
-1.28142421  
0.2669746536  
0.4043088378  
0.9650091945  
1.268854023  
1.610055377  
-1.090313683  
0.2214356682  
-0.637706941  
0.4156002746  
1.306260299  
0.7786928499  
-1.351944055  
-0.4545380953  
-0.08434751462  
-0.5164924857  
-0.04180093184  
-1.448972264  
0.3853270474  
-1.461794038  
0.650777639  
0.298130675  
1.131494646  
-2.50071293  
-0.8343666795  
-0.5764551404  
-0.7240278168  
-0.733200633  
-0.4834930539  
0.08802314999  
-0.4178072712  
0.6278923528  
-0.2873368122  
-0.3871810185  
1.093819219  
1.343627556  
-0.2096016287  
-0.1815605298  
0.5485356549  
-0.392003625  
0.1819473425  
-0.9451766526  
-0.2507374431  
-0.4347974649  
-0.0748047469  
-1.36447487  
-0.4839486776  
0.2701997486  
-1.378013287  
0.460593169  
0.09359438669  
1.027784024  
0.1255263283  
0.65811776  
2.004103359  
0.7360587803  
0.5372420958  
-0.7286924162  
-0.2427061604  
-0.4893567474  
-0.6855068386  
-0.1573347585  
0.2669727165  
-0.4957844397  
-0.7358120833  
-0.2048645175  
-0.8582196239  
0.3695020523  
-3.36013128  
0.6501005245  
-1.10344138  
-0.05770038386  
1.765476432  
2.37078465  
-1.847823939  
1.216619281  
0.2088443161  
-0.5976333286  
0.7494348959  
1.149912589  
0.5437908893  
1.689585645  
0.005906950495  
0.187684202  
0.714126181  
0.7062881068  
1.248710449  
0.05190774094  
-1.188289962  
0.05077075071  
-1.130851113  
-0.5317570608  
0.209061365  
-0.1099397878  
-1.170770688  
-0.1280946822  
-0.7887009384  
