0.002939339834  
-0.3149030589  
1.226453355  
0.3129595338  
-0.4869623435  
-0.4083113524  
0.6333114856  
-0.9630024906  
-0.1703735589  
1.402817327  
-0.5012627096  
-0.9690805246  
-0.5851053222  
-0.3392998563  
0.1947708796  
-0.5750778333  
-0.9326063915  
0.01045661397  
1.384079406  
1.866943365  
0.3856124831  
-1.24930996  
-0.03822178235  
-0.128672124  
2.518751581  
0.2226712842  
1.044528251  
-0.3091129258  
-0.06748032219  
-0.9669620314  
-1.135586309  
-0.2029868085  
-0.4505073934  
-0.3618603175  
-1.216333322  
0.3206439603  
-0.001341575513  
-0.4502952516  
-0.6480915122  
-0.2921545104  
-1.615641414  
0.2111233157  
-0.9730374939  
1.497872837  
0.6602575065  
-1.298506703  
-0.264760917  
0.5936862435  
-0.3881882824  
1.942124809  
0.4160782801  
-0.2671690067  
0.4977182433  
1.14319161  
1.194999528  
0.7860622487  
-0.05297926773  
-0.8871413028  
-0.5506456221  
-0.7017254623  
0.6929275033  
-0.73197155  
0.6996136876  
0.3238764665  
1.362863701  
-0.7693307777  
0.3597545261  
-1.031785922  
1.422908482  
-0.4025135301  
-1.022799587  
0.3835989655  
-1.838882414  
0.3009068948  
-0.4287934184  
-0.7851914812  
0.6383206439  
1.075822623  
-0.01134747574  
-0.1914569323  
-0.440277413  
-0.3556905097  
2.689298591  
-2.198953033  
0.336261906  
-0.4292521499  
-0.6662488652  
0.7278173666  
0.3788400734  
0.234779918  
-0.311978415  
-0.5476897244  
1.698277828  
0.286349283  
0.0130289155  
0.5726216204  
1.416211634  
-0.583150958  
-0.6029103972  
-0.8637886236  
-0.01316271103  
-0.6028876109  
0.1000413942  
-0.1440569193  
1.501855942  
0.5774715407  
-0.5301217542  
-0.581209581  
1.192701874  
-0.7441454143  
-0.8799752608  
0.8144430422  
1.364991332  
-0.6865031484  
-0.2960354792  
0.7343209361  
-0.4208148952  
-0.6544345833  
-0.7083910646  
0.06863271748  
0.01144559318  
-0.1759667039  
-0.8377273312  
1.537870347  
1.402180384  
-0.3932952793  
-0.2159163128  
0.9326862237  
0.5313191977  
-0.3968330002  
0.7495273044  
-1.773125747  
-0.3284551964  
-0.4647254896  
-0.1723203399  
0.5124176805  
1.003338617  
0.537904703  
-1.217123457  
0.5340130993  
0.3655960927  
0.08592923928  
-0.826497034  
-0.8721035503  
0.603746166  
0.4565760069  
0.3674079563  
1.0648516  
-0.9298055825  
-0.01729708574  
0.7809666042  
-0.2573143116  
0.1306868837  
-0.4745765943  
0.001619821731  
0.08558533546  
1.105053129  
-1.024508644  
0.1261033709  
-0.4675155131  
-0.920498846  
-1.412910169  
-0.1939748399  
-0.2839472596  
-0.5640487899  
0.07236428718  
-1.167293739  
0.3517542912  
0.3783661373  
-0.2193755465  
0.1338585301  
0.2920392236  
1.19991409  
0.07928630228  
0.141225714  
-0.8456914432  
0.57006388  
-0.646211311  
-0.1336271081  
0.0280373976  
-0.5186640061  
-2.781712935  
-1.048082776  
0.9861499569  
-2.305295152  
1.727470872  
-0.0341058185  
-0.2202088336  
-0.2214636427  
0.487099211  
1.378307772  
-0.1057115165  
0.6826938063  
-0.5393089062  
-0.6129948359  
1.219090235  
-0.5207729409  
0.1985214962  
1.265412558  
-0.3194812189  
-0.09923309197  
0.3313293811  
-0.1943362721  
0.2588113026  
0.6958289195  
0.2253410434  
0.3430950906  
1.032554042  
-0.1055111239  
0.2317328531  
-0.04993665583  
-0.2677941252  
0.7169095282  
1.092128504  
0.8623449728  
0.4706191018  
-0.4249460511  
-0.5198801577  
-1.22930272  
-0.4995670832  
0.4879197173  
0.9229204655  
1.157771775  
1.049285121  
0.04482404533  
0.565876005  
-0.3342242703  
-0.2972976537  
-0.3660525199  
-0.3827622584  
-0.1395137526  
-0.3354768864  
-1.161864638  
-1.257755483  
0.601042387  
0.3485456763  
-0.8306890517  
-0.14417936  
0.5096323647  
0.4550762754  
0.6470549707  
0.5381571304  
1.419663706  
0.1574932289  
-0.6180008133  
-0.2187850785  
0.008790098561  
0.2340933796  
-0.08220111018  
0.6628799174  
0.4717874465  
1.062885236  
0.3659312571  
-0.8418937612  
0.5852111141  
-1.253254833  
0.6721776935  
0.3826333805  
0.5187015454  
-0.8176488466  
0.03176609992  
0.5384308082  
0.8411455452  
-0.1980112281  
-0.5361254801  
-0.6354571392  
0.2508311553  
-1.996539676  
-0.5683090067  
-0.01771729855  
-1.295173638  
-2.254943288  
0.9951699889  
1.069096507  
0.2482295831  
-0.9442873038  
-0.5622721307  
0.9564730807  
0.5248854957  
0.8974274615  
-1.158411068  
-1.199501339  
-0.1987144226  
1.557272098  
0.444465174  
1.042468345  
-0.2661128802  
-0.2105497486  
-0.6683595215  
-0.8562735933  
-1.213450365  
-0.6551917756  
-0.9498764154  
-0.3294056621  
-0.5723682888  
0.695576933  
1.140533698  
-0.7693534412  
-0.4322306101  
-0.6625698034  
0.1107382538  
-0.6156026755  
0.5868644006  
-2.329837233  
0.6249013394  
-0.2722412876  
0.05686809235  
-0.08377484314  
0.6132824882  
-0.06279054439  
-0.5797062048  
0.6485136439  
0.745662537  
0.4576814379  
-0.06606570332  
0.1806193265  
-0.8115887395  
1.106509243  
0.2171273594  
0.3615866441  
0.09156486503  
0.5636613  
1.373155865  
0.9315147268  
0.1359237475  
0.2918241518  
-0.2483671868  
-0.5827502233  
-0.339049384  
-1.306909133  
0.02274187434  
-0.8175708181  
0.2786357589  
-0.265798372  
-1.362144534  
-0.4196288093  
-0.2914081081  
0.801090404  
0.04658404412  
-0.4987915706  
0.3920819589  
-0.6934964882  
-0.1082987728  
0.4505422975  
0.3847624271  
0.3146853306  
-0.05045261385  
0.28675475  
-0.1039245948  
0.1471877893  
0.7096134979  
0.4593224266  
1.831395183  
0.7827652789  
1.846156618  
-0.2682682606  
-0.02143562716  
0.9457789877  
0.4329502654  
-0.3092584243  
-0.3345522479  
0.7294350992  
-0.03919048923  
-0.2055105618  
-0.01047761424  
-0.08118375921  
-1.304942751  
-0.4244620921  
-0.6522179749  
-0.3695302266  
1.939140565  
1.936422014  
0.7273134378  
-0.6169212526  
-0.3574490774  
0.9259897517  
0.7987046638  
0.0917590245  
0.3598303551  
0.003270416771  
-1.491999416  
-0.6236915285  
-2.20323  
-1.431895081  
-0.2317224929  
-1.724983205  
-1.570818101  
-0.99865513  
-0.8964144208  
-0.9835389328  
-1.341167845  
0.2064776898  
-0.373520102  
-0.2388657058  
-0.2896986061  
-0.5747997648  
-0.3275370805  
-1.297109809  
0.7686547896  
-0.09575608043  
0.02733835174  
1.280406961  
0.7932220521  
0.0206854859  
0.67454324  
0.9172067367  
-1.352763345  
0.6235127667  
0.1854141038  
0.814499195  
0.6787187392  
0.0221294903  
-1.247302699  
-0.8028957926  
0.632905187  
-0.1449710139  
-0.2294767741  
-0.1983691443  
1.225805628  
1.058611536  
1.421242226  
2.283882924  
0.5392636447  
0.7644551786  
0.1457747145  
-0.3498981841  
0.5429393361  
-0.2827196574  
-0.03974717126  
-0.3390302931  
0.4372234151  
0.3395442175  
-0.2945821132  
0.02172863147  
-0.8976366667  
1.217545339  
0.9128617037  
-0.9671890105  
-0.1491346913  
-0.09417714231  
0.2120469634  
-0.4204585841  
0.2438894905  
-0.3304334104  
-0.3757600815  
-0.1996998062  
0.1530021426  
0.01702855509  
-0.4633025418  
0.1248440382  
-0.656192522  
-1.289001344  
-1.203039533  
0.1181047552  
0.5648792574  
1.044521374  
0.05937157467  
1.441456669  
-0.2568482435  
0.9487885538  
-0.9096818596  
-0.7968221613  
-0.9748415565  
0.09269449795  
0.2328586942  
-0.8740016048  
0.6756823306  
0.1033932493  
0.6114875416  
0.6193849973  
0.1581120542  
0.3675998412  
-0.1422865579  
0.8668488571  
-0.4604235139  
0.7986599672  
0.6934436922  
-0.502055572  
0.4956134303  
-1.357221903  
-0.1455228462  
0.1301400928  
-0.4148882891  
-0.3512907463  
0.2377984096  
0.2941841111  
0.6155657822  
-1.662516993  
-0.2868196342  
-0.7103993891  
-0.1581396544  
0.1962408453  
-1.153400973  
0.1428261541  
0.4371998962  
0.07849151593  
0.1675499374  
0.9958168471  
0.3583148665  
0.2589949071  
0.8425970195  
-1.02079792  
0.6097573822  
1.789279119  
1.248236987  
-0.6848922794  
-3.018023296  
-1.663735447  
-0.02249668644  
-1.46471358  
0.1075583001  
-0.3346293667  
-0.120686487  
-0.2235023023  
-0.7386103886  
0.5130871401  
0.7032714903  
0.06277910203  
0.4637726533  
0.2964053516  
-0.1976384947  
-0.6718764423  
-0.7015206248  
-0.1793484665  
-0.2435812766  
0.09144789895  
0.6383421857  
0.7319956665  
0.1889133364  
0.1523920201  
-0.1256381254  
0.06082934428  
-0.3134751848  
0.03075956761  
0.8060713395  
0.1095397445  
-0.06015903171  
-0.1129977625  
-1.340953521  
0.744233173  
-0.03306852281  
-0.001588157849  
-0.3928458685  
0.7610721448  
-0.8786245828  
0.4780703907  
-0.5927988687  
0.2813519136  
-0.4306049577  
-1.152455038  
-1.139895588  
0.7963814364  
-0.5721660547  
-0.6511956501  
0.3795260617  
0.4132510676  
0.200715907  
-0.6935497854  
-0.03731803874  
-0.2552756926  
0.589045703  
0.8020175582  
0.2406728482  
-0.8687324136  
1.330160938  
0.3944702902  
0.9163940491  
0.8015129993  
0.5393100649  
0.6708092754  
-1.022632015  
-0.06871249718  
1.107454772  
0.2703188096  
0.3474962001  
-0.4003543394  
-0.7706461116  
0.9036311827  
0.6577949405  
-0.3393886539  
-0.2467800893  
0.5258696225  
-0.1999982539  
0.2641178378  
-0.6060518888  
0.5998564647  
0.9581989881  
-0.6505975563  
-1.383316891  
0.4366608671  
-0.1673915195  
-0.1015943793  
-0.5748267594  
-0.2945968047  
0.1246794088  
0.3699591621  
0.2229485306  
0.7311319521  
-0.5749907718  
-1.281044747  
-0.2068950494  
-0.8308164495  
0.9570296259  
0.7191930802  
1.167175851  
0.4376202864  
0.1894310465  
0.5982455404  
-0.6800104188  
0.05650269047  
0.6710791169  
0.3336681213  
0.7359463865  
-0.3820302259  
-0.8126257099  
-0.6646388569  
-0.2453778294  
-0.2466429239  
0.7402020367  
0.4357404424  
0.007651060561  
-0.8539987524  
-0.4358643459  
-0.9242781083  
0.4839109257  
-0.5792190096  
0.2031891941  
0.04349129211  
0.1944623398  
-0.9028088483  
0.2990684596  
-0.1124806406  
-0.465544471  
0.08183706334  
-1.042280965  
-0.5898624929  
-1.105313781  
-0.4292587843  
-0.3526145748  
0.9624206177  
1.227593185  
1.023614238  
1.768313055  
0.6625074712  
0.8777364799  
-0.08440351842  
0.1518354294  
-0.01519088174  
-0.3900608812  
0.6050449449  
0.267916456  
0.9774548164  
0.2696989695  
2.044499081  
0.3646696978  
0.2867715497  
-1.078810768  
-0.7712344051  
0.9067374898  
-0.2856790824  
0.2688931489  
0.2722174686  
0.2230963696  
-0.3615945894  
-0.1907283532  
-0.5526208231  
0.6031126051  
-0.1761695614  
-0.7618826084  
-0.5746483919  
-0.1115678956  
0.6615340684  
0.7968467813  
0.1098481823  
-0.395048648  
-0.1958221665  
-1.242762658  
-0.8689506999  
0.07988194121  
-0.3505426222  
0.3814647242  
-0.1407139893  
0.2582169149  
0.9636108521  
0.6915441053  
-1.159996391  
-1.228424241  
-0.2275880684  
0.2430054112  
0.1352915255  
-0.17419884  
-0.9965826094  
-1.262255244  
-1.738932575  
-1.375745689  
-0.190040719  
-0.1333966849  
0.8017328577  
-0.8961489601  
0.9448205412  
0.2465625769  
0.7061862404  
1.868256253  
0.1184940211  
0.7611681934  
0.7253909943  
0.04290278304  
-0.03430402496  
0.7897441974  
0.3983761341  
-0.2981587975  
0.9911760724  
0.5581613376  
-1.280016051  
-1.19969123  
-0.4176060567  
0.03453257356  
0.1328457562  
0.8983340665  
1.434222472  
1.05040586  
0.5846816078  
0.751592009  
0.4455180573  
-0.0872164255  
0.5512310643  
0.2721425807  
0.3083730657  
1.041901025  
0.6085325489  
0.1686864957  
0.3691786242  
-0.4738662285  
0.8951914701  
-0.601178081  
1.148517649  
-2.50625355  
-0.944051739  
-0.02874787488  
-0.335568639  
0.2596728428  
-2.319627598  
-0.4940422947  
-2.098610524  
-1.224986214  
-0.267582903  
0.8537593799  
-0.06859044106  
-0.7295539311  
0.6539956213  
-0.6793366121  
-0.5699797517  
-0.4022147873  
-0.7500242035  
0.01995008734  
-0.5210867185  
-0.3817833734  
0.3949804513  
-0.5764997902  
-1.312887716  
-0.1395270533  
-0.1722751138  
1.001793465  
0.7704071796  
-0.7982863263  
0.1513631087  
0.3472422756  
0.3639526015  
1.087130145  
-1.757864939  
-0.8755533106  
0.229310298  
0.6814581468  
0.5426032143  
0.9156109359  
1.048650597  
0.4207959613  
1.810990092  
0.84045958  
-0.2638133023  
0.2231946461  
-0.9233660006  
0.1989882509  
-0.4412308694  
1.221711453  
-0.02037088582  
-0.08744605561  
1.910746372  
0.6583962014  
-0.04092693401  
1.119447902  
-0.4061932792  
-0.1421594442  
0.5549815316  
-2.271349005  
-1.718202333  
-1.44870328  
-0.9466765838  
-2.761336846  
-1.179210589  
0.1354795712  
-1.523747349  
-0.7958181352  
-0.3077847473  
-0.3863233649  
1.046434522  
0.1258972729  
-0.2539932963  
-1.418434671  
-0.2157068965  
-0.1082053196  
-0.2262749401  
0.2034161184  
0.670047989  
-0.9175262416  
0.3561418775  
1.620685487  
-0.1390725048  
-0.1976542593  
0.5933869119  
0.1775960698  
0.744587111  
0.6054901418  
0.3214986286  
0.6843628925  
0.2499223805  
-0.03200115094  
0.3439791115  
0.1059916833  
1.138553462  
-0.2393322692  
0.2094582745  
0.2323654637  
0.912787606  
0.2104953285  
1.517320971  
0.001934331444  
0.3227841698  
0.6001206578  
-0.334305068  
0.4310348833  
-0.2616717704  
-0.2457638082  
0.09630899717  
-1.168228644  
-0.5913917637  
-0.2897664223  
-1.411049804  
0.07513289564  
0.4075696627  
0.889950165  
1.04003611  
0.3217259979  
-0.2917723649  
1.329039357  
-0.5767358926  
0.4492501538  
1.094783141  
-0.6074076139  
-0.4173396764  
-0.1128055189  
-0.5419999897  
-1.777732555  
-0.700310349  
0.289663452  
0.2399941457  
-0.713495453  
0.2890375588  
-0.4976250352  
-0.1527078104  
0.02818388362  
-0.9161526863  
-2.11892149  
-1.571324317  
-0.3074102175  
0.1737975568  
0.5478514631  
0.6598506399  
-0.4818512971  
-0.3024737779  
0.3236277762  
0.6337479821  
-0.981804576  
0.03068432005  
0.1357013494  
0.1964257461  
-0.1359926413  
-1.414923559  
-0.7264837846  
1.00097181  
0.8816446547  
-0.3375212109  
-0.5430411301  
-1.232913293  
1.82586508  
1.456137917  
0.3693202822  
0.7700975537  
1.028624372  
1.141095466  
0.6347216392  
0.5136380031  
1.17446482  
0.6744558821  
0.5430241505  
-0.4102318439  
-1.191171547  
0.2066140257  
0.1347135691  
-0.2615711086  
-0.08207715014  
0.7124721028  
1.385955127  
0.9569533586  
0.1032596946  
1.984597939  
1.734769296  
-0.1829666318  
-0.6890099297  
0.1998334923  
1.150105764  
1.042567228  
2.337097656  
0.5307495691  
0.7061483489  
0.05313074262  
0.2194787418  
0.4584578981  
0.7568769238  
0.468386031  
-0.1723636004  
-2.39483079  
-0.4126668645  
-1.283769983  
-0.4957032163  
-0.2945778606  
-0.2936053125  
-0.7338477209  
-0.9001998752  
0.8047017296  
-0.8326727793  
-2.356115077  
-2.028728359  
-0.04435988664  
-1.095507977  
-2.217996469  
0.03824876462  
-0.09449350225  
-0.8048196655  
-0.0481152514  
-0.05260939245  
-0.4121245644  
-0.02116479559  
-1.323313906  
-0.7625045202  
0.4513801632  
-0.1352028047  
0.2684775967  
1.274572598  
0.9136766955  
-0.5223964513  
0.06079003922  
-1.335204035  
0.06390075859  
-0.804514633  
0.07882895884  
-0.754624531  
0.5172314647  
-0.05901270241  
-0.206088854  
-0.5520307023  
0.3943274686  
0.07798124192  
1.256823856  
0.5495422696  
-0.3504772299  
1.185202834  
0.5022682169  
-0.4622053758  
-0.01794666808  
-0.8874212455  
-0.5586024356  
0.4284270813  
0.3552160285  
1.584765834  
0.8925212117  
0.2658278818  
0.3739867941  
0.1433115478  
0.7391750483  
-0.6398975537  
0.5066198704  
-0.4417933505  
1.447337172  
0.8917778879  
0.9501069517  
1.623686065  
1.334206027  
1.752239803  
-0.2998532397  
-0.573604445  
-1.906636869  
0.2469525247  
-0.1514659299  
0.7782487183  
-1.343107807  
-0.244850648  
-0.4741615754  
0.7673988929  
1.251552093  
0.4329374905  
1.736279164  
-1.129160754  
-0.4476973174  
-0.5409730498  
0.1304436724  
-0.4625477612  
-2.269426041  
-2.940174375  
-1.057214822  
-0.2042312101  
-1.200993667  
1.333610163  
0.9975910375  
-0.08262215743  
-0.9595635877  
-0.9672759643  
-2.474804227  
-1.114372746  
-0.4279491132  
-1.608827719  
0.2497269795  
1.226066453  
1.037574413  
0.06311919846  
1.432509145  
-0.1670192211  
1.0073424  
0.6402751844  
0.9736362052  
4.18551469  
2.753688513  
0.8702488841  
4.539994403  
1.834791146  
5.401348918  
2.095353862  
0.3843787844  
4.013492259  
2.817329523  
3.015264022  
1.601028485  
0.1312519093  
-2.903048073  
-4.874357878  
-4.263142158  
-0.1329523669  
-2.281300917  
-2.265036381  
-1.618281164  
-0.9188801516  
-1.439807018  
-1.516569993  
-2.165699221  
-1.865811642  
-1.127848511  
0.4789289927  
3.103721133  
0.3914947004  
3.360237139  
0.2136140086  
-0.2892197636  
0.7886644428  
-0.4614948531  
2.73539303  
3.717212754  
2.060502979  
2.93455663  
1.112081942  
0.6413251488  
2.115747398  
0.2721844902  
4.910718652  
1.92406983  
1.884879427  
3.036741593  
-4.92982189  
-1.713713136  
-3.303066779  
-2.932576957  
-0.0636941049  
-1.635861102  
-2.619929692  
-0.4917955664  
-2.226901004  
-1.030475004  
-0.6283192761  
-1.282157113  
-0.56312596  
-2.369281534  
-2.044908487  
-2.727503917  
-2.214534274  
-2.271939909  
-1.584767822  
-0.7047537219  
-0.2803715034  
-3.005897587  
2.374206003  
-0.3493624283  
-0.8213159253  
-1.326849472  
-0.82316139  
-1.035019919  
-0.03296199115  
-1.068061551  
0.7253801363  
0.8191554603  
-0.8328525042  
0.4354244083  
0.2137247199  
2.740526419  
-0.4407175723  
-1.162955461  
1.414190075  
0.6743255328  
0.4321651002  
-0.1699993707  
-0.3680909796  
-1.091433833  
-0.1488936313  
-0.5670218243  
-0.6088477332  
0.5190675698  
1.018827328  
-0.9009398194  
-0.03913226766  
0.3752920574  
0.1292850561  
0.5332960179  
0.6380001737  
0.6288652049  
0.7173795134  
0.1793547485  
-0.7897775602  
-0.03841815812  
-0.7549025274  
0.09386535259  
-0.4590077483  
-0.5265903447  
0.3248995943  
-0.1008380507  
0.1860709927  
0.1931164672  
0.4653172653  
0.03229463784  
-1.337840894  
-0.8189140327  
-0.1513638074  
0.7890694805  
-0.5024828418  
0.598206419  
-0.1638165838  
0.253573625  
-0.2564122137  
0.4818541804  
-0.1662552682  
-0.1104736167  
-0.4036447051  
0.3491553092  
-0.4939739379  
0.210176791  
-0.3256581769  
0.01910783185  
-0.3613738205  
0.09662939256  
0.3518793127  
-0.08934741423  
0.6121162395  
-0.5542913274  
-0.4464812925  
0.196354127  
-1.453845839  
0.722345151  
-0.7075258572  
-0.7288812795  
-0.2241479868  
0.1718074493  
1.335566441  
0.4013304159  
0.2451842658  
-0.1710975777  
-0.3533438944  
0.5354492144  
0.1222919759  
0.5819662662  
0.816580867  
1.138292287  
0.1688072277  
0.7908016383  
1.414642808  
-0.2872286312  
0.1132348538  
0.8178159428  
-0.07462174594  
0.4983907641  
-0.8396206302  
-0.5926929655  
-0.6659950604  
-0.5921925112  
-1.690344366  
-0.8251537622  
-0.4327453701  
-0.784302263  
-0.6954578157  
-1.159795092  
-0.6169749295  
-1.055350076  
-0.6874574723  
-0.6207846681  
-0.6350856536  
-0.6754776244  
0.06272567729  
0.4708867675  
0.6761567651  
0.5914522329  
-0.4251486195  
-0.3051571156  
0.3893620671  
0.5352621959  
-0.5587345513  
0.1468951861  
0.5842413399  
0.1060500716  
0.2604124998  
-0.5823131451  
1.173727475  
0.1932976334  
1.623294672  
0.05678762838  
1.537344304  
0.4246457108  
0.4216381117  
0.7602175705  
0.08327945196  
-0.3458923612  
-1.505229967  
0.2467900163  
-1.009800529  
0.3286320569  
0.4579087794  
-0.6671184637  
0.8145806226  
-0.4418580032  
0.339233881  
-1.467312844  
-0.4359076743  
0.262104821  
-0.6546372795  
-0.5621856264  
0.1896183124  
-0.452044074  
0.1868210186  
-1.030573446  
-1.063502597  
-0.1514384254  
0.2026520963  
-0.7154664278  
2.92405394  
1.335471842  
1.015985532  
-0.3250083045  
-0.7232582787  
1.349926677  
-0.1560596254  
-0.09502703121  
1.507961687  
-0.8143237953  
1.567370836  
1.0608148  
0.7289905902  
0.6007468224  
1.671385092  
3.185062018  
4.159655995  
0.3918466919  
-2.326460723  
-0.4680763125  
-0.9235233539  
-0.5966831602  
0.1742509003  
-0.9350950303  
-2.943415421  
-3.802517547  
-1.983412084  
0.6045812116  
-0.4829269138  
0.886660132  
0.2752796387  
-0.1519529617  
-1.158972937  
-2.02630016  
-0.8816612025  
0.7009251421  
-0.8627968426  
1.149824034  
0.03828011163  
-1.579902256  
-1.216410578  
-0.1307241346  
1.831489194  
-1.40615415  
5.47445574  
2.290805719  
1.609428525  
3.561301674  
0.143223098  
-0.1907751548  
-1.637175374  
-3.578936381  
-0.9881121957  
-1.96997496  
-1.164352238  
1.100522056  
-0.2671880259  
0.8250834585  
-0.6674106134  
1.129371021  
0.802007794  
-1.606374835  
0.2138414389  
0.1425536149  
-0.08175626159  
-1.177586483  
-1.203540335  
-0.5996644042  
1.331574676  
1.249067376  
0.1351525587  
1.333814134  
0.2579539546  
-0.7500547083  
1.481460199  
-0.4416236309  
-0.2452001334  
-0.7240138415  
-0.1190360113  
-1.691468445  
-0.02559304537  
-0.5459988117  
-0.8161465724  
0.3882792081  
-0.5077452805  
-0.4149523971  
-1.876640963  
-0.2654711349  
0.7320766263  
-0.05063416453  
2.545772795  
-0.09705890185  
0.6114151918  
-0.2564102777  
-0.404265469  
-0.955362454  
0.5885817479  
-0.4260417988  
0.1903829795  
0.3751631122  
-1.057128913  
-0.661376382  
-0.2685120658  
0.2301666172  
0.6230040393  
1.226715308  
0.3471177728  
0.202430523  
0.9349039598  
-0.1475614589  
0.2605107864  
1.299564171  
-0.3301290074  
-0.1479295829  
0.5392872892  
-0.0535887392  
0.6861394941  
0.7716509996  
0.5897626808  
0.3109575658  
0.6374897923  
-0.2045930871  
-0.5797793425  
0.2552409535  
-0.07126424784  
-0.0958819762  
0.2763396112  
0.3259284137  
0.02273306211  
-1.115880734  
0.2237436436  
-0.3306868711  
-0.3850606097  
0.1820412351  
0.1751544265  
-0.1140233895  
-0.2845025427  
-0.215971015  
-0.2414994746  
0.789114964  
-0.9979665319  
0.3258910654  
0.4394263372  
0.1450185849  
-1.462435689  
0.2256174846  
-1.467334302  
-0.4237521466  
0.4678185488  
-1.179073788  
0.8873242892  
-1.174868814  
-0.819822465  
-0.1105444811  
-0.1161052348  
0.4021303417  
-0.6722262635  
-0.7439692685  
-0.3377634322  
-0.2779100334  
-0.2792598626  
0.719540615  
0.5221769342  
0.4233989  
1.183844462  
0.7781503758  
-0.3549332317  
1.409977667  
0.766403099  
0.6884733492  
-1.475845808  
1.389730067  
-0.6610464482  
-0.7350254314  
-0.6347557176  
-1.020250336  
-0.7479190044  
0.4161495456  
0.1036386238  
0.812401151  
-0.7460758582  
0.2467643356  
0.2882890741  
