-1.53784334  
0.6568348091  
0.625079982  
-0.2064006766  
-1.500551273  
0.1727851894  
0.2423292062  
0.2202561044  
0.7635547714  
0.6143128996  
-0.7373926011  
0.2376551145  
0.8379043845  
0.2368008382  
-0.6561539647  
-0.5547009349  
1.665433545  
0.2727609926  
-1.703810171  
0.6053601603  
0.4910020739  
1.093099106  
-0.5287044967  
-0.8814797825  
-0.3268685887  
-0.5522514015  
-0.4244628132  
-1.091264419  
-1.672417175  
1.079788573  
-0.3678379306  
-0.6396223191  
2.276716036  
-0.33235274  
0.9573027244  
1.427327887  
0.2807154897  
0.2124837273  
0.2652726697  
1.278459321  
-0.6107594946  
0.147935757  
0.6476588921  
-1.557099415  
0.9959138893  
0.03121148389  
0.2634238121  
-1.674399229  
0.01544344539  
0.4484492807  
-1.683445426  
-0.1077275357  
0.4564832179  
1.85910643  
2.48597879  
0.04357001768  
0.3213844881  
2.673949297  
2.035793442  
2.052770542  
-0.474453561  
-0.759075441  
0.4311317906  
-0.4220175329  
-2.04823231  
1.02565037  
-0.002874737651  
1.644036188  
-0.3171590572  
-0.4868378472  
-0.6854146771  
1.285286257  
0.9714379564  
-0.6494508262  
1.310620252  
1.159309469  
1.786180586  
0.7584554792  
1.616673598  
-0.005459246257  
-0.7418309073  
-0.5984614598  
-0.2307755178  
-0.2800246251  
2.513207205  
-0.6565486549  
-0.8761745795  
-0.2788606982  
-1.317879978  
1.148517344  
-1.097951454  
-2.265554679  
0.9463574862  
-1.457489977  
-1.795076867  
2.55651409  
-0.01147870162  
0.3541067271  
1.88796901  
0.4684005768  
0.9214217409  
0.1427690697  
-0.9362308391  
0.2304435318  
-0.8659517076  
-0.3565871049  
0.9188290072  
-0.9680955428  
0.2672437218  
-0.03952437281  
1.249018168  
-2.381265465  
0.1785935525  
-1.134319262  
-0.3089764678  
-0.2516245017  
-1.036047686  
0.3663988714  
-2.395241152  
-0.85881065  
-0.01689365867  
0.3386475058  
-2.321322942  
2.86756207  
0.7772128646  
-1.564558268  
-0.4500793552  
-0.564407396  
-2.667801217  
-1.838819936  
-1.658659346  
-1.330114563  
-0.9640303794  
1.955627544  
1.246154405  
0.5864285336  
0.454434502  
-0.7305337637  
1.463128865  
1.821617069  
-0.6560366959  
-1.017602473  
-0.2726963009  
-1.865877636  
-0.9377029395  
0.8067915166  
-0.2397961805  
0.9058346742  
-0.2686339981  
0.3667450031  
-2.509495653  
1.846253498  
0.3152657554  
0.5237507435  
0.9106372474  
0.8564649917  
1.796852265  
1.870659976  
0.6913044821  
-0.7276382717  
0.7519652245  
0.6442687198  
0.1991907825  
0.2464819548  
1.654678255  
1.461664647  
1.215227066  
-0.3974354918  
-1.536442746  
0.8626992068  
-0.7416541942  
-1.530688645  
-1.026591866  
-0.3036716055  
0.654953204  
-0.9454550792  
1.490406024  
1.018899183  
0.4255877037  
-1.02364982  
-1.1582039  
0.5296896444  
0.1247164653  
1.93778029  
2.387130644  
2.025258293  
0.90484345  
1.211608506  
-0.8156741331  
-0.016941308  
-0.8511844407  
-0.8830688495  
-0.7252700029  
0.497391322  
-0.708364288  
0.9076331431  
-1.060579977  
-0.6560409288  
-0.8246696341  
-0.7714330523  
0.02722158313  
-0.3452641629  
0.4809463641  
-1.161041707  
0.06129172859  
-1.110087183  
1.25940909  
0.2766345783  
-0.3082463148  
0.03630965201  
0.5062088306  
0.01993770753  
0.1103196254  
0.2971860599  
-0.4461516665  
-0.6063252451  
-0.442032105  
-0.887192273  
-1.027222503  
1.510802214  
-0.6137829782  
-0.6743243713  
0.6184121838  
-0.7681870896  
-0.6046656709  
-0.2884831537  
0.1692066602  
-0.5459577108  
-0.3893745764  
-0.148221141  
-0.1652190291  
-0.09093455774  
-0.7603232195  
-1.137135206  
-0.3498428668  
-0.1828746911  
1.308114046  
-0.3268977871  
0.3629306853  
0.8708599389  
0.06808142843  
1.763022478  
-1.019279899  
0.3842241776  
-0.7705031308  
0.2390641932  
-0.04791845319  
2.219817814  
-0.5846531857  
0.7758060685  
0.6354675714  
1.107384374  
0.9781836539  
-0.8156091902  
2.108171176  
-2.038323979  
-1.407928856  
2.020600063  
-0.2545766186  
-0.05428210257  
-1.206209277  
0.6678923381  
0.7379117701  
-0.05426789485  
-1.005549511  
-2.036991335  
-0.3494881075  
-1.908068084  
-1.400037608  
-0.08393427136  
-1.421989285  
-1.737166246  
1.478315302  
2.059024008  
1.033175075  
-2.952253377  
0.1281741196  
0.9727821395  
-0.5937111678  
-0.4672850602  
1.119429151  
-0.1296333165  
0.4092183679  
1.23668491  
-3.184837681  
2.61647563  
-0.5062036858  
0.04946799616  
0.3655634042  
-0.1595297123  
-0.78236543  
-0.2385757074  
-1.054714538  
1.018542823  
-0.1915330848  
-1.403281469  
1.852327957  
-0.7374681766  
-0.05987910299  
-1.017519362  
-0.8404888561  
-0.809529188  
0.8546748391  
0.7349112207  
-0.6981887058  
0.8399409008  
0.3237406318  
0.9528017303  
0.1110444771  
-1.991556654  
-1.298069963  
-0.5204798455  
0.1822384247  
1.284915035  
0.2328014186  
0.1399272464  
-0.6270366263  
-0.09797101643  
1.325205046  
-0.2731813079  
0.06457401929  
-0.3401322934  
-0.8041129409  
-0.7957610551  
-0.5879707151  
-0.4088917113  
0.01948419043  
0.8988154866  
0.3335755472  
1.282344913  
0.1311582585  
0.03707932576  
0.1987624165  
0.4309646399  
-0.5492653975  
-0.2951891608  
-0.4661849052  
-0.9664078705  
0.8929540064  
-0.1301954797  
0.7083206104  
-0.3034739142  
-0.2090647229  
1.773527879  
0.6297511021  
0.8343915687  
0.1011874479  
0.3788820299  
1.017515031  
-0.1881732021  
0.5674843867  
0.6052008778  
2.034105631  
-0.1286197583  
-0.009232133807  
-0.6713605311  
0.1849908692  
0.3883445512  
0.7651509123  
-0.1636632712  
0.5564823235  
-0.5412618684  
0.03099077754  
-0.05897022886  
0.2411918086  
0.9756138573  
-0.1549158346  
-1.142045366  
-2.101844229  
-1.978945058  
-1.307921517  
-0.6504676415  
-0.8163723178  
-0.816812339  
-2.109038034  
-0.2818633907  
0.807709976  
0.01440404274  
1.053528887  
0.5344966014  
-0.6323455068  
0.3049865064  
0.1421261348  
-1.086805134  
-2.138275237  
-0.3132709204  
-0.222349134  
-0.7601413314  
0.3633960375  
0.7441376977  
0.0430211276  
0.3192863595  
-0.06045267587  
-0.3717380179  
-0.7117282634  
1.222755823  
-0.04139758481  
1.282335703  
0.7275387827  
-0.8845584125  
-0.1016701052  
0.9023911236  
0.6445393808  
1.219186182  
0.134436049  
-0.2896887972  
-0.7179480943  
-0.7204613107  
1.099694641  
0.5390427432  
0.3953499965  
0.1984677094  
-0.2371755707  
-1.365797243  
0.3436381437  
0.3792519857  
1.001308084  
0.4188379881  
0.2231482993  
-0.1646618878  
0.5162427759  
-0.6159725257  
0.8894988413  
0.2414206155  
-0.2888140507  
0.3131613019  
-0.1527830215  
-0.2174209576  
-0.7784793678  
0.198770533  
-2.202053246  
0.07253633687  
0.4724545574  
-1.339190864  
2.057355394  
0.7949386368  
-0.07713272991  
0.8834672134  
-0.3552141322  
0.6464509372  
-0.2453183077  
-0.384310618  
-0.9105320841  
1.015621325  
0.0735642817  
0.3249269737  
0.3311924963  
-0.2641198236  
0.7100573124  
0.8351336349  
0.5798787726  
-0.8082375473  
0.6563841906  
-0.1092218124  
1.0882215  
0.1715603147  
-0.004372509303  
0.1403510564  
-0.5942432951  
1.471679625  
-0.8811261075  
0.1441187808  
-0.3458459501  
-0.3063284425  
0.8376338243  
-0.06258196576  
0.04224648533  
0.3498633518  
-0.5450211004  
-1.021253855  
-1.116249158  
-0.8599219038  
-0.839007602  
0.1432976655  
-0.6997948929  
1.599011212  
-0.5227232646  
0.08249471232  
0.2404975197  
0.1197500031  
0.1475594535  
-0.1908208608  
-0.5471500667  
0.6586531453  
0.4443243409  
-0.2792411527  
0.6741902661  
-1.827377443  
0.4409200439  
-0.6028472104  
1.019026322  
-0.1621558986  
-1.039359139  
0.4424697062  
1.124863458  
-0.2895535864  
-0.01107329015  
-0.8421322586  
0.6125322299  
-0.5167944885  
0.5596542997  
0.7464962596  
-0.4302704964  
0.2854743748  
0.2854584516  
-0.9269190153  
-0.8691123401  
-0.9916753021  
-0.5778596515  
-1.944481655  
-1.170525965  
-0.2558757435  
-0.2228877762  
0.1275811533  
-0.5164539607  
0.02612379487  
-1.17761982  
0.2444615502  
-0.510565086  
-0.03245337783  
-0.3549650058  
-0.7875892486  
-0.2737934521  
1.354270519  
0.6752576328  
1.079246249  
0.1916104074  
-0.5606495524  
0.2726976965  
0.6561848521  
0.1155494261  
1.123861201  
0.2192644824  
-0.02792138431  
-0.3238674812  
0.4627292623  
0.629575641  
-1.287419791  
0.4424549149  
-1.520976314  
0.6019991515  
0.2647584189  
-0.2477653721  
-0.09352558436  
1.022647232  
0.1752414214  
-0.3002029108  
0.6023372806  
1.640612178  
0.3941373315  
-0.10256188  
0.7290600202  
-1.096488678  
-0.03270353432  
0.7925548809  
1.017592013  
0.3769973737  
0.1009203261  
0.1782425055  
-0.6525652803  
-0.1220833458  
0.5137765662  
0.5059050226  
0.4994353569  
-0.8936466727  
0.4728820457  
1.136569238  
0.5014132204  
0.2376063727  
-1.403114926  
-0.8822960077  
0.3163782741  
-0.9635483529  
-0.9979947756  
-1.646488702  
-1.482056925  
-1.407995219  
0.5602773596  
-0.3275167566  
1.033882345  
0.06526383548  
0.1414088966  
1.044692813  
0.5597312595  
-0.4539191521  
0.9910064843  
0.5168439478  
0.1442158932  
0.1779015572  
0.9107107448  
-0.1714647454  
0.7270770683  
0.02642312225  
-1.012162901  
-1.462082923  
-0.006344367759  
-0.1701673451  
0.03357927155  
0.8892898343  
-0.07231633103  
0.09620251522  
-0.7156196619  
-0.01509336003  
-0.9497376956  
-0.1988123392  
0.1984885071  
0.002104263309  
0.8736948407  
0.8573976077  
0.4766231632  
-0.6800807744  
-0.1192185502  
1.05531479  
-1.255494115  
-1.45939626  
-0.861860804  
-0.5179047843  
-0.8507071597  
-0.2438271679  
-1.219073697  
-0.3557755523  
0.9622239494  
0.453179882  
1.413907242  
1.191025443  
1.395998265  
-0.2784755655  
0.4768037298  
0.2607897355  
-0.5897846183  
1.39537951  
-0.7227679888  
-1.565519206  
-0.6077288381  
-0.9612353995  
0.4527530627  
-1.025121408  
-0.05691349108  
0.1092442866  
0.3713523133  
0.6348462249  
0.5380526754  
0.4335410408  
0.7182074625  
0.4694157221  
-0.1392756735  
-0.02299824331  
-0.09950580205  
-0.2566724923  
-0.1891808076  
1.200073496  
-0.6202230763  
-0.1947166719  
0.2000970782  
-0.04928535888  
0.549311884  
0.2805596566  
-1.370986485  
0.2842775052  
-0.06837345432  
-0.02476266704  
0.3656474577  
0.6081612035  
0.1109114833  
0.4761671021  
-0.5748802905  
-0.9641416047  
0.388410528  
-0.7375053866  
-1.08386794  
0.5098644238  
1.355979808  
-0.0003114600656  
-1.087500356  
-0.4324684046  
0.1845011474  
-1.105111436  
-0.3125229918  
-0.5903532361  
0.4519746643  
0.6366815327  
1.619535615  
1.225722545  
0.407151022  
0.2503937884  
-1.540936162  
-0.7804542338  
0.5474173299  
0.5212916672  
1.034638455  
0.3168197692  
0.6788081954  
-0.3168834765  
-0.1037422283  
-0.4056911507  
-0.5704789658  
0.08323870041  
-0.3729791894  
-0.6463534473  
-0.05994517175  
-0.003789271031  
0.5751770687  
-0.4043601671  
0.486575545  
0.5766123873  
0.538448735  
-1.033005942  
-0.5018364917  
0.2720494334  
-0.9403523404  
-1.296492824  
-0.4797497218  
-0.08145566285  
-0.9790773586  
-2.146226682  
-0.6206036063  
0.6114746477  
-0.1059890097  
1.160045554  
-0.02471695312  
-0.1554115627  
0.2236742082  
-0.6249376114  
0.1838146902  
-0.7508643286  
-1.079612039  
-1.498196534  
-1.612943116  
-1.150051404  
0.5648087602  
-0.5708062233  
0.5108017354  
-0.4397129114  
-1.271472981  
-0.8326334751  
-0.2428102764  
0.6987073771  
1.044930325  
1.222673685  
1.124830731  
1.570581455  
0.1056874479  
0.1464842197  
-0.8418857625  
0.4309307422  
-0.1116651391  
0.9123665375  
-0.5301879894  
-0.4764579928  
-0.4456715764  
0.4470961231  
-1.479455947  
-0.4789060261  
-1.014317669  
0.4727567203  
-1.250071966  
0.4046428463  
-1.006352055  
-0.6743385426  
-0.4874129103  
0.3261108718  
0.049783131  
0.1772737116  
0.1123108265  
1.00388056  
-0.09302162616  
0.1913933687  
2.046103242  
1.469424384  
0.3037511232  
0.4263686731  
0.7662628842  
0.7542250863  
1.082287687  
1.12609592  
1.196001542  
1.303937952  
1.73660522  
1.419772186  
0.1236911304  
1.718325469  
0.05881287524  
0.5939701945  
1.556839301  
-0.9064528969  
-1.016474884  
0.1342459612  
0.3801296339  
1.303562335  
1.041547087  
0.8705521907  
0.730175799  
0.106593046  
-0.3870554807  
0.6097058809  
-3.624209867  
-1.394753136  
-0.6192134503  
-1.53980804  
0.2415523328  
0.4324473926  
-1.391692582  
-0.6097973686  
-0.1308504592  
-0.8123422261  
-1.068687787  
0.8259194023  
-0.7748224879  
0.2953509237  
-1.262060438  
-0.1181079803  
0.4384042804  
-0.4615017023  
-0.5342572512  
-0.5126319901  
-0.4377736826  
-0.6364083726  
0.7563178512  
0.1265022267  
0.3191802751  
-0.2103945806  
-1.162087684  
0.000308213071  
1.02375025  
1.841545887  
0.6872324812  
0.680655198  
0.4964231734  
0.8309843589  
-0.5810636365  
-1.381684218  
-0.526631163  
0.749401574  
-0.6344568904  
0.6285751137  
0.2924906886  
0.309166818  
0.2455311722  
-1.269572193  
0.1088072506  
-1.658814864  
-0.3716379452  
-0.2688554481  
-1.775449575  
-0.9579071464  
-0.7440357911  
-1.073998258  
0.765235062  
0.2578360732  
-0.387287519  
0.02651072981  
-0.3247675831  
-1.02340167  
-0.2625095962  
-0.2720343902  
0.6645232121  
1.570135567  
0.3776353065  
0.8100641  
0.5834776575  
-0.07947955479  
1.480919716  
0.6885747764  
0.07344488773  
-0.353859982  
1.325019074  
-0.03550531409  
4.132404835e-05  
-0.9485110025  
-1.551045133  
-1.151811176  
0.1974395436  
0.05084522716  
-0.4853982439  
-0.444255483  
-1.11533991  
-1.746920951  
0.05884628278  
-0.5562708822  
-1.048565373  
-1.0699626  
0.8809789942  
0.1405924414  
1.549568323  
-0.2585703764  
-1.335121732  
-0.542675453  
-0.4232329542  
0.9985724153  
-1.605462176  
-0.6764214246  
0.4054159333  
-0.5735031404  
-1.209878132  
1.546013452  
1.239959279  
0.4244389493  
1.018805701  
-0.1065124123  
0.8508323797  
0.7772907787  
0.710698312  
0.7126209239  
0.8856727973  
-1.183895298  
-0.6872075039  
-1.650057701  
-0.7343574051  
-0.5032866828  
-0.6179398546  
-0.2986460701  
0.3957414936  
0.8585778318  
0.7402908742  
1.536287269  
0.9969451128  
0.395536028  
-0.671374332  
-0.2891112957  
-0.1966163997  
0.295646985  
-0.2518583104  
0.1675952186  
-0.4271073474  
0.5672518967  
-0.2793640539  
-1.104528429  
-1.923553067  
-1.973936499  
-0.6066653276  
-0.3635077062  
2.551076062  
-1.314602092  
-0.07291657837  
-0.8349440421  
-0.3522779529  
0.3265217608  
0.01411616471  
-0.2896939541  
-0.2763094966  
0.7559043777  
1.438452224  
2.100331536  
0.4908666571  
-0.7937335207  
-0.2123916082  
0.02587889368  
0.6463654673  
-0.02379054924  
0.3259780173  
0.5672480783  
-0.1957776253  
-0.420975156  
0.6852070585  
-0.2338544667  
0.1112393649  
-2.141203114  
0.3012987046  
0.9407705181  
-0.6316273958  
-1.538372364  
1.073107972  
1.999068882  
0.5704994496  
1.780284637  
1.110716926  
0.3956577928  
1.51262881  
0.639588775  
1.61025996  
2.403762186  
0.793258816  
-0.382089882  
-0.2678173285  
-0.9142793068  
-0.3734950617  
-0.5659156749  
-1.695519644  
-0.2156917348  
-1.236320614  
-1.37383501  
-0.10031304  
-0.6109613346  
0.1810991455  
1.530481332  
-1.633327479  
-1.000794911  
-0.1585667248  
-1.44811438  
-1.098651286  
-0.252979494  
0.7375058304  
0.4527556872  
-0.4787242686  
1.235244966  
1.355015634  
0.03535236542  
-0.4821106679  
0.9117647423  
0.04816806835  
-0.7242091094  
0.9270844165  
-0.717482114  
-0.02137520287  
-0.803032655  
-0.8666085157  
-0.004126391752  
-0.6279426588  
0.8299634026  
0.5050752171  
0.00860353988  
0.5197581343  
-2.189976632  
-0.5863004952  
1.477952258  
0.7490001189  
1.08208519  
-0.5891349514  
2.665748327  
1.134092713  
-0.008112559403  
-0.4950724165  
0.8866026218  
1.060867483  
-0.6779673494  
0.3473035001  
0.3867816182  
-0.07743936053  
-0.3522431109  
0.102871152  
-0.2292234521  
-1.525098407  
-1.177636112  
-0.9672767574  
-0.5266657237  
-1.01364437  
-1.779405729  
-0.5770047931  
-0.7538247294  
-1.109559019  
1.596549844  
-1.482014234  
-0.5925487412  
1.602259157  
-2.35138949  
4.282844023  
-3.383244689  
-1.728339516  
-1.760702789  
-3.148642085  
-2.665227812  
0.6648480767  
0.4792556668  
3.148603073  
2.513044625  
0.08547922556  
1.652222108  
-0.4513333388  
0.2027582532  
-0.933819974  
-1.291205066  
0.08926012247  
0.2881137498  
-0.3065346483  
-0.3339586875  
-0.1988413321  
1.456750093  
0.1096140112  
0.02528992816  
-1.280307423  
-2.033417788  
-1.721853429  
-1.242337136  
-0.8451734819  
1.244085796  
-0.01202619454  
-0.1269365259  
0.4145354192  
-0.697343356  
-0.1496701978  
0.1710215279  
2.55691159  
-1.22851882  
-1.251450704  
-0.9272551634  
-0.07930888579  
1.184339302  
0.6006068986  
0.5718897951  
1.811875485  
2.227325299  
-0.06632154941  
0.1893363367  
1.610072757  
-0.1593416872  
1.060894647  
-0.4003409713  
0.4723635471  
-0.581056239  
1.428926885  
0.1398283872  
0.3380785665  
0.9979411347  
2.780970329  
1.661816756  
-0.1760579687  
-0.3365943903  
-0.2763866956  
0.5928439844  
1.255005491  
1.195153049  
-0.4763048282  
0.2461467346  
0.3792195053  
1.942456601  
0.08966163499  
-0.6541590232  
-1.51156991  
-2.264072259  
-2.011110364  
-0.07431796446  
2.373260959  
-1.948726347  
0.341753265  
-0.2188062871  
-1.275376059  
-0.4805332522  
-1.310761777  
-2.393786876  
0.1369552841  
-0.2482593499  
-1.302434626  
-2.014896077  
0.2484183336  
-0.1108879315  
-0.3555734627  
-0.3181109925  
0.3340459234  
-0.5007339661  
-1.029838948  
-0.4690125523  
-1.303271281  
0.1583541912  
2.176423575  
0.7807615606  
1.769997098  
0.4531428002  
0.7443718786  
0.5170974526  
0.3592046978  
1.087484667  
-0.1633843336  
0.08152383186  
0.3146860785  
-1.276510386  
-0.9761144606  
0.6660812117  
-1.151583527  
0.4756748455  
0.8738256147  
-0.01081106297  
-0.3867965992  
-0.2883275328  
-0.7280358396  
0.6939002852  
-0.4303832096  
-0.8337361123  
0.08245091996  
-0.08894157433  
0.5289379831  
-0.9814884694  
0.2258524975  
-0.3678969073  
0.3123127796  
-0.4589819031  
-0.4202286845  
-0.4602879763  
-0.7389904825  
0.9473121829  
0.3433452042  
-0.04101161492  
0.08093649153  
1.326105532  
0.942418169  
-0.4590812837  
0.1515182673  
1.195158006  
0.4641468629  
0.9737544615  
-0.6331125329  
0.6395176167  
0.2831764545  
-0.4427873163  
0.05622656924  
0.09037162214  
-0.6515408734  
-1.057992753  
-0.2055942305  
0.1595858965  
0.9918978182  
0.1146818451  
-0.9917680562  
-0.9171921071  
-0.3300737953  
0.1320641212  
0.3808131187  
0.1600993716  
0.3859998628  
-0.3355986834  
-0.2525535554  
-0.01542807799  
0.1729596404  
-0.2143072247  
1.098691679  
-0.5427928922  
0.9150450462  
-0.07277031803  
0.8108829646  
0.5469937628  
1.289118344  
-0.1346228708  
1.418277483  
1.898353628  
0.8089178902  
1.472119294  
-0.6285409039  
-0.2130992958  
-1.082170985  
-0.06160341824  
0.7934480385  
0.4413495598  
1.265236308  
0.3026076352  
0.4446777157  
0.3919127821  
-0.8423294111  
-1.902311932  
-0.9487624431  
-1.673920262  
-2.009311486  
-0.6651796824  
-0.6130913604  
0.3729225738  
-0.281811612  
0.5213709365  
-1.936549691  
-0.1349145329  
-1.145874989  
-1.500508487  
-0.2863034101  
-0.9481930813  
-0.3941981797  
-0.7050629713  
0.3187418231  
0.7058155876  
1.957351135  
1.447046111  
0.2384127238  
1.363887214  
2.021049289  
2.15388993  
1.840600178  
0.421003134  
0.9365330348  
-0.2159805999  
-0.9383172272  
2.332226286  
0.223646845  
-0.6292806401  
0.5017410025  
0.6995499557  
-1.089309761  
-1.820327971  
-0.2177643997  
-0.5503992655  
-1.749194544  
-1.907751856  
-1.179088733  
-1.95772269  
-2.12831202  
0.3014543974  
-0.08733368525  
1.407291939  
1.599970758  
-4.141017166  
-0.4610460631  
3.587597788  
-0.7172596287  
-1.287426742  
0.9751780956  
-1.495487545  
-1.399069485  
0.6742594249  
-0.6872784709  
-0.1661524825  
0.3033394024  
-2.021036468  
0.643116066  
-0.2912991549  
-1.46539666  
0.03073177586  
-1.957778991  
-0.3061115342  
1.12378939  
-0.3541799995  
0.1515412688  
1.058768973  
-0.09944212559  
-0.8801310971  
3.9826978  
1.273104776  
1.088615277  
-1.041477274  
-0.2706575814  
0.4220381055  
0.701629241  
-0.6815317488  
0.5077629933  
-1.41626191  
4.200824862  
0.4369579084  
-0.9689102726  
-0.5994181211  
-1.022063658  
1.414980807  
-0.5166113153  
-0.9614474962  
0.6689718005  
-0.4013021921  
-0.8822180885  
0.6082344063  
0.4685763303  
1.676650202  
-1.545639287  
-0.5469042506  
-0.4468884888  
2.063858974  
2.221986685  
1.881948054  
-1.261510371  
-1.707700215  
-1.836900993  
-1.114095393  
-1.859774187  
-0.8074994416  
-0.0937957261  
-2.313143628  
0.3959145244  
-0.376334941  
-0.8252276479  
-2.162991991  
0.1361765828  
1.298551554  
-0.4104723292  
0.2916420521  
0.6929471042  
0.4990129409  
-0.8478505458  
-0.6785862204  
-2.104720888  
-0.3696660366  
-0.8576452858  
-0.822136964  
0.2340391078  
0.7095732913  
1.341936786  
0.1892709934  
0.6200554984  
0.2036006659  
0.1333041997  
-0.5104076784  
0.09949381419  
1.323703616  
0.6680740712  
1.265019853  
-0.1288850375  
1.889043663  
0.2698515024  
0.6115973717  
0.4003990914  
1.062306013  
0.8785118047  
0.5154277722  
1.048464721  
0.1534014926  
0.0224678956  
1.196102828  
1.410865096  
0.7273491961  
0.03171558676  
1.353107358  
-0.4275186896  
-0.2877916599  
0.4767365726  
0.1475059329  
-0.1562260171  
0.09052736948  
0.2622203019  
1.161933926  
0.6508196288  
1.800450989  
1.749203784  
1.536784961  
-0.02660742085  
-0.5718296975  
0.163547978  
-1.354927412  
1.360665909  
-0.911997434  
-1.083433224  
0.876504845  
-0.363096472  
1.081316422  
2.072707341  
1.333711615  
0.3375100881  
-1.45614207  
-0.4612573121  
-0.9399863936  
-0.3794924801  
-0.7231337111  
-0.3559266578  
-0.8776613839  
0.2398991632  
-0.02364323823  
0.7699315454  
-1.235812389  
-0.5521132175  
-0.5880236525  
-1.373222961  
0.01342003604  
-1.294451224  
-0.7460008372  
0.6930200319  
0.4543349024  
0.8052811827  
0.03504265083  
0.9140288395  
0.537759507  
-2.239048863  
1.946953325  
1.327961923  
0.9632486683  
-0.6979335884  
-0.4299087016  
-0.03078443429  
0.1613515595  
0.1823139563  
0.2811266473  
-0.5898481962  
-0.439934084  
