-1.198264419  
-1.851736689  
-0.7361075699  
0.9575933831  
0.4719742724  
1.05475237  
1.308201669  
1.190360507  
-2.290422767  
1.034705497  
2.042796749  
0.7021415198  
-0.7696596254  
-0.2851995848  
-0.4119731031  
-1.581525737  
-1.132432379  
0.2502158139  
-1.150391326  
-1.280424411  
0.6088374947  
0.1351040254  
0.9794819487  
0.8827293697  
-2.186310255  
1.73459272  
1.036030372  
1.428512511  
1.079233041  
0.290159735  
1.754885564  
1.962007814  
-2.409805874  
-0.8215703404  
-0.5497915859  
-0.271020015  
-0.4119153248  
1.059087942  
1.791391387  
-0.009315697703  
-0.7231135228  
-0.7346727268  
0.6853610003  
0.7673073416  
-0.4345838908  
0.7181274702  
0.2851491299  
0.1383805047  
0.3100613251  
-2.0947359  
1.795135582  
0.163368433  
-2.641404427  
-1.394482837  
-1.112494647  
-1.633480706  
-1.312226849  
-1.577283591  
-0.1130524596  
-0.191614725  
-0.8459117198  
2.146949095  
0.7787845137  
-0.3502932344  
-0.09001557252  
-0.6924133561  
-0.4471643075  
0.4134195473  
-0.1391311882  
0.1978146587  
-1.119969978  
0.3121790182  
-0.9238356676  
-0.7519008556  
-0.2435445143  
-1.329800746  
-0.4779056417  
-0.6881345612  
-0.02910373235  
-0.2939048069  
0.219702424  
-0.4831270257  
0.01867929213  
-0.8009594586  
-0.3006386734  
-0.1501196402  
-0.1477214442  
-0.9192829398  
-1.491075654  
-0.3785960797  
-0.2037849358  
0.3995099101  
-2.558803657  
0.2957919279  
0.5594987881  
-2.40887299  
0.7337977643  
1.005346605  
-1.122241303  
-1.422176551  
-1.633417927  
-0.1344451472  
-0.0190297384  
-0.3124129565  
0.684138215  
0.7098699497  
1.277300107  
2.192990845  
-2.190533656  
0.9866979502  
1.094194904  
1.385551368  
1.056116124  
0.3212408884  
0.7195628513  
-0.6792089974  
1.789186928  
-0.5475039556  
1.331259898  
0.885331413  
0.9743754225  
1.159433006  
2.52380819  
-2.397539931  
0.7278071582  
1.607508781  
0.8337074812  
1.462962234  
0.8899557747  
2.008017757  
0.6088638715  
1.152011001  
1.682928093  
0.3826494093  
-0.0155926543  
-0.5245368511  
-0.3402445148  
-0.4424878274  
-1.334255093  
-0.620116163  
-0.2259358877  
-0.3674289739  
-0.7527855378  
-0.3535514001  
-0.2714345763  
1.012089094  
0.8869098824  
-2.282399729  
-0.01997686082  
0.06614088105  
-0.116021158  
-0.7264000607  
-0.2309966084  
0.2046310508  
-0.06523154901  
0.05203926651  
-0.2766119504  
0.02440155641  
-0.3525962182  
-0.4492949926  
0.01658975114  
-0.8273509789  
0.3091669662  
0.4349250237  
-0.4523234891  
0.4812243295  
-0.6735566665  
0.1722157279  
0.8212352949  
-1.49031702  
-0.06618312564  
-0.5194835718  
0.1728827011  
1.463390886  
0.488523655  
0.2240207069  
0.0712894693  
0.09524073552  
0.3566123474  
0.8023623816  
-0.1524201208  
-0.1391075055  
0.8336603227  
-0.3849613781  
-0.08607886582  
-0.1561963947  
0.8258461471  
-0.3122444222  
-0.0122414616  
-0.1379363043  
-1.116244314  
-0.7456543047  
-0.35439157  
-0.2500546113  
-0.5925313255  
-0.103919272  
0.158344749  
-0.3899522639  
-0.4746825549  
0.1822731275  
-0.5013799344  
-0.4854837473  
0.1148584303  
0.4092510055  
-0.297809412  
-0.4991967112  
0.09300186391  
-0.5455776415  
-0.156886008  
-0.6838702215  
0.4365321044  
0.7732745329  
-0.2098995354  
0.4599424426  
-0.2193387351  
-0.1921382387  
0.05776460784  
0.560348505  
0.8606939611  
0.2983404549  
-0.09742784625  
-0.8195239278  
-0.09826275795  
0.7061916657  
-0.5008048583  
-0.145214052  
-0.7602161789  
0.05267718164  
0.5371513043  
-0.01639097669  
0.0888327137  
0.501643382  
-0.3695592135  
0.06382164854  
-0.348740511  
-0.7275800587  
-1.145293937  
-0.6111148053  
-0.4310812759  
-1.08366779  
-0.9739813332  
-0.168818667  
-0.200044892  
-0.1787167861  
-0.6338263388  
-0.4601035697  
-0.8622367429  
-0.4367026375  
0.1165975012  
0.2137051052  
-0.8962310248  
-0.8181654903  
-0.447209472  
0.1961541867  
-0.6719941082  
-0.2766725832  
0.9273036257  
-0.3645148473  
0.9639467494  
1.301180553  
1.690594321  
1.278619688  
-0.1535802695  
1.147509359  
1.125855327  
1.595231892  
1.252576754  
0.7752336954  
1.727812333  
1.268740478  
0.8857669607  
1.873081594  
-2.982767772  
1.249484178  
-1.012992653  
1.363410194  
1.746613469  
-2.269903453  
-0.6933142694  
-0.1675280868  
0.001757856658  
0.01746727823  
0.1794711543  
0.4439791255  
2.39841983  
-0.9295543726  
1.481315049  
-0.8996963575  
2.105929991  
1.288581159  
-1.240063938  
-0.4354271562  
0.3834541896  
-0.9718475527  
1.451712976  
1.457345358  
-1.612389876  
-0.1591909202  
-0.1296792536  
0.2772683744  
0.2637944842  
0.08882878809  
-0.322316637  
-0.8929305269  
-0.3248456  
-0.3905179664  
-1.224887214  
-0.4739710462  
0.6063935928  
0.6668309906  
-0.1924504843  
0.03784626171  
-0.2908846954  
-0.5738042424  
-0.67044517  
-0.6416129364  
-0.4832294664  
-0.503986892  
0.04326951014  
-1.078101093  
-0.8329525852  
-0.2483588582  
-0.01704285017  
-0.5127206833  
-0.2665220922  
-0.5159151546  
-0.5464800689  
-0.4731307232  
-0.2753281071  
0.153005657  
0.01154154993  
-0.3297963474  
0.4243677724  
0.2046436452  
-0.173750188  
-0.6535154588  
0.8855557833  
0.07314780296  
-0.140853292  
-0.4827306467  
0.4374326202  
1.097211185  
1.177706289  
0.2268051435  
-0.3544383785  
0.008271435725  
0.08903220936  
-0.3139326746  
0.08178918745  
-0.04188037999  
-0.05571121615  
-0.544392212  
-0.6502582457  
-0.3428880283  
0.3158806095  
0.5913950291  
0.2877106179  
-0.1917930877  
0.03177607798  
0.0912098041  
0.8311078901  
-0.2135894806  
0.8168646556  
0.2016367791  
0.2375025021  
-0.3326021829  
0.3408627925  
-0.1677021182  
0.199419456  
0.02848224853  
-0.4315540274  
-0.6526756975  
-0.4602415464  
0.02871764886  
0.03408880215  
0.07212728438  
-0.2124874224  
-0.6882779276  
-0.7045933779  
-1.049090135  
0.2486373447  
0.2012318447  
-0.518111699  
-0.2744815698  
-0.1996615991  
-0.2044028856  
-0.0674144725  
-0.02649296411  
-0.318265046  
-0.130584103  
0.4343621524  
-0.173749018  
-0.1669656438  
0.02570395106  
-0.580021531  
-0.5332677481  
-0.47209075  
0.1780552794  
0.3975498902  
0.5256008403  
-0.09671538332  
0.2231304064  
0.003711431051  
0.2001024674  
0.9332710876  
0.6982514072  
0.01217746476  
1.167630472  
0.1478198739  
-0.3504926592  
0.7837881196  
0.5374328815  
0.364484821  
0.9168394183  
0.6209157942  
0.4076550704  
0.7893071991  
-0.2107566978  
-0.6236606099  
-0.8218609421  
-0.840219412  
-1.104545184  
-0.2889157218  
0.2569931704  
-0.3375396395  
0.5210146489  
-0.1394457347  
0.6219358876  
0.5526322321  
-0.05959366889  
-0.2165730016  
-0.3541466684  
-0.2582834453  
0.1300080148  
-0.1464079741  
-0.8993605449  
-0.7757825939  
0.1780154594  
-0.4620610705  
-0.05145239955  
-0.003845833517  
-0.07645432514  
0.6959263409  
0.03690697929  
0.1132167457  
-0.08657777597  
0.0512892714  
-0.2201813011  
-0.555408169  
-0.2812544474  
0.6965765926  
0.4266130519  
0.363131595  
0.4316571357  
-0.005842000065  
-0.1840022696  
-0.5824257018  
-0.08128953924  
0.06440683714  
0.151428543  
0.3139780507  
1.047022269  
1.876036399  
0.1353682294  
0.1467230987  
-0.2957685089  
0.6939505303  
-0.639976578  
-0.5701878286  
0.8542895895  
1.066168592  
0.08518792275  
0.262702015  
-0.008455909385  
0.3541098628  
-0.2301373955  
0.09504724115  
-0.3661719374  
-0.2684057761  
-0.07927655492  
-0.1263316408  
-0.2795308184  
-0.2955048702  
0.1962558915  
0.5844072069  
0.8217966644  
0.1906124462  
0.7251748248  
1.065350099  
0.6617194882  
0.6328623665  
0.8864998847  
0.1081684788  
-0.5739538101  
-0.2147758274  
0.6616389896  
-0.161238008  
-0.5377361068  
-0.0703695142  
-0.3097459695  
0.371842104  
0.5341801119  
0.6472356767  
0.5548292012  
0.02305325861  
-0.3868860836  
0.03342494441  
-1.093581638  
-0.3501267538  
-0.7146854552  
-1.428433722  
-1.626934511  
-1.107206028  
-0.6845944028  
-1.05972367  
-0.5490878606  
-0.2702826321  
0.4523828325  
0.01995399777  
0.4827417216  
0.3336473403  
0.4773922207  
0.3723227659  
-0.149448035  
-0.7537060072  
-0.08067883181  
0.2579547783  
0.09246409316  
-0.471270838  
-0.08115176022  
0.6976797407  
0.2096966043  
1.033230048  
-0.1707769779  
-0.6731016992  
-0.6645654995  
-0.9023345923  
-0.03620155487  
0.3791850816  
0.2529155087  
-0.09332030479  
-0.1943625132  
-0.4396011027  
-0.4882680617  
-0.7804309972  
-0.5716927038  
-0.6767125367  
0.1081826696  
0.596385116  
0.4223554023  
0.204607004  
0.6191962768  
0.2823931788  
0.1604179044  
-0.2687731517  
-0.2536111857  
-0.6877770704  
-0.8296157981  
0.5115945486  
0.05315534853  
0.01202894077  
-0.4326526238  
0.05758295211  
-0.1085360585  
0.1310778999  
-0.07702869448  
0.3267172613  
0.5479878181  
-0.04681109928  
0.5872018802  
0.01853028363  
0.8119553304  
0.07969896922  
0.4928214859  
0.07368474704  
-1.152065788  
-0.8946920715  
-0.4474530698  
0.5848725282  
-0.07656773778  
-0.9230269895  
-0.1216257919  
-0.7194467147  
-0.7012428789  
-0.5857661345  
-0.890036024  
-0.4999643892  
-0.02675152493  
-0.2114388181  
0.2478691773  
0.4893410903  
0.597238842  
0.8086522745  
0.9340009344  
1.385586229  
0.3200143813  
0.4179775942  
0.6703528506  
1.077325138  
0.7157994042  
-0.4202935032  
0.2063307184  
-0.09030840179  
0.06387840259  
-0.3972928678  
-0.9616270397  
-0.1346918066  
0.1087149762  
0.387680635  
-0.6558913252  
-0.05230329704  
-0.5248609877  
0.1310625651  
0.470538154  
0.7630321073  
-0.2714105073  
0.3421249521  
0.2265466612  
-0.9761914756  
-0.4020099525  
0.4140773089  
0.4738518769  
-1.152814515  
-1.345003063  
-0.4629755357  
0.05664779906  
0.3549551144  
-0.03854278768  
-0.09482041364  
-0.4026218928  
0.2585070355  
0.5513571618  
0.7920251097  
1.897312567  
1.560167747  
1.300571977  
0.9528017033  
0.2990958115  
-0.08907058939  
-0.03833245883  
-0.4488401722  
-0.07846889322  
0.1965472346  
-0.3763337575  
0.2472095598  
-0.1270136498  
-0.4303810163  
0.3338784857  
-0.5158287873  
0.2133138866  
-0.7472686035  
-0.9525563737  
-0.503605815  
-0.9732927453  
-0.3776480234  
0.1511040557  
0.05440253897  
-0.1440979287  
-0.305287986  
-0.5411733834  
-0.0006979923335  
-0.6454201342  
-0.1810486957  
0.6235906993  
0.7028180486  
0.9491965432  
0.3201688299  
-0.01107190089  
0.3143511974  
0.6063891437  
-0.4216544915  
0.3258286706  
-0.349947285  
0.2424350654  
0.7337231612  
0.9872831765  
0.2814952332  
0.4192001249  
0.2671769  
-1.091610396  
-0.6782050206  
-0.6525175085  
-0.1870670272  
0.1025591963  
0.5756068073  
0.5689145094  
0.7993538316  
-0.9128617937  
-0.2046390246  
-0.7633998227  
0.3911383575  
0.5974099909  
0.8801917852  
0.8271873024  
1.183910513  
0.5107283387  
0.00269866231  
-0.582475809  
-0.7622140529  
-0.580777502  
-0.7238904198  
-0.7038359861  
-0.8387924885  
-0.5993104707  
-0.8404302004  
-0.4395131348  
-0.04507197381  
0.8475503467  
0.1770674322  
0.5756263931  
0.252794239  
0.04451681229  
0.2318224328  
0.8667180961  
0.4579849504  
0.3559779941  
-0.7677644276  
-0.06114307583  
-0.7020983408  
-0.01694438299  
0.4165136239  
-0.1873388476  
0.472265208  
0.5189270984  
1.307190235  
0.9101103585  
1.076122241  
1.278409041  
1.316772554  
0.7881763513  
0.5439467027  
0.6344323626  
1.018674524  
-0.2088838452  
0.3545742417  
-0.9459872396  
-3.308935635  
-4.034874252  
-2.029423103  
-2.009116106  
-3.131756292  
-0.3694367567  
0.04430204546  
-0.5150922357  
-0.4733753547  
-0.05427838759  
-0.7000408544  
0.6926907407  
0.4147422722  
-0.1759155451  
-0.7482796231  
-0.3732909144  
-0.7430607793  
-0.2305213678  
-0.4178922711  
0.06473069961  
0.01475736657  
0.8319279434  
1.343128038  
1.249477539  
0.8172219498  
1.766184168  
1.062349935  
1.37693521  
1.378522428  
0.4588007727  
0.1874965716  
0.6765914123  
0.510363539  
0.6640283535  
0.5748646887  
1.07904518  
-0.1371243012  
-0.2233083684  
-0.3041009919  
-0.9830974441  
-0.4631417981  
-0.05411876609  
0.07015193694  
1.088905572  
0.2816719  
0.9731314397  
0.3594536255  
0.2139634152  
0.4902963429  
1.455976926  
0.2459519426  
-0.3692178463  
0.6546332639  
0.1698613489  
-0.223504305  
0.7755194795  
0.6308842472  
1.379284031  
0.3118072946  
-0.1580313616  
-1.40125557  
-0.4893460205  
-2.270630759  
-1.982945076  
-2.062449675  
-1.411347177  
-0.7231714966  
0.01730904661  
0.4803002525  
0.5722063481  
-0.09334370789  
-0.9481027296  
-0.5029218188  
-0.1523732124  
0.2388075352  
-0.5519412466  
-0.2098379659  
0.348542318  
-0.207319904  
-0.2644307366  
-0.5778108306  
-0.5483279323  
-0.1247987953  
0.3571571299  
-0.4761738349  
-0.234290922  
-0.2316073197  
0.1899624583  
-0.2085624458  
0.6591111676  
-0.05161779073  
0.4156952924  
0.9064042305  
0.497604903  
0.9222159325  
0.884885539  
1.125309213  
0.3387740075  
0.3874961475  
0.4690770698  
0.560502972  
1.097802908  
1.295782596  
1.141516651  
1.920030129  
0.9713759437  
0.8730646043  
-0.05595205808  
-0.04267955928  
-0.01164304044  
0.3651072715  
-0.1339549949  
-0.4990676464  
-0.3085898041  
-0.7021688589  
-0.7640655382  
-0.8995395508  
-0.7657044932  
-1.351400261  
-1.222906358  
-1.159061401  
-0.2978971475  
-1.047109948  
-0.4255851982  
-0.3863911451  
-0.5740305721  
-0.7716541102  
-0.3251037973  
-0.4191688443  
-0.5763901956  
-0.8675373297  
-1.184376968  
-0.6234143203  
0.5750554818  
0.6502312749  
-0.2740355457  
-0.3505985729  
-0.8857930241  
-0.7782290942  
-1.545930235  
-0.8192912451  
-0.7413183185  
-0.9615258912  
-1.361854194  
-1.138368781  
-0.06921009327  
0.4838024776  
0.05615456619  
-0.02633387228  
1.067378185  
1.456483422  
1.261881901  
1.855520475  
0.9029389552  
1.353784017  
1.53780953  
1.85313015  
0.6255054713  
0.6630259479  
0.6952671253  
-0.1878735781  
0.02036728298  
0.03627479994  
-0.6236947565  
-0.07033557823  
-0.2663606445  
0.1682514773  
0.2158439691  
0.7876404985  
0.8361105216  
1.445803487  
1.43882577  
0.9664558369  
0.1753374682  
0.2736613552  
0.1644322161  
0.5732858064  
0.1665300758  
-0.8451181352  
0.3658270534  
0.7538382265  
0.841034412  
1.367712254  
1.089667571  
0.6847096619  
0.4508972468  
-0.01640932796  
1.340289594  
1.290457003  
1.450655566  
1.808627651  
1.683839297  
1.133842944  
0.6299280405  
-1.467764911  
-2.574962683  
-1.207359718  
-0.9219596508  
-1.248358749  
-0.8794075505  
-1.461063167  
0.1359670547  
-2.06614344  
0.8342952135  
-0.7164804187  
-1.841611476  
-0.9043253632  
0.2473857945  
-0.7084162374  
0.05576296029  
0.7180734047  
0.6732263452  
-0.3465791473  
0.5795701224  
0.5491366368  
-0.2772531528  
0.05318357769  
-0.2610078826  
0.1949720793  
0.4269603389  
0.6520473941  
-0.367014142  
-0.5795272524  
0.2144871502  
-0.4300029712  
0.0522785711  
-0.9770845144  
-0.7518972791  
-0.05634819983  
-0.6429137612  
-0.4101854494  
0.2358745983  
-0.8116536213  
-1.472628513  
-0.8347427497  
-0.8550773361  
-0.8610860862  
0.1015530785  
0.09774101924  
0.2668122091  
0.5074291843  
0.7294191708  
0.187517054  
0.1173903014  
0.1349342575  
0.3542272352  
0.3986589871  
-0.3901383454  
0.2390092559  
0.157444811  
0.9202361856  
0.5195836117  
0.6716674191  
0.7828855629  
-0.7847411101  
-0.4357506978  
-0.3506796326  
0.2435553225  
-0.4900993232  
-0.8638032665  
-0.07306195979  
-0.5546165736  
0.4125194029  
0.05847305485  
-0.5218894058  
-0.1980587115  
-0.5648901691  
-0.3444717424  
-0.9362339497  
-0.1804324202  
0.2845600895  
0.9711762037  
0.9111727711  
0.3210929679  
0.2052763386  
0.09783957021  
0.7355788614  
-0.4856484044  
-0.7333680221  
-0.7947101332  
-0.8353825315  
-0.4523295678  
-0.1108927919  
0.1264998554  
0.002094898814  
0.3573411557  
-0.2948191445  
-0.1143992025  
1.963811128  
2.104188241  
1.234949204  
1.447937357  
0.8418942372  
0.3232869041  
-1.295538693  
-1.040254015  
1.191043929  
0.7574227281  
0.4398611318  
1.651647638  
0.4009929217  
0.8582732622  
-0.105769018  
1.107437734  
-1.884659896  
1.096866646  
-1.450808134  
-0.6047401837  
1.81246043  
-4.193399207  
2.336763258  
0.3458281633  
-0.6383771746  
3.912753675  
-0.9977495634  
-4.931563651  
-0.6472297252  
-1.703000376  
-2.796420701  
0.787213631  
-3.673639091  
2.889379911  
2.898345994  
1.657632383  
2.375168852  
1.955702419  
1.360910238  
1.402671368  
2.742307321  
2.419421078  
-1.201595359  
-4.679737558  
-1.617682161  
-2.268238391  
-0.5976064936  
-2.587428311  
-0.6076116963  
-0.8662227933  
-3.322726872  
-1.68088391  
-3.106605805  
-1.373208765  
-0.677661543  
-1.538784488  
-1.193542307  
-1.706042391  
-1.366592594  
0.1004641319  
-1.317659726  
-1.396443878  
-1.681528938  
0.557525444  
0.4743118649  
0.6687146877  
0.227579052  
1.455625345  
0.6544573424  
-2.156592943  
1.982639163  
0.8410167137  
0.285237613  
0.7635824211  
0.4726462911  
0.4275360273  
0.6126152432  
0.4173647473  
0.6247384526  
-0.6362534029  
0.05141485194  
-0.4472239284  
1.782569314  
-0.6588098933  
-0.09514267687  
0.7851626344  
1.013421677  
0.1634458345  
-0.8219010793  
0.7931088519  
-0.5735958349  
0.04886667903  
-0.03038059684  
1.050844232  
-0.001234301487  
0.2301104844  
0.6023510708  
-4.009666049  
2.440808994  
0.471173066  
0.372167756  
0.5981441325  
1.46257718  
0.6863101908  
0.615795362  
0.9252646528  
0.9168836474  
0.1365804393  
1.556115708  
1.290523946  
1.797839498  
1.037444404  
1.233507017  
1.155351601  
0.4109176332  
0.9892560816  
0.1583008089  
0.4588873421  
-0.263269974  
-0.8884940293  
-1.347625429  
-0.8097937394  
-1.363900639  
-1.603429643  
-0.8109591992  
0.5017437163  
-0.6412501661  
-0.2229896015  
-0.2187809909  
-0.4409849791  
0.1213024076  
-0.06864088576  
0.1723076822  
-0.1621845956  
0.0803667812  
-0.5043187483  
0.03373387643  
0.2470680868  
0.2368659433  
-0.01842770647  
-0.3686267114  
-0.5507744819  
-0.7328262012  
-0.3269871651  
0.4233272567  
0.04401283886  
0.3646131811  
-0.5507387107  
0.1710001807  
0.5465586213  
0.4738573127  
0.698600948  
0.9973474304  
-0.0957415214  
-0.6704753022  
-0.8140853188  
-1.496183533  
-0.3658070084  
0.1287027959  
0.3300955673  
0.3255337564  
-0.2169193596  
0.3022678771  
0.5117578477  
0.626560527  
1.090923021  
0.1530544421  
0.5742223999  
0.1707000939  
0.5978104429  
1.393663144  
1.161924795  
0.4506820353  
0.1747876268  
0.3309414993  
-0.1627090123  
0.1740725045  
0.04958029985  
-0.9113279762  
-0.8318204127  
-0.2692924473  
-0.6685336626  
-1.659345742  
-0.2915091282  
-0.8350231229  
-0.2625888332  
-0.491836427  
-0.4921100297  
-0.05047497287  
-0.5431991455  
-1.079877947  
0.170921236  
-0.2729500046  
-0.07293279595  
0.2750454007  
0.8747423253  
0.3065813548  
-0.1909038273  
1.008972179  
0.8573165706  
-0.4640668111  
-0.3177161276  
1.256530427  
0.9535331687  
1.014874188  
1.009358263  
0.9027309846  
0.1398720172  
-0.1526353107  
1.013484015  
0.1608085378  
0.3324154206  
0.4682192729  
1.139512096  
0.8988440342  
0.7851469086  
0.75263463  
1.068784883  
0.5708846482  
-2.92516246  
-1.111873762  
-0.533272536  
-0.7580049701  
-0.1954395247  
0.9038340372  
0.5959312841  
-0.5874930523  
-0.08727067479  
-0.0506924248  
-0.1481469037  
-0.4901012343  
0.492738495  
0.4167248961  
0.7117395096  
-0.009483079691  
0.4385626865  
0.2997750035  
-0.08324535242  
0.06313153781  
0.1720615221  
0.521730331  
0.917702512  
1.276832657  
-1.331120759  
-0.242041881  
-0.1182791181  
-1.859537214  
1.72131343  
1.779691969  
1.606548635  
3.442432644  
1.094621205  
2.458943475  
2.622099058  
0.3025404498  
2.559553272  
0.6927449235  
-1.803942899  
-3.571684911  
-5.920115424  
-3.262012141  
-5.345040123  
-5.159371974  
-4.576044469  
0.6959841307  
-1.583372538  
-2.525476882  
-3.78269421  
-3.288629695  
1.679124623  
2.771573197  
1.123424623  
2.616229107  
-0.03412509893  
2.245958526  
1.622650516  
1.260739048  
2.319736274  
2.299356427  
2.189449892  
1.968632786  
1.66568596  
2.019940928  
2.130201216  
1.571920415  
-5.985555231  
-3.292642205  
-3.869043313  
-0.9159562157  
0.1447203353  
-2.291549233  
0.07396741383  
-2.232278461  
-3.413733912  
0.05254978025  
-1.189184114  
1.142378281  
0.8712779663  
0.7486552525  
0.9117317351  
0.2530278547  
1.001124651  
1.286648153  
-0.1530097128  
0.6491893999  
0.8763083398  
0.3345385256  
-1.1702004  
0.8439221731  
0.5403430827  
0.1574631069  
-0.6038714631  
-0.2328536546  
-0.6882908061  
0.05148445856  
-0.4865575364  
-0.05403297718  
0.3207154115  
0.7793279556  
-0.01683567452  
-0.1091376153  
0.4425395176  
-0.09770689797  
0.1513300735  
-0.1807560611  
1.15869314  
-0.5085829159  
-0.07324830011  
0.8425059392  
-0.4939681632  
-0.5648239217  
0.6445341825  
-0.993486395  
0.199501679  
0.262372411  
-0.2081825242  
0.2335509191  
-0.3210140842  
0.4585232277  
-0.2758260001  
0.07616566513  
-0.5770565019  
0.08884749947  
0.4424929633  
-0.1037163126  
-0.1983024665  
-0.2992996656  
-0.3988975345  
-0.1301907891  
-0.6808443051  
-0.8531351837  
0.2350859001  
-0.4131528734  
-0.2897577713  
-0.1222956283  
-0.8100257614  
0.005915359528  
-1.017484019  
0.4562975405  
0.09898386412  
0.2342915971  
-0.3463652238  
-0.02974302901  
0.001253021954  
-0.02341374798  
-0.4481948823  
0.4585710393  
0.1402203586  
0.01362745295  
0.9029326218  
0.2339794019  
-0.508441015  
-0.1898734366  
0.1774829396  
-0.4223744349  
0.2268039599  
-0.6602211968  
0.1807276354  
-0.3021703677  
-0.2984392881  
-1.16776955  
-0.425387418  
-0.6649855132  
-0.7204071683  
-1.457462318  
-1.094995314  
-1.52806085  
-0.9414032012  
-0.1762997121  
-0.09518616645  
0.5045517257  
-0.6477055774  
0.4129605762  
0.2125859903  
0.457221626  
0.3430269561  
1.008767959  
0.7995553291  
0.3822048098  
1.221611795  
1.060354796  
0.05825326303  
1.052398082  
0.4765469845  
0.2752946167  
0.08960739516  
0.9695223059  
0.8219258495  
0.4940030777  
0.3248878411  
-0.04159024054  
0.461545525  
0.3468283694  
0.3361013497  
0.6591330907  
0.130262905  
0.4519276079  
0.1523082617  
0.3827134765  
-0.7017319806  
-0.7369666376  
-0.5089348178  
-0.2666085723  
-0.5193498816  
-0.5321397328  
-0.8058680786  
-1.114368052  
