-0.7546204714  
-0.2167119607  
0.1200907798  
0.9998511684  
0.4379623629  
0.836651151  
0.7788525508  
-1.180548747  
-1.571496246  
0.4105626017  
1.121085473  
1.125086089  
-0.3904669199  
1.280064705  
-0.3712552536  
-0.2201617826  
-0.4236987764  
0.07130435194  
-0.2272223699  
0.1734389316  
-0.5033101403  
1.942381957  
0.5982369944  
-0.1290702226  
-1.797718589  
-1.887630647  
-0.975981172  
-1.550142735  
0.1296584247  
-1.070032326  
-0.3673435371  
-0.3782344921  
0.06758956217  
0.3908272643  
-1.056168352  
-0.5656558481  
-0.2630059301  
-0.440125767  
-0.8465810683  
-0.9384397943  
-0.8435979633  
-0.6085698995  
-0.3689093512  
-0.08577332485  
-0.1469682764  
0.915982166  
0.9408161431  
0.2615479663  
-0.8693438353  
1.329695595  
1.330364178  
-0.2896256507  
-0.5387217892  
0.5534583429  
0.4348879939  
-1.118584231  
0.8665503443  
-0.04904435357  
0.434790431  
-0.3658797207  
-1.596800598  
-0.185817514  
-0.5275398248  
0.825457419  
1.160972757  
1.164629175  
0.2858398676  
-0.3590422491  
0.6916605576  
1.151805392  
1.397141964  
0.007095135706  
-0.5276978007  
-0.08208906889  
-0.4545156105  
-0.5347437446  
0.4335714856  
0.004406043619  
0.5719120891  
0.09535445608  
-0.832785039  
-0.730585907  
-0.335684648  
-0.8575406143  
-0.7512332674  
1.716025729  
2.135463375  
1.066074591  
2.14229642  
0.6896018704  
0.0281688788  
0.2427796995  
-0.2690111335  
-0.1132543069  
-0.5341374676  
-0.4485866678  
0.290165965  
-0.50477928  
0.09472439503  
-0.1872447591  
-0.04030194488  
-0.2474698634  
0.1429600347  
0.218689977  
-0.03430561665  
-0.2299758436  
-0.7652855104  
-0.2802674865  
-0.4246748832  
-0.402238947  
-0.1912878698  
0.468044369  
-0.07354871922  
-0.8980071809  
-1.017622825  
0.6636123825  
1.336559153  
0.1238496726  
-0.09722431456  
-0.2527431699  
-0.7889797796  
0.5009201746  
-0.1091536291  
-0.7236866464  
0.07800201059  
0.1392833532  
0.3651238869  
0.3934128624  
0.346716382  
0.4894381439  
-1.080123889  
-1.70411184  
-1.43884805  
-0.3089061717  
-1.008246022  
-0.09614450655  
-0.5294583555  
-0.4990773047  
-0.4048335075  
-0.1480844479  
-0.2681598574  
-1.347821704  
-0.3683378182  
-0.4795554174  
-1.616405919  
-1.230125424  
-0.7510744376  
0.03162505251  
-0.9552114548  
-0.09334244278  
-1.30647371  
0.7894203546  
1.175740939  
0.6349491534  
0.09849806919  
-0.7604496703  
0.7498891356  
-0.4974668057  
0.2427088925  
0.3911781959  
0.3727310964  
0.09083900112  
-0.5254675546  
-1.09884571  
-0.9620244219  
-0.6423463671  
-1.159349714  
-2.083825193  
-2.199794991  
-1.891513807  
-1.53775568  
-0.8415258793  
0.9443057256  
1.351538531  
0.8560949791  
0.8468813884  
2.032334955  
0.9619198534  
0.9646660718  
0.5072985048  
0.509679016  
0.1539958382  
0.3376248475  
0.3435892955  
0.8453984973  
0.3285074414  
0.6452462592  
0.4859711599  
0.5322482349  
0.7140953585  
2.252518366  
0.2177286084  
0.7157130523  
0.1283557652  
0.7016045276  
0.09863043291  
0.5602452153  
-0.3988398526  
1.242801625  
1.176587262  
0.4289719964  
-0.911102978  
0.9189898104  
0.511743586  
0.1536484603  
0.7292222023  
-0.02060777789  
-0.05342837207  
0.7267373047  
0.4713703193  
0.1779825727  
0.8410388116  
0.7841883989  
1.107963556  
0.63136019  
0.8743756965  
0.7639691553  
0.542117232  
0.1005366989  
-0.4627003585  
1.132681566  
-1.15792836  
1.180227584  
0.6242886589  
1.288752681  
1.313452833  
-0.06779476293  
0.8555387084  
-0.6705929569  
-0.01329534085  
2.265713216  
0.06830128764  
0.9967700058  
1.042090418  
1.370827222  
-0.1921072559  
-0.7056151491  
-0.8388453531  
0.7218044274  
2.13632486  
1.616996915  
-1.101702635  
-1.946147837  
-3.291163967  
-3.147737884  
-2.201499851  
-1.7538884  
-2.39436832  
-2.522955659  
-4.064257901  
-1.833941414  
-2.108616519  
-3.717518281  
-0.9160308266  
-0.7665155041  
-0.6636161033  
-1.012799758  
-1.996722283  
-1.118825674  
-2.146834398  
-2.632478949  
-3.095178093  
-2.868549852  
-2.376827378  
0.7411837131  
1.735066719  
1.719623593  
0.416591309  
-0.7680956917  
1.500685357  
0.8943130711  
-0.3132484511  
-1.780232414  
-1.413652918  
-0.2186714395  
0.1231861893  
0.2721915186  
0.7803597274  
0.6262045843  
-0.2571075041  
-3.214448286  
-0.95521809  
-3.215939173  
-0.6276230935  
1.61379988  
1.856403238  
0.6172577137  
0.3975506332  
1.914521766  
1.580466208  
1.951736681  
0.7099481823  
-0.2586056626  
1.440468961  
0.7143761069  
0.3794992653  
1.455950965  
1.094475626  
0.6489152458  
1.189073906  
1.231330688  
0.0833788112  
1.072045756  
1.029296212  
0.6404732172  
0.7589192996  
1.017359136  
0.4397870869  
-0.1692517589  
0.3623455589  
0.2836016642  
0.6803413669  
0.9656923643  
0.6923609247  
0.7357726092  
0.3019699125  
0.2285340801  
-0.1270961931  
0.001151007069  
-0.0218078139  
0.2520073672  
-0.1017608549  
-0.1597396039  
0.1280123551  
0.1106985602  
0.7679744216  
0.3826107347  
0.2107441492  
-0.04666480468  
0.2484804708  
0.2040520993  
0.4585567497  
0.2720240758  
0.427269069  
0.5366382509  
0.371625039  
0.6401678961  
0.3953789071  
-0.3444826194  
0.03505118273  
-0.7467485476  
-0.3876883311  
-0.07818160275  
0.408400183  
-0.4337487903  
-0.341817579  
-0.2269154117  
-0.8373771148  
-0.7405965367  
-0.6167901178  
-0.1051961967  
-0.1558943616  
0.1668990685  
-0.2985140825  
0.1154274627  
0.03522293123  
0.09182410132  
-0.3868139886  
-0.2125260094  
-0.06136509689  
0.08048807705  
0.2684509395  
0.1972329678  
0.1728781752  
0.4263317255  
0.8437153491  
0.1909841507  
0.473437972  
0.3924590022  
-0.1400442581  
-0.1193658267  
-0.1923425855  
-0.0581642726  
-0.01575532595  
0.0367690517  
0.022179682  
-0.03623649986  
0.1105427384  
-0.4843309968  
0.08403857348  
-0.1764243882  
-0.3163773978  
0.2327318843  
-0.4631108358  
-0.6071737756  
-0.03269456831  
-0.2538115254  
-0.1429043892  
-0.04564924048  
0.09875599774  
-0.04467742934  
0.06985772143  
0.1372706648  
0.07498745322  
0.2223794083  
0.03647101381  
-0.02671810315  
0.3232179611  
0.233701048  
-0.1518456193  
0.1599227058  
-0.1988268552  
-0.1623543189  
-0.2318596292  
-0.2773399275  
-0.4560962345  
0.2265251617  
0.5646151646  
0.07888146912  
-0.1015961666  
0.5138763657  
0.2457446918  
0.1059473734  
-0.6849329347  
0.2025626526  
0.08875523256  
0.3927641177  
0.3516971154  
0.1158740591  
0.3825138269  
0.02360141509  
0.01059544167  
0.228034799  
-0.3439184079  
-0.6891522286  
0.5948860329  
0.4495882198  
-0.5824450923  
-0.5967556942  
-0.05445573294  
-0.3188376607  
-0.5676348394  
0.1349204883  
-0.05819829261  
0.7629191498  
0.02579518454  
-0.3673202588  
0.3876829244  
0.4747696833  
-0.1751531943  
0.6220803551  
0.1533930587  
1.547440746  
0.5645403222  
0.6777033907  
0.420855244  
-0.5164175445  
0.06538558175  
-0.769474051  
-0.5704996939  
-0.4937271512  
-0.3862445083  
-0.399365476  
-0.1264055159  
-0.3881857054  
-0.07470297286  
-0.4280234835  
0.1326581697  
-0.03397376529  
0.04428509701  
0.0949737214  
-0.04074738331  
-0.08682030066  
-0.02632301148  
-0.3733487493  
0.7850469675  
-0.4522767695  
0.287202256  
0.671928588  
0.02217777191  
0.4634893803  
-0.1700347427  
0.02486371139  
-0.5765098332  
-0.2168857639  
0.67910596  
0.5850320146  
0.2846377176  
0.1364648555  
0.5281163922  
0.2724865283  
0.1790996267  
0.5525555117  
0.4759308339  
0.523824752  
0.5738359057  
-0.03508220558  
-0.1148026808  
0.1064901287  
0.3599456981  
-0.04092898594  
-0.3694128449  
-0.8491365367  
-0.3153058403  
-0.1894180285  
0.3199706299  
0.1387680358  
-0.2038828952  
-0.4749985129  
-2.349527355  
-0.35875171  
0.1694761644  
0.4271941595  
0.303199065  
-1.669676701  
-0.8160695667  
-0.1259035274  
-0.5896407461  
0.2684430226  
-0.1890533583  
0.06613913813  
-0.6756399293  
-0.8406619111  
0.3961692039  
-0.0622209103  
-0.8257162147  
0.002118850547  
0.1160434377  
0.2472026873  
-0.0910442868  
0.2155544313  
-0.02280839875  
0.5131773865  
-0.06219681548  
-0.4650389089  
0.6114186818  
0.361330272  
0.2521979862  
0.3551070128  
0.1808150875  
-0.07721615995  
0.1502395641  
-0.003010715671  
0.06106494367  
0.3879570059  
0.0704035196  
0.7032169079  
-0.3975643466  
-0.2126288974  
0.03250289045  
0.5618694527  
0.5377384583  
-0.0734963813  
0.04561437615  
0.07746743593  
0.01805179274  
-0.2399482612  
0.3111215618  
-0.1121066558  
-0.5020860562  
0.1446209879  
-0.07178607204  
0.09966260937  
-0.3391759935  
-0.1390423995  
-0.2850332625  
-0.1682117674  
-0.4740349072  
-0.2224115186  
0.04788500925  
-0.05165327374  
-0.9464710409  
-0.2704523609  
-0.6364862157  
-0.8217989921  
-0.4573190014  
-0.3158002702  
-0.2510708643  
0.2236162496  
-0.177786706  
0.001047520801  
0.08973555975  
-0.1139187692  
0.07467023986  
0.06753585521  
0.33990251  
0.1021141697  
0.2447359079  
0.3350557804  
0.6064091576  
0.7668587996  
-0.3684328449  
-0.03732091285  
0.02245654543  
0.1452194528  
0.1358182471  
-0.2916188984  
-0.02213105077  
0.6125609482  
0.7604371992  
0.3343700794  
0.2991522438  
0.1788238272  
-0.1189439828  
0.3147715515  
0.2784201319  
0.4978764924  
-0.4845373561  
0.4271306913  
0.6370083817  
0.2656467569  
0.5334064467  
-0.6441907288  
0.3758207774  
-0.109071233  
0.1339128359  
0.625487129  
0.0614065349  
0.4730647536  
0.04820634594  
0.1675041435  
-0.6707663701  
0.07157123608  
0.09140648915  
-1.437121687  
-0.8458781648  
-0.8796872014  
-0.3176082225  
-0.3138481308  
-0.4525191389  
-0.7975795288  
-0.7836660661  
-0.7452613966  
-0.1457162727  
-0.6370463155  
-1.593530545  
-0.3307376617  
0.07574908477  
0.4482113784  
0.3437371566  
0.4114377751  
-0.1419336925  
0.6519020052  
0.7147973582  
-2.244941215  
0.173288689  
-0.6353092484  
-0.9143315591  
0.3666495448  
0.1210725106  
-2.020108184  
-0.08876243658  
0.1817796628  
0.1705442286  
0.07770896589  
0.7101195838  
0.6132754974  
-0.3654869293  
0.7274519537  
-0.08495590853  
0.1847647934  
-0.1656488345  
0.1215867972  
0.5932142939  
0.6554389011  
0.5975191999  
0.7248591998  
0.9874403459  
0.07392561146  
0.3621078779  
0.7398778142  
0.06607282759  
-0.0192490115  
-1.146332981  
-0.8919577809  
-0.6997396595  
0.5123161698  
-0.1156992859  
-0.4397999013  
0.4134285675  
-0.0188740025  
-0.3838878964  
-0.3736226447  
0.1062587849  
-0.1940690556  
0.1152872027  
-0.1502679168  
0.382653  
0.1878754286  
0.5716571195  
0.1509259181  
-0.009931331885  
0.1909747081  
0.1387459017  
0.6361754574  
-0.284816043  
0.7450355443  
-0.09011865938  
0.1874805523  
0.3429409164  
0.583189967  
0.2883252861  
0.3018263237  
-0.298709871  
0.4102806881  
0.1400608135  
-0.2430388355  
-0.565114531  
-0.1202699312  
0.7845574012  
0.1580985326  
-0.02785969293  
-0.6587307576  
-0.1199231471  
-0.0009501411628  
0.05920815935  
-0.1142464695  
0.04588834085  
0.2310357519  
0.4898326661  
-0.9881697005  
-0.1651755158  
-0.382163417  
-0.4059791761  
0.2115631377  
0.3053044495  
0.3935450675  
-0.1356242526  
-0.379659342  
0.4638958748  
0.4307911512  
0.7769141714  
0.2211739241  
0.5563091877  
-0.3820871131  
0.07681218968  
0.2654521145  
0.520243169  
0.3012079326  
0.3869409711  
0.603138463  
0.6435192228  
0.113789856  
0.9128006432  
0.6693937048  
0.145694254  
0.6830973451  
-0.747636989  
-0.6473095895  
-0.9092617243  
0.2668663361  
0.7109023353  
-0.09586090128  
0.05731509889  
-0.6611964535  
-0.1059115705  
-0.6270696451  
0.6313950287  
0.01570169827  
-0.2060384294  
0.2462961324  
-0.1809609226  
-1.816609413  
0.2368102859  
-0.938746366  
-0.8150753767  
0.8982295957  
0.5876846909  
-1.47712715  
-0.4028810107  
0.04659209977  
-0.7112054808  
-0.3626157787  
-0.6707235273  
-2.49641534  
0.2096932037  
-1.856621362  
-0.6044036964  
0.6052453743  
-2.590238763  
0.002135990447  
0.8414016568  
-0.5312777097  
-0.5723593474  
-0.5236186137  
-1.466180144  
1.510901776  
1.165538906  
1.850282005  
1.050463282  
0.9467292282  
1.252554226  
0.255111825  
0.7742623576  
1.219539419  
0.8369354021  
1.160067772  
0.9218903315  
1.61601608  
-1.343988849  
-0.7645806913  
0.7220618808  
0.5926333745  
0.9773050279  
1.301472687  
0.8233854071  
0.7483530754  
-0.1529932833  
-1.255549829  
-1.018558989  
-1.813478598  
-0.9680220761  
-1.171893195  
-0.05674080113  
-1.231870653  
-1.508685364  
-1.417455842  
-1.979719129  
-2.007639368  
-1.55981034  
-1.912983457  
-1.243917529  
-0.629223501  
0.240151493  
-0.5156763888  
0.2298033907  
-0.3773911909  
1.016772011  
1.347207446  
0.2048865843  
0.7512004923  
0.6126462545  
0.9662999256  
0.5439268278  
0.4655381138  
0.3926330948  
-0.4417681569  
0.4714147897  
0.7261955111  
0.7329024398  
0.9475312012  
1.035227169  
-0.5803861635  
-0.6603062402  
1.027896452  
1.015411481  
0.7581731817  
0.7647737082  
1.236466688  
0.6426140195  
0.1281282437  
0.4807895211  
0.1947336299  
0.5661122788  
-0.4408955966  
0.2884281008  
0.7931040939  
0.5614230373  
-0.007578522817  
0.6230221257  
-0.2130602954  
-0.9219358548  
0.840535728  
-0.7349585057  
-0.7323316945  
-0.2238907739  
-0.5644906657  
-1.242000864  
-1.945063565  
-1.748028077  
-0.2679203488  
-2.040928202  
-2.378427471  
-0.7666700092  
0.9228848765  
0.1589269955  
0.2433562007  
-0.05764792437  
0.4354525567  
-0.573444422  
0.117854869  
0.7165460614  
0.4783144681  
0.5289553951  
-0.3176310856  
0.01297809506  
0.2696194503  
0.2921212616  
0.1583461203  
0.3030682189  
0.04043882897  
0.4986191183  
0.8512092557  
0.6243077568  
0.2741905563  
0.6538520846  
0.6819143043  
-0.9092622835  
0.3097047242  
0.5565020743  
-0.09207496665  
0.08785505503  
0.8328204323  
-0.7021155293  
0.985666321  
1.127414358  
0.7014851701  
1.014070393  
0.6816599316  
0.2747142631  
0.8276582189  
0.4727740853  
1.471058753  
0.1822830403  
-1.372803853  
0.0615734866  
0.8493756845  
0.5115048467  
0.899634869  
-0.1910758358  
0.8074922919  
0.5090641781  
0.4958289769  
1.119460909  
0.9519009838  
1.131515238  
-0.002540123825  
0.8832718344  
-0.6064600593  
0.8419663139  
-0.04228212905  
-0.4156429777  
-0.00136249583  
-0.3224905537  
1.007899834  
0.3357923258  
-0.6756635089  
1.218110052  
1.033820317  
-0.7920785319  
2.140843609  
-1.916841712  
-2.244591407  
-2.044479283  
0.05087052067  
1.622662721  
1.329928201  
0.8303624107  
0.7166779851  
-1.121621209  
-0.6750960772  
-0.4226928632  
0.3074629313  
2.003446132  
0.06815835179  
0.03721901383  
-1.380577381  
2.13987157  
2.351970042  
-0.7799500565  
-3.304620631  
-1.560049328  
-2.06831742  
-3.758309216  
-4.207471452  
-3.886729775  
0.2785264659  
0.6582397088  
-0.7277910361  
-1.814749354  
-1.070917985  
-1.524025337  
-0.7642338954  
1.456929185  
1.666445729  
-0.03126070474  
-0.1031374342  
0.4034642244  
1.165277788  
-0.3223504092  
-1.531270496  
-0.3933540847  
1.640056105  
1.006039184  
0.515437666  
-0.0982813429  
-0.3839426715  
0.6804596155  
0.9519535702  
-0.2381097597  
0.3182860917  
0.9389110083  
-0.2674179241  
-1.57877259  
-1.660365167  
-2.441017636  
-1.358049006  
1.586175102  
1.203379006  
-0.07247219481  
-0.88164103  
0.1388675514  
1.131771376  
-0.02129715263  
-1.013111699  
-1.085657304  
0.8799977257  
1.153251826  
0.8900325632  
-1.289237883  
-2.889808834  
-1.048366446  
0.6785081112  
1.326826817  
0.8006289755  
1.240462791  
-1.274258622  
1.091196357  
0.8790294309  
-0.7899941311  
-2.798241758  
-3.000836379  
-1.482691893  
-0.8816455734  
0.7102230435  
0.8402097951  
0.5480011846  
-0.7100714707  
-3.004940957  
0.1865404654  
1.127419627  
0.6074862659  
0.8637143038  
0.7781036521  
0.04744493541  
1.319148333  
-2.041361129  
-1.661031353  
-2.676069611  
-0.844708922  
-1.024334766  
0.1360112779  
0.3928371628  
0.3082826112  
0.09184098859  
-2.159519391  
-0.09457599045  
0.5837190926  
0.1974973694  
-0.1113963522  
0.2467214228  
-1.417193548  
-1.560976074  
-1.41619746  
-1.264272374  
-2.048669447  
-2.383085281  
-2.509296222  
-1.456135477  
-0.5259646988  
2.020639073  
1.654038583  
-1.279313376  
0.9903675332  
2.056252405  
1.627529094  
1.645038268  
1.618500951  
1.50603303  
-0.3900874021  
1.996725012  
0.4022610588  
0.8483431752  
2.112095162  
-1.64127285  
-0.009142761577  
1.430237149  
1.11847675  
-1.03833655  
1.096232368  
1.367654347  
1.143042916  
0.8631970875  
0.8077681438  
-1.16020037  
-0.8848472805  
1.023729348  
0.1604518912  
-1.763759367  
1.308224314  
1.019889355  
-0.1972802168  
-0.5770445525  
0.9805881426  
-0.35898375  
-0.5760385479  
1.015338131  
0.6209502634  
0.05788952457  
0.2378491965  
0.2487734033  
-0.1166830807  
-0.1801385387  
0.3158845133  
0.09752223802  
0.4542349734  
0.2578052724  
0.858734512  
1.103322725  
1.014991347  
0.9041193853  
1.167339735  
1.06411709  
0.5499872485  
0.9734130314  
1.820736424  
1.296620906  
1.920603135  
2.138698996  
1.75350543  
1.194824907  
2.500741656  
1.243859625  
1.09862862  
2.24447214  
1.360854508  
1.384539179  
2.011762656  
0.7707024364  
-0.07937696253  
0.8441599987  
1.456462341  
-0.9686765623  
-3.221155985  
-3.487415583  
-1.181728331  
-0.9124380291  
-1.396695329  
-1.838067893  
-3.39738645  
-2.219496385  
-0.01485262871  
-0.2812462521  
-0.7806233968  
-0.9874232128  
-0.2822423175  
-0.3576573639  
0.2568242621  
0.01181812492  
-0.5476891222  
-3.859089464  
-0.005871812419  
0.4290283045  
-0.499177388  
-1.972924221  
-1.308813857  
-0.5485729398  
-0.2635708469  
-0.414650897  
-1.010193219  
-1.442830708  
0.1379881031  
-0.3745257731  
-2.127007875  
-2.568964691  
-1.180840053  
0.4543212973  
0.3553290164  
-0.1672135795  
-1.411414554  
-0.3343405904  
0.7577917111  
0.807615363  
0.8972123082  
-0.4840360757  
-1.945887772  
-1.275858961  
-1.544625376  
-1.516448934  
0.4116533358  
0.3109553902  
-0.2613614285  
0.1876461183  
0.9932405672  
1.683998228  
0.4760267477  
-1.16931386  
0.06688118205  
0.09565329949  
0.2296250616  
0.4991516861  
-1.139326492  
-0.5203699786  
-1.180182408  
-0.5616190497  
-0.5184986426  
-1.230085857  
-1.067095369  
-0.08182529013  
0.6069933691  
-0.01770911688  
0.4970027143  
0.5385507516  
0.3518215978  
-0.2174812754  
-2.562067159  
-3.020684659  
-2.538517623  
-1.371434102  
-0.5141504175  
-0.5059271491  
0.05780577662  
0.4800946217  
-1.074390511  
1.108594964  
1.082159183  
0.3911485201  
-1.04635583  
1.602503055  
1.260963876  
0.5272985319  
0.5758915667  
1.226901506  
-0.6307377284  
1.062752278  
2.221686222  
-0.7400947391  
0.06095658436  
1.415772038  
0.1308173185  
-0.5184235922  
0.7153499751  
1.836543787  
1.868146635  
1.549248998  
0.8273581495  
0.4227390666  
1.030606883  
1.643571858  
0.6234413792  
-0.2556678749  
0.5145534079  
1.391887164  
1.043109872  
1.18995238  
1.108664685  
1.58121765  
1.859450262  
1.357721547  
0.971294344  
1.342087777  
1.982477029  
1.253518277  
1.650163154  
1.596937374  
2.180717094  
1.437473517  
1.697018549  
1.529114293  
2.024282175  
2.345608634  
1.652531551  
1.109093432  
1.289700109  
1.004335121  
-0.4143956217  
-2.7311164  
-4.033409342  
-1.469420135  
-1.107354688  
-2.444346036  
-3.079820629  
-1.308434301  
-0.1208124927  
0.5191112976  
-0.04239099592  
-0.7746324256  
0.341027735  
0.7300554731  
-0.07823207434  
-0.8288824493  
-0.6906174387  
0.3876166568  
1.012872536  
0.8915950312  
1.376744699  
0.7806318244  
-0.4178269736  
