0.1602204161  
0.4941472476  
-0.2652948328  
-0.04964373158  
-0.6114743142  
0.1602221143  
-0.9633218847  
-0.3266591172  
1.661931444  
1.048622069  
-0.8682051999  
-0.5671608482  
0.03564826876  
-1.467585351  
0.6100976624  
-0.603341506  
-0.7876330914  
0.7895753632  
0.05125254694  
-0.9710384911  
-0.05519691235  
-0.8677861104  
-0.6802227662  
0.8643570232  
3.764643681  
0.5250929007  
0.0417401595  
0.4897085889  
0.8109141074  
-0.6198969325  
-0.2840116199  
-0.5372465481  
-0.5628159071  
-1.153935526  
1.184717185  
1.706063132  
1.167450719  
0.1768856759  
0.5072036711  
0.3335318501  
0.9628639285  
1.068183236  
0.2605276588  
0.3933549617  
-0.2230769131  
-1.239995609  
-0.5173056058  
0.4295717812  
0.8642211064  
-0.611642868  
-0.6882028677  
-0.4480195801  
-0.0005880192015  
-0.01186664557  
-0.2531128432  
-0.2323104363  
-0.0297602465  
-0.6202993835  
-0.3374918501  
-0.8280787932  
0.3198407066  
0.8830275114  
0.3013146966  
-0.7597727277  
-1.630737775  
-1.590814674  
-0.7462056981  
2.695645596  
0.5012081256  
-1.147546912  
-1.734444034  
0.1081136873  
0.6471622307  
0.2741890724  
0.2598076701  
0.3676604854  
-0.5293013371  
-0.8666519016  
0.001109270718  
-0.2038388898  
1.747575959  
1.972500795  
0.4795447308  
0.7415017151  
1.354736758  
-0.2867225221  
-1.397808973  
-2.472483748  
-2.276963527  
0.3976938237  
0.135474431  
0.353901057  
-0.04044299629  
-0.6153889607  
-0.03474104834  
0.3082616255  
1.051279124  
0.1957087009  
-1.157755386  
-1.050242103  
0.1516911349  
-0.8644679594  
-1.519117825  
0.3771286206  
-0.1694004983  
1.516431221  
0.7465490547  
-0.2012426423  
0.4774849154  
0.4586273654  
0.7106530743  
-1.316238949  
0.7425583507  
2.690648987  
1.989365899  
-0.9419575916  
-0.939407894  
-0.9787315942  
0.5876136879  
-0.342097045  
0.6042843043  
0.3336724061  
-0.6564178664  
-0.6265051727  
-0.3559919279  
-1.193439039  
-0.2749416843  
-1.43925496  
-0.2135276619  
0.05542438132  
0.3584589638  
2.898249385  
1.431098609  
-0.445612543  
0.126744098  
-0.387247728  
1.856559008  
0.9596054092  
0.681306385  
-0.3481457367  
0.7238460901  
0.5278051348  
-0.3094974824  
-0.04627197738  
0.468696604  
1.339332803  
1.004631197  
-0.01485195599  
0.8727179613  
-0.7354234095  
-0.1082758308  
-0.363734095  
-0.869127464  
-1.31199241  
0.235782037  
2.800572691  
0.246138588  
0.1618709255  
0.2812001958  
0.8773665686  
0.6388480621  
-0.3564935498  
-0.2270054379  
0.4080248965  
-0.375137553  
-0.7292549683  
-0.3837752911  
0.6832749792  
2.409099639  
1.485758532  
0.5793423219  
0.09188188654  
-1.328491018  
-1.649617406  
-0.8789122254  
-0.822989861  
-0.2923609416  
-0.1305646707  
-0.1470413949  
-0.3745274941  
-0.3333911128  
0.4653589186  
-0.3299040219  
-0.2238897227  
-0.4238983204  
0.5402533126  
-0.3298679209  
-0.3157360732  
-0.181176279  
-1.019331363  
-1.322542635  
0.6691287285  
0.5068460658  
0.1096466285  
-1.578467877  
0.5751715107  
0.0670682347  
-0.8743325089  
-0.04589047539  
-0.06505788417  
0.8082766022  
-0.3285784793  
-0.06058741271  
-1.640215545  
-0.85967457  
0.1268136566  
-0.7036300786  
0.515280281  
-0.472585574  
-0.8110199838  
-0.8377073066  
-1.219920523  
-0.05517699982  
-0.4010495087  
-0.03010494153  
-0.5397968289  
-0.07796099247  
-1.29436698  
0.9144895379  
0.07603856443  
-0.8126515752  
-0.9729619927  
-1.189816506  
-0.4093081958  
-0.6413305437  
-0.1165758828  
-0.4835201462  
-0.1726288044  
-0.2957272738  
-0.6039779036  
0.2717030597  
-0.1987279495  
-1.040980164  
-0.6598209877  
-0.5338417846  
-0.2901017395  
0.3982381117  
0.979072614  
-0.4642897322  
-1.696202689  
-0.2248433814  
0.1232979263  
1.058681909  
2.80307074  
1.154019809  
0.7951742856  
0.2157293961  
1.963903499  
1.740996695  
1.606296278  
0.2476529879  
0.2272075729  
2.624724878  
0.9612411141  
-0.9220849142  
-0.4445741533  
-1.314020181  
1.287642385  
0.06757786601  
-0.4710312667  
-0.2800094832  
0.6409151021  
-0.07961093139  
3.431606147  
-0.5184650843  
-0.8052529682  
-0.9559706719  
0.7618680547  
1.594590498  
-0.819236744  
-1.230256059  
0.06376320739  
2.297298737  
1.210767611  
0.5316045372  
0.6405270404  
-0.8059205822  
-1.281160533  
0.9277916385  
1.52647535  
4.690090797  
6.914645027  
4.855310745  
1.093919362  
-0.2768645494  
-1.057765589  
-0.7394182829  
0.2806130703  
-1.861703629  
-1.200274677  
-0.5054394229  
-0.3029244749  
-0.254130476  
-1.057917747  
-0.7264372116  
-0.3468395644  
-1.020294235  
-1.293652027  
-1.999283956  
-0.1086161104  
-0.9449249771  
-1.072987997  
-0.3308270225  
-0.5180479117  
-0.9143417049  
-1.085569787  
-0.4524141992  
-1.012743548  
-0.2413073633  
0.01708904771  
-0.769245025  
0.06586499797  
-0.7098312962  
-0.318278084  
-0.6782959528  
-0.4626428152  
-0.6339851854  
-0.3388579213  
-0.1388367163  
-0.2179735304  
-1.447441351  
-0.7503264698  
0.1737517296  
-0.610030778  
-0.4716099012  
-0.8804672865  
0.4699770812  
-0.1373378405  
1.235876187  
0.3219445542  
0.2506070633  
-0.1031193706  
-0.323310078  
-0.3102629068  
-0.05926488528  
-0.2965304584  
0.3733669612  
-0.2167569219  
0.9655580802  
0.2816280899  
-0.342416023  
0.1000827752  
-0.3678722992  
0.03686986725  
0.07379372703  
1.121653985  
-0.05981039532  
-0.3620107599  
0.5531574359  
0.2029256182  
0.1382255863  
-0.240167796  
-0.1106785125  
-0.5621524393  
-0.5897880317  
0.3739686554  
-0.03251688161  
-0.5266454936  
-0.2659135893  
-0.2594581211  
-0.07839605263  
-0.1350333307  
-0.05274984767  
0.3419241346  
0.6201976759  
-0.08313640864  
0.4789101359  
0.1652715407  
-0.2584008447  
-0.160034274  
0.007033395694  
0.3459916091  
0.2012520874  
-0.2116958204  
0.3239231273  
0.1863248157  
-0.2619523903  
0.4391619382  
0.1702036398  
0.2443982488  
0.2084620015  
-0.07003840607  
-0.395746261  
-0.4058474756  
-0.1457132617  
-0.2156989034  
-0.5055523229  
0.7715224881  
0.3329952262  
0.6745354539  
0.2112905288  
0.0005800145024  
0.6725269516  
0.1457081605  
-0.149203187  
0.4808865538  
0.8511443152  
-0.5549905621  
0.4089874996  
-0.3880466047  
0.2033038389  
0.6589674185  
0.003273729734  
0.5889768354  
-0.09129732172  
0.08975354867  
-0.8558121665  
0.6434608141  
0.1724956748  
0.3763270483  
0.921278389  
-0.1553394579  
-0.6359929114  
1.039412475  
0.05780203126  
-0.6286479999  
0.3151273341  
-0.9666540785  
-0.852483799  
0.3859065849  
-0.2709763497  
0.868894593  
-0.466673997  
-1.085021572  
-0.3960972188  
-0.5544081212  
-0.2405731102  
0.2547727404  
-0.211169787  
-0.440641351  
-0.4711134863  
-1.102993197  
0.5962480055  
0.2314169716  
0.5571393999  
-0.1441968854  
-0.6524445374  
-0.3290708498  
1.083344364  
-0.001961300637  
0.03000427531  
0.05071226509  
-1.677207258  
-0.786240522  
0.3210785001  
-0.5016066385  
0.4226763213  
0.3376586365  
0.448816493  
0.9610964527  
-0.2062118309  
-0.2890481585  
-0.3144979293  
0.75125002  
-0.1313376363  
0.5869085738  
0.5198492003  
-0.2152795711  
-0.6083503044  
-0.2436715558  
-0.7877259973  
-0.03167834505  
-0.7160161214  
0.259039247  
-0.4211786908  
0.3336784924  
0.39110145  
-0.3734245466  
-0.05461521745  
0.265231185  
-0.4680064006  
-0.1181852465  
0.5091673932  
-0.2921178788  
-0.3487841585  
-0.7229192497  
0.7018121983  
-0.3610499103  
0.08899930547  
-0.09521083953  
-0.322279538  
0.1814671538  
0.7907748017  
0.7555759376  
0.09170506043  
0.3879340236  
0.6800317525  
0.1863590506  
0.2805896791  
0.004602702359  
-0.08351242778  
0.3762372333  
0.4375635538  
-0.4516171475  
0.4901154573  
-1.496737834  
0.09276853464  
0.06593622228  
0.3579393827  
-0.7268643488  
-0.3766822973  
0.2782328619  
-0.7780987529  
-0.03934818441  
1.320925308  
1.256146047  
-0.3828380385  
1.063746361  
0.1447724212  
0.8515128265  
0.4444316443  
-0.06800823534  
-0.1055304376  
-0.386228306  
-0.2702155407  
-0.415624788  
0.3689068756  
0.01125165177  
0.4849354167  
0.448046744  
-0.1627497402  
-0.5554366358  
-0.3520273896  
-0.545667723  
-0.8002315295  
-0.4614437062  
-0.629440734  
-0.5711095248  
-0.2332911393  
0.01087380076  
-0.2347854539  
-0.8733666788  
-0.1954588704  
0.341086447  
0.3879086509  
0.4782266955  
-0.630631837  
0.2368084785  
-0.07913976454  
0.577062413  
0.2003744784  
-0.2400804662  
1.029322869  
-0.182811099  
-0.4311526111  
-0.3672714315  
0.03803622455  
0.5996554053  
-0.2875013074  
0.6182606718  
-0.08642041913  
-0.1313996277  
0.3222448916  
-0.01890770994  
-0.07176350172  
-0.542748672  
-0.08445093619  
-0.6776107617  
-0.4029812021  
-0.293690268  
0.07785641398  
0.09414614257  
-0.1594739313  
-0.08547535307  
-1.399870856  
-0.604500469  
-0.5302403474  
-0.7389124061  
0.07135819135  
-0.6022805176  
0.07524724123  
0.5955084539  
-0.4292903797  
-0.07075530893  
0.422951696  
0.3009970086  
0.7757836281  
0.749580297  
0.4159621087  
-0.7020440991  
-0.07212075083  
-0.4480534269  
0.4152032315  
-0.07477010907  
-0.160057683  
0.4978191463  
0.8250563398  
-0.1009029378  
0.3931854282  
-0.04942501881  
0.1398712511  
0.3739343032  
0.5519861654  
0.421713903  
0.4017957355  
0.5460473801  
0.680810798  
0.2152920381  
-0.5272516769  
0.1412115764  
0.3683222189  
0.1257302123  
0.9034572007  
-0.1740184092  
1.005525969  
0.1771589276  
1.219093912  
-0.1061487569  
-0.6125124001  
0.1249524617  
0.5571306218  
-0.2853927883  
-0.6754439073  
0.3503557449  
-0.6069187841  
-0.763561368  
0.06207626184  
-0.7387456392  
0.3272794996  
-0.4882429082  
-1.139255694  
-1.159104126  
-0.3282865501  
0.4524141602  
0.9315022413  
0.3196697548  
0.05685511893  
0.2157640886  
-1.169172846  
0.5695419095  
-0.07758316019  
0.2247016701  
0.1784261348  
-0.4886111031  
-0.08618656222  
-0.5259822898  
0.7920047031  
-0.4354787478  
-0.4212199742  
0.598930728  
-0.1643938852  
-0.1365025341  
-0.08204731729  
-0.2643711175  
0.1327936153  
0.5739983334  
-0.4647206314  
0.1410692063  
-0.3001925687  
-0.8977682995  
-0.1654076264  
0.7715571479  
-0.4845618983  
-0.3788331222  
0.194591178  
-0.8673223555  
-0.5799920881  
0.1819476444  
0.1068432745  
-0.1456917399  
0.4580184549  
0.2446536299  
0.1843001631  
-1.068296353  
-0.5091136587  
0.1122006998  
0.07785754155  
0.01183114417  
-0.5626515214  
-0.9172167414  
-0.2828081005  
-0.5149393711  
-0.7894100848  
-0.09997127171  
0.298050906  
0.4988889641  
0.699860202  
-0.08707483158  
0.7028852526  
0.4917009523  
0.6749902218  
-0.05196161173  
-0.4138925547  
0.4033989076  
0.3115943085  
0.5273461859  
0.3394968339  
0.8301917885  
-0.3072737162  
-0.3009652596  
0.290034971  
0.5934643121  
0.0678994816  
-0.2564020792  
0.888817478  
0.337794618  
-0.1358366042  
-0.1469480439  
0.06755490378  
0.2943010252  
0.2746007223  
0.1273333212  
0.08601468843  
0.03667288035  
0.008639374909  
-0.8989098116  
0.3687725324  
0.5744806023  
1.337164051  
0.2606833058  
0.7574510526  
0.333110567  
-0.5583228007  
0.03968864792  
-0.5320139909  
-0.9396696227  
-0.5486258149  
0.5244841433  
0.0175944156  
0.1522221349  
0.05460430371  
-0.4701483653  
-0.5848799259  
0.2843194297  
0.2503466333  
-0.7422367029  
-0.4525182321  
-0.08364233444  
1.136928176  
0.1518983583  
0.2826664225  
0.2535751347  
-0.3052421421  
0.1030590665  
-0.4577717828  
0.3011629216  
-0.2648292261  
-0.000237693354  
-0.3307837971  
0.0474873898  
0.6404442639  
-0.8184106317  
0.5520663471  
0.4960024835  
0.1773088525  
-0.5690884014  
0.1350471644  
-0.02387975535  
-0.2198654852  
0.05451815945  
0.6627609854  
-0.06165139174  
1.491061536  
-0.2882192217  
0.5689584933  
0.003844326577  
0.3027992119  
-0.3212229059  
0.1207380621  
0.08559407086  
0.7818071048  
-0.03362145407  
-0.8459041324  
-0.4085613501  
0.5535524837  
-0.7941173781  
-0.6510160841  
0.2293910354  
-0.303612618  
0.0798947953  
-0.7229031265  
0.04996091553  
0.9830436028  
-0.08147270603  
-0.323043171  
-0.686127277  
-0.6031461303  
-0.6593161577  
0.3312859262  
-0.3721200687  
1.036634193  
0.05849022476  
1.162617877  
-0.2731443563  
-0.2684707951  
0.9339451737  
-0.09128242852  
-0.5896296914  
0.5324738222  
0.8294348303  
0.4289216417  
0.4767788688  
-0.8043984986  
-0.2293135462  
-1.107695665  
1.391158156  
-0.404634567  
0.9531050099  
2.047104136  
-0.09527168445  
0.04246539979  
0.8305114061  
0.007730954962  
-0.8828616829  
0.2061319402  
-0.4083587115  
0.1420150203  
-0.07998037473  
0.1279042914  
0.04019652113  
0.2121435871  
-0.02325143821  
-0.9113075769  
-0.6808831033  
-1.292346744  
-0.0869085359  
-0.4885643106  
-0.3052182835  
0.4417576022  
0.2074119109  
-0.45882305  
-0.1254906338  
-0.2755751862  
-0.7785143462  
-0.5682800815  
0.5092443113  
0.0656503869  
0.3756908068  
-0.6799460884  
0.4051163852  
-0.1816647351  
-0.6694730167  
0.7012602271  
-0.2759646766  
0.05160493112  
-0.5195106355  
-0.2667692956  
-0.2030362278  
-0.6105720958  
0.5711845176  
0.5470290204  
-0.649747228  
-0.6444056236  
-0.1943078984  
0.595913588  
-0.4693776743  
0.9194745383  
-0.09085102569  
-0.4515833537  
-0.5177672574  
0.511945481  
0.5406006656  
-1.256801503  
0.6970340481  
0.9854760687  
0.9480579672  
1.039748473  
1.47822455  
-0.2165314451  
0.658080173  
0.5769674671  
0.8906032657  
0.557868817  
0.3265182493  
0.175452039  
-0.5703033032  
0.08769528663  
0.01517459579  
-0.4762800142  
0.2435353123  
-0.2422131455  
-0.943821274  
-0.9372076458  
-1.065834024  
-0.4072220197  
-0.05165693409  
0.570983944  
-0.2251516478  
-0.4091613937  
-0.9331738669  
0.09461322783  
-0.3902094949  
-0.1889054592  
0.01645456359  
-0.1111117181  
0.2321468365  
-0.4058164025  
-0.589758448  
-0.4009893246  
-0.2547738358  
-0.8506883668  
-0.6370326505  
-0.5114376557  
0.3562392576  
-0.7347891575  
-0.6541362303  
0.0419228517  
-0.5020681393  
-0.2803299665  
-0.6787947832  
0.001021018274  
-0.169524159  
0.1261294673  
0.6143931213  
-0.214943532  
-0.7441856066  
-0.2791975284  
-0.3351245592  
-0.1056237029  
-1.229209884  
0.6467106876  
-0.6099789882  
-0.6591710827  
-0.4022891255  
-0.1361147969  
-0.3865341616  
0.01915394275  
-1.092516394  
0.3802503897  
-0.07767277114  
1.885472024  
1.237667706  
0.1081595794  
-0.3620905604  
-0.2688655661  
-1.255013118  
-1.909108641  
-0.8538429838  
-1.282847651  
0.06273017056  
0.1858501737  
0.04934267677  
0.4814839319  
0.8150064335  
-0.6448186344  
-0.6513803696  
-0.2827144566  
0.2852412371  
0.8788459104  
0.6201004524  
0.5574332703  
0.1846688443  
-0.1291574172  
0.3071875134  
0.5913608535  
-0.1939671637  
-0.812547999  
0.003166975636  
-0.06711742438  
0.1729955012  
2.980290885  
-0.3992385671  
-0.06254470532  
2.325588774  
1.607826703  
1.425291999  
-0.5580368456  
-0.1887163449  
0.8875608854  
0.2655055665  
0.2475497594  
0.3366205991  
0.2491946147  
-0.7287401522  
-0.2696652483  
0.4747954027  
-0.1226372508  
-1.539830448  
-0.08840993075  
0.262701895  
0.8813460381  
0.3359731733  
-0.4306965422  
-1.302621669  
0.5378536125  
0.7313764827  
-0.3908984439  
-1.109573831  
-0.4556828859  
0.08887044844  
0.1772779351  
-1.093572715  
-0.4010623261  
-0.5980585563  
1.839710592  
1.288951556  
0.7648867602  
-1.897112016  
-1.242687774  
-0.1123216453  
-1.016704325  
-1.225170758  
-1.405191198  
-0.01512613601  
-0.3639022431  
1.892087446  
-1.7244218  
-1.571222323  
-1.257124433  
1.960627789  
2.072204729  
-0.05214363937  
-1.20850439  
-1.372960732  
-1.671370225  
-0.5809641796  
0.8027074105  
0.9236324428  
1.443833598  
-0.5646176076  
6.570757169  
10.95570578  
1.84389844  
1.071751207  
-0.8160278723  
-1.214973832  
0.125202838  
0.1893986607  
-0.5670333773  
-2.27457118  
-1.68067502  
-0.6245599794  
-0.6807753719  
-0.8290703187  
0.3774280107  
-0.6235864047  
3.326859958  
6.520937514  
5.082177183  
2.245249551  
0.5900191573  
-1.107354617  
-0.5944707638  
0.1194239559  
0.2768181356  
0.7499140381  
-1.770492868  
-0.7939652757  
-0.9391049807  
-0.6501682138  
-0.1156625791  
0.5312020525  
1.605604721  
-1.050495426  
-0.6134356497  
0.7474127411  
0.878513042  
-0.3449022867  
-0.299180274  
0.1238508305  
-0.413391259  
-0.6718240101  
-0.3201507282  
-1.014889907  
-1.670323716  
-2.253017546  
-0.6761243466  
-0.2279753082  
-0.5332913612  
-1.173493178  
0.5102789532  
-0.3056056871  
-0.3164212766  
-0.482408514  
-0.7031861281  
0.4767503315  
-0.8569020907  
-0.1781767645  
-0.006558183928  
0.2196526345  
-1.005428622  
1.054835027  
-0.6526381293  
-0.465977547  
1.112636773  
0.467372019  
-0.5834946853  
-0.02578265552  
0.7573305768  
0.471098398  
-0.5068341441  
-0.1055110393  
1.275583908  
-1.205603498  
-0.288174559  
0.4539188807  
-0.1704141271  
-0.465613771  
-0.7373878593  
-0.08188723008  
0.1722908872  
-0.6907145307  
0.2269278475  
0.2260934855  
0.005154626927  
-0.8367674242  
-0.5443690769  
-0.3899482382  
0.116048736  
-1.829141488  
-0.1904450132  
-1.136237728  
-1.1131186  
-0.5861656416  
-0.220544076  
-0.9431175518  
-1.318374132  
-1.248526199  
-0.09903552216  
-0.8553340856  
-1.391488791  
-0.6228636067  
-0.6899821467  
-0.5203945111  
-1.295347887  
-0.7510235529  
-1.258014208  
-0.6709618478  
-0.01201292296  
-0.2267899705  
-0.7590177218  
-1.097679413  
0.9101064643  
1.082691868  
1.465257734  
0.5183447062  
-0.06306433341  
-0.1425270377  
1.886733388  
3.641415028  
1.412587521  
-0.8101578414  
-0.5554119522  
-0.006253018738  
-0.9481648573  
0.04508931147  
-0.8238538753  
-0.4785418882  
-0.2167970308  
1.236960677  
2.219259897  
-1.133834359  
-1.659275466  
-0.5458201664  
0.08352561546  
-0.7204661389  
-0.947237648  
-1.029511053  
-1.190468848  
-0.05780966398  
-0.304007102  
-1.812300764  
-0.3407572637  
0.4071290014  
-1.009496567  
-0.254799621  
-2.129501426  
-2.432678761  
-0.7201393038  
-1.035957565  
-1.646199247  
-1.218398527  
-1.508490852  
-1.585729918  
-0.9744451908  
1.066155572  
0.680677416  
1.056991248  
1.352618304  
0.860548116  
1.110002002  
1.921702204  
1.580173596  
0.7471843136  
0.9496956738  
1.043029064  
3.574312917  
1.907027677  
0.3184067481  
-0.4189939969  
-0.4390160991  
1.275342757  
0.5689228876  
0.1423575001  
-0.1961160721  
0.06409544323  
1.464321319  
1.023259572  
-0.2568295602  
-0.1773958923  
-0.7223251734  
0.2659418922  
0.2604927527  
0.5866229457  
3.06113486  
6.799430714  
6.383180834  
3.560179622  
2.883271511  
0.6110670786  
-0.696832199  
-0.9494429902  
0.513812373  
-0.6157302414  
-0.8258197899  
-0.9807489227  
-0.7607192179  
0.934277486  
-0.5131166965  
0.2978923991  
0.4166349342  
-0.486419928  
0.2428700603  
0.6282408383  
-0.7060290691  
-0.7385565556  
-1.048457041  
0.09039069789  
-0.8488894722  
-1.247374143  
-1.239843181  
-0.3282627713  
-1.164235544  
-0.08173705553  
-0.3127639944  
0.0990988681  
-0.4939568651  
-0.2614366579  
-0.4224510971  
-0.1370009433  
-1.478554737  
-0.6438840672  
-0.8343733041  
0.1735890698  
-1.349523481  
-0.5645884474  
-0.495594078  
-0.4814061383  
-0.2455455094  
-0.4374757096  
0.2521626756  
-1.449486455  
-0.4466840119  
0.03723822268  
0.07846614548  
-0.4710525996  
-1.413350001  
-0.798925701  
-1.266719263  
-1.061138313  
-1.654972296  
-1.160355087  
-0.3550710593  
-0.1551725497  
-0.8166371083  
0.8861868576  
2.095636249  
2.139896188  
-0.8086347566  
-0.3635185674  
3.863184234  
3.029644244  
1.779300525  
0.4762938227  
0.1757280474  
-0.04943795368  
-0.4256494634  
-0.9901494544  
-0.6556215599  
0.4914581434  
0.1200581568  
0.07838315509  
0.1697982553  
-2.44737901  
-0.8512561913  
-0.3381103268  
0.06737509093  
-0.28833215  
