0.1687199631  
0.07059648907  
0.7619375054  
0.7072375152  
0.5425849605  
0.1593406119  
-1.507521641  
0.2431008686  
0.8387262575  
-0.7796207311  
-0.4921097723  
0.2853459261  
-0.2536084508  
-1.271104449  
0.9663047734  
0.5212097166  
0.005776545444  
-0.7369431205  
-1.719687361  
-1.282997495  
0.01529551709  
0.1201622014  
-1.319829247  
0.9423090309  
0.8805372489  
0.9846700695  
0.2340992649  
0.02462437917  
0.6372753217  
-0.2831864939  
1.278468943  
-0.9529376372  
-0.4887777659  
0.025754582  
-0.3921110019  
0.2936699787  
1.103224934  
0.3244888965  
0.5438537364  
0.1093337186  
-0.2097240605  
0.9670423688  
1.156461417  
0.187383871  
0.0626024013  
-0.7440350984  
1.271658848  
0.04870946676  
0.6957997236  
0.975930225  
-0.2302496586  
-0.3775499159  
-0.3375136477  
0.2381636756  
0.3511348042  
0.3432134029  
0.319190987  
-0.1898016212  
0.9350646491  
0.5347089078  
0.2223118797  
0.3438989947  
-1.091296427  
-0.1876369711  
-2.394746044  
-1.714801927  
-1.004540176  
0.7331948025  
-0.8552527422  
-1.473977438  
-0.1259046501  
-0.6574548938  
1.492292111  
0.6792240919  
-0.5202275902  
0.3148265493  
0.2912484378  
1.184595895  
-0.5951444904  
-0.4183808869  
-0.0836386389  
-0.1791710737  
0.8859286886  
0.08530820307  
3.466236872  
-3.996318853  
-2.319765231  
-1.421144556  
-2.109338904  
-1.987011923  
-1.055454783  
0.7091936035  
-0.2485602176  
0.9625475513  
-0.07704533008  
0.8510848391  
1.408677057  
-0.8629652439  
-1.561534733  
0.3679079121  
0.1027377584  
-1.489605646  
-0.6421136324  
-1.555865026  
0.8659295055  
0.5049490954  
1.822620468  
0.282603861  
0.03460268921  
-0.03751857815  
-0.1996678617  
-0.3366066739  
1.034242114  
2.206488196  
2.672721447  
1.155266016  
0.3250658776  
-0.1466125096  
0.5594496989  
0.686646053  
-2.045051042  
-1.0904869  
-0.8369363706  
-0.3244056165  
1.063856903  
0.7780124628  
-1.090588652  
-0.1742088829  
0.3552118622  
0.2062818832  
0.7756362778  
2.526551758  
2.916274508  
-0.7467321031  
-0.7468119559  
1.387815692  
1.23911502  
0.007836292731  
-1.081288655  
0.6312561055  
0.6418966496  
-0.03822343746  
-0.8117833371  
0.1289517604  
1.544433358  
1.567512765  
0.4712763801  
-0.2544303738  
-0.3054189757  
-0.7005258162  
-1.330051965  
-0.4558210008  
0.5891419236  
1.023674138  
0.105528107  
2.379332584  
0.5926044629  
0.1177260289  
1.902413468  
0.03441696437  
0.4149165376  
0.8484759885  
-0.385986056  
1.45325594  
1.257678099  
-0.9489776837  
1.914196488  
1.396207933  
3.412592092  
2.227845785  
-0.6928597798  
1.476820831  
-4.161206509  
-0.7280395792  
-2.638499529  
-1.584690673  
-1.636174499  
-1.225079146  
-2.1727955  
-0.9444907268  
0.05870533103  
-0.460187025  
-1.074721895  
-0.5283161943  
0.2032256979  
-0.7150812901  
-1.160086913  
-0.8129531308  
-1.003689327  
0.2632338139  
-1.341270852  
-0.2540376834  
0.04371406579  
-0.1758886679  
-0.3004958465  
-0.4242721702  
-1.818731994  
-0.8294733781  
-0.9754879478  
-0.2935927166  
-0.1297922919  
1.711484459  
0.3457397365  
-1.692231973  
-0.2222279556  
0.5556290385  
-0.08241264025  
0.239063841  
-0.8286842746  
-0.505848568  
-0.2622962363  
-0.580501123  
0.3961706526  
0.216992313  
-0.03995980798  
-1.155741842  
-1.707869774  
-0.1376283146  
0.3731699864  
-0.3303443819  
-1.776829136  
1.09083468  
-1.014523719  
-0.5491094849  
-0.8365879032  
0.3373421891  
-0.5663527446  
-1.429736219  
-0.4346522093  
-0.9350031832  
-0.9772852068  
-0.7259219645  
-2.545242404  
-0.6741849283  
-1.1653041  
-1.367537688  
0.4694186267  
0.5052848375  
-1.563478108  
-1.487918769  
-1.981548153  
0.007754742314  
1.989000378  
0.8498610292  
1.893909427  
-0.3145927763  
-0.0717284997  
1.231105566  
1.813382655  
1.98061883  
0.3278245482  
0.7846759813  
1.327256232  
0.8459479403  
0.1107376608  
-1.151716981  
0.06924293741  
0.2001753659  
0.556473752  
-1.073176268  
-0.08414595917  
-0.5975409307  
1.257242918  
1.446306557  
6.252809323  
-0.5267694923  
0.5872349266  
0.4033425295  
0.7936931573  
1.460436975  
0.4810070892  
1.157560291  
1.04675178  
1.884723929  
2.527733796  
1.925420356  
-0.515814411  
0.1448461133  
0.5550525631  
2.606919672  
1.293187837  
2.949543379  
0.8637996894  
0.5182004981  
-0.2427890043  
-0.9394100207  
-0.4954378664  
0.2437171263  
-2.600501816  
0.04285567756  
-0.4122551042  
0.4203876903  
-1.209873195  
0.01256049597  
-0.05261395919  
-0.5356185777  
-0.3675143308  
-0.524257312  
-0.4843039002  
-0.4363329954  
-1.153815226  
-0.5127658334  
-0.33888053  
-0.9025746503  
0.7871311633  
0.4726455113  
-0.4392922512  
-0.1205572106  
-1.220411252  
-0.5766992608  
0.1428385251  
-0.003276026517  
0.983626634  
0.4572477507  
-0.8690535606  
0.1656903715  
-0.4741371554  
-0.04517911476  
1.041613002  
-2.01859941  
-1.223899765  
1.255697946  
0.6068448024  
-0.547072876  
0.8193210997  
-0.4266728769  
-0.677023421  
-0.4299487408  
-0.8651638193  
0.3123640155  
0.2123672052  
-0.5514374393  
0.2007785429  
-0.3635284159  
-1.197376214  
0.1297166947  
1.059499672  
-0.09835108493  
-0.02414587501  
0.8349160122  
0.328148736  
-0.7591838625  
0.001010357005  
0.2660107238  
-0.1537240143  
-1.192078584  
-0.04600459834  
-0.8177579825  
-0.08335481837  
0.1444100438  
-0.06918052266  
-2.032277994  
-1.032954139  
-0.1855227133  
0.103980713  
-0.04778181282  
-0.3449079796  
1.169792464  
0.0959626234  
1.124327004  
-0.9266223954  
-0.04350343413  
-0.7723373253  
-0.09755846661  
-0.514023653  
-0.3591512573  
-1.039613442  
-0.6507947295  
-0.09089149473  
1.344208894  
0.06225754171  
0.02739782155  
0.2322437001  
0.9950938138  
0.3796369262  
0.6541957619  
1.609060932  
0.6767264869  
-0.1201857074  
-1.025518593  
-1.351735269  
0.112876738  
0.7617042638  
-1.137058966  
-0.6660684064  
-1.20992681  
0.3561144048  
0.2257317038  
-0.3936473133  
0.3908365962  
-0.9502123453  
-0.5909155456  
0.8882566667  
-1.522426651  
-0.8864886147  
0.2216578012  
-0.9397798505  
0.1273100992  
0.3731985643  
2.103093785  
0.7365186197  
0.7089531083  
1.44328211  
0.2268419548  
0.1815555967  
0.4296195  
-0.8445722792  
0.8370273106  
0.2538272471  
-0.2979330652  
-0.5556463327  
-0.4610416462  
-0.6939379446  
-0.21634197  
0.4948652828  
0.8094923684  
1.994427435  
0.8197306889  
0.1862370959  
0.9245863143  
0.1765073473  
-0.2863617909  
-1.416642226  
0.665087686  
-0.5121935937  
0.1139518847  
0.5846164354  
0.6025699195  
0.9868192845  
0.3534028478  
-0.4923778929  
0.7841153147  
-0.358755683  
-0.1921128361  
0.9964131742  
-1.662776505  
-0.4450218058  
0.07843330658  
-0.1107322045  
-0.3627105881  
0.3186143813  
0.0461988689  
-0.9061590697  
0.3396822715  
-1.534799844  
-0.06094711533  
-0.4753680363  
-0.2331146514  
0.9850653475  
-0.8626770765  
1.1388276  
0.5941142191  
0.7473947003  
-0.5886813719  
-0.1930868259  
-0.3280654669  
0.0227208742  
-0.02138053808  
-0.1422340343  
-0.9511893718  
-0.2347164885  
-2.252605597  
-0.1798054481  
0.5038532018  
0.3330763086  
-0.1822577959  
-0.635326149  
-0.621832099  
0.2168431889  
0.1620659516  
0.591648308  
-0.3998755933  
0.2490724831  
-0.4911472377  
-0.7792968592  
-0.1604105552  
-0.8077124528  
-1.442489587  
-0.7262606901  
0.1651910571  
1.174930167  
0.8000773152  
0.6917202075  
0.3344696856  
1.026527017  
0.4404360407  
0.3069005307  
0.6164491831  
-0.380956168  
-1.365128846  
-0.05075382073  
-0.9294646505  
-1.613321304  
-0.2635150002  
1.868723227  
1.191801507  
-0.4864585253  
0.9482627974  
0.09712221932  
1.164987254  
0.1802831994  
-0.4002147478  
0.8345304412  
0.5839934533  
1.434818717  
-0.6876773134  
-0.7730132402  
0.739550414  
-1.239535263  
-0.6802510523  
-0.5837513292  
-1.402730507  
-0.03760996302  
0.3556743479  
-0.3515137508  
-1.051910847  
0.2023903901  
0.3405238947  
-0.08804392659  
0.08796631654  
0.8224840255  
-0.180092596  
0.3350002374  
0.451944346  
-0.3344127064  
0.8885675956  
0.03824667237  
0.01200898364  
-0.1100934046  
0.2340885313  
-0.537395415  
-0.7716526515  
0.766355543  
0.836524321  
2.653496828  
0.9277217971  
-0.2829245001  
-0.7157495089  
-1.538164192  
0.4320291212  
0.5855195223  
1.2116468  
-0.2232963121  
-1.156107157  
0.5004974094  
-0.6932193473  
-1.337961461  
1.437524459  
1.09149881  
0.6251740303  
-0.105587702  
-0.08679207388  
-0.03839370632  
0.9287080757  
-0.08109038527  
-0.1763470931  
-0.9426504752  
0.4822510131  
-1.442468284  
0.2448787405  
0.7345662696  
-0.5254241102  
-0.4112955648  
0.3058555288  
-0.9984433637  
0.2010860163  
-0.100197712  
-0.6780380806  
1.306669573  
0.1360194625  
-0.8706189017  
-0.1304071017  
-0.1607119281  
1.003417198  
-0.2709513338  
-0.4701360811  
-1.720677024  
-2.142346642  
-1.452047391  
0.6772203089  
-0.2458671053  
-0.06805835274  
-0.004435689667  
-1.250815227  
-0.2867828028  
0.9212169772  
1.831966768  
1.593781752  
0.2578942254  
-0.4598236425  
-0.2155761637  
1.445586  
0.2066010796  
-0.3716283138  
0.07748017007  
0.9911040403  
0.876226004  
-0.9107655767  
-0.3177402741  
1.205797585  
1.290566297  
-0.4026622769  
-0.5730307981  
-0.4821012118  
-0.1156597063  
-0.1241869031  
0.6856061651  
0.933872769  
-0.2131641389  
-0.7840971043  
-1.708263556  
-1.488405403  
-1.041608075  
-0.2208636404  
1.288452812  
-0.1446979302  
0.06049987844  
1.665689511  
1.014004613  
0.7899944515  
-0.5014676228  
-0.7141828414  
0.2835928834  
-0.3890421126  
-0.298057581  
0.06858679996  
-0.3346720754  
0.834992077  
0.2014311163  
1.060341418  
0.2916318754  
-0.2008083416  
-0.156187942  
-0.1572050762  
-0.2387748424  
-0.7388830664  
-0.2064697063  
-0.2456790102  
-1.706115852  
0.1744310134  
0.5862571477  
-1.019119638  
0.5838335074  
-0.4208810446  
-0.6582618935  
0.2973160332  
0.3425941399  
-0.08671519223  
-0.2311636969  
0.2136263327  
-0.6982384582  
0.1682685009  
0.4342224933  
0.01970244431  
1.424273215  
-0.9478262841  
0.8871379393  
0.4356090896  
0.1868716067  
-0.5454911466  
0.4016666924  
-0.6095285377  
0.8365702175  
0.2792199722  
-1.079696944  
-0.7052610235  
1.025973458  
-0.1607031844  
0.2239152841  
0.8381734242  
-0.4089343333  
0.4519394105  
0.2843137837  
0.5091373693  
1.682961651  
-1.393206825  
-1.072848089  
-1.462824602  
-0.2164523816  
-0.08532793023  
-0.4451358924  
-0.271271072  
0.03298198362  
-0.1841524862  
-1.547678693  
-0.5316604187  
0.3043318069  
-1.232589642  
-1.835008327  
1.222063768  
-0.3879403476  
-1.127778013  
-0.2365187381  
0.1448851986  
-0.1290486148  
-0.1181926375  
0.08450710002  
0.2680718533  
-0.03246855187  
0.3389657273  
0.5502445082  
0.2622269238  
0.2444686358  
1.145949449  
0.8828164227  
0.4025644545  
-0.2995133572  
0.4054025625  
-1.970382318  
-0.469821957  
0.2262010627  
0.8969755769  
-0.7013137819  
1.812503405  
-1.512240367  
0.6063687932  
0.1987362103  
1.581894503  
-0.1529826121  
-1.074437819  
-0.7459290412  
-0.2928989936  
0.8449555336  
0.9488839306  
-0.7985767994  
-1.129690581  
0.7268815075  
1.530136312  
0.3045393075  
0.9362501855  
1.172024629  
-1.643309128  
0.1315988262  
0.6654127601  
0.7989760723  
0.8244864634  
2.029606196  
1.074766094  
0.5140141041  
1.19955311  
-0.1994085276  
0.8348647592  
-1.212962142  
1.202424657  
0.3502130843  
0.4585929344  
-0.3475006644  
-0.4328431531  
-0.1714382015  
0.398961744  
-0.3862987661  
-0.9877288223  
2.789552641  
-0.05033230339  
1.067426785  
-0.2144725148  
-0.9543595234  
-0.03449970949  
-1.140019283  
-1.253585073  
0.1624381796  
0.2053648956  
-1.250058667  
-0.5616447452  
-0.154911291  
-0.955870376  
-1.807349484  
0.3985292246  
-0.9311358507  
-0.2433869938  
-0.8273203505  
-0.7175616968  
-0.4781815727  
-0.1544001362  
-2.062919576  
0.058839395  
-0.4386347105  
0.1715753857  
-0.8611186319  
-2.068091509  
0.1265467708  
-1.115057396  
1.27791793  
0.07341426391  
-0.06042331702  
-0.6181275053  
-1.476820022  
-0.1480181099  
-0.5034823983  
1.663265868  
0.89367724  
0.4481626702  
0.5158418938  
-0.1906497905  
-0.5933052303  
-1.996462385  
0.7780779938  
-1.206748991  
-0.3253414095  
0.06243367796  
2.377229963  
0.4316337343  
1.663101384  
-0.5069870298  
0.5225420532  
0.119626199  
-0.5689816838  
0.5316190303  
0.9414824667  
1.407272874  
1.17755728  
-0.7941984968  
-0.6395315255  
0.5566833599  
-0.0865256656  
-0.8104564675  
1.777845679  
0.3904606518  
-0.3952028519  
-1.585931104  
-0.1673148978  
0.7923783374  
-0.8519746682  
1.032255166  
-0.1075010993  
0.1810950467  
0.4729317856  
1.240280078  
0.6369254108  
0.6052104662  
1.492054073  
-0.08635467707  
0.3933222741  
-1.436124605  
1.148386834  
-0.768434273  
0.7646184306  
-0.4248632664  
-0.4954561113  
0.9485211185  
0.3888044564  
0.3098663733  
-1.367758122  
-1.208556655  
0.4039489053  
0.02683770091  
0.1534396402  
-0.8558432709  
-0.6186715091  
0.7120580606  
0.02589854337  
-0.6045430699  
-0.3819921213  
-0.02646611091  
0.9301181294  
-0.9972925248  
-0.892754192  
1.089454756  
1.2641937  
0.05430100496  
-0.8082442878  
1.309187136  
1.171778676  
0.7518814197  
0.218711466  
-0.5785198795  
-0.8392197802  
0.2686875343  
-1.356102968  
-0.3758793429  
-0.7989431232  
1.2144264  
-0.260949837  
-0.8190928895  
0.07514545382  
-0.7940185811  
-1.093318535  
-0.9360321187  
-0.7082603398  
-0.5580586126  
0.8114720427  
0.1798598762  
0.6485179124  
0.6240323352  
0.6687346958  
0.1703869756  
-0.404897948  
0.1401180198  
-0.8444172689  
0.8531012627  
-0.04985628448  
0.122878513  
0.1508283074  
-0.242738023  
-0.4207543527  
1.8239166  
1.013929926  
-0.06316920118  
-0.007580846849  
-0.2365488454  
-2.096622063  
1.036352578  
-0.7332916178  
0.2534240447  
-0.7073978799  
0.1693262541  
1.750586134  
0.4613486799  
0.1647247257  
1.093749512  
-0.09975401265  
1.57117901  
-1.106538569  
-0.474435286  
-0.3886441554  
1.542533358  
-0.01504064585  
-0.5747024234  
-1.686040954  
-0.9160066625  
1.180254097  
0.1836776079  
-1.136861173  
0.7534207368  
0.2362136651  
0.02260530103  
-0.422300473  
1.820925046  
-0.1867507559  
-0.6551760791  
-2.682551379  
-1.249135341  
-0.08963143311  
-0.2451329073  
-0.5559565598  
-0.03156514169  
-1.179010586  
0.1373315877  
0.1327592314  
-0.05855098358  
-0.6188202618  
-1.491725138  
0.1380064011  
-1.529078872  
-1.501486879  
-0.2673332257  
0.1324007215  
-0.635789488  
-0.406089286  
-0.3264445887  
1.77938663  
1.044524955  
0.6350576115  
0.2893030801  
3.495934149  
-0.09306358287  
-0.1105447705  
-0.4753447396  
-0.5620010126  
0.8323159769  
1.091556938  
0.9606920086  
-0.5277972713  
-0.3258008234  
-1.519784415  
-0.05278658367  
0.607684891  
-1.219270214  
0.07960116341  
-0.02320545469  
0.9076815432  
0.9958002014  
0.4166322564  
0.1858290089  
-0.9054699076  
0.9125648705  
-0.2092653202  
-0.1155796232  
-0.536140728  
-0.8887744753  
0.1489224931  
0.06015627801  
-1.026157267  
-1.024862374  
0.3571986298  
1.498875824  
1.547505349  
0.04260441893  
0.1150744834  
-1.072891874  
0.1286232921  
-1.050306042  
-0.2082258805  
-0.07297618313  
-0.06107374004  
-0.3743337438  
0.4432355446  
-1.378056838  
-0.983717474  
1.648175391  
0.7482553463  
0.5837952366  
-0.01591412353  
0.2788086848  
-0.4440089284  
-0.5823988351  
-0.06200888033  
-0.4287847315  
1.347113358  
0.7580933518  
2.253426881  
2.863651367  
4.145162273  
-0.146803318  
-1.534283086  
-1.085560488  
-0.6167628363  
-1.103002049  
-0.2211285924  
0.635388852  
-0.1896253702  
0.08714446514  
-0.33976309  
-0.587567738  
-0.1546151042  
1.21110987  
2.497304367  
0.6869780221  
4.65425876  
1.682508736  
0.9954571984  
-0.8005507853  
-1.44815249  
-1.512629667  
-0.637703235  
0.3363735645  
-0.4693195762  
-1.037031294  
0.4908392653  
-1.427883392  
-0.05160909539  
0.2704490537  
1.199140956  
-0.7023045266  
-0.1324632414  
-0.4530005141  
-0.8911455047  
-0.6304368717  
0.6022127379  
0.6339189496  
-1.471026999  
-0.02735764501  
-0.8777239904  
-0.5337045622  
-0.6483810827  
-0.6371623637  
-0.6352010895  
-0.1362769028  
-0.1697573695  
-1.139782083  
0.3213490893  
-0.6177581244  
0.001848633317  
-0.8860672808  
-0.4887751502  
0.1568410609  
1.167629596  
1.067342671  
-1.419030867  
-0.4872734913  
-0.9363790703  
0.7338678552  
-0.4979615001  
-0.04782792914  
0.2839719626  
-0.03639512502  
-0.7152473051  
0.09583948338  
0.501306605  
-0.3299878789  
0.07355359218  
-1.686823239  
0.4835040623  
1.041509268  
-0.1720491817  
-0.4623265618  
-0.9299705138  
-0.276177812  
-0.9473564945  
1.286694382  
1.731662736  
2.405784772  
0.4000837599  
0.1365362669  
-1.674767952  
0.2322971326  
-1.215007743  
-0.2086802738  
0.5437696056  
-0.5546281842  
-0.8916457798  
0.3385093325  
0.4235370198  
0.7844482892  
-0.4000524839  
0.230135374  
0.5292672725  
-0.6633414109  
1.279237625  
-0.03931512932  
0.9415482023  
-0.7828513601  
0.2427874651  
-0.4780339986  
-0.9100065075  
-1.080057282  
0.3179923282  
-0.1112111245  
-1.718187594  
0.5916880028  
-0.5535982991  
-0.5195995687  
0.0304468083  
1.221331354  
-0.3349368185  
0.8075566331  
-0.4528443462  
0.2597260727  
-1.172672461  
2.78067467  
2.454162903  
1.510813475  
-0.6360010136  
-0.03218435319  
0.1161431187  
-1.460160218  
-3.069204563  
-0.7139692845  
-1.055240519  
-0.3626086897  
0.5757980893  
0.1756315591  
-0.2485720489  
-0.2651797204  
-0.5825280229  
-1.738741061  
-2.202140822  
-0.1694705404  
-0.7138749595  
-0.3504634827  
-0.1879936822  
-0.9048494995  
-1.309326425  
-1.005620093  
0.08797319027  
-0.4350878218  
1.06673241  
0.7677583721  
-2.861361526  
-1.260928128  
0.3766410403  
-0.8532263757  
0.4781292373  
-1.476413272  
-2.680432678  
-2.27313169  
0.9143373849  
0.4720643351  
1.440803456  
0.9733703323  
-1.354158882  
1.855568202  
1.525087212  
0.866984168  
0.1871975138  
-0.05292908656  
1.744215655  
2.389194016  
0.3354649453  
0.3421598831  
0.4195242126  
0.7608148435  
1.332994562  
-0.9497797595  
-0.02127133787  
-1.098411632  
0.3992286731  
0.9120495518  
0.9128933746  
0.04029510199  
0.8110695237  
0.3849621893  
-0.5381133311  
0.2954753986  
1.548806539  
2.750617671  
4.079878027  
3.749456976  
0.5514255885  
-0.4995695494  
1.373861831  
-1.665682754  
-1.191518187  
-0.02382544978  
0.703618715  
-0.3497861643  
0.6064823388  
-1.764326554  
0.6482399436  
0.1673046064  
-1.551949403  
1.285310851  
0.7580985952  
0.5271734167  
0.8557019004  
0.7356128879  
-0.9312759067  
0.7218298747  
-1.703731454  
-1.607087263  
-1.31447441  
-0.826527154  
-0.5285821672  
-1.16299427  
-0.212743168  
-0.4285603223  
1.038013703  
-0.638714105  
0.4970434613  
0.9203900278  
-1.045757189  
0.4811964999  
-1.403634392  
0.2697454781  
-1.557087855  
-0.3350857815  
0.5393718923  
-0.6802320641  
-0.5627520685  
-0.324054297  
0.6016113412  
-0.9910806481  
-0.4509872997  
1.273354315  
2.298681093  
0.7940217766  
-0.4530461365  
0.4007422303  
0.4120729557  
-0.4041371225  
-0.7637961935  
-0.4176740051  
-0.1203633808  
1.302164631  
0.07400522886  
-1.529996512  
1.000195461  
1.049751597  
0.5796994612  
0.3313331441  
0.5827234134  
2.722788079  
0.6863197594  
0.2930785706  
-1.564000623  
-0.7457470576  
-0.6821070718  
1.161125536  
-0.9572471034  
-1.443548738  
0.02707153088  
1.042407175  
-0.9414625299  
0.4417928733  
0.3736403317  
-1.3274429  
-1.262318536  
0.9645735488  
