0.002662852543  
1.868437116  
0.4899221154  
0.5119849797  
-0.8140835597  
1.529248345  
-1.645151464  
-2.249706487  
0.5149958022  
-0.1976550207  
0.7331806189  
0.1829544577  
-1.19298705  
-0.5503880177  
1.807744293  
-1.067453042  
0.2432697549  
0.8608745524  
-0.7860102384  
-1.087214159  
-0.06065901734  
-0.1753374906  
-0.3969963397  
1.230443284  
1.204144143  
0.07371236712  
-0.2530985092  
-1.097038954  
1.445044023  
-1.145135525  
-1.529706634  
-1.352161445  
-0.09748608604  
0.1882782466  
1.173098011  
0.5034005455  
0.9068347566  
-0.4002839676  
-1.496163153  
0.1213734573  
0.1200374705  
1.016277567  
0.9052366528  
-0.442210311  
-1.572776579  
0.7414757133  
0.616759983  
-0.08217321371  
-0.2160916043  
-0.4558707995  
-1.110954406  
-0.5665446479  
0.374285726  
2.166340242  
0.8719999366  
1.193826711  
1.217006316  
0.5549003578  
0.6828995261  
-0.5933108151  
-0.559199857  
1.241962511  
0.1754368623  
-0.06493801691  
-1.831683534  
-1.359326532  
-1.004268091  
1.703121008  
-0.6634789128  
-1.6535072  
-0.8072572886  
-1.587321263  
0.2500022639  
0.3231351713  
-0.08029041186  
1.577927649  
1.003729187  
1.807844652  
0.6120871011  
0.2638560491  
0.6691725205  
0.00398713287  
-0.2500269591  
1.904643349  
3.492513983  
-3.828907001  
-2.716499563  
-3.361048101  
-3.495633662  
-1.405684961  
-0.8578785679  
0.1857667107  
-0.8469428914  
0.0708935621  
0.6262564952  
1.230119679  
1.246349525  
-0.08775659397  
-1.564408819  
0.2387480967  
-0.1220223913  
0.06084163045  
-0.9901482  
-0.8612330429  
1.740355835  
1.100724135  
1.223656453  
0.2990143209  
0.1497761124  
0.2692696252  
1.119151921  
-0.6010158942  
2.173481059  
1.894077629  
1.502679786  
1.078827883  
-0.3566467297  
-0.5569695407  
0.3937883089  
0.6922065318  
0.08187862078  
-1.978038866  
-0.7219827584  
-0.5386084008  
-0.07636614764  
-0.6175723213  
-0.7219280895  
0.2233381305  
0.3417275674  
1.133647273  
0.2463965163  
1.651299986  
0.5044406774  
-1.733919847  
-0.4410636824  
0.9773684896  
1.090133369  
-0.5469635646  
-0.7479690573  
0.3428524648  
1.370580112  
0.630309263  
-0.3666297057  
-0.4009031599  
0.4796414068  
1.551890044  
1.326063937  
-0.5884336207  
-0.119893457  
-1.688988856  
1.594428662  
1.063329268  
0.2653233014  
0.5832021871  
0.1432149846  
3.793817702  
0.3319022483  
0.781509332  
2.173938803  
1.429743548  
1.679134714  
1.30213846  
0.4038584365  
0.8750372254  
0.01345450989  
-0.7934912024  
-0.6162575291  
1.68468892  
3.445038758  
2.403687865  
-1.09805269  
-1.334011854  
-3.469173665  
-0.7969075599  
-1.486685159  
-1.784974257  
-1.285413898  
-1.668709493  
-1.609441921  
-0.7619973932  
-0.5226105355  
-0.8359270273  
-1.397474793  
-0.5722754802  
-0.1384265035  
-0.1814712848  
-0.6874087511  
-0.71830108  
-0.2852806046  
-0.7532517815  
-0.6830420493  
0.04536569799  
-0.6747619982  
-0.3813787475  
-1.18441758  
-0.3980307834  
-1.59917002  
-0.1488127399  
-0.479922623  
-0.3210897819  
-0.5647925669  
1.522050424  
-0.3439303137  
-0.8754164888  
0.8119528083  
-0.8988963423  
-0.9863075384  
0.1887435409  
-0.7127188533  
-0.4209752206  
0.1324958009  
-0.1296400176  
-0.9491097748  
0.8114549711  
-0.1648358043  
-0.04158318737  
-1.97516167  
-0.7289339474  
-0.08130628788  
0.5934567924  
-0.1333385827  
-0.3681716361  
-0.413635793  
-0.6523318891  
-0.8776407833  
-1.496368021  
-1.229876695  
-1.356108228  
1.058205107  
-1.331613137  
-1.787256792  
-1.441290557  
-1.317865306  
-0.09406790624  
-0.7644527079  
-0.5280877759  
-0.4862168014  
0.06685231299  
-1.36114556  
-1.748735549  
-1.621598289  
0.5779806518  
0.9694528209  
2.09602212  
1.49372612  
0.5055661244  
0.4702830736  
0.9732357119  
1.501175068  
1.865796663  
0.2177364065  
0.3746069894  
0.906677283  
0.805142987  
0.6143298253  
1.133052668  
0.404329517  
0.9427829097  
0.2754273649  
-1.191814737  
-0.9844483994  
-0.3078357701  
0.00239740564  
1.910507686  
6.340196403  
0.3063181203  
-0.05710984593  
-0.5399714073  
0.9249371068  
0.1567168004  
-0.1794458533  
-1.204544851  
2.171975363  
1.794236405  
1.146437723  
-0.06392285571  
-1.306162494  
-0.8870473643  
1.179319446  
0.2088875642  
3.482987687  
10.17040835  
2.921079918  
1.034431396  
-0.8872415234  
-0.9008748416  
0.5403116189  
-0.8015656594  
-1.18071411  
-1.21744286  
-0.08749845981  
-0.3198339298  
-0.787744651  
-0.9616496711  
-1.174900025  
-0.4553664374  
-0.9169925419  
-1.544466301  
-1.832614733  
0.07321217029  
-0.8764380967  
-1.010265386  
0.7698128025  
-1.066317531  
0.361114589  
-1.302704208  
-0.9883996757  
-0.4185597419  
-0.414072474  
-0.9799759388  
-0.02139868383  
0.7173344643  
0.4072940967  
-0.7252456562  
-0.2850364602  
-0.5292841746  
-0.7124713186  
0.4975168739  
0.2857533178  
-0.5883114494  
0.005813778651  
-0.4490338556  
0.4432696744  
0.1380256972  
-0.4568456273  
-0.06115936749  
0.7824781053  
-0.2547017012  
0.3934837046  
-1.001581535  
-0.3546096269  
-0.1463878084  
-0.2209012109  
-0.2547352118  
-0.6771611213  
0.1745997904  
0.5454192999  
0.2822688613  
0.4744390874  
1.007941882  
0.6956243163  
-0.2840808445  
0.7290733063  
-0.2875346038  
-0.1028236333  
0.1684145135  
-0.03273993392  
-0.2010947078  
-0.5529740996  
-0.4869714261  
0.1904087872  
0.1625787086  
-0.6434657418  
-0.6690324026  
0.4296305942  
-0.391697032  
-0.3876229965  
-0.2269772815  
-0.2013856464  
-0.06362698909  
0.5676149161  
-0.6999978569  
0.2287651002  
-0.2762190295  
-0.2057072038  
0.2052584391  
-0.7159060972  
-0.4279042833  
-0.1996334529  
-0.2123444654  
-0.009753240671  
-0.05969200261  
0.4475950811  
0.2440848258  
0.05310072552  
0.706629395  
0.1327950578  
0.4818890402  
-0.07704255267  
-0.3868474301  
0.8872459448  
0.6873702231  
-0.2858823305  
-0.5876759975  
1.04860477  
-0.1036064828  
0.3543812792  
-0.8794605113  
-0.582785413  
0.004143699351  
0.02474200151  
0.4083426729  
0.5893031416  
-0.1758939073  
-0.6975302686  
0.05943059563  
0.09340223329  
-0.6094758042  
-0.8658425064  
0.2629120628  
-0.2753705472  
0.1681022515  
0.6808658384  
0.9291129573  
0.1035365378  
-0.3835740211  
-0.08860104839  
0.5948633474  
-0.16170231  
-0.7258578973  
-0.2398105944  
-1.223861601  
-0.9267744843  
-0.2285757205  
-0.2254826182  
0.03083582675  
0.4755077485  
1.365249222  
0.495310727  
-0.7854506306  
0.03135898603  
-0.3652717076  
-0.1555621361  
0.02106452366  
0.9973928118  
-0.05184177352  
0.5482001082  
0.4366970548  
0.745215435  
0.6808086387  
0.3732855233  
-0.2805053083  
-0.3330894288  
-0.05974585779  
0.1132956114  
-1.630771708  
0.03301265963  
-0.2802181  
0.466638635  
-0.7125445242  
0.6646885566  
-1.227673088  
-0.6108266209  
-0.6485309513  
-0.1892628236  
0.9380034467  
-0.3568184411  
-0.2525516641  
-0.4460541913  
0.1021771039  
0.3430227668  
0.385142369  
0.03035999348  
-0.01912402302  
0.2678190058  
-0.3589377294  
-0.2821913596  
-0.05548703676  
0.08447421973  
-0.7733544896  
-0.1038032479  
-0.2112125544  
0.08587686384  
-0.3352381798  
0.9483865198  
0.1028013807  
0.2348029924  
0.6187071402  
0.4179663353  
0.3416977606  
1.186976936  
-0.2078349587  
0.3783131503  
-0.2428686602  
-0.8255528647  
-0.5016188991  
-0.2187094621  
-0.8462208697  
-0.1146425233  
-0.03497454518  
0.3328029964  
0.8704496065  
-0.2647516605  
-0.2173382058  
-0.2311322803  
-0.4731606588  
-0.3505067363  
0.4951217982  
-0.8073923387  
-0.8545283937  
0.1339523419  
-0.08959450843  
-0.3109316069  
0.2820876246  
0.9985485807  
0.5667320454  
0.8466656632  
0.854238716  
0.5258562128  
-0.7003932175  
1.702155995  
-0.2140209123  
0.0765479809  
0.05572326503  
0.03245264509  
-0.05510468487  
0.1126775046  
0.1048743197  
-0.226595631  
0.0499209743  
-0.4101601457  
-0.2750373314  
0.3520219279  
-0.1581796189  
-0.2875131408  
-0.3451482993  
0.6591571143  
-1.164442848  
-0.3842538317  
0.5730910982  
0.714321396  
-1.263646336  
0.3108716231  
-0.1182978373  
0.1429077202  
-0.3749578485  
0.1708550765  
0.6370165649  
0.01582620895  
-0.4287292667  
0.2341573244  
-0.1241931196  
-1.070459364  
0.6145704516  
0.1983021129  
-0.1249347305  
-0.2137750949  
-0.3149902144  
0.1087685235  
0.3834411981  
0.3848140956  
-0.3122749711  
-1.173963546  
0.4073006672  
0.04676283795  
0.3204666579  
-0.455230444  
-0.1234951552  
0.5142653471  
0.9002802914  
-0.07208404463  
0.7849654561  
0.5288782655  
-0.2867713165  
-0.8969828851  
1.407398621  
0.2228263891  
0.6798746367  
-0.5177664411  
0.2315415586  
0.3194815032  
0.02365967943  
-0.02456885349  
-0.3259744539  
0.07169307206  
0.584588535  
0.2524299295  
-0.1160777292  
-0.009913978848  
-0.4730431025  
0.3053777716  
-0.352241783  
-0.5491047447  
-0.215822494  
-0.8220499082  
-0.9202487645  
-0.7321233434  
0.007991463327  
-1.553688493  
0.6774958117  
-0.6160417656  
0.3655378753  
-0.6137246445  
-0.3508599713  
0.1590702369  
0.532573886  
0.1013750799  
0.149126529  
-0.3152291304  
-0.188446009  
-0.3792632091  
0.5587128728  
0.04482274209  
-0.159023671  
-0.1851039224  
0.4644209988  
0.2702305422  
0.3238416339  
-0.2210136548  
0.7590644644  
0.01355498187  
-0.1462584929  
-0.2330507625  
1.041772877  
0.1783430463  
0.3916493637  
0.3176452316  
-0.3864713726  
-0.5837387571  
-0.7267325791  
-1.488882722  
-0.5102146726  
0.5362783883  
-0.7119055334  
0.6418039496  
-0.1884104463  
0.1650267313  
0.2532666645  
0.6653785062  
-0.4894978183  
-0.5859147519  
0.2403094851  
0.9466427152  
0.5519379284  
-0.2029407702  
-0.4377238721  
0.5499848702  
0.3669183649  
-0.0259743547  
-0.3509939499  
0.03313357604  
-0.5338301076  
0.2826228294  
1.268677141  
0.5552621022  
0.3900584295  
0.3171597489  
-0.1723581108  
0.177485474  
-0.888171667  
0.117934413  
-0.7833441522  
0.5122664155  
-1.390006012  
-0.02645076281  
0.9520108972  
0.4047395295  
-0.04854597276  
0.9638036962  
-0.1856073343  
-0.5785961445  
0.3332888285  
0.8607937884  
0.5661467524  
0.185940375  
-0.6660169593  
-0.04346742798  
0.5428839873  
0.9308844498  
0.1237262027  
-1.152353135  
0.354400869  
-0.3813524106  
0.6204568156  
-0.1506044539  
-0.1367432511  
-0.2605684378  
-0.2090930988  
0.2630798044  
1.490422615  
-1.414465241  
-0.01168210601  
-0.7824555986  
0.9231714873  
-0.122414508  
-0.3695142686  
-0.4104212593  
-0.5507213306  
-0.7261303212  
0.1006140848  
-0.6870953453  
0.07461739403  
0.5634044593  
-0.02132141851  
-0.8487156554  
-0.611801059  
-0.546699927  
-0.4581687195  
-0.2981946964  
0.8168727237  
-0.09445423522  
0.1423894371  
-0.8439792067  
1.027403562  
-0.067263267  
-0.8982719067  
0.2070163637  
-0.7796497749  
0.2815048186  
0.1920650621  
-0.113635892  
0.4760717537  
-0.07867461373  
-0.02735093927  
-0.7982366204  
-0.05236906676  
-0.2812612752  
-0.9289081546  
-1.040513728  
0.4509227046  
1.197991821  
0.908339104  
-0.09902601047  
0.7511939439  
-0.1998587475  
-0.5140332997  
0.3806303636  
0.9780659233  
0.1219534492  
-0.9915233799  
-0.2582899249  
0.4804148735  
-0.1425646514  
-0.3006172198  
-0.3025809346  
0.1194055774  
0.2536942417  
-0.461292609  
0.7251065982  
0.6278332375  
0.3890718748  
-0.4913494995  
-0.4216777516  
0.1033827099  
-0.4062307807  
-0.3915535809  
0.3253861752  
1.19294621  
0.6107330501  
1.448015358  
1.253500627  
0.5490893075  
-0.790308195  
1.464954306  
0.3826721791  
-0.1110702185  
0.1234726599  
-0.3319286594  
-0.3090985538  
0.00482378498  
-0.05971648524  
0.5184741667  
0.8028270474  
-0.9693468238  
0.6045594776  
-1.369365977  
-0.8893012522  
0.1344779533  
0.09800502743  
0.5009591945  
0.02504646871  
-1.075057325  
-1.026148898  
0.08909970823  
-0.1200983234  
-0.3450999064  
-0.07712856179  
0.4282716729  
-0.7071370879  
-0.09180757719  
0.269576968  
-0.2080330456  
-0.5722546986  
-0.2368380795  
-0.09667743587  
0.297192758  
-1.147035849  
-0.008431912756  
-1.274669031  
-0.3594501371  
0.8666277756  
0.9088636395  
0.6142881792  
-0.1422552534  
0.1351633992  
1.376925416  
-0.7291019434  
-0.7412570935  
-0.1674711089  
1.085297093  
1.044151825  
-0.7953713413  
-0.1358282621  
-0.002638558456  
-0.3118207048  
-0.5842461424  
-0.23405471  
-0.2393177613  
0.08173299786  
0.1290031418  
0.9862827147  
0.2506083831  
1.234948686  
-0.2928296203  
-0.1441258113  
1.047797116  
0.5505226305  
1.027975225  
0.06262855546  
-0.5041093503  
0.08629347901  
0.3383105798  
-0.9385697605  
-0.6784233071  
-0.08250933909  
0.205395416  
0.3157714214  
-0.01941143298  
0.02419874235  
1.062665234  
-1.007816366  
0.1365189119  
-0.7342373937  
1.001641287  
-0.8312571198  
-0.6575223941  
0.4003686041  
-0.1509726348  
-0.1545664834  
0.1110949719  
0.1062333142  
-1.121533026  
0.4228640458  
0.2553638363  
-0.1007861528  
-1.434494062  
1.166363147  
-0.3658795246  
-0.5322085779  
-1.025328954  
0.6140872871  
1.234473571  
0.4077610718  
-0.7771965265  
0.3449130186  
-0.9229926464  
-0.002414390624  
1.061042136  
0.2183264347  
0.2429655271  
0.7055167193  
-0.6682775628  
-0.9586119998  
-0.09471083213  
0.6636151601  
0.6235244709  
0.9723458797  
-0.2793819868  
0.7661358934  
-0.3416736434  
-1.094698232  
-0.2494855306  
0.3980048942  
0.9336279978  
-1.101571491  
-0.237350727  
-0.6971335513  
0.08448285054  
-0.7619969602  
-0.7366873402  
0.5776353743  
1.186862852  
-0.289555445  
-0.1933389186  
-0.5724063807  
-0.1751222303  
-0.8561406288  
-0.4144832681  
-0.0002799092817  
-0.2340806746  
0.1440997333  
-0.09306820011  
1.020676044  
0.9127057365  
0.987529116  
-0.7047805446  
0.5220995828  
0.175510409  
-0.1775809548  
-0.5225346461  
0.3326939429  
0.01248816899  
0.5589813861  
-0.9192095303  
-0.4393301625  
1.72469157  
-0.4736189023  
-0.2097867227  
-0.6583187182  
0.1439981919  
-0.743723178  
-1.00896528  
-0.9727902401  
-0.7948872296  
-0.2933272991  
-0.01641338891  
1.00645578  
0.1058870167  
0.3302752605  
-0.002349554234  
-0.7272899256  
-0.5076921277  
-1.405463047  
-0.02236924615  
-0.4544862042  
0.4669520149  
-0.870412355  
0.7701195665  
-0.6180927988  
0.4358096244  
1.415665818  
1.127176294  
-0.1640980846  
0.7825173549  
0.9031590506  
-0.4539600845  
-0.001067149146  
0.8461701009  
0.9431359888  
0.9582646471  
-2.106926364  
-0.9597808143  
-0.9525854118  
-0.3529039095  
1.239671704  
-0.6200265928  
-0.3627789298  
0.0904170864  
-0.5430437104  
-0.1405414081  
-0.4818125391  
-1.021506418  
-0.4496331882  
-1.27311905  
-0.3837159094  
-0.7666449786  
-0.6685229945  
-1.023141989  
-0.8107373874  
-0.2523217707  
2.019459363  
0.3960848349  
-0.657740215  
-0.3437716374  
1.290262117  
0.1598266119  
0.7795460534  
-0.3466980243  
0.5833525633  
0.3278284706  
0.5639964536  
0.8087297329  
0.3118329533  
1.097277705  
0.06143434337  
-0.8681765477  
-0.2547550692  
-0.7052138839  
1.17628371  
0.1328365693  
0.6643183703  
-0.1599866732  
-0.4378893201  
0.3193765357  
0.3278084279  
0.437090013  
1.618196771  
-1.110132304  
-0.7728817325  
-0.093854054  
-0.7969886062  
-0.1863761364  
-0.7277702808  
-0.6966000538  
-1.111271677  
0.5121813364  
0.862616385  
-0.050527072  
-0.8950753451  
-0.6930466462  
0.08007234975  
-1.657378442  
-1.275253527  
-1.437409135  
0.7613801959  
0.5067345072  
0.3619163453  
-0.9458104306  
-0.05613943089  
-0.07216793998  
0.09259784203  
0.4686779532  
0.2551813228  
0.03504066293  
0.02562972294  
0.5153303057  
-0.1450810086  
0.3060614561  
2.191571412  
1.730726964  
5.374249934  
4.602552778  
3.122398708  
0.457660825  
-1.843578327  
-1.176377697  
-0.1855261946  
-2.149169939  
-0.2512105732  
-0.9822560026  
-0.6202438821  
-0.7668182345  
-0.7583456869  
-0.9450444289  
0.5004590918  
1.083715699  
5.084661826  
3.04619706  
3.196020119  
1.743494492  
1.29449059  
-2.864120226  
-0.833936334  
-1.056728381  
-1.755024912  
1.295350242  
-1.426514316  
-0.4114352587  
0.813248383  
0.0856833141  
0.3222905464  
1.21821089  
1.612103368  
-0.3427624838  
-2.143828443  
-1.55398338  
0.1504627573  
-0.7908895211  
-1.221581214  
0.5884472949  
-0.9336152312  
-0.0009039483204  
-0.4455079536  
-0.1634838882  
-0.3535200526  
-0.6324277895  
-1.301580115  
0.3803552852  
-0.2163605557  
0.6074307127  
-0.7128571671  
-0.1002487768  
-0.2712689741  
0.001270533811  
-0.1610195641  
-0.2138062081  
0.7435748559  
1.0517445  
-0.2798711016  
-0.3548629241  
0.08491369577  
-0.5118938758  
-0.7980630865  
0.5444079842  
-0.5800020575  
-0.09829235932  
0.5195995708  
-0.152453305  
-0.9567085434  
-0.5684808389  
-1.51194248  
-0.8189327319  
0.2937702814  
-0.5212910021  
-0.7774752292  
0.06794542793  
0.2279143995  
0.3223241228  
-0.6152014302  
0.4904975736  
0.08222317363  
0.2520468029  
0.1845065931  
-1.89507545  
0.118755336  
0.07602521115  
-0.3105707313  
0.4826548342  
0.3171967829  
-0.2712472818  
-0.209195997  
0.5004747445  
0.8056391192  
-0.402973384  
-0.8051120408  
0.352846559  
0.5456174075  
-0.4724283501  
1.338437467  
0.7508115136  
0.1689748697  
-0.9271881758  
-0.4884669454  
-1.029059991  
-1.06631583  
0.07511359035  
-0.3876554961  
-0.5013368695  
-0.6968947484  
-0.6710040104  
-0.7930991061  
-0.3062231575  
-0.5906094114  
1.967382365  
0.5108505793  
-0.1943801224  
-0.02328626227  
1.442471949  
1.25116056  
1.989445726  
2.384698042  
0.6373053808  
0.04898590833  
0.4056739889  
-0.9126043662  
-1.534731317  
-1.64899531  
0.6997511524  
-0.3740070289  
-1.185247726  
-0.6090206656  
-0.5441638497  
-1.046425124  
-0.8623111761  
0.7032804432  
-0.8108802047  
-2.756737664  
-1.852993657  
-1.891546184  
-0.09573854953  
-0.9331545628  
-0.8436812883  
-0.6795498363  
-1.197409635  
-3.211104151  
-1.229498949  
-0.9455856123  
-0.07982643973  
-2.11498998  
-2.108071391  
-0.8659033263  
-0.9090261355  
-1.728649195  
-1.955960265  
-3.262610734  
-2.134499402  
-0.5778291934  
0.1332010969  
2.024674897  
2.226030086  
1.391205706  
2.535047112  
1.961377325  
2.639453538  
2.149138809  
1.320448658  
1.844984264  
2.635274552  
0.5026973488  
-0.1352391319  
0.2349963717  
-0.5793527035  
1.179242718  
0.5671124248  
0.4555135913  
0.1382884212  
-0.2041675601  
1.946261869  
-0.3309835304  
1.326552515  
1.921841466  
0.6938793993  
0.7213673496  
1.298124502  
0.9296925346  
4.816511719  
3.784993115  
2.039906334  
1.316648958  
-1.612093423  
-0.6804272509  
-0.2115120963  
-1.493269128  
-2.117963927  
0.5429386513  
0.643047313  
-0.5524025558  
-0.734420463  
-0.2267730377  
-0.7650668037  
-2.075674649  
1.106483079  
-0.2510742144  
-0.3333692814  
0.1793024536  
0.9893376363  
-2.01413607  
1.360136095  
-1.60457981  
-1.188642812  
-1.005809629  
1.749352346  
-0.02356642411  
0.4015345214  
0.131680313  
-0.834277211  
0.1160092924  
0.606694486  
0.8198232446  
0.3258203421  
-0.7008800925  
0.6514241714  
-0.3541307665  
0.6416327877  
0.1653187161  
0.7234123341  
0.2979473252  
-0.2234966793  
0.5261960728  
-0.8382058429  
-0.567591283  
-0.4021387373  
-0.2803429907  
0.7943944554  
0.7590064902  
-0.1777681002  
-0.1103458784  
0.5494977529  
-0.543986125  
0.4423736817  
0.08135224775  
-0.4667102311  
1.402719703  
0.2688657274  
0.310669517  
-0.237853359  
-0.0188077964  
0.5015976172  
0.886282842  
1.108455407  
0.7125665331  
1.974104739  
0.5744216323  
0.6793007503  
0.07981210713  
-1.203606137  
-0.8399347688  
-0.7904145011  
0.1934823039  
0.07929301573  
0.3512662077  
-0.4200234107  
-1.028579861  
-0.77777225  
-0.6259083409  
-0.57520582  
-0.9961299213  
1.388520917  
