-0.1202762624  
-0.2247933949  
-0.2734985742  
0.06381465092  
-0.1798002336  
-0.3179334461  
0.504930852  
0.3967015023  
0.1146808763  
-0.05714219651  
0.01085837416  
0.1884076009  
0.0920437632  
0.1089828889  
-0.1542304741  
0.2225089239  
0.1048847957  
0.0296445487  
-0.05178397103  
0.4091022586  
-0.3882745047  
-0.4059068113  
-0.08056377232  
0.2991990302  
0.07799493054  
-0.02675106415  
-0.2201436105  
-0.1912144382  
-0.3158576314  
-0.06723617788  
-0.1106534814  
-0.1839376189  
0.2117214754  
-0.1457505204  
-0.004858860656  
-0.3465579329  
-0.3030590487  
-0.2108396413  
-0.1290869414  
0.2283729369  
-0.400101101  
-0.06260702839  
-0.07423721387  
-0.07774536127  
-0.2356274715  
-0.2637931283  
-0.2504669944  
-0.1531552262  
-0.07581107879  
-0.1578911531  
0.4723957492  
-0.05673863522  
-0.1608413759  
-0.4852331746  
0.0698860601  
-0.2162904283  
-0.3795284423  
-0.1334127278  
-0.3908277115  
-0.381115662  
-0.3218510012  
-0.1635569254  
-0.2014625462  
0.3773413914  
1.01516016  
0.8451921898  
0.4282667054  
-0.6924266478  
0.1590196024  
1.180860467  
1.00134643  
0.8842849339  
-0.3336635143  
-0.2893401797  
-0.4690037109  
-0.3428033537  
-0.2942654583  
-0.4396385669  
-0.2912568991  
-0.4606323674  
-0.5873228711  
-0.4423267866  
-0.5675872784  
-0.5198729591  
-0.5631049937  
3.335572725  
2.396370533  
2.307217811  
3.117713898  
0.4748547083  
-0.5160083046  
-0.4811723467  
-0.4060336888  
-0.3980567145  
-0.5978026839  
-0.6005441305  
0.0123668771  
-0.3982503895  
-0.03150540009  
-0.388753343  
-0.4651679093  
0.268573918  
-0.1316621539  
-0.07060516365  
-0.5005470793  
-0.5205125434  
-0.2204930237  
-0.01105082263  
-0.3397746865  
-0.3372401544  
-0.03276229904  
-0.1121167978  
-0.4673255648  
-0.3750079796  
0.04362875143  
-0.08781347084  
0.1675569734  
0.1208747238  
-0.2246404929  
-0.382973798  
-0.2065911762  
0.1251821149  
0.2771105335  
-0.4028231891  
-0.2067655165  
-0.539245285  
-0.4020935163  
-0.4452861868  
-0.4528069672  
-0.4229641048  
0.434306082  
-0.1600570131  
-0.02195930873  
0.1417212407  
-0.08488860796  
-0.6881238463  
-0.5781938154  
-0.3245009798  
-0.4586794977  
-0.5011480236  
-0.8827371926  
-0.7052305793  
-0.2662864374  
-0.6480359524  
-0.4547731443  
-0.1813029946  
-0.9488647969  
-1.219799369  
-1.131689263  
2.094212379  
-0.7189530441  
-0.6611856204  
-0.4391969214  
-0.9873902904  
0.3621069088  
-1.878964325  
-1.754827769  
-1.782703319  
-1.958521743  
-1.916568403  
-1.532417113  
-1.702709775  
-1.793962165  
-1.880216994  
-1.581546276  
-1.831699483  
-2.211649043  
-2.636647405  
-2.139291163  
-2.935352002  
-1.004425023  
-0.7429534434  
3.104654398  
2.831893018  
2.99466378  
2.778902695  
3.049036489  
2.770403357  
1.998441234  
1.315626013  
1.705485039  
0.8699412854  
0.6404992447  
0.8548971112  
1.54350619  
1.688140771  
1.45238733  
0.407365892  
-0.09514659121  
0.5587692822  
1.402300351  
1.357001174  
1.047541373  
1.151088287  
1.542872905  
-0.4284169741  
0.7606098942  
0.8193280083  
1.126431111  
0.895491224  
0.8474364231  
-2.210817936  
1.241435682  
1.353848133  
1.215868483  
0.9702321149  
1.48687386  
1.303156123  
0.866989729  
0.9749709751  
1.126663224  
1.643874238  
1.313474055  
-0.7386913568  
1.495688533  
1.841859184  
1.710699355  
1.269229805  
-0.7495456813  
1.843724198  
2.016130187  
-2.822462542  
2.24883186  
-0.2401800711  
2.990481566  
2.576882934  
0.6790128562  
3.505442389  
-2.342325306  
-0.2590399688  
0.9022671296  
0.2532288851  
2.657795493  
2.834783087  
1.810075269  
-0.4809204671  
-2.035118521  
-1.516807881  
1.835698676  
2.218415799  
0.6186598421  
-1.654492674  
-2.360431198  
-2.215226411  
-2.12781932  
-1.477548951  
-1.392584678  
-1.718466517  
-1.977859858  
-1.744933808  
-1.356076489  
-0.9758948824  
-1.392180829  
-0.9654267808  
-0.5522097765  
-0.6142338918  
-0.728532802  
-1.18184883  
-1.057707711  
-0.6494522942  
-0.4968787365  
-0.5907227377  
-0.5929506009  
-1.197117404  
-3.219455754  
-0.9752321842  
-0.7971394304  
-1.028467312  
-1.733247559  
-1.072892834  
-0.9858361105  
-1.135396651  
-1.623255191  
-2.154613513  
-2.212062786  
-1.319363063  
-0.4390586086  
-0.4061933254  
-1.4420399  
-1.957092938  
-2.30625784  
-1.939397976  
-3.087147307  
-2.274196906  
-0.2276802377  
0.0525299499  
-1.054141065  
0.3286366775  
0.9437299722  
1.790907276  
1.091368495  
-0.8954380219  
-0.4032918093  
0.9171880083  
1.84508962  
1.263964453  
0.9457848037  
0.5879464488  
1.186469846  
1.03602896  
1.035624373  
1.416168576  
0.638186998  
0.3107774879  
0.322772464  
0.9864331334  
0.674342584  
0.6183513887  
0.3910638607  
1.01665234  
0.666657029  
0.1423315281  
-0.100462853  
0.1022764659  
0.06321686571  
-0.01214078932  
0.2560403621  
-0.2540429681  
-0.1315382854  
-0.1590701209  
-0.2618596664  
-0.35596964  
-0.2524683722  
0.1536051813  
0.07141312223  
0.3413612194  
0.8933995018  
1.101588178  
1.263201288  
1.094685363  
1.050622293  
0.6997890329  
0.4148869034  
0.2567214515  
0.7182157406  
0.6484111963  
0.7182212895  
-0.1309369937  
-0.4916215956  
-0.291225688  
-0.1502368168  
-0.3667530801  
-0.9603440796  
-0.6926974251  
0.4413430057  
-0.2880897983  
0.03437937666  
0.1747914389  
0.2740436323  
0.4631121729  
0.5386912374  
0.1000439129  
-0.2940372775  
0.335103548  
0.2220245489  
0.3154187824  
0.6377391119  
0.3268971372  
0.7175059727  
-0.3453840617  
-0.3222032386  
-0.5135426127  
-0.1990730985  
-0.1327477434  
-0.1416777951  
0.1613554285  
-0.03748489288  
0.006600862442  
0.0764020037  
0.3096801472  
0.1719629788  
0.03443033776  
0.1024652163  
0.1099185785  
0.149271476  
0.3782962739  
0.1031793778  
0.04026605748  
-0.1210787518  
0.05078275475  
-0.486043221  
-0.60232213  
-0.7313539764  
-0.5164069894  
-0.7103326941  
-0.273723635  
-0.4474575953  
-0.4341012397  
-0.03735005507  
-0.1773035716  
-0.1348521338  
0.2048239753  
0.3469164502  
-0.03449966288  
0.2817378952  
0.1106627431  
0.006145399137  
0.1881960838  
0.3620535172  
-0.2971030503  
0.2340346651  
0.06184749159  
0.1543114482  
0.03886064153  
0.1139851143  
-0.0877995194  
0.04686660295  
-0.2711436323  
-0.02365940549  
-0.1212221322  
-0.2516121  
-0.1641643084  
-0.1271357593  
-0.2597628793  
0.08876054503  
0.02532614948  
-0.1235025585  
-0.278605161  
0.1566223105  
0.2207907296  
0.1447024676  
0.05496262615  
0.3405923486  
0.319018222  
0.1916452595  
0.2716339582  
0.2724811696  
0.2092837779  
-0.04975020405  
0.2807747759  
0.05960033422  
0.1988494348  
0.3001321402  
0.01676087962  
-0.06492678487  
0.1208589916  
0.2858475927  
0.05422131311  
0.1867044835  
0.05090585922  
-0.04156166334  
-0.175462255  
0.2161749876  
0.1822305613  
-0.04108867606  
-0.03935272998  
0.1803602819  
0.06647198864  
-0.5379040031  
-0.5096678703  
-0.3503096264  
-0.3505485306  
-0.0733647378  
0.04250067778  
-0.437206974  
-0.3821032145  
-0.2863222304  
-0.4415559002  
-0.2904469323  
-0.1752542177  
-0.06647442398  
-0.1750901864  
-0.08379231923  
-0.4883750144  
-0.2970626935  
-0.4817357883  
-0.01423382008  
-0.2361571958  
0.317911832  
0.02789494239  
-0.02083137812  
0.3469250203  
0.2959144959  
0.1456794338  
0.4590966599  
0.4996450049  
0.5745410562  
0.7449600017  
0.4936651205  
0.2902503438  
0.2844977788  
0.5561003643  
0.3963728311  
0.5374363948  
0.5245526175  
0.279938443  
0.2873348972  
0.5151475908  
0.5352956525  
0.6652801323  
0.7149891306  
0.7092359687  
0.4350981108  
0.6020532993  
0.7072875164  
1.129287986  
1.235395816  
0.462442373  
0.2119805643  
-2.050327639  
0.002338562712  
0.03990136778  
0.1615354578  
-0.09602666366  
-3.590123276  
-0.4220951238  
-1.416820156  
-0.2264947977  
-0.5708220727  
-0.4714930688  
-0.2749825748  
-0.4704450452  
-0.6319162687  
-0.4004595737  
-0.3945935642  
-0.2511183195  
-0.1595944253  
-0.4763456628  
-0.3488736902  
-0.09359850081  
-0.3017439991  
-0.3446052394  
-0.2734274202  
-0.2736779123  
0.02943749625  
0.1093619181  
-0.1516753701  
-0.3523827578  
-0.25488332  
-0.3561348639  
0.01090307936  
-0.2203729439  
0.09645091625  
-0.06663563052  
-0.232841908  
-0.2223687003  
-0.3098013876  
0.144264875  
0.4065740523  
0.2374112532  
0.1094266392  
-0.0184241106  
0.01262442147  
0.1647021588  
0.07006108586  
0.2217137023  
0.159851908  
0.2237232102  
0.2188369244  
0.3204037655  
-0.03626708266  
0.1472768045  
0.08924432928  
0.05921870416  
0.00293440948  
-0.1487043644  
-0.426907074  
-0.2583254415  
-0.1150847227  
-0.6054623147  
-0.2281625691  
-0.002497487439  
-0.1818430226  
-0.09951837579  
0.002820962764  
-0.1135900288  
-0.02867963468  
0.1941499727  
0.1550502762  
-0.02823090529  
-0.006852878898  
0.04110001098  
0.01131341975  
-0.01695070939  
-0.01330256105  
-0.2638595577  
-0.3578758037  
-0.005488384129  
0.1048412575  
-0.4492374386  
-0.3534079849  
-0.1493619027  
-0.01769503757  
0.3777878218  
0.1431549495  
0.1514356419  
0.0415292696  
0.005126067969  
0.1133550053  
-0.1309162478  
0.1172673237  
0.06134247678  
-0.07462755826  
0.05074046222  
0.2045466225  
-0.118890185  
-0.06290875121  
-0.07981723537  
-0.01828329162  
0.1093975754  
0.0827803092  
0.1142635705  
0.8443411669  
0.4139844596  
0.5688239011  
0.4742315186  
0.3303619689  
0.3985350674  
-0.0290318317  
0.5343313783  
1.413939468  
1.376731418  
1.422714147  
1.501157045  
-0.5445687628  
-0.910208694  
-0.8702230525  
-0.6330626095  
-0.6555383775  
-0.7620595334  
-0.398436906  
-0.3120912937  
0.2578043017  
0.5899724301  
-1.312209392  
-0.4024418053  
0.02820706095  
0.01106930173  
0.2664429217  
0.1954649719  
0.3578517088  
0.4985874176  
0.2929308801  
0.4279949695  
-2.487144968  
-0.08374581853  
-1.975543132  
-0.3060826947  
-0.2093508269  
0.2071225851  
-2.462450732  
0.3026838811  
-0.1302533573  
0.0950492225  
0.4325476488  
0.1196568357  
0.3331703783  
0.2415050002  
-0.3068952709  
-0.4899335595  
-0.2050515104  
-0.3024776635  
-0.2090691174  
-0.2425127223  
-0.3969931373  
-0.1931244766  
-0.1489382695  
-0.007818685407  
-0.06023744918  
0.4847256278  
0.7307167106  
0.8080541998  
0.8678487132  
-0.07805197167  
-1.105661412  
-0.08473290556  
-0.1661099798  
-0.03640682245  
0.008188686966  
-0.03038137337  
0.1271201432  
-0.03483793186  
0.05721591568  
0.08083225491  
-0.3258959294  
-0.19055005  
-0.3140241356  
-0.3786297712  
-0.1259077694  
-0.06359358003  
-0.1847458555  
-0.2155511946  
-0.2156427149  
-0.0006360502792  
-0.2698206198  
0.03351844577  
0.08881597098  
0.2213091081  
-0.07193062444  
-0.01736217783  
0.04983708595  
0.2614549583  
0.01104894346  
0.7323454556  
0.2489665339  
0.2821327622  
0.3607701795  
0.7583983142  
0.4089938818  
0.1085767619  
0.1973857638  
0.1852864031  
0.2241743174  
0.02224528403  
0.1637295016  
-0.186242361  
-0.4487324494  
-0.1094495726  
0.4324938461  
0.2612512725  
0.29392894  
0.3946742561  
0.4077700368  
0.1863531736  
0.280138134  
0.01771898819  
-0.0923092521  
-0.01924166766  
0.1743095018  
0.1075314838  
0.2382472604  
0.163342964  
0.09806925027  
0.1957897153  
-0.02412552616  
0.3973212524  
0.3572483767  
0.2658666551  
0.3190591832  
0.07129490529  
-0.06601382368  
0.1489123587  
0.2955562956  
0.3093359445  
0.4415228886  
0.5305193918  
0.414054332  
0.1987196664  
0.4345818008  
0.3304658782  
0.1980351553  
0.4427788537  
-0.3762473699  
-0.02326377336  
0.2324807904  
0.1102889675  
0.3185665217  
0.5314697121  
0.1784069626  
0.2787809929  
0.9043665658  
0.7008187075  
0.616651708  
0.495013092  
0.4222428053  
-2.249614414  
0.630353479  
0.4389770996  
-2.097592594  
0.3791405813  
0.5799163797  
0.1747765545  
-1.255499407  
0.1194157041  
-2.334075744  
-0.4756522609  
-2.463268713  
0.07665541732  
-0.1107424766  
-4.730059692  
-1.115606655  
-0.3029033296  
-0.8726639166  
-1.468615852  
-0.5111007329  
-2.270878641  
0.0373667644  
-0.2375176066  
0.1164062077  
0.4919588919  
0.3111870583  
0.2295945363  
0.3627881173  
-0.01219802466  
0.1793646428  
-0.002357739116  
0.2202900545  
0.07514749046  
0.02938972751  
0.07269176622  
-0.1595345164  
0.2904298362  
0.1721651298  
0.1388215565  
0.2325352272  
0.02159833492  
0.3933458651  
-0.9796617427  
0.615473237  
0.08404363851  
0.2222742071  
0.2421160457  
0.187369804  
0.2420723658  
0.4376744385  
-0.1311363452  
-0.2043876009  
-0.1012574163  
-0.07797270422  
-0.2700289928  
-0.1574271047  
0.04040655031  
0.049794454  
-0.06426537504  
0.1625923344  
-0.1417749042  
0.0253707964  
0.08067469835  
0.3350654951  
0.4783036798  
0.1916587644  
-0.07893864056  
0.3167443077  
-0.2365023685  
-0.1503157968  
0.1015594041  
0.2854259864  
0.3524693319  
0.3323750484  
0.4156892912  
0.08903457446  
0.2681286525  
0.1131826958  
0.3702897978  
0.2413016369  
0.1053528205  
0.3663640719  
0.3572649962  
0.1727148867  
0.1924522348  
0.3064515438  
0.3283873687  
0.3441248781  
0.3808811593  
0.4414653177  
0.6659120109  
0.5853174126  
0.477465497  
0.2923008239  
0.6076851476  
0.6191653274  
0.9678948782  
-0.1404287202  
0.08328404741  
0.3852205761  
-2.01666304  
-0.5323026474  
-0.2597849489  
-0.3706869656  
-0.2459652975  
0.1123749082  
-0.1717134673  
-0.08826588245  
-0.09604120949  
-0.4103799733  
-0.5452790628  
-0.6025427689  
-0.4528989851  
-0.5641817199  
-0.4523011912  
0.1459805208  
-0.09036804219  
-0.1888866805  
-0.2133216853  
-0.252697286  
-0.1023492993  
0.04155910533  
-0.2315754595  
-0.2516551056  
0.2542011873  
-0.01441119106  
-0.2804047056  
0.05854099284  
-0.03003277267  
-0.08877940679  
0.02378126788  
-0.2645302291  
0.5995696544  
0.4498675754  
0.3649695192  
-0.0589262706  
-0.03114000134  
0.1096799358  
0.2803710537  
0.3340469036  
0.3563322885  
0.5238666589  
0.2852112714  
0.07179085037  
0.358747943  
0.5465801946  
0.2347205137  
0.273967317  
0.4006385436  
0.8223954008  
1.012594868  
0.593226891  
0.7237748117  
0.4699724453  
0.8748177087  
0.6706392887  
0.8307421466  
0.7105686808  
0.7873893069  
1.023441827  
0.8187930642  
0.824782873  
1.501304501  
-1.535851097  
0.9208431014  
0.530325644  
0.7502427101  
-0.4413421036  
0.8429633447  
1.128765647  
1.384540814  
1.629117308  
1.625689398  
1.828402906  
-1.181891996  
1.684381154  
-0.4104321056  
-1.188212781  
-1.035765811  
-0.1712064246  
2.323965853  
0.01803025931  
2.165074163  
0.3787804364  
-2.644084593  
-2.44983707  
-2.622050305  
-1.027413993  
2.204548992  
-1.687336379  
-0.3781289237  
-1.183008837  
2.800055004  
3.286731811  
0.6845611043  
-1.808864744  
-1.618581237  
-1.363810945  
-1.812423619  
-1.632582514  
-1.677324394  
-0.9599641325  
-1.015069315  
-0.8388240207  
-0.6733456493  
-0.7818077416  
-1.240242675  
-1.243303073  
-0.862736357  
-0.6692284918  
-0.6988348172  
-0.8513978967  
-0.3440149986  
-0.09798051388  
-0.8516276944  
-0.9525170494  
0.2189299345  
1.833309576  
2.151287484  
0.2352669531  
-0.5526720146  
-0.5752599403  
-0.2491065174  
-0.244097589  
-0.202723536  
-0.3529370259  
0.01264736683  
-0.04199253502  
-0.5570239909  
-0.8550678807  
-0.3487797419  
-0.6417891896  
-0.1996249322  
-0.2126897399  
0.2708984418  
-0.1729541751  
-0.5592535309  
-0.1867579907  
-0.4945226281  
-0.7493999373  
-0.2911439997  
-0.08170959222  
0.215035288  
0.2091738497  
-0.2750461385  
0.08811810813  
-0.1767448128  
-0.3342945391  
-0.3400031515  
-0.3034265548  
-0.1734667011  
-0.5861092852  
-0.3086965735  
-0.5206293457  
-0.3367578483  
-0.8900677067  
-0.2641403536  
-0.5485002602  
-0.5213039283  
0.1625666633  
-0.0762314079  
-0.4358669022  
-0.3465724067  
0.05897123646  
-0.3591100314  
-0.1720965107  
0.012990039  
0.002730835539  
-0.3693111754  
-0.7513866106  
-0.2995230177  
-1.085150971  
0.7186326918  
-1.171926405  
-0.9874600252  
-1.16372348  
-0.3847194088  
-0.6690822266  
-0.8628860725  
-0.6712269196  
-1.047162879  
-0.3633375561  
0.2365738992  
0.7139830618  
0.6827656096  
0.5357374676  
-1.124313323  
-1.61982503  
-1.523331702  
-1.467741901  
-1.391611437  
-1.192713507  
-1.605495543  
-1.740924287  
-0.8072045562  
1.325704589  
2.28194091  
-1.978658669  
2.293408953  
2.501591584  
2.385803238  
2.843518808  
2.416551017  
2.368332038  
-1.167709102  
0.5341990591  
-0.9281740771  
0.2859044933  
2.09617061  
-2.479805875  
0.309723969  
1.082009949  
1.374335231  
-2.708698079  
0.3878602284  
1.587526588  
1.321321876  
1.650297818  
1.230416608  
-3.033335933  
-1.397878056  
0.6273198437  
-1.168027576  
-3.394756837  
0.8314310598  
0.9456185467  
-1.1343252  
-1.123068327  
1.158381958  
-0.9205886416  
-0.9185703578  
1.477730827  
1.18467142  
1.778207018  
1.881774348  
1.422177516  
1.310522611  
-0.4786932277  
-0.5851570504  
0.4376231836  
0.850407749  
0.8919780827  
0.4593164129  
0.7700570714  
0.9546262321  
0.7176630881  
0.7242715565  
1.11165879  
1.340235956  
1.044395745  
1.231417338  
1.399956667  
1.539488014  
1.563937446  
1.634669505  
1.645861356  
2.753331346  
1.962109709  
2.058386448  
1.403119021  
1.50225731  
1.708322589  
2.219518076  
1.793360445  
2.223375017  
2.281125694  
2.658199207  
-0.3241990125  
-2.531938549  
-2.16698201  
-1.978615485  
-1.741374279  
-1.566460173  
-1.812338541  
-1.531471087  
-1.687658196  
-1.037379962  
-1.186434286  
-1.19635529  
-0.9503471372  
-0.1982793177  
-0.6241142622  
-0.4713961495  
-0.8329067484  
-0.9782709819  
-1.144149643  
-0.5361849244  
-0.4693665551  
-0.5105920414  
-0.4648913311  
-0.5054732102  
-0.06586212577  
-0.1444998  
0.1114691112  
0.1140764425  
0.1335778908  
0.6257598203  
0.5904063064  
-0.1466140092  
0.003050195678  
0.4020363516  
0.7765829869  
0.731928638  
1.23118584  
0.6456373247  
1.756381109  
2.920143589  
3.027243408  
3.350343606  
0.8647180679  
0.8341522971  
0.9604081441  
0.777632404  
-1.306130299  
-1.942768946  
-1.765413702  
-1.791115531  
-1.832374478  
-1.907719091  
-1.194513579  
-1.305085443  
-1.562795454  
-1.692353042  
-1.266956256  
-1.146552961  
-1.041157013  
-1.322742173  
-0.9331111908  
-1.53686172  
-1.463225615  
-1.303069117  
-1.224561106  
-1.466970064  
-0.9801525387  
-0.6021936264  
-0.7244097814  
-0.6315754934  
-0.7267656364  
-1.3934475  
-1.213945959  
-1.180733564  
-0.5995133871  
-1.292785331  
-1.024366043  
-1.647384262  
-1.387643611  
-1.309532221  
-1.26187227  
-1.225709973  
0.3639395276  
0.4535765694  
-1.517359634  
-1.707505419  
1.507071496  
1.403229766  
-0.4841510412  
2.165518964  
0.4686443464  
-1.992806631  
2.267409818  
1.984106012  
-2.065689193  
-0.8353601463  
-0.1174636334  
-0.85904239  
-2.244101016  
-0.7268658176  
1.120353288  
0.8984172619  
1.927601558  
0.1322719121  
1.447718416  
1.674203031  
1.920590213  
1.446788524  
-2.297941143  
-0.926167939  
0.3972788532  
0.4647302975  
1.832849346  
1.612981455  
1.513713597  
2.111791021  
1.501702186  
1.873827649  
1.942979549  
1.945469561  
2.180685796  
1.535889913  
1.39135966  
1.890197938  
1.03250395  
1.005296741  
0.7594471527  
1.838481893  
1.973239114  
2.215366457  
-0.160132425  
1.189913811  
1.587276739  
-0.148374672  
-1.524789217  
-1.737353842  
-1.267786225  
-1.465730812  
-1.231130475  
-1.330626397  
-1.084489688  
-0.6298150906  
-0.2984198028  
-0.002183019823  
-0.9177569249  
-0.5152963064  
0.3053280977  
0.01656563963  
-0.4500078443  
-0.4564065382  
-0.03809880102  
2.037478435  
-0.1931112206  
0.2564166595  
0.2930099101  
-0.08887537528  
