-1.360240683  
-1.025312499  
-1.013043541  
-1.941729686  
0.4194419639  
-0.00709047595  
0.4399979061  
1.422626243  
1.659284535  
-2.518098026  
-0.04493174086  
-0.1133316937  
1.001233253  
0.1774877379  
1.103583965  
-0.01560818097  
0.6141660906  
0.009384337674  
-0.3895144446  
1.370251119  
1.087694486  
-0.1508770788  
0.7848186573  
-0.07964835132  
-0.2825904838  
1.222002323  
0.4417983302  
0.4181436415  
-0.7975030998  
-0.3395448375  
-1.072150131  
-2.222779919  
0.05023581173  
1.095752778  
-0.4020062749  
0.9919089604  
0.6129426959  
1.70372654  
1.402952868  
2.39244247  
-0.3998611422  
0.603889023  
0.352405122  
1.458645826  
2.176394867  
2.387526191  
0.4170653782  
0.9534322582  
0.3869233821  
0.3374384939  
0.1702275809  
-1.461691905  
0.2091751588  
0.09135010277  
-0.6980290925  
-0.06014765428  
-0.0761659887  
-0.1402909932  
-1.054512334  
1.135280547  
-0.6434975209  
0.5670865307  
1.346516116  
1.827075449  
0.5202339266  
0.7983144653  
0.008810221539  
0.2775350937  
1.737585273  
1.196975374  
-0.5687384563  
0.1849136128  
1.013546656  
1.042799627  
1.513553329  
1.441242355  
-0.6560878506  
0.7304689888  
0.746184727  
0.7442957919  
1.954479277  
0.6167586555  
-1.239162548  
-6.09292116  
-1.373035633  
-0.8536892834  
0.3191131932  
1.40852178  
-3.448805655  
-0.9168245792  
-0.07700173325  
0.1963069201  
0.04219484642  
0.6200746649  
-2.799799383  
-1.350627689  
-1.266055196  
-1.782096556  
-0.5879233599  
0.2298388241  
-0.2432175104  
-3.340617879  
-0.06918485637  
-0.1790368808  
0.8662870403  
1.504050692  
1.817123064  
1.404463862  
0.351341322  
-0.2822476383  
0.9994443999  
0.8499082595  
1.092277215  
-1.130124728  
-0.2157606452  
-1.015927516  
0.4281794163  
-0.2183941876  
1.059727489  
-1.299517154  
-0.3261544963  
-0.3567538781  
0.3953056118  
0.9518506766  
0.6521046028  
-1.24783212  
0.1429568741  
-0.1831633266  
0.9540993364  
-2.406721496  
0.4491170843  
1.203994054  
-0.3837677486  
-0.1932157368  
-0.007117742932  
1.314626449  
1.062024849  
2.115345468  
-1.261445958  
0.4459356498  
0.1625216178  
-0.2342539386  
-1.001513621  
-0.01707226297  
-0.7514816566  
-0.9253667867  
-0.6555897999  
0.4564873323  
0.8604985258  
1.827337372  
-1.85170922  
0.1294892718  
0.9198742901  
0.03342804216  
0.9768529165  
1.384680763  
1.394233329  
0.3847452112  
1.003139549  
-0.8275449289  
1.149748779  
1.135598263  
1.535725815  
0.02633202149  
-0.1352895031  
-0.8725671945  
-0.3392190756  
-1.167764219  
0.1486903675  
-3.549323111  
-0.1217753635  
-0.8686826777  
0.7747973653  
0.9830614454  
1.32976641  
-0.4448506747  
0.5039256081  
-1.165755169  
-0.05628734115  
0.1872837601  
0.2063308399  
-2.402456966  
-0.2753549242  
0.547604635  
0.7381012398  
-3.862465567  
-0.8077808808  
-3.239066968  
-0.3298808338  
-0.1300249564  
0.5097490023  
1.210422488  
0.9727265559  
-0.2972978674  
1.047710076  
-0.4284595821  
1.127826334  
1.809551405  
1.288441237  
-0.07227919313  
0.8706231598  
0.04967734887  
-0.05487270472  
1.586620289  
0.8564427001  
-1.929000551  
0.6659517084  
0.3728914979  
0.008321536065  
0.9640750719  
1.993672522  
0.3792058028  
-0.1467031135  
-1.623357246  
-1.013804544  
-0.9474508638  
-0.7696624441  
-3.055104904  
0.4021072964  
-1.540322516  
0.4626889139  
0.04846306448  
-0.1039818967  
-2.459455197  
0.1706584583  
0.2606399175  
0.773161824  
1.707307346  
1.569338483  
0.1582282195  
0.7301926835  
-3.655502833  
-0.3284248949  
0.3593587113  
0.729288268  
-1.839571067  
-0.6820478093  
-0.6554010288  
-3.537105048  
-1.436715082  
0.541619273  
-1.393354742  
-1.5107398  
-1.155158195  
0.812899551  
1.245030897  
1.079943037  
-1.182871119  
0.5510654793  
0.3986227784  
0.2847086553  
1.285723972  
1.368645653  
2.250213382  
-1.18088849  
1.669259533  
-1.142905277  
-0.1288818709  
-0.3422187582  
0.7445898041  
-0.5447804717  
0.3762070577  
1.241150197  
-1.041752662  
0.3151747849  
0.4272084276  
0.8566280614  
-1.020579866  
0.2764534646  
0.7131692263  
0.2342344127  
1.190292081  
1.315537973  
-0.4859174176  
-0.003808916108  
0.2001388403  
1.168575551  
1.208801276  
0.8096153397  
-1.240611727  
0.3277633907  
-0.1805851543  
0.8615272056  
0.7825214637  
1.062045649  
0.109689007  
0.6799327391  
0.2990462407  
0.9314715284  
1.259311107  
1.960179223  
-0.04170055795  
0.5986399978  
-1.484743342  
-0.7765702398  
0.3089148796  
-0.09590853834  
-0.2129050507  
-5.552398372  
-2.384087652  
-2.031684347  
-0.4379757887  
0.8899667174  
0.2843731051  
-0.4527665443  
1.120895828  
0.06295207365  
0.7000715854  
1.247865066  
0.8048898807  
-2.413349341  
-0.9944725826  
-0.2938564282  
-0.3609143003  
0.2719880704  
1.073869569  
-1.244357179  
-0.7740817114  
-0.1434295241  
-0.6718248658  
0.527577524  
0.2618692529  
0.08079412103  
-0.1262148604  
0.7274361549  
0.4131790918  
0.3825116914  
1.409625402  
1.88284875  
0.8536549724  
1.098400993  
-0.01302733513  
-1.965914048  
-0.8724208544  
-0.8458757291  
-3.939198901  
-1.07760798  
-0.1959081247  
-1.047245241  
-0.3501612855  
0.1604868912  
-0.2840300933  
0.5005555078  
-0.732779581  
0.4899319809  
1.124148274  
1.884601243  
-2.345504646  
-2.794157862  
0.2366892365  
1.663429767  
-0.3376240869  
1.843049047  
-0.4101714773  
1.718198074  
-0.2830737753  
-0.06171580622  
0.4832538952  
0.819125905  
-1.16357811  
0.6136987016  
-1.61008176  
-0.173290349  
0.09336431066  
0.9764824491  
0.8947041882  
0.6628981924  
0.2958915567  
0.7382241377  
1.464996284  
1.264907675  
1.418310447  
0.8470334781  
0.06408487601  
0.3714356235  
1.177699773  
1.69789548  
-1.062484887  
0.9934448084  
-1.496361262  
-4.000928965  
-1.017089179  
-0.5429545269  
-2.90225858  
0.2078898567  
0.6074702642  
-0.2869739374  
-0.09470408124  
0.7081617341  
-1.501250947  
1.524012422  
-0.6265497623  
-0.130548599  
-0.3453194852  
0.5857213327  
-3.736237322  
0.3253157449  
0.3846457892  
0.7249325671  
1.075621156  
1.02036275  
-1.139011269  
0.8072737417  
-4.248090635  
-0.8914093819  
-0.3142754734  
0.2275506175  
-0.3700073247  
0.04096009957  
0.06430961924  
1.258615251  
1.469048173  
0.3877301212  
0.2780775272  
-1.676425715  
0.1910691106  
-1.912821036  
-0.06055105044  
0.6839873241  
0.04680880087  
-1.972589864  
0.5553171202  
0.1847414678  
1.282671888  
1.08064437  
1.722526291  
-0.333721556  
0.4663848032  
-0.6807209454  
0.6545116457  
1.045587599  
1.354490603  
0.9628958151  
-0.272802949  
-0.555326345  
-1.431205968  
-0.4435658374  
0.4042442898  
-0.127948482  
-0.3674305873  
-0.8546390404  
0.8493053828  
0.8125042582  
1.528025652  
1.421443374  
-0.7309194491  
-0.01129326543  
-0.4526337648  
0.8910748771  
1.440532981  
1.656471342  
0.0593377166  
1.113761507  
-2.373565903  
-2.176381878  
0.2428396085  
-0.005365385705  
-2.389777523  
-0.4276193536  
0.175027176  
0.09325227172  
0.1625848417  
0.365569329  
-0.9567576324  
-0.8352834252  
-1.50154973  
0.1664931096  
0.1112606655  
1.229649942  
-0.04085084131  
0.5053054479  
-0.7563575861  
-0.6060840053  
-0.2697744438  
-0.4655740516  
-2.943115649  
-0.4542333659  
-0.7697592153  
0.1430595042  
0.8796489395  
1.212257595  
0.9870524746  
0.3026771572  
0.6299848711  
0.1230186947  
0.4640730033  
0.6261184334  
-0.2415629386  
-3.054201723  
0.2369201335  
0.4087739258  
0.6883131536  
1.369488048  
0.7096288724  
-0.9314055884  
0.3503266397  
-0.1503855348  
0.0954518219  
0.6266786935  
0.01022789687  
-0.4777971139  
-0.3430056321  
-0.09005607443  
-0.1030664291  
0.7050477406  
0.6568677353  
-1.067608256  
0.4086080993  
0.872403318  
-0.2436644039  
0.9027176184  
0.5224331497  
-0.5566111187  
-0.02447482163  
-0.1081284343  
-2.217079962  
-0.7178228478  
0.3386200714  
-2.040235737  
0.3028928769  
0.0295487457  
0.05671744185  
0.7957432964  
1.447166647  
0.315365078  
1.320223986  
-0.2896440012  
-0.1875752796  
0.1448977149  
-0.06804521343  
-0.5944355465  
-0.05228962437  
-0.07241042053  
0.370308166  
1.074779586  
0.4446004775  
0.3347882194  
0.2773137571  
0.3417244553  
0.1897026649  
0.0404109067  
1.068051441  
-1.887998364  
-0.2088388179  
0.4155820567  
-0.01557538283  
0.9487117924  
1.123643631  
-0.4785170968  
0.3124350448  
0.2628758551  
0.8277426005  
1.621520914  
1.176981157  
0.2239406063  
-4.469630142  
-0.4993861382  
-0.2569169671  
0.9318158216  
1.059207957  
-0.2568025323  
0.2611648209  
-0.5462788921  
-0.8090823036  
-0.008465317794  
-0.395600757  
-0.2943957902  
-1.079835121  
0.07594203813  
-1.89544887  
-0.1731025113  
-0.5991877949  
-0.9696477907  
-0.03597606496  
0.3525296989  
-0.7834830759  
-0.3558546366  
-0.1798517492  
-1.028867258  
0.4778078697  
0.3158025321  
-0.5071063837  
0.1741148571  
0.1711628025  
-0.8165824475  
-0.1085767542  
0.3668946077  
0.08666683544  
0.05737587576  
0.3022025342  
0.4395963674  
0.3722904034  
-0.5551205611  
-0.1334647733  
0.3354374209  
0.914219753  
0.6419873053  
0.06111756641  
0.5768428807  
-0.1615405334  
0.2309817422  
0.517492861  
-0.9301708823  
-0.1584919692  
0.2928221424  
-0.1835253773  
-1.772708934  
0.3131303738  
-0.02762009085  
0.3221269514  
0.1092010328  
-0.4873693957  
1.146661901  
1.25118011  
-0.6908312146  
0.7026849135  
0.5237839177  
-0.218074973  
0.3413201241  
-0.05573303988  
-0.6140463927  
-0.8114384817  
-0.09322911519  
-0.6318083046  
-0.3646501656  
-0.2596737685  
0.9733560543  
-1.169322479  
0.8013744495  
0.1031322856  
0.4970392416  
0.3739834161  
0.781897003  
-0.5955184399  
0.3215585798  
0.01546636392  
-0.1154337743  
0.7368657166  
1.43354652  
0.5065943013  
1.187619775  
0.3908820907  
-3.626778709  
-0.9438368664  
-1.032169802  
-1.449865723  
-1.133089355  
-0.4869890219  
-0.5562487241  
0.3939370873  
0.8298166554  
0.9799297506  
0.1520883651  
0.6289995809  
-0.3559223701  
-0.1286413466  
0.01836657902  
-0.6808703122  
0.1843058313  
-0.5767298543  
0.8808338954  
1.131714093  
1.524540291  
0.2223555311  
0.646558294  
-0.5524565074  
-0.3165841937  
0.3867643992  
-0.2789841825  
-1.688914132  
-0.03312493758  
-0.3184847997  
-0.3725175116  
0.0315324465  
-0.3076886635  
0.04374933276  
0.3325429434  
-0.5288000123  
0.5325805971  
1.186090725  
1.049395148  
-3.343503274  
0.2409541207  
-0.5500813041  
0.7651244552  
0.9006057975  
-1.45858056  
1.285860984  
-0.03038103257  
1.091768199  
0.6262312713  
1.072930597  
0.2260066718  
0.02840490314  
-0.1958151113  
-0.08232279157  
0.4882963282  
-0.1355408569  
-5.254718437  
-0.8856332338  
-0.6068660582  
0.8367500272  
0.4823136697  
0.4889225491  
-0.7461748813  
0.5301424922  
-0.5326870737  
0.293185432  
1.140221818  
0.7759648799  
0.1206502555  
0.5155664684  
0.1526774231  
0.1537757099  
0.4190537651  
0.3751103359  
-1.646188954  
0.2485888172  
0.4642636069  
0.277927086  
1.029233067  
1.36672115  
0.450663255  
-1.239737691  
0.5457990865  
-0.4684768527  
0.8939625393  
1.261135016  
0.931377287  
0.8553149276  
0.1846401604  
-0.5587813422  
-4.316370337  
-0.2416961075  
-0.06545945084  
0.02422237526  
0.1382138533  
-0.8629456781  
-0.01134038006  
0.122011931  
-2.097379698  
-0.3042177935  
-0.4126612294  
-0.9229310585  
-0.2406025846  
1.056608523  
0.3890046182  
0.1771128725  
-0.435671811  
0.2724538204  
-0.1598006451  
0.347492451  
0.7575107463  
-0.7540165166  
0.03210103108  
0.329725659  
-0.3945808747  
0.3110564412  
0.447747312  
0.5811667111  
0.8151559833  
0.2421810589  
-0.9460699314  
0.3943365579  
0.2543583086  
-0.1675991977  
-0.9155039125  
-0.4617155009  
-0.7806287533  
-0.5384339455  
0.5254471744  
0.6140362027  
0.3751151569  
0.3271161534  
0.267802282  
0.1460093401  
0.228131314  
0.01558493693  
0.3354502117  
-0.02163684002  
0.7184564278  
-0.5103130939  
-0.2380601663  
0.2639254128  
-0.3882974946  
-0.1340645179  
0.03769565251  
0.1243637652  
0.179570051  
0.1211675338  
-0.2574725086  
0.0005992601763  
-0.8173650062  
-0.4945569735  
-0.6076787114  
0.2198579564  
0.1881658983  
-0.6780641412  
-0.4015158537  
-0.1805740455  
-0.1021231414  
-0.1040048327  
-0.3501307017  
-3.03060415  
-0.3745973807  
-0.4569509023  
-0.1928945976  
-0.4795789043  
-0.1579452383  
-1.118839274  
0.02228629083  
0.3525010943  
0.1614884268  
0.03880688062  
0.8977678219  
-0.3474287994  
-0.1898695417  
-0.5306145351  
0.2343080855  
0.4053670278  
0.9465836359  
1.349258859  
0.9260878493  
-0.135513778  
0.9547571776  
1.276684811  
1.455192932  
0.3397318927  
0.8395341149  
0.582225435  
0.5837068257  
1.931716889  
1.205319333  
0.2521769473  
0.1003705147  
-0.2882751409  
-0.2065781432  
0.05998722715  
-0.413959521  
-0.3240787931  
-0.5272868682  
-0.2712295823  
0.7156858498  
0.9242307933  
0.7833807257  
-0.2212432333  
-0.7532792128  
0.2033420843  
-2.98407843  
0.191924436  
-2.16976397  
-0.5589461727  
-0.8235219652  
-0.1138537298  
0.900836186  
0.7987633209  
0.7158936344  
-0.04150041021  
0.134733757  
-1.044238486  
0.7187746495  
0.82646333  
0.5827793234  
-0.9557980517  
-0.1531544134  
-0.7473757679  
-0.8525699847  
-0.6481040817  
-0.2506871199  
-0.4887794083  
-0.6440925473  
-0.3290700741  
0.4608622669  
1.212487287  
0.6094771536  
-0.06863930596  
0.5832972112  
-0.7790836859  
0.1255405651  
0.5546279602  
0.4942913724  
0.6553543517  
0.1997947321  
-0.05359052537  
-0.2651543708  
0.1506248713  
-0.396323179  
-0.3546247893  
-0.3462833906  
-0.4171583825  
0.01856898443  
0.7940621974  
0.1800838835  
0.0801963022  
-0.1975037497  
0.08472724719  
0.362376848  
-0.5025838755  
-0.9226091252  
-0.9293484776  
-2.105898882  
0.8697169147  
-0.04439249682  
-0.180911365  
0.604339049  
-0.3327101461  
-0.3968484245  
-0.8206191328  
-0.5247155943  
0.1061531338  
-0.2032247207  
-0.5390364467  
-0.6953079735  
-1.375200752  
0.5802231532  
0.06715316379  
0.3498886512  
-0.959140958  
0.8077249501  
0.1836101308  
0.2855198084  
0.8487432641  
0.6219173706  
-0.2176426042  
0.2830017082  
0.4800682126  
0.4457189571  
0.5368312649  
1.098625735  
1.002457905  
-0.6830250582  
-0.1145152443  
-0.2647623296  
0.7719174712  
-0.2218358479  
0.02340619049  
0.2436042113  
-0.4544264522  
0.5252568234  
0.8591047917  
-0.1899473576  
-0.718454788  
-0.02212608502  
0.02866596154  
0.3395812515  
0.6255881582  
-1.298917688  
-0.05593554625  
-0.1758101469  
0.08940349032  
-0.10345785  
0.08733441788  
-0.9748919927  
-0.417776958  
-0.316977151  
0.0108609545  
-0.6165947566  
0.6185149115  
-0.2084942543  
0.1332321069  
-0.03758923795  
0.07834112874  
0.5033529145  
0.6815143353  
0.5013987756  
-2.618577856  
-0.9730307323  
-0.6675225634  
-0.08784574625  
0.1655991028  
0.4831694569  
-1.810298321  
-0.3806704508  
-0.4369404204  
-0.2109890978  
0.8029582701  
0.677595364  
0.3681351035  
0.6256089673  
-0.2390480402  
0.01062542877  
0.8130847419  
0.6863011684  
0.4152000141  
0.6313045804  
0.2480944261  
0.9180268592  
0.7490973494  
-0.2037227555  
-0.8625464226  
0.6792736333  
-0.3232132839  
-0.6875984954  
-0.3384501299  
-0.3368505974  
-0.6901380817  
-2.372354725  
-0.7034478548  
0.04344700341  
-0.4493181356  
0.5804420178  
-0.5793258887  
0.5845166406  
0.08656376002  
-0.4576389032  
0.153336539  
0.7326951995  
0.9607315603  
0.5233575431  
0.05283111005  
0.05023110119  
0.006336199947  
1.234072862  
0.2299395956  
0.3715496617  
-0.3377011845  
-0.4950468852  
-1.019537967  
1.42235043  
1.631450624  
0.1528720757  
-0.4208200871  
0.02347018445  
-0.6690377797  
-0.4105915975  
-0.9450197658  
-0.1274916814  
-0.2470630726  
-0.1964030969  
0.3779866753  
0.8628844994  
0.5400590402  
-3.454242305  
-0.06494138418  
-0.1092007424  
-0.5909159253  
0.4015154104  
0.02538269443  
-0.8780014531  
0.3984993977  
-0.8037704777  
0.2005130895  
0.784132904  
0.5803307898  
-0.4792898332  
0.2538871547  
-0.5263700462  
0.02242135392  
1.304728139  
0.6766327771  
0.2704779252  
-0.2844977801  
0.7837628491  
-0.0258334647  
0.11094882  
-0.008797977215  
-1.834359522  
-1.275088346  
-0.9325908028  
0.4106610811  
-0.1047320757  
0.4330931048  
-0.3300804418  
0.468294818  
-0.2192324385  
1.121746887  
0.7639880808  
0.4021715262  
-0.962865147  
0.3421545177  
0.07178022255  
0.8410949279  
1.065413001  
0.5042085691  
0.1293343569  
1.177633793  
-0.4123794192  
0.9420302518  
1.161471119  
0.6289984772  
-0.1238194306  
0.1699609078  
-0.8147821395  
-0.7194899586  
0.3270453314  
-0.3789372588  
-0.5377190314  
-0.5783132213  
-0.8529123397  
-0.5121394385  
-0.7461561717  
-0.8285302798  
-0.5040684874  
-2.328129323  
-0.4790466611  
-0.2976520563  
-0.1075892606  
0.9683311935  
-0.2200889179  
-0.736932578  
-0.8928199164  
0.1307485519  
1.261040202  
0.849034155  
0.106112933  
0.2857807212  
-0.08472993342  
1.035768421  
0.8241867332  
1.13052904  
-0.06789294601  
-0.2687619171  
-0.08662988227  
0.02697208506  
-0.08635185875  
-0.1320913564  
-0.3903471354  
-0.09103371096  
-0.1399311002  
0.1487115344  
-0.3493138846  
0.4434228638  
0.5397391938  
-0.0002772688088  
-0.3945531753  
-0.6081665296  
0.1647270658  
-0.1408070077  
-0.5435849221  
-0.2003548065  
-0.3039415892  
0.05284052457  
0.1296774807  
-0.347510236  
0.1847719508  
0.3576089018  
0.5870660574  
-0.08431325211  
-0.4004541012  
0.2031947366  
-0.1899514758  
