-0.6276754446  
-0.4098735059  
-1.802018853  
-1.015827077  
-0.364461146  
0.1698765286  
0.9715098267  
1.444144824  
1.321720779  
-1.440191443  
0.2046450244  
-0.7068468958  
0.4830210024  
0.2821601369  
0.3114664325  
-0.3087059862  
0.4723021347  
-0.2635128149  
-0.2050985074  
0.7337087684  
1.236825394  
-0.1604131752  
-0.4924950035  
-0.1472487088  
0.3588796893  
0.3190171108  
0.8439156368  
-0.00606584131  
-0.9098737609  
-0.1536274967  
-1.064179477  
-1.277348181  
0.2702402113  
1.37551081  
-0.03194809591  
1.024148272  
0.728872257  
1.241401188  
2.30984101  
2.30813764  
-0.03919668166  
0.5543493627  
0.4917636884  
0.9974761311  
2.021193111  
1.95601063  
-0.2952294654  
0.3461384612  
0.4824361001  
0.06576421777  
-0.2116522092  
-0.2505710735  
0.05503590175  
0.0857524668  
-0.949479054  
-1.094540929  
-1.003453312  
-0.792448943  
-1.384298621  
-0.183510671  
-0.5996893186  
1.273862364  
1.450975349  
1.21980305  
-0.3385790231  
0.6581744928  
-0.2899785931  
0.5385271472  
0.9822635756  
1.213170551  
-0.7394370229  
0.3220129009  
-0.02567078661  
0.8162478478  
1.229426147  
1.603625261  
0.2169559939  
0.1075401253  
0.3548889998  
0.9614933401  
1.510528834  
1.110636259  
-2.005499841  
-5.620869332  
-1.566952156  
-0.4580052809  
0.6057911605  
0.7939431771  
-2.449719399  
-0.9700153919  
-0.01224741457  
-0.09915059813  
-0.4687863614  
0.7707466594  
-1.773446027  
-0.8432397351  
-0.410836403  
-1.452763545  
0.2970062556  
0.6542514985  
0.7545190828  
-2.290617205  
0.0716312785  
-0.1155486222  
1.291781586  
1.821621076  
2.206553592  
0.411420422  
-0.09823419586  
0.2352336339  
1.483390981  
0.923412723  
1.47698573  
-0.3665288696  
0.05035078007  
-0.4731228623  
0.7451461676  
0.8184629368  
1.184377958  
-0.753890884  
-0.02097940834  
-0.2862874904  
0.2678198465  
0.9976864306  
0.6266321706  
-1.396437795  
0.3959282093  
-0.2208929  
0.7293938562  
-2.398569693  
0.01673558797  
0.4947520012  
-1.206604309  
-0.2637320821  
-0.3899682253  
0.5500007254  
1.253960103  
1.664053984  
-1.172866116  
0.3822011256  
-0.1052955054  
-0.04286311124  
-0.4728507736  
-0.04331710347  
-0.9925526725  
-0.9303270758  
-0.8908243212  
0.4697342081  
0.5837867217  
1.221592966  
-2.443521745  
0.1126551659  
0.4367075263  
-0.4241017819  
0.816345615  
0.7126139015  
0.8846859278  
-0.5389664596  
0.2333983042  
-0.05904868626  
0.6588087684  
1.17880067  
1.895919767  
0.0001320992838  
0.1998810574  
-0.6578648981  
-0.7107635239  
-0.7641260479  
-0.1457336175  
-3.605582186  
-0.523967045  
-0.05951919094  
1.241353419  
0.9486367233  
1.447794923  
-0.9969651646  
-0.1718728695  
-1.536386818  
-0.4136310944  
-0.4599322048  
-0.0373958506  
-3.194079249  
-0.7909014018  
-0.4661869105  
0.348603491  
-3.259943977  
-0.06004804945  
-1.780706088  
-0.9171395716  
0.2759178077  
0.8385101115  
0.8934651221  
1.998575556  
0.08237173217  
0.9729066147  
-0.05041146188  
0.881522084  
0.9043428017  
1.669580239  
-0.7941743607  
1.134232795  
0.4027625525  
0.9569896155  
0.6412657205  
0.7195176843  
-1.04864728  
0.4160138663  
0.7473827367  
-0.1141315523  
1.433417506  
1.423438218  
0.9286984593  
1.410956485  
-0.8371716223  
0.07993610582  
-0.09922333492  
0.2198102894  
-2.42149057  
-0.2490608283  
-1.040678869  
-0.04633936768  
0.7370384989  
0.172848346  
-2.019409319  
1.013727453  
-0.4317581519  
0.8335406984  
1.589146686  
1.526652953  
-0.2913722899  
0.6553337281  
-2.135306221  
-0.2561150551  
-0.1387002023  
0.969543858  
-1.708423981  
-0.3525177633  
-0.2177079765  
-1.772756132  
-0.4497537898  
0.5350985051  
-0.6796667651  
-1.482053528  
-0.9195968705  
0.4975736845  
1.420044882  
1.959815114  
-1.391410271  
-0.5822396956  
-0.2455680297  
0.5866357953  
1.275262944  
1.589924356  
1.749727695  
-3.853598553  
-0.5492026062  
-1.867094522  
-1.296994899  
-0.08959699028  
-1.084354331  
-2.052083703  
-0.5614783961  
-0.8280346757  
-1.430672509  
0.09148775461  
-0.4771149135  
0.04639136494  
-1.561382608  
0.2999048428  
0.5279008987  
0.6368143518  
1.598675932  
2.136436988  
0.3046427227  
0.9776369618  
0.5605231623  
1.034561821  
1.365553096  
1.924426732  
-0.5689010365  
0.3380988352  
-0.4521822271  
0.7507018734  
1.667819303  
1.118817069  
0.7389825719  
-0.150387299  
-0.2013476822  
1.288995742  
0.7571544113  
1.98310938  
-0.3748562165  
0.341372327  
-1.384636204  
-1.022299224  
-0.814691039  
-0.657052089  
-0.2486295849  
-6.107054377  
-1.874698305  
-0.7925043753  
0.4920575154  
0.5199521887  
0.5327610434  
-1.070074757  
0.4167472902  
-0.6598880335  
0.5485188032  
1.174725104  
1.052842525  
-1.238852381  
-0.4798125021  
-0.6548019934  
0.1869152992  
0.4689704484  
0.6561656159  
-1.295623  
-0.6203671367  
-0.3737830934  
0.4193663604  
1.237237527  
1.589696009  
1.005335783  
-1.040606913  
0.455525099  
0.5056198385  
0.9447648957  
0.9083793368  
2.036012848  
0.2562759812  
0.4708068486  
-0.3616081791  
-0.8351319955  
-0.5091347952  
-0.5472934262  
-3.300360656  
-0.4715777622  
-0.2938826158  
0.6096869082  
0.4790746781  
0.008673200238  
-0.05551887244  
0.408826018  
0.2911455233  
1.335044596  
0.1857103175  
1.508123185  
-2.385125475  
-2.294290257  
0.2843603016  
1.672129837  
-0.4915844287  
0.7833364793  
-1.375252564  
0.5427790543  
0.05191526828  
-0.172472595  
-0.01214895096  
0.450279237  
-1.680723705  
0.5255230022  
-1.15895114  
0.3217925343  
0.9267316174  
0.3245239906  
-0.573679074  
0.1953385618  
-0.3800692454  
0.2038936815  
1.703000013  
1.602093458  
0.03330054366  
0.31419743  
0.2333875782  
1.317649588  
1.534813138  
0.8478509787  
-2.197969607  
0.1930757315  
-2.280820273  
-2.537203821  
-1.226890141  
-0.8484906297  
-2.152963571  
0.2382694305  
0.1422236755  
-0.2122300193  
0.3995839134  
0.1922712636  
0.1396945623  
0.9146682293  
0.8331434155  
1.054449221  
0.8299421075  
1.246075456  
-2.50296463  
0.8427483353  
0.9520654511  
0.8860249534  
1.295932659  
1.683365478  
-0.3543148245  
1.314972669  
-4.359661418  
-0.6726461916  
0.0165243837  
0.2748084058  
-0.456228083  
-0.5952552341  
-0.064697322  
0.3212527577  
1.296792433  
0.4082386796  
0.5220030762  
-1.459478837  
-0.5912952408  
-0.723270115  
0.2009227973  
-0.5426737798  
-0.5523464953  
-1.348984429  
0.01749830963  
0.4279630163  
0.3467440796  
1.586367662  
1.274885462  
-1.058545655  
-0.3984415875  
-0.644852047  
0.4095214335  
0.2674114241  
0.6998772095  
0.06447794874  
-0.141019139  
-0.4047174933  
-1.400492403  
-0.486195096  
0.7514602073  
-0.1474742982  
-0.526640659  
-0.7690195622  
-0.0538634512  
0.02343887831  
1.436620817  
1.271041165  
-0.8732542687  
-0.7463403384  
-0.7405550439  
0.8984679656  
1.179256136  
1.322695383  
-1.222748598  
-0.06677206839  
-2.685376217  
-1.215738393  
-1.055399108  
-0.01105632767  
-2.07237631  
-0.3772834861  
0.5712738366  
0.6046734394  
-0.2051610517  
0.2436952398  
-0.6560513337  
-0.01526062784  
-0.8282421746  
-0.06158452222  
1.148629173  
1.287583385  
-0.8714823218  
1.411244427  
-0.2929740893  
-0.2773936557  
0.9948780464  
-0.2788858388  
-1.621226084  
-0.3557772532  
-0.4599155439  
1.020008289  
0.7266489668  
1.028584578  
-0.3037157506  
-0.4664892337  
0.2569944154  
0.2764216158  
0.565836744  
0.1867447505  
0.4157802974  
-1.905624062  
0.5535319329  
0.08941309067  
0.9559303007  
2.008330887  
1.548492098  
-0.3424556352  
0.5980254994  
-0.1903163599  
0.4668488008  
0.1714127448  
0.459795984  
-0.372796803  
1.034123335  
-0.1153799453  
0.9292662461  
1.993209057  
1.758982814  
-0.2285497246  
0.3520997668  
0.7209056948  
0.01696963972  
1.708421718  
1.452211339  
-0.1251197298  
0.4859050638  
0.2779697098  
-1.09861218  
-0.4197789458  
0.2253469417  
-2.445649519  
-0.07544519484  
-0.4102997474  
-0.1547187524  
0.7381394917  
0.7618343958  
-1.000325883  
-0.4951015202  
-2.087552866  
-0.8797376363  
-1.499132853  
-1.017187544  
-2.402377286  
-1.485495107  
-0.7473773943  
0.9452012568  
1.546264678  
1.059581209  
-0.7695190627  
-0.3927764004  
0.1167727182  
-0.3782604686  
-0.2096687451  
-0.2810504043  
-2.810036746  
-0.723572256  
-0.3696737506  
-0.5653994054  
0.6326956995  
1.247513346  
-1.423059894  
0.6830952733  
-0.4827236815  
0.4790693847  
1.439417673  
1.193039698  
-1.017746304  
-3.529570853  
-0.3820423288  
0.07895609041  
2.073733778  
0.9495855146  
0.3026539132  
0.3562994039  
0.8477148585  
0.1491067419  
-0.3187549669  
-0.4413483773  
0.2916533718  
-1.236049187  
0.3160100548  
-0.1012163013  
-0.4227886773  
-0.1740867158  
-0.6606386815  
0.5964812421  
0.3360451137  
0.1820249109  
-0.2717558683  
0.8961175244  
-1.05959811  
-0.1731674103  
-0.141726381  
0.2954465828  
-0.1540362071  
0.2045451072  
-0.6198954192  
0.3614540584  
1.024324587  
0.5631241078  
0.8500344808  
0.643510833  
-0.2349496852  
0.7450496967  
0.4680315322  
0.6378923049  
1.047835177  
1.202597504  
-0.2700795573  
0.9725410395  
1.447380332  
0.5156227842  
0.8661053068  
0.8875302471  
-0.8037848327  
0.5444988173  
0.6925412323  
1.00541167  
-1.560543709  
0.256265973  
0.003321286293  
-0.8898707175  
-0.3551644921  
-0.349594382  
0.9943518833  
1.318985867  
-1.648190121  
0.6137471941  
0.1981162897  
-0.8510851324  
-0.2669595521  
-0.2820944569  
-0.77084005  
-1.202739892  
-0.6019310934  
-0.8181857461  
-0.4301733305  
-0.1745882786  
-0.4227189082  
-2.456326238  
-0.9586806665  
-0.8298753591  
-0.8269940719  
-0.3449035823  
-0.3084745034  
-1.630071856  
-1.391701404  
-0.9085881195  
-0.3542285895  
1.151813555  
1.467358361  
-0.1161035264  
-0.1289877372  
-0.08428726038  
-3.591071074  
-1.320293168  
-0.1839388715  
-0.9499464638  
-0.7554927712  
-0.2335824744  
0.04771074321  
0.841350431  
1.236199639  
0.6319928067  
0.5824500267  
1.34714458  
0.1093083713  
0.2778259611  
-0.197557892  
-0.6042776777  
-0.3825650801  
0.01441237157  
0.5454838549  
1.740198734  
0.6583910983  
0.3425962673  
0.006952828709  
0.1050946633  
1.268988132  
1.210675942  
0.4926999317  
-0.7679460085  
0.01696515452  
0.3545070046  
-0.3644752596  
-0.1223369956  
0.7038380432  
0.04141582202  
0.07351186741  
-0.2355947283  
0.5719846244  
0.5774227033  
1.485497374  
-2.177171307  
0.4343266354  
-0.2193607126  
0.5511252246  
1.673539509  
0.5703672721  
1.139262532  
0.4003006285  
0.2999327472  
1.452978405  
1.388100927  
1.03017769  
0.3956903026  
0.3190059653  
0.3632175639  
0.6930570567  
0.3810990047  
-4.766966183  
-1.019397327  
-0.8577528675  
0.8956157615  
0.4909799606  
0.5468973365  
-2.609365307  
-0.5952811286  
-1.167335594  
-0.2346801778  
0.6418930386  
1.252363257  
-0.5362968759  
0.3169270015  
-0.4418276122  
-0.4980381453  
-0.8913625931  
-0.1060559936  
-1.544561952  
-0.1038158104  
-0.3695213378  
-0.1660207193  
0.4026435346  
1.615456855  
0.03253887179  
-2.575228969  
-0.3392992444  
-0.8751910439  
0.5363039669  
0.6934394332  
0.5304486828  
0.341034344  
-0.3780135185  
-0.9214031501  
-3.226342128  
-0.7398484754  
-0.185296285  
-1.170849449  
-0.5570344105  
-0.2675362665  
-0.2045258881  
0.7721653761  
-0.8355086169  
0.06819809739  
0.2965711265  
-0.5954828996  
-0.3739542656  
0.9487269359  
1.627740806  
0.3511519889  
0.3980921882  
0.1169133121  
0.1123454007  
0.5522651207  
1.227386828  
-0.4935197845  
0.5538027716  
0.8745255135  
0.05296907114  
0.4635272352  
1.486843642  
0.2139401364  
0.06560427238  
-0.2021360705  
-0.2456478024  
0.6047619035  
0.1567604418  
0.2973112038  
-0.3465483356  
-0.4020016281  
-0.6795827238  
0.3679710178  
0.3013816752  
1.316837788  
0.9399119974  
0.3252542584  
0.01240658633  
0.3921508976  
0.4266315516  
0.215200989  
0.148157404  
0.05264996958  
0.1843650867  
0.2273766951  
-0.2778446145  
0.6821162536  
0.4028626451  
0.4106258603  
1.066744392  
0.3965339762  
0.6506648661  
1.162045041  
-0.466349882  
0.3261760315  
0.09162061787  
0.08272631763  
0.558640927  
0.1607755813  
0.3925914063  
0.1413378789  
0.1561052708  
-0.5108626833  
0.4197140482  
0.3743383157  
0.02714547793  
-2.720938258  
-1.345332645  
-0.9310999192  
-1.188019226  
-1.202364638  
-0.3535324873  
-1.338830486  
-0.72938718  
-1.040620886  
-0.9560570261  
-0.1718259467  
-0.1625981841  
-1.976971852  
-0.109379402  
-0.5160355761  
0.1616570848  
0.2961690441  
1.046336681  
0.7633137723  
0.6995162952  
-0.8089448694  
0.6460717098  
1.165383358  
0.3417125201  
-0.4769543218  
0.2726723179  
0.4665157436  
0.7027116384  
1.52439629  
0.9595852851  
0.02285935725  
0.02137314532  
-0.849298513  
-0.4547312375  
-0.174822329  
-0.8159676684  
-0.5776755685  
-0.6244661535  
-0.9892007828  
0.6768187327  
0.55251191  
0.2103259794  
-0.07137313119  
-0.7560902581  
-0.5447072391  
-1.875422202  
0.1599563713  
-1.404574752  
-0.2144390431  
0.01442021481  
-0.2455547266  
1.252997541  
1.93515537  
1.345535366  
-1.367183996  
-0.07209985682  
-0.1689708271  
-0.2661681742  
0.8896291012  
0.7175510698  
-0.6800584657  
-0.1299374318  
-0.1201676862  
-0.05067025149  
-0.4102824078  
0.1500077936  
-0.5061503841  
-1.137448616  
-0.6512964111  
0.5294565766  
0.932646856  
0.3524180646  
-0.495971561  
-0.5121089375  
-0.5219976467  
0.7291327856  
0.746330467  
0.2500122488  
0.489652761  
0.2892619845  
0.06220479426  
0.3578669292  
0.1784798439  
-0.5610415013  
-0.5992116253  
-0.5843031398  
-0.9070952134  
0.0804655656  
0.7719431797  
1.862894996  
1.24891421  
1.027417234  
0.5619818517  
1.573625744  
0.7800429918  
-0.7665531197  
-0.5629754067  
-2.093255229  
0.2640684672  
0.4641043124  
0.3433222641  
0.007686340539  
-1.323677311  
-1.189251157  
-0.6388054006  
0.3225819612  
0.463973859  
-0.09744647895  
-1.335210629  
-0.7212656696  
-1.725093223  
0.1444994481  
0.5010115174  
-0.8417578966  
-0.03467015674  
-0.1315035849  
-0.5025746506  
-0.2688960381  
-0.7894005517  
-0.5289854308  
-0.3786563553  
-0.05215359093  
-0.8058868109  
-0.2082688136  
-0.230717749  
-0.1742167465  
0.6756596834  
-0.2787995542  
0.5702768072  
-0.9204348818  
1.565645783  
1.711576976  
1.344150207  
1.233246663  
1.266851513  
1.610408955  
2.657198757  
0.3520192766  
-1.052914968  
-0.3939707378  
0.1943191281  
0.2105168525  
0.04929274992  
-0.8892274691  
-1.050118744  
-0.4258450798  
-0.3252000006  
0.197503595  
0.1475281147  
-1.265657913  
-1.208026621  
0.2520792548  
-0.8408320337  
-1.24487522  
0.7778933919  
0.1922981284  
-0.101968178  
0.9014324178  
-0.148060172  
0.8178418427  
1.136916121  
1.143492211  
-2.075351851  
-1.198557887  
-0.5670704076  
-1.106443336  
-0.8401763743  
0.2468917593  
-2.669395351  
0.08213918837  
0.09624394658  
0.3418646728  
0.8543892807  
1.191791984  
0.5450934372  
-0.7693076612  
-0.3335458005  
0.06819781841  
0.9545709521  
1.033305983  
-0.02402012272  
0.5055876729  
0.2813994763  
0.9574864287  
0.7693660301  
1.395950101  
-0.1272173246  
-0.1979713551  
-1.122909134  
0.9560424691  
0.6414208753  
0.9202164402  
0.02929847758  
-3.746059392  
-0.761225678  
-0.07482739266  
-0.2747876486  
-0.6546838581  
-1.154452085  
-0.8574689254  
0.02191194442  
-0.3781140166  
0.3597900953  
1.047381352  
0.994502784  
0.4108226353  
-0.3159920598  
-1.023033299  
0.4712273945  
0.7288945396  
0.5248990848  
0.2049259213  
-0.1721559887  
-1.087227526  
0.08924234745  
0.6278015853  
0.4861244378  
-0.1846123803  
-0.8271686249  
0.007902215825  
-0.6537338111  
-0.02063678318  
-0.8571241628  
0.7183105905  
0.1015372436  
0.8642006345  
0.9513421079  
1.358174318  
1.332741285  
-2.702220361  
-0.5036756759  
-0.09895906335  
-0.7133255137  
-0.2259251928  
0.4934706358  
-1.585630232  
0.8694415707  
-0.3783144719  
0.661797352  
1.243306668  
0.9181314176  
-0.1036911975  
-0.351079992  
-0.417537089  
0.3787503296  
0.7269459766  
0.4813187965  
-0.2634958284  
-1.363117657  
-0.1707391898  
0.2250619048  
0.4057942078  
0.2000924525  
-1.507149095  
-1.242009493  
-0.00737801606  
-0.2365742203  
-0.1024000752  
0.1911922881  
-0.3740190615  
0.3884894196  
-0.6803792491  
0.786706613  
1.043568646  
0.1529823864  
-1.672373817  
-0.1559441827  
-1.433019489  
1.435281606  
1.199840577  
0.895338659  
0.7407217268  
0.8558501007  
0.1064735621  
0.4254757833  
1.144708906  
0.6254895233  
-0.6220028074  
-0.0531218655  
-0.584169949  
-0.4379775408  
-0.5389864861  
0.04298066325  
-0.9336987652  
-0.2329834096  
-1.132204813  
-0.9155267967  
-0.3138311892  
-0.407880338  
-0.8415419999  
-1.903342406  
0.3903582741  
1.132970554  
1.594071774  
2.073006247  
0.5262086163  
-0.2854623048  
-0.925562563  
0.1003272125  
0.3631815713  
0.6980519288  
-0.4895836659  
-0.6674191659  
0.2336093427  
0.1910230866  
1.060516618  
0.7287739839  
-0.7307624746  
-0.02672843558  
0.009907145128  
-0.3831281119  
-0.6471289754  
-0.2342163146  
0.1008437511  
-0.3822360704  
-0.4717982577  
-0.3971958213  
0.2158921737  
-0.4220797067  
-0.295212179  
-0.08407748799  
-0.1279537349  
-0.07112476545  
-0.2778575674  
-0.3073754497  
-0.1499673937  
0.2371041158  
0.1056579051  
-0.2033099291  
0.03134294717  
0.06851490977  
0.2739961709  
0.7351835089  
0.005387217088  
0.228959088  
-0.2139183018  
0.07156912424  
0.1177318949  
