-1.806288841  
1.033950624  
0.2465495405  
-0.1292971726  
-0.2247900547  
0.8878726642  
0.4945565944  
-0.1080963141  
-0.2146477037  
0.8345595974  
-0.4248063082  
0.1665994533  
0.6419433186  
0.3710563041  
-0.439303818  
-0.5241042735  
0.4417362955  
-0.4515629282  
1.17486054  
-1.068843009  
-0.3998106838  
0.09624182287  
-0.9175725305  
0.950946756  
-0.08637088423  
0.4879786524  
-0.8590157697  
-1.629740763  
-0.9482752738  
1.592186353  
-0.6300373532  
0.3407483454  
-0.8566429126  
-0.2745159002  
1.214471049  
-0.06339710529  
-1.161707206  
1.008589879  
-0.4164648784  
0.3538621626  
-0.8611485256  
0.80233585  
0.2646657645  
-1.155784468  
-2.255574001  
0.3635262616  
0.7454793707  
-0.1307736091  
0.06304403284  
0.9057243441  
-0.1288559946  
-0.5929274867  
-0.8756037757  
0.2816358064  
0.940679556  
-1.207022243  
1.729038494  
-1.384344572  
0.5710921308  
1.842475134  
0.1774796571  
0.2260100597  
-1.087267192  
1.544977399  
1.104317385  
0.03927514189  
0.4737260096  
-0.1824053721  
-1.152043879  
0.3025818099  
-0.05162760159  
1.835577871  
-0.3509467806  
0.1651940963  
0.3486030332  
-0.5278920063  
0.03834466147  
0.2006969079  
0.4387592114  
1.534886244  
-1.060377038  
-1.542779413  
-0.2455105214  
-0.2873101048  
-0.06697880809  
-0.2998436599  
0.6874287543  
0.5228265773  
1.409255054  
-0.8433080347  
0.02868834363  
-0.007233353956  
-0.7168652199  
-1.029722514  
-0.6087637391  
-1.410083326  
0.3022997519  
0.07220725843  
-0.986151626  
-1.48366236  
-0.1714180415  
1.221119045  
-0.4872500188  
1.431517477  
-0.8542648246  
-1.145645413  
0.5360519024  
-0.1522898143  
0.6641965686  
-2.209947676  
0.2416949291  
-1.648554518  
0.6689320648  
2.86848465  
-1.259735503  
1.200837102  
-0.1451340155  
-0.9235524451  
3.647351166  
-0.4018962288  
1.899397189  
0.7448832168  
-1.617812209  
-0.3402138594  
-0.5242602024  
-1.622034684  
-0.5706567242  
-0.7137330797  
3.061061679  
-0.9732642241  
0.3510065657  
0.5465585032  
-1.47059972  
3.846892377  
-0.335840294  
-0.8414042453  
-0.0169437211  
-0.6555640049  
0.09195310765  
-0.5028669548  
3.065598242  
1.007580944  
-0.5797325377  
0.4249310428  
-0.2673865124  
0.8892048703  
0.4132672962  
-0.5786438591  
0.6629246839  
-0.4522676627  
0.4612087777  
-0.2953157893  
-1.477465051  
-0.5527391771  
-0.8653534431  
1.270437115  
-0.06965826084  
-1.210568679  
0.9534633072  
-0.573191694  
0.1562293353  
-0.4947520371  
-1.917124878  
-0.4366388334  
0.7184756695  
-1.471123119  
0.3961651836  
-0.8780438117  
-0.02936501328  
-1.277296301  
1.148914309  
0.6928109517  
-1.403539864  
1.268369904  
-0.1122773285  
0.6132134115  
-0.002879700685  
0.1146143883  
-0.4734985082  
-0.2173023293  
-0.1085871377  
1.702800797  
0.01211071857  
0.6497784487  
1.977357116  
-0.3069610572  
-1.64157664  
-0.5469818413  
-1.26530763  
1.303373132  
-1.579429442  
0.1346370415  
0.4734298405  
-0.05063343828  
1.020141246  
0.4770176444  
1.212774516  
0.05475762601  
-0.2758137811  
-0.2676184761  
-0.482737448  
0.7075694084  
-2.675585109  
-0.599098477  
-0.9870553938  
3.221596921  
-0.5730366229  
0.3757916518  
-0.06214150488  
0.3707459064  
1.519895395  
-0.3845917479  
-0.3377815443  
0.4785405681  
-1.338122708  
-0.2771446424  
0.9352347612  
-0.3023079897  
-0.7035738374  
0.2137496127  
-0.1881733804  
0.4063348111  
-0.9902005507  
-1.09390163  
-0.06747683735  
-0.3166121818  
-1.385375065  
-0.06349195826  
0.02618908479  
-0.08177587163  
-0.0723887248  
-1.10660401  
-0.1710359537  
-0.3652088044  
-0.2943692607  
-0.7576110297  
-1.459695701  
1.931447742  
-1.830804452  
0.4457397359  
0.1718595672  
-1.128583285  
0.1812556415  
1.320656987  
0.8197220751  
0.1772738784  
-1.082989702  
-1.500228947  
0.06160900078  
0.8869225837  
0.845360722  
-0.09129333115  
0.7578246435  
2.231816477  
0.8172434186  
0.2726079403  
0.9945685463  
0.295023295  
-0.2029269906  
0.4274410986  
0.352509971  
-1.086568823  
1.406837661  
0.05484139335  
-0.07235497152  
0.07974129005  
-0.8279452942  
0.8651754233  
0.132149395  
0.2117712281  
0.7292165803  
-0.5625476991  
-0.409975044  
1.585998472  
-0.6359797679  
-0.8332104124  
1.470092561  
0.7420302861  
-0.1340721769  
1.32220907  
-1.91070498  
-0.1898982854  
-0.316611742  
-2.244726064  
0.2932795437  
0.7308782481  
0.5546018656  
0.1287536658  
0.7336224812  
0.5777208611  
0.7626848218  
-0.7555050457  
-1.210108969  
-0.5563792369  
1.266635303  
-0.3826818342  
-0.5287134502  
0.6803922979  
0.4391469665  
-3.10426493  
-0.2038959131  
0.1900630617  
-1.652424263  
0.5288133993  
1.440854738  
0.8154922978  
-0.4448839942  
0.4614999367  
-0.8298898281  
1.184160484  
-1.112010272  
0.3687169404  
-0.4256238388  
-0.2491928805  
0.2764566203  
0.1530649064  
-0.2278332236  
0.4030167593  
-0.3975321632  
-1.418510971  
1.311939149  
0.7690200142  
0.2097647911  
-0.7694360575  
-0.07009385613  
-0.5345991721  
-0.3981630281  
-0.4678267013  
0.2930592807  
0.4428840497  
-3.065761006  
-0.4461322402  
-0.1788537929  
0.262006246  
-0.4132653765  
0.7774406556  
-0.1244660784  
0.6085453148  
1.387286989  
0.03135840043  
-0.8224718767  
-0.619361339  
-0.1292734902  
-0.245669333  
-0.5202768122  
0.2795577638  
0.3684271107  
-0.5272488375  
-1.375146461  
0.5330763916  
-0.1016600623  
-2.72607221  
2.56044694  
-0.08464450976  
0.6345687474  
1.228547837  
0.2827342285  
-2.305751503  
-0.1971611504  
0.2679766118  
0.3093775485  
-0.08884285667  
-0.1001845302  
-0.4815086818  
0.5567670055  
-1.445125094  
-1.023150881  
0.3132699179  
1.365310604  
1.5054233  
-0.377172327  
-1.015409429  
0.8364099663  
-0.1860866394  
4.451604905  
-0.9121689609  
1.611924703  
0.08399473214  
-0.3616341799  
-0.0533842167  
1.669026939  
0.4587261943  
0.5679358048  
0.3387945859  
1.134580229  
-1.010180365  
0.4870535133  
-0.2414078947  
-0.3911214377  
-0.2167785559  
1.333034464  
-0.9544274539  
-0.9840975903  
-0.3143167294  
-0.1079066568  
0.08881898992  
0.2494093883  
-0.1686012572  
-0.1367684064  
-1.533465049  
1.530873014  
0.1211486198  
-0.2806765903  
0.2977261859  
0.6774768884  
0.9489755887  
-1.056392861  
-0.3539080381  
-0.4665963655  
-0.602712268  
0.4152901238  
-0.6370642023  
0.09877030207  
-0.004065707454  
0.6226349857  
