0.05338975919  
-1.233948251  
-0.3126219906  
-0.07262995041  
0.7254867349  
-0.4007618735  
-0.1540606845  
1.310585537  
-0.1688688988  
0.1087024814  
1.953339701  
0.3505138229  
-0.1640052188  
-0.04518479303  
-0.1118450714  
-0.4982825344  
-0.7715424761  
0.7627024541  
-0.9639262043  
0.08218926103  
0.1281295884  
-0.5435382229  
-0.1254956692  
0.4597621546  
-0.749268049  
0.1422418913  
1.44322584  
0.5580383705  
1.419794355  
-1.096514424  
-0.5244937465  
0.1735112156  
-0.9430775107  
-0.1188154191  
-2.192491201  
-1.161598872  
-0.5616862328  
-0.8315535837  
-0.1740466189  
0.6168789749  
0.6890375573  
-0.4616277033  
-0.5617447528  
-1.149615829  
1.863254812  
-0.3775275935  
1.362339525  
0.3825212616  
1.049502845  
0.9620250951  
-0.3060903058  
2.010955712  
0.4726681104  
0.5744776803  
-0.04828617523  
0.2194882129  
1.2062544  
0.8749166334  
1.628622315  
0.7356890343  
0.9173507915  
-0.006789522966  
1.431031926  
1.466606675  
-0.1996122958  
0.4523736357  
0.4604464121  
1.084533762  
1.133179756  
-0.5372363361  
0.2748617805  
-3.265224074  
-2.277116375  
-1.331954073  
0.1511592319  
-0.1674391943  
0.1144047394  
-0.529134234  
-1.81759899  
-1.176521382  
-0.1529015003  
0.3094679847  
0.2055003356  
0.6853310724  
-1.302314421  
-1.499741305  
0.4565958066  
0.1748833231  
0.001487045204  
-0.6874252182  
0.0006587955654  
-0.04471097094  
-0.5529439857  
0.8105365366  
1.838461469  
1.159948292  
-0.09984246466  
-1.331448306  
0.2671809569  
-0.6073635455  
-0.5160954227  
-0.5466377897  
-0.387397638  
-2.373214317  
-0.3028609193  
0.5603104507  
-0.3622425378  
0.087315656  
-1.902148825  
0.9708779088  
-1.558920048  
-0.2249811123  
-0.7887678959  
1.601792076  
0.06207049451  
0.6575458099  
0.8420319866  
0.6254235533  
1.2449954  
-0.9181227745  
-1.90635671  
0.2472308728  
-0.5301619703  
0.7012041893  
0.2835256165  
0.5187342744  
-0.8913076598  
0.3323255134  
0.8213792646  
-0.1591173661  
-0.385304247  
-0.9480393906  
0.6449271847  
0.9102724025  
-0.1226690276  
-0.08676575293  
1.742553106  
-1.493625182  
0.3660206056  
1.13122658  
2.748903777  
0.2181258799  
0.4368182999  
1.350281298  
0.439066161  
1.964807401  
-2.214184687  
-0.4215528527  
-2.210766674  
-0.01965844029  
-0.5954590498  
0.5396056263  
-0.02524318119  
0.8065011699  
0.7605402926  
-2.9977692  
-1.125377497  
0.535613913  
0.1692409229  
-1.168942187  
0.4415497651  
-0.2242593998  
-0.3142998009  
0.2869727202  
0.005020474067  
0.1686246553  
-0.08648344361  
0.9838512234  
0.1785751052  
-0.2050082128  
-3.28840918  
0.2452404271  
-0.2536002528  
-1.724314536  
0.2425480949  
1.202336791  
0.3036794459  
0.4463184055  
0.3417933457  
-0.01406880486  
0.1572200325  
0.1124110249  
-0.4787636043  
-0.6773349901  
-0.3936478173  
-0.7748457599  
0.938344288  
0.3792350306  
-0.7037286092  
0.01206123171  
0.5669746261  
0.4509409409  
-1.021175054  
0.9825806105  
2.330021904  
1.18301709  
0.4110760966  
0.04227547578  
-0.3329497695  
-0.4717861728  
0.4059666258  
-0.7589813752  
0.5847493369  
0.4725206184  
-0.0289485525  
1.178915778  
0.8996560249  
-0.1062547157  
0.811369436  
-0.9577334198  
-0.5362310123  
0.7909057451  
-0.3976894257  
0.6126864925  
1.020723113  
-0.2035339948  
1.460496159  
0.551726812  
0.8762318819  
-1.582281355  
-0.2377203886  
-0.472002484  
-0.4802571948  
0.9186196682  
0.06065546683  
-0.08851672777  
-0.0122531612  
-0.2868926147  
-0.02053102534  
-0.9799764112  
-0.478636484  
0.5816341069  
-2.105559195  
0.6927217386  
0.7094443316  
-1.040298789  
-0.3604452043  
-0.3439450764  
-0.3784281232  
-0.4115503668  
-2.252125927  
-1.814187203  
-0.9524909088  
-0.7378147887  
-0.1596311995  
-2.786139977  
-1.412156442  
-1.183721616  
1.244759549  
0.1301646126  
-2.235933512  
-0.3535363661  
0.1220070016  
-1.041944151  
1.192350303  
-1.404260499  
-0.569747905  
0.2292140031  
-0.7441740858  
-0.4828427807  
-0.4466506272  
0.128884376  
0.5974741947  
0.06639673642  
0.8546319152  
1.280353364  
0.5212770313  
1.303228756  
-1.385138893  
-0.7675679133  
0.05842042093  
-1.045164449  
-2.040600801  
0.3566443689  
-0.4379584797  
0.4413751162  
1.561087071  
0.9821816649  
1.114862868  
0.6133698829  
1.573159396  
0.9112425122  
1.105075954  
1.28403912  
0.7133235294  
0.8649773357  
0.6933803975  
1.534247158  
0.2358570643  
-0.2705070733  
1.011528893  
0.5738739103  
1.537855025  
1.511892186  
0.9715389868  
0.6187655869  
1.663550282  
2.357611387  
1.395974727  
1.638663415  
1.195829771  
1.79615117  
1.697340807  
0.9977186108  
-0.4008433823  
-1.369780142  
-0.6602133036  
0.6723023358  
0.9870067963  
-2.360916961  
-1.567331224  
-1.134198982  
-0.7139956409  
-0.7905868973  
-0.2951215459  
-1.283995634  
-0.2301719924  
-1.057956584  
-1.403896021  
-0.0402918569  
-1.550142345  
-1.169295312  
0.947736037  
-0.3886282114  
-0.8704400226  
-1.302772176  
-0.1884173906  
0.6031029468  
-0.6124375527  
-1.077664054  
2.508868485  
1.618498257  
-1.856985108  
-0.7281580439  
0.4840616318  
-0.4442358032  
-0.08606470393  
-0.4823317874  
-1.869018114  
0.451628612  
-1.38658671  
-0.5455908651  
-0.5697544352  
-0.01296989107  
-0.6641300375  
-0.08606406341  
-2.930435601  
-0.7811965681  
-0.6189409739  
-1.797012817  
-0.5839548153  
0.888982513  
-1.171668845  
-0.00521034565  
0.4258485408  
-0.3695692021  
0.5140137806  
0.6520290273  
0.680852147  
0.1118942886  
-0.3824535981  
-0.1341393652  
-0.9111743717  
0.00803306053  
-0.5467114206  
-0.3083779429  
-0.5254911109  
0.4612492761  
0.1937992909  
1.178867995  
1.477834102  
2.001526921  
-0.1596112  
1.14951131  
-0.2588589298  
0.09210167958  
1.125887818  
0.2653228328  
0.4666528971  
-0.8180925177  
-0.5228427263  
-0.06796077688  
0.2120793798  
1.007266698  
-1.116799734  
0.1978800577  
0.8129827649  
0.2740481606  
0.3339559897  
0.2650903508  
1.364010348  
1.165266417  
1.763607452  
-0.3014053726  
-0.2517768628  
-0.1936837079  
1.136909695  
0.4768464635  
0.6771331098  
-0.09698852015  
-0.7775048637  
-0.4108763891  
-0.4498514204  
-1.363272936  
-1.40306872  
0.8784460586  
1.306478567  
0.6931468607  
0.103966116  
-1.639764785  
0.6649200539  
-1.23862283  
-1.538606186  
0.9763117048  
0.191263977  
