-0.2692786356  
1.956057104  
-0.4843028396  
-1.896054984  
-1.161051032  
-0.3009454223  
0.03470581128  
-0.3024559269  
0.9121913739  
0.0541128401  
0.8483817632  
0.2259622551  
1.748291157  
0.9944793865  
-0.3710914455  
0.8283404461  
-0.2759895701  
-0.9357408158  
-0.3795791482  
-0.2954455028  
-0.3943365104  
0.747700851  
0.7405897036  
-1.64440074  
0.5528266065  
-0.2378040861  
-0.004662861444  
-1.744111647  
0.8497488338  
0.7238064464  
-0.5042786235  
-0.4351147086  
-1.759721653  
-0.5525234516  
-0.4613757371  
-0.9173375599  
1.196951232  
-1.406482177  
-1.28568723  
0.9452399837  
1.108072892  
1.887258242  
0.4360805874  
-0.6888916306  
0.700991473  
-1.355520471  
-1.792052195  
-0.7523436239  
0.5716376971  
3.755534445  
-0.06437957029  
-1.187852983  
1.288364502  
-0.1653113689  
-0.09173002977  
0.8647818588  
1.660858022  
1.363561595  
1.571755384  
0.2308809697  
-0.4440519933  
-0.6604410888  
0.3247909135  
1.302323003  
0.3757723684  
-0.1798735699  
0.7981253795  
-0.7253702738  
0.4211004555  
-1.88345074  
-1.060341528  
1.43233529  
-0.928086499  
-1.640659279  
-0.5419523465  
-0.2454418928  
-2.119475687  
-0.04391854332  
0.4809909472  
1.477541715  
0.6996884314  
-1.21708244  
0.5097402277  
-1.037861215  
-0.9162110448  
-0.4728358964  
0.05013174691  
0.5788690779  
0.04110106482  
0.0103504088  
0.3983927366  
0.1510686664  
0.2450580939  
-1.491002286  
0.604504593  
0.3780616322  
1.294356893  
0.07970561825  
0.5848350975  
0.6062173671  
-1.672974445  
-0.6089679025  
-1.387600574  
-0.1174665933  
-1.147463633  
-1.955807784  
1.686513318  
0.320505594  
1.86565408  
0.1490073037  
0.266597254  
-0.1250383  
-0.03906967866  
2.740110518  
-0.6184629751  
1.012927657  
0.5929240563  
-0.06519821703  
1.257763638  
-0.09616587052  
0.1715157293  
-0.716356935  
-0.7493977308  
-2.5894972  
-0.5426524655  
-0.6001565886  
0.01761175555  
0.1217611356  
1.00363418  
-1.005548304  
-1.583391214  
0.2291156001  
-0.06076498634  
2.541497256  
0.4332469065  
-0.188930361  
-0.3718573412  
-0.7596278748  
0.3229430064  
0.9072510094  
2.288039412  
0.2484396194  
0.8482650461  
-1.167270466  
-0.0700190522  
1.633526537  
-0.8912797056  
-0.1140422542  
0.1133508687  
-0.5638653239  
-0.2802598748  
0.08304501211  
-2.23337445  
-0.5370772156  
-0.3485934033  
1.166859556  
0.7960383758  
0.0799312997  
0.2787124836  
-0.2895623007  
-0.04831020972  
-0.03850234373  
0.06158740144  
-1.126837107  
-1.433671497  
0.9811668225  
-2.773936899  
-1.383415902  
1.337972561  
-0.2350498723  
-0.1947689029  
-0.6113081308  
0.6048427739  
0.9397095196  
1.333121296  
-0.4973516239  
-0.6509755223  
-1.7045239  
0.415998736  
1.197491251  
0.4083301282  
1.853454322  
-0.6695527599  
-0.7538857581  
-0.06975416887  
0.006630446045  
0.6119336773  
-1.381562692  
0.3694289266  
1.074314726  
0.5459801843  
-1.689917545  
0.7498060514  
-0.1834738703  
2.064847352  
-1.001585332  
-0.7901388769  
0.4533919946  
2.187544628  
0.07072374998  
-0.3243495081  
0.3871405185  
-0.4781515085  
-0.4334052759  
0.3731006742  
1.354355471  
-0.4121181983  
0.4537966923  
-0.4895833074  
-0.3691218866  
0.4690169618  
0.3670567759  
0.7989410168  
-0.392336135  
-1.493369937  
-1.501173975  
-1.070861215  
1.638487908  
-0.6735143371  
1.404578779  
0.4369950345  
0.7284690287  
-1.098205127  
-0.06787557764  
-0.06917802872  
0.3355810291  
0.1746734152  
-0.6745038967  
-0.6434772995  
0.351560018  
-0.8413965022  
0.4011540007  
0.8568103413  
0.3065149612  
-0.4385283555  
-1.69286264  
-0.3825082617  
-1.496263824  
-0.1600655474  
-2.219549399  
-3.458524626  
-0.248186489  
-1.158147869  
0.5078312112  
0.7764592357  
0.4666227389  
0.005592171241  
-0.9170701072  
0.7366817655  
1.317897411  
1.219205874  
0.3565997714  
0.8514671391  
0.2849051443  
-0.1375211896  
1.276248349  
-1.472162076  
0.4647876096  
0.01835114193  
0.8366227022  
0.4882262657  
0.6337650988  
0.9477130378  
1.795070019  
-0.9228163991  
0.3536095612  
0.9523085926  
-1.589361743  
-1.499254014  
0.4529706672  
-0.1831456481  
-1.509779844  
-0.5269781932  
0.5561610546  
-0.9788463298  
-0.258437825  
2.333936624  
-0.2113305312  
-0.5874664286  
0.4875503065  
0.7530325917  
-0.1723113399  
-1.029896579  
-1.111599189  
0.2569106873  
0.2471341881  
1.045557103  
0.7494621024  
-1.369404563  
0.01388313826  
0.8617112734  
-1.094361336  
0.03672445389  
-0.3749465167  
-0.4424250571  
0.2967077641  
0.9621350485  
1.302663807  
-0.2405973111  
0.5561774794  
1.13879296  
-0.0720425344  
0.8198012853  
-0.9867373158  
-0.2438116842  
-0.7967654244  
-0.1759485833  
1.785774103  
0.3398842043  
0.9362863553  
-0.03649103261  
-1.069059801  
-0.4799639741  
-0.09477916776  
1.209971401  
-0.8394548425  
-0.2294526587  
0.8597063554  
0.1940460101  
0.02336261824  
0.6400304192  
0.3479034759  
0.4187355333  
-0.7381072583  
0.2536146657  
0.2509969302  
-0.4997832602  
-0.2971006507  
-1.251233961  
0.07455819209  
-1.752004038  
1.806497905  
0.5283489478  
-0.224003596  
1.215000683  
-0.7443067824  
-1.300275582  
-1.820287437  
0.5591252982  
-0.948750154  
-0.5494053837  
-0.244525878  
-0.9897052626  
-1.491615579  
-0.8069220743  
-0.6160365082  
-0.3966252261  
0.1497387232  
-1.142364359  
-1.130895882  
-0.25162814  
2.657297  
0.5520094073  
0.2610926788  
0.5234355757  
1.568602948  
-0.08447708599  
0.7221128073  
0.165449827  
-1.184302917  
0.1450170472  
1.89259292  
-0.3756315907  
-0.6456943637  
-0.3183908901  
-2.5453069  
0.3290587137  
-0.06992853138  
0.315427749  
-0.4044440536  
-0.3728241347  
0.04386209603  
0.8042520995  
2.531963572  
1.136293806  
0.5482928206  
2.290192635  
-0.2831200578  
0.817482365  
-0.6356119264  
-1.061281393  
2.516954056  
-0.3263933714  
-1.529062892  
1.50535752  
-0.4358987803  
0.3431789011  
-1.152451625  
-0.3376689527  
0.869441194  
0.2160345393  
-1.197296667  
-0.9563767838  
-0.1269900121  
-0.1464880228  
-0.5045546956  
-0.08991840533  
0.8962893113  
1.034100049  
0.4325658761  
0.9189124368  
0.5711227227  
0.1285495395  
0.536853489  
1.628583653  
-1.47715662  
0.4771635396  
-1.435630956  
-0.767637349  
-0.2129213083  
-0.6403361559  
-0.7847548735  
-0.1113445482  
0.3307247803  
0.4204758406  
