-1.64763679  
0.7013387784  
0.8523724262  
0.5375993263  
0.5518146289  
1.158849514  
0.09036641207  
-0.2068811817  
-0.3828496177  
-0.9914423658  
-0.5634102979  
0.6802624658  
-0.8632450567  
-0.04975312907  
-0.4888415787  
-0.2129599563  
0.5877526578  
-0.02707662834  
-0.869458349  
0.5799311153  
-0.2122403841  
0.7262624144  
-0.4279762801  
1.072265997  
0.009240126626  
0.0833966236  
-2.537125095  
-0.3732176842  
0.45798689  
-0.3807225489  
0.562371701  
-0.05997137025  
-0.2069777436  
-1.071298822  
0.850925247  
0.1072769472  
0.8314590695  
-1.045451888  
0.1945684942  
-0.3766060921  
-0.3907598228  
2.533704683  
1.098218207  
-0.836273127  
0.9341198357  
0.3474123662  
-1.271799083  
0.6707337603  
-0.361471777  
0.6419547932  
-0.5056430121  
-1.998239737  
0.1202143485  
0.09278912751  
1.102716299  
-0.5004375704  
1.288258695  
0.2355074906  
1.54334308  
-0.4714076607  
-0.1641172137  
-0.9472276203  
-2.397830403  
0.935903499  
0.8921886128  
-0.3773527961  
-0.2763382552  
-1.26458404  
-1.096757123  
0.2206797096  
-0.3411299643  
1.138685026  
1.074127297  
-0.6693917027  
0.3282806218  
-1.930468314  
-0.310596717  
-0.4019383829  
1.819861917  
0.484981373  
1.087737043  
-1.980006584  
-0.07907121596  
0.2538940588  
-0.2073200431  
0.7477321768  
0.9027329954  
0.8096947505  
1.063978051  
0.268462951  
-1.32616004  
-0.6532417978  
-1.590829019  
-0.627711287  
-3.649542781  
-1.290717215  
1.070453264  
-1.512357695  
0.4873168703  
0.2425205169  
-0.2768870794  
-0.5706118746  
1.584459428  
1.591812357  
-0.280239111  
-0.4509759178  
0.6602563981  
1.471474115  
2.846916986  
-1.318074238  
0.1224995694  
-0.6650140868  
0.6462681239  
2.506994839  
-1.141577743  
0.2529396203  
-0.9391309865  
0.06427775696  
0.9804676602  
-0.3256936736  
1.911027238  
-0.03080638051  
0.3521968321  
0.6846380887  
0.2710804597  
-3.607462377  
-0.1566772926  
-1.416580204  
1.500019084  
0.3181416747  
-1.735729039  
-0.1931798583  
-0.7056309054  
3.025937602  
-0.7611536773  
1.878561482  
-1.969066459  
-0.4499644424  
0.2794481225  
-0.9825517099  
1.598885079  
0.3702114031  
0.3767935334  
-0.1580728373  
-1.509841346  
0.4837360305  
1.067570857  
0.3385148136  
1.015772656  
-1.624611844  
0.06120133113  
0.4661161859  
0.1231834537  
1.146099424  
-0.5651500608  
1.101012027  
-0.974851505  
-0.4093887316  
0.8706468914  
-0.7066813133  
-0.710733899  
0.2520612906  
0.3703775945  
1.094531457  
0.4004784854  
0.3532182397  
-1.524258244  
-0.5857286351  
0.3984845491  
-0.06635161673  
0.9289970729  
-0.09193347856  
0.412140323  
1.511109133  
-0.5076391629  
0.8287196005  
0.2893039386  
0.6898002418  
0.04947033203  
-0.4886455378  
1.24606989  
0.6738613857  
-0.5544742665  
0.1554326907  
-1.212880248  
0.6794637005  
-1.504172883  
-0.09917080579  
-0.2324992916  
-1.657403722  
-0.4548280891  
-0.5137812424  
-0.05670323642  
-1.642709076  
2.532311624  
-0.2339599667  
-0.6102888316  
-1.717822604  
-1.428221557  
0.5387424167  
-0.1920365903  
0.5149016578  
-2.253466585  
-0.9798520007  
1.013053281  
1.570878592  
-0.6312609517  
-1.035511027  
0.9681581091  
-0.5468892985  
0.6026934397  
-1.177201904  
-0.9971880816  
0.5763458259  
0.5630120907  
-0.9780141447  
-0.3765683714  
-0.316083824  
-0.02873763923  
-0.08170259113  
1.102710978  
0.2360338484  
-0.2260657275  
0.519234338  
0.3896282752  
0.1033130135  
-0.4521420881  
-0.6991946652  
-0.03404054275  
0.1518812692  
-0.2419899496  
-0.6667752193  
1.768337974  
0.4936047774  
-0.1593576867  
0.6837208553  
-0.1331692511  
1.458844157  
0.5582885298  
0.1775816167  
0.4017824135  
-0.2111334405  
-1.276142455  
-0.9515402316  
-0.01396969784  
0.7420163047  
0.6258518566  
0.671259368  
-2.218689572  
1.781137268  
1.861164691  
0.6268561759  
-0.3335193477  
1.026401635  
-1.274262701  
0.2917141917  
-0.8234051266  
0.06965825767  
0.7507905344  
-0.09040154965  
-0.8695706121  
-0.5526161877  
-0.1854219187  
0.2421143937  
-0.352316555  
-1.592288582  
0.6875111703  
0.3547382811  
2.929715386  
1.096215645  
0.1322009791  
0.5288434437  
0.1724849191  
0.4458534174  
0.4065226284  
-0.3416640076  
0.3548827531  
-0.08580241704  
0.5517910032  
0.8380835235  
-1.206718931  
-0.321392216  
-0.570683966  
-2.770264793  
-0.1984253656  
-0.5747484315  
0.6732120059  
-0.8444631115  
-0.5779808172  
0.1393009294  
-0.1832454562  
-1.472442287  
0.1495201892  
-1.199481055  
-1.155146528  
-0.697436323  
-0.1908120333  
-0.03498605388  
-1.043951852  
-2.167418949  
0.8862858829  
-0.6020169145  
-1.734771242  
-0.9382221736  
1.064742169  
-0.5251662384  
1.137043323  
-1.065365383  
1.398241932  
2.082115151  
0.1321928847  
0.3806011607  
0.1668277957  
0.6095335935  
0.6299105325  
1.256603145  
-0.3368003603  
0.6544083652  
-0.0462877953  
0.08802720963  
1.263763828  
0.6873691113  
1.430665526  
-1.05723764  
-0.3700224603  
-0.8743031662  
-0.6630586657  
-1.25323159  
-0.02941679197  
-2.29735093  
-0.8301031482  
-0.7964560755  
-0.0777197521  
0.27397325  
-0.30582375  
0.3285303783  
-0.7541223403  
0.5119480117  
1.225543135  
-0.06154236479  
1.209319794  
0.8298269059  
-0.3816846421  
2.363164434  
-0.3433077684  
0.8372005272  
0.02486743885  
0.006390943289  
0.6632725647  
0.06601268459  
-0.03241334726  
-0.2274406552  
0.2777396762  
0.364975982  
-0.5048353694  
0.03296022687  
-0.6466382057  
-2.222706369  
0.4078195299  
-0.4905800788  
-1.007807857  
1.269761008  
1.058657023  
0.8983121103  
-0.5033117506  
-0.001195027854  
-1.474893673  
-0.3159430833  
-0.7925639553  
-0.02604682343  
0.3809629212  
-1.13264182  
1.313591288  
1.059569089  
2.430094703  
0.08762806864  
-0.02510164846  
-0.3219618751  
-0.3254564407  
-2.652604492  
0.9909584105  
2.78013062  
-0.2589231517  
-0.6379351442  
1.909873668  
1.327951672  
0.1445269195  
-0.4241709545  
0.3256196088  
0.03001706762  
0.4463186384  
-1.4908126  
-0.9252674208  
0.1121624088  
-0.2906959162  
1.441230634  
0.3048389078  
0.3708226739  
-0.8575077382  
0.2053929092  
0.3706997265  
0.2228425711  
-0.4690275683  
-0.3828681431  
2.615870187  
-0.6355503046  
0.2445103451  
-0.3510037947  
-0.7579743443  
-0.5223148774  
-0.01052357275  
-0.4401115172  
-0.1686470248  
-0.3478877007  
-0.2314035181  
