2.632700544  
0.9960217823  
-0.690409414  
1.15354888  
-0.1934343462  
0.3636176832  
-1.584866331  
0.005765810011  
-1.577008896  
-0.5492208995  
0.2247124072  
-0.6831454852  
-0.1736335449  
0.07061233879  
0.6353741664  
-1.456257534  
-0.08920159595  
0.6824889634  
0.4830252658  
0.6091737541  
-0.8776975676  
-0.2893161109  
0.5377240013  
-0.9583225284  
0.3212546363  
0.6988990385  
-0.2633105201  
1.670115683  
-1.063276792  
-1.547023046  
-0.6102278208  
-1.087703268  
-0.02364109952  
0.2527401542  
-0.7239720787  
0.1804284758  
-1.925836482  
0.9315669535  
1.859270528  
0.7480386277  
2.195279382  
-1.148115275  
-0.8621574837  
0.2722129855  
-0.823793896  
1.457733052  
0.4518340395  
1.229519949  
1.336024113  
-1.77318867  
0.8223154329  
-0.6426708857  
0.9863346856  
1.658028732  
0.4494187303  
1.44828426  
0.2778489109  
1.118592404  
1.834666667  
0.6560684563  
1.393250384  
0.1108183941  
1.467614031  
1.053777231  
0.9412405986  
1.649479045  
1.287196402  
1.400813266  
1.902338371  
-2.214631773  
-0.4573373911  
-2.406479515  
-1.214854914  
-0.04734761558  
-2.075330308  
0.03434870147  
-1.061737657  
-0.4852597023  
-0.4640383636  
-1.396273573  
0.0609062764  
-1.052055351  
-0.0905735363  
0.01711722136  
-1.905540812  
-0.3703924048  
-0.4671588718  
-0.2389722393  
-0.3723488296  
0.06466139479  
-0.03164012173  
-0.4072489341  
0.1314143045  
0.3381114786  
-0.1274660714  
1.74938342  
0.8754757925  
0.223011031  
-1.208575896  
0.1246918169  
0.7606763734  
0.01590635841  
0.6243128594  
-2.146808132  
-0.09432938  
-0.8187022924  
-0.1366345675  
0.3284671837  
-2.156995518  
-0.1729649639  
-0.2940430019  
-0.2851657286  
0.2713149874  
-0.002592035158  
1.868378306  
0.9473386239  
0.6711727107  
1.303975519  
-1.716722102  
0.9932448725  
1.068093409  
-0.7908073389  
-0.03904785651  
-2.173541778  
1.134283934  
-0.2343715456  
0.8879886341  
1.139093243  
-1.308143574  
1.081100952  
-1.170572791  
-0.5274181696  
0.1194166791  
-2.279305541  
1.041779039  
0.6742681347  
-0.502750864  
1.112278758  
-0.1578433997  
0.6728163413  
-0.6366083472  
-0.1124351981  
0.8188924209  
0.2904414815  
0.46118377  
-2.199942331  
-0.4396525457  
1.11730863  
-0.5606258769  
0.416655423  
-1.703125309  
0.3036352114  
0.1414161363  
-0.5820813209  
0.7069777265  
-0.5454287731  
-0.2290704991  
0.3138531403  
0.07046852063  
-0.6548482157  
0.2131397524  
-0.3420242758  
0.001399496081  
-0.931494191  
-0.2414766585  
0.2622821443  
-1.012369358  
0.3445693741  
-0.343585574  
1.155445352  
-0.1742302621  
-0.1694433833  
0.3173979494  
-0.4986360118  
0.4070601903  
0.08934639639  
-0.4226051657  
-0.1187016777  
-0.9026460896  
1.661234138  
1.02472863  
-0.4665024617  
1.073849457  
0.9338041474  
0.1137770626  
0.9703922626  
-0.685211308  
1.136215862  
1.644813229  
-1.045185203  
0.6315911355  
-0.4221526127  
-0.9538428183  
-0.1720589604  
-3.001059839  
0.5798482267  
0.9392485045  
-0.6273011471  
0.4814467588  
0.5253137372  
-2.284027379  
1.388238075  
0.1295417657  
-0.2021176262  
0.6485738462  
-0.5770027987  
1.196166688  
1.505914494  
-0.9737283323  
-0.1547012125  
-0.2536699195  
0.5568884612  
0.8019733112  
0.2150359844  
0.4817487519  
1.17977501  
-0.698028817  
0.4375311568  
0.9417779775  
-2.302262997  
0.1361087795  
0.2230752503  
-0.4960071834  
0.09525223858  
-0.6048384118  
-0.2324850896  
0.09460354132  
-0.7072855598  
0.5634062079  
0.6160334319  
-0.1790345  
-0.3301587322  
-2.037862394  
-1.180367632  
-0.4127075057  
-1.052970508  
-0.2442207048  
0.04935339141  
-0.1619499564  
-0.3474020328  
-1.592906047  
-0.2325565809  
-0.921009513  
-0.02905761577  
-0.1038672541  
-1.243463251  
0.09229078812  
0.1401633878  
-0.6866005369  
1.517906825  
-1.527081964  
-0.9505965014  
-1.012709462  
0.7201562758  
0.6198674857  
-1.472353537  
-0.6620552751  
0.1423928767  
-0.226861662  
-1.125491855  
-0.03533300213  
0.4253144794  
0.2931973361  
1.068180693  
1.30912278  
0.4683156692  
0.9871425938  
1.425165068  
-1.708534354  
0.7555369455  
1.231581311  
-1.385145777  
-0.05262934366  
0.009441577054  
0.9224271631  
0.9259260648  
0.7082102675  
1.436232112  
1.312145993  
0.7823498775  
-0.7164650428  
0.8956894415  
1.524660298  
-0.6831921981  
1.012296098  
0.7732888602  
1.519798614  
1.471229468  
0.3133195147  
0.6757442499  
0.7712819919  
1.645054901  
0.6819371979  
1.089637025  
0.8377826563  
1.423727876  
1.12014354  
-2.328780108  
0.6506507701  
-0.4321989781  
0.864273802  
1.125578512  
-1.221173614  
0.6708168593  
-1.596366614  
-0.4270038832  
-0.08037437406  
-2.438844741  
1.488489525  
-1.443007901  
-0.435590708  
0.1643048458  
-0.8114354313  
-0.8065225255  
-0.02534334927  
-0.1945580415  
0.05773247945  
-0.3859797018  
-0.2460630418  
-0.3902872647  
-1.42971246  
0.7650297071  
0.8228246068  
-1.904220601  
-0.2934908988  
-0.8775058329  
0.5755479082  
0.1692989899  
0.7186456624  
1.111151088  
-0.3034428452  
1.496001432  
-1.289802944  
0.3932816548  
0.2899859957  
-0.2630070956  
0.4376797022  
0.3622918078  
-2.198524972  
0.8821962064  
-1.226565202  
-0.235449419  
0.247274955  
-1.701938339  
-0.09867672652  
0.229314182  
-0.6593290321  
-0.6056771935  
-0.1472352386  
-0.2565581801  
-0.1627114402  
-2.458782395  
0.2613511514  
0.890421982  
-0.4698592155  
0.396466512  
0.9783424542  
-2.097033578  
0.6865232267  
0.876406491  
0.6795902371  
-2.394909101  
1.101099784  
0.03747912103  
0.03576425236  
-0.3609271058  
-2.255286282  
0.5297909871  
1.019307655  
-0.6116449503  
1.172220934  
-0.2679350873  
0.8411781806  
1.667947795  
-1.862145313  
0.4131699173  
-2.174826118  
0.3783564539  
1.011781011  
-2.118028609  
0.08578641697  
-2.361239166  
1.22869286  
1.293607665  
-2.223448908  
0.09273274978  
0.6914014811  
0.3079430448  
0.7771511692  
0.5830948262  
-0.3042582525  
-0.4844680783  
0.2208068172  
0.3102404732  
-0.050742346  
0.9149578683  
-0.2105143324  
0.5491998008  
0.6328269704  
-1.136107698  
-0.3991438711  
0.1048134062  
0.04122623101  
-0.5982505009  
-2.416073964  
-0.08020965854  
0.0110392885  
0.3873633487  
0.1130534192  
0.1384499513  
0.1757819808  
0.8054555554  
0.2721660886  
0.4253872318  
0.05681575404  
