-0.1559341435  
0.5469965955  
-0.7868432003  
-0.8117696129  
-0.3505806083  
1.381889834  
1.179011064  
-0.192957349  
-0.8962890958  
-1.410603139  
0.432905527  
0.192556523  
-0.1863529292  
-0.9261521351  
0.7915201158  
0.01243183405  
0.06108110262  
-0.3896675358  
0.3006790021  
0.8817800575  
0.4619235612  
2.127230186  
0.4036845449  
-1.017164222  
0.6270068624  
-0.5137397451  
1.243351613  
-1.206498601  
-0.767265439  
-0.7708144002  
-0.714493314  
2.05273217  
-0.03903461833  
-0.8300729938  
-1.752868163  
0.4325094352  
0.802091116  
-0.7859499338  
0.4483926982  
0.05211443102  
-0.1294304259  
-0.6253006511  
0.6201704944  
-1.051641559  
-1.249256608  
-0.2338609687  
-0.248594534  
0.3280959885  
2.269933827  
1.163437715  
0.1929244081  
-1.327459388  
-0.04440256763  
-1.17259346  
0.575003627  
-0.363169757  
-1.4740304  
-0.08980819441  
1.129712513  
0.3918551604  
1.551877233  
1.60126975  
0.7260638803  
-0.01152890191  
0.3207217402  
1.564747421  
-0.6251235468  
-0.4682415195  
-0.647216162  
0.006376489545  
-0.2656589422  
-0.5750594829  
-2.348894847  
2.22063988  
0.7562384479  
-0.7873841071  
2.860305321  
1.651321896  
1.550324465  
-1.303608988  
0.9782667408  
-0.05496009568  
-0.2920868822  
0.1486055642  
-0.4756870474  
-0.3797907267  
-0.4307991176  
0.05304194176  
-1.637754125  
-1.284426303  
-0.1315837182  
0.08595877528  
-0.4524488215  
0.5935479104  
0.3262650578  
-0.8735077363  
-0.9661535193  
0.03907031542  
-0.8546602166  
-1.342196539  
-1.068665823  
-1.069977672  
-0.7016818206  
0.1722542525  
2.680868511  
0.4385702257  
0.5542484239  
0.5845290376  
-0.1314684687  
-0.9018876036  
-0.3499231789  
-0.1175209751  
0.8227949128  
0.1352389832  
1.194281199  
1.547100709  
-0.9998342924  
0.9369498261  
0.5237361719  
-0.5671396088  
-0.41851237  
0.02972651811  
-0.3091618575  
0.19648926  
0.1767876864  
0.580393576  
1.436914785  
-1.131859391  
0.3077786028  
0.605299087  
0.519745034  
-0.5340580446  
-0.310383181  
1.017000837  
-0.4372833711  
-1.293652366  
-0.6570926199  
0.7831595176  
-0.1801012312  
-1.305457433  
0.3135315737  
1.063475572  
0.3943260544  
-0.5852816995  
-0.368031633  
0.4582216172  
0.07694705425  
-1.327935004  
-1.855617678  
-0.8980348575  
2.048538144  
1.082828467  
1.061880566  
-0.1770540324  
-1.151580817  
-1.023307362  
-2.142953946  
-0.8931833706  
0.4197582348  
2.619197559  
0.7588100612  
0.02914943574  
2.238890194  
0.2313719419  
-1.004957838  
-0.3478376941  
1.670662562  
0.03705636628  
-1.123607653  
-0.7585799529  
-1.651531544  
-0.04351241097  
-0.2719356637  
-1.304471052  
-1.131589217  
0.6855685947  
-0.3667631718  
-0.4916291989  
0.6467337417  
0.497569096  
1.68284509  
-0.7262480383  
-1.603553477  
0.1264500133  
1.495329155  
3.411429674  
2.769697928  
1.791065549  
1.633895023  
-1.493168032  
-0.8351386062  
0.8093516347  
-0.7852751972  
-1.946440454  
-1.793575742  
-1.2429101  
-2.304011561  
-0.724004421  
-0.643304905  
-2.057024991  
-0.06872282833  
-2.094778674  
-0.3998764502  
0.7599941888  
1.565991714  
1.870933639  
2.357024262  
2.287614733  
1.30876065  
-0.8614978106  
-0.4527921094  
0.07126358912  
1.04310978  
0.3189452613  
-0.5872095518  
1.467259848  
-0.2173674583  
0.4974425782  
0.7507277478  
0.4292655472  
-1.145775781  
-1.278086355  
-0.5533731566  
-1.180231478  
-1.546025546  
-1.033180952  
-0.7879350542  
1.348858328  
0.1989550942  
0.5782362766  
0.2108755821  
-0.05199009034  
2.958018206  
2.490002404  
0.0135549555  
-1.127547742  
1.210350016  
0.6673686509  
1.297202272  
1.471295963  
0.1598976653  
0.5448328801  
-1.003628117  
-0.174651497  
-1.08370378  
-1.017446175  
-1.319096852  
-0.6416980853  
-0.9754909525  
-1.649239348  
-0.6662457389  
0.3982582888  
-0.5440140672  
-0.5036714183  
-1.417927121  
-0.3815359074  
0.6139428394  
-1.421686736  
-0.5884642106  
-0.9652169018  
0.2444929865  
0.105117171  
-0.5640450363  
-1.489446121  
0.00387539652  
-0.5318423527  
-0.6426779513  
-0.0526057348  
-0.6720532886  
-0.9501134949  
-0.6214254364  
2.203258966  
0.9543562049  
-0.5593386314  
0.1632390868  
1.300843773  
1.331429143  
2.36392407  
2.413398889  
1.716902452  
-1.333651832  
0.7418070654  
1.000006659  
1.409477456  
1.768056721  
0.8653009931  
0.3607419483  
-0.02310172642  
0.9824735041  
-0.4617708057  
-1.297473103  
0.06496081369  
-1.102349337  
0.299282069  
-0.1949515125  
1.067921974  
2.210034196  
2.557097195  
-0.5362717411  
-0.4522472452  
-0.9974725765  
-1.225314696  
-0.7636131582  
-0.3566217381  
-0.6721699179  
-0.4328660426  
-1.704020545  
-1.269792406  
-1.558325615  
-0.6399263767  
0.3306332898  
-0.1193126363  
-0.6209255108  
-1.512138933  
-0.5499548121  
-1.341719537  
-1.305060716  
-0.1885598874  
-0.2258604995  
-0.8555264116  
-0.6102009629  
-0.1186842287  
-0.5154949357  
-0.4607071407  
-0.07998243417  
-1.959499441  
-0.9292073132  
0.3524286663  
-0.5015748224  
0.7336583405  
-0.317271014  
1.837132234  
0.8880803193  
1.635002244  
0.6398544568  
-0.003675448701  
1.460486457  
1.888334291  
0.08842362516  
1.474311882  
2.458932472  
0.2768411477  
0.5129488158  
0.1977235344  
0.5712447089  
-0.5135082665  
0.9572250379  
-0.3302803662  
-1.76740911  
-0.4722375535  
-0.6967324837  
-0.149871129  
0.3860131659  
1.919842487  
1.569187426  
1.385296973  
1.545611588  
-1.113643195  
-1.755797522  
-0.7146716523  
-0.05088470375  
-0.6106455839  
0.6823664215  
-0.6438287987  
-0.06761143302  
-0.7791515464  
-0.916465052  
0.4329983777  
-1.330523566  
-0.9336368146  
-0.8504786569  
-1.875808793  
-1.334365558  
-1.029872534  
0.02274693654  
-1.07021825  
-0.4584116728  
-0.1645238489  
-0.4662584065  
0.03664617318  
-0.6038768397  
-0.728790316  
-0.1818221291  
-1.7295481  
-1.015396393  
0.2678536782  
0.2151756138  
3.19555378  
0.427075483  
0.006225804754  
1.43102883  
1.619429139  
0.8625024739  
0.8007237572  
0.2773120787  
1.291589712  
0.6206689325  
-1.404405012  
0.785137298  
-0.1859611038  
1.798907657  
0.70179158  
-0.186859082  
-0.490146557  
0.3326552018  
-0.9205866748  
-0.9617748892  
-0.6366705068  
1.354669316  
0.8606743039  
1.805146244  
0.7344543809  
-0.7476609661  
-1.498109033  
-0.7271318069  
-0.361546092  
0.1939921125  
0.5573082619  
0.4544106215  
-0.1324343342  
-0.4465629868  
-0.8593708492  
-1.887587193  
0.3574623164  
-1.409963402  
-0.1236085375  
-0.3962860119  
-0.0004513363663  
-0.09542874941  
0.1854665085  
-0.8032134387  
-1.086677231  
-1.058557664  
0.01699157602  
0.3312919781  
1.013665706  
2.258312165  
2.175839515  
1.638670839  
-0.07816844947  
0.2856050531  
-0.09939231831  
1.512329312  
2.306418881  
-0.1048818584  
-0.4259138357  
-0.4645479178  
0.1969291494  
0.767137966  
0.1069903896  
1.244659368  
0.7905965617  
0.9432244932  
1.000735764  
1.261691351  
-0.5441275886  
0.07379796865  
-0.5516075651  
-0.8328512394  
0.3749122858  
-1.433242651  
-1.037769369  
0.2561793185  
-1.096302868  
-1.930721577  
-1.06526585  
-1.683988905  
-0.2484778325  
-0.00510710167  
-1.660491689  
0.2832137554  
-0.6887113671  
0.3132600158  
-0.4518672192  
-0.2971779147  
-0.1320654536  
-0.01066266423  
-1.155664561  
0.8460395206  
-0.3188953185  
0.9758285865  
-0.288033268  
0.6920574842  
-1.208982941  
0.3918383129  
-0.06680655551  
-0.03634431308  
0.2796318935  
-0.4277431047  
-0.3786563327  
0.08163432194  
0.3876450057  
0.4673594796  
1.146778606  
0.4498126063  
1.057141866  
-0.1173793095  
-0.3909687779  
0.5722177551  
-1.033597907  
-0.07023674225  
0.6213370887  
-1.554822293  
-1.35171016  
-0.0903572894  
1.181964249  
0.9988710297  
-0.8990411683  
0.1843140375  
-0.8100192251  
-0.1111710756  
0.3071151699  
-0.102461128  
0.7923623368  
0.3059753149  
-0.8719672734  
-1.601952449  
-1.895043447  
-0.2509945576  
0.5114198685  
2.00364484  
0.1977254178  
-1.332625243  
0.2088962918  
-1.004837738  
0.2190409137  
1.287918025  
2.180841924  
0.1584898832  
-1.174380112  
0.2946076305  
0.6951525456  
1.102346881  
0.7789650371  
1.197459768  
-0.02772604224  
1.047564522  
0.5012470089  
-2.036922012  
0.5284142932  
-0.5121468983  
-0.2209886395  
-1.644199373  
-0.2902961833  
-0.02760618194  
0.4749020473  
0.04639754699  
-0.2296376877  
-0.1343361403  
3.715086719  
2.199042207  
-1.412842934  
-1.699263942  
-0.2715319354  
-0.3773705384  
-0.09923066453  
0.8057581275  
-0.1166810695  
-0.08747297074  
-0.3260164827  
0.8339604207  
0.9242595314  
-2.153232458  
-0.82327286  
1.031024564  
1.416286323  
1.986344611  
-0.6574587989  
-0.1617280829  
-0.4397801622  
-0.4794931028  
-0.5555484007  
1.043485278  
0.2203428535  
0.1365199429  
0.7569613386  
-0.4591784455  
-1.368347307  
-0.86751939  
-0.257206663  
-0.6488020149  
0.04451385395  
0.2552703024  
-1.570210701  
-1.63745634  
-0.1632841146  
-0.01180099494  
-0.8135056389  
0.6335403429  
-1.033857878  
-1.123944595  
-0.8585491055  
-0.4930700735  
1.575024824  
1.638525219  
-0.3959217465  
-0.7884551018  
-1.381086395  
0.01131224754  
3.732303355  
2.687405867  
1.000508564  
-0.4935569433  
1.348435862  
0.3624812963  
-0.3418636931  
-0.9957198481  
-0.7059300459  
0.3309758254  
-0.3745116746  
1.446499862  
-0.7497708464  
-1.685389202  
-1.691709053  
-0.4303458561  
0.5378953459  
-0.5763841812  
-0.1534300941  
-2.043489596  
0.8075578387  
-0.5716185026  
0.1145945613  
-0.3002567469  
2.030039097  
-0.3356917993  
-0.7909789925  
-0.2192636215  
-0.2336005557  
0.04432169885  
-1.485063336  
-0.5902372533  
1.281949125  
-0.0733828138  
-0.1908082036  
-0.3910537076  
-0.572494825  
0.9737885897  
0.2556535745  
1.166672725  
0.358371798  
-0.2041637463  
-0.5432725061  
2.10999114  
1.507312098  
-0.8696153514  
-2.037416836  
0.4415888455  
1.533768187  
-1.08313113  
-1.759757607  
-0.1398204207  
-0.02342689203  
0.8774494626  
0.4383198735  
2.771209471  
1.046703862  
-0.4591020398  
0.4720328338  
0.7664674134  
0.05784043861  
-0.2950698234  
-1.045402855  
0.6700774245  
0.301992233  
0.3426785118  
-0.9037944509  
0.08722275977  
-0.5892146748  
-0.300414066  
-1.978964577  
0.1721769288  
0.04488719484  
-1.970164232  
-0.82962806  
-0.8756958873  
1.244960225  
-0.3062656551  
-0.4691270482  
-2.190489496  
-0.9427373673  
0.7951121301  
1.078419853  
2.591162181  
0.04463697547  
0.4793085005  
-0.305474224  
-3.012775457  
0.3285595807  
-0.8154960443  
0.2313049083  
0.839206463  
2.72850131  
0.113556169  
-1.199259832  
0.5844693925  
1.006454898  
-0.08282313414  
-0.3903834949  
-0.1072047458  
0.1574498509  
0.2623139935  
0.4973131641  
0.61570844  
1.273975627  
1.863046029  
-1.667089559  
-1.741501816  
0.8504358049  
-0.04789869981  
-0.7002784699  
-1.470914819  
-0.2479387254  
-0.05869833817  
0.4829099714  
1.499956984  
1.747854988  
-0.337169873  
-0.384883296  
-0.1708360344  
-0.3029309511  
0.6405939793  
-0.7932891425  
-1.605014584  
-2.892560633  
-1.091999804  
1.008877942  
2.153836468  
1.536810616  
0.1640699386  
1.425634425  
0.2541830337  
0.1210006713  
0.04716548602  
0.8691392681  
-1.099314976  
0.07308485771  
-1.047521863  
-1.098884871  
-0.2848053888  
0.8438396851  
0.8975990098  
1.911180111  
-0.04793090697  
-0.8550343358  
0.2317089999  
0.3710513063  
1.322906428  
-0.2400611097  
-1.406443835  
-0.5168749662  
-1.184777505  
-0.7366808338  
2.185660813  
-0.1049564787  
-0.4836433891  
-1.302517388  
0.2152316498  
1.787914352  
0.538170499  
-0.04780189193  
-0.6461737868  
-0.5565545439  
-0.06263533152  
0.5545755808  
-0.9258637867  
-0.8385934512  
-0.1124336444  
1.130538086  
0.4834946009  
0.6362387044  
-1.463136354  
-0.5775643048  
0.255548548  
1.883851405  
1.194955239  
-0.07554207136  
-0.2644911856  
-1.226999486  
1.617060902  
0.7423018902  
0.3494997401  
-0.9630423908  
-1.667041362  
0.8937403183  
-0.7734409537  
0.2723143186  
0.02385306817  
-0.9712125844  
-0.6001654446  
0.006911596064  
-0.5250498285  
1.303292974  
0.994673507  
-0.9193736672  
-1.382881823  
-1.096562432  
0.2096757382  
0.2677228943  
-0.2147535937  
-0.2234791718  
-1.644732989  
-0.1369389195  
1.038366429  
0.5083212461  
-0.05233118802  
-0.7975789072  
-1.420175521  
1.347035816  
0.7239883359  
-0.3601766699  
-1.558987477  
-1.767363254  
-0.2916178513  
1.092369246  
0.1882958922  
-0.6846382878  
-0.2792537068  
0.1525308486  
0.3568514189  
0.3716967957  
1.023675847  
1.090806834  
0.5618333521  
0.978993995  
1.622415903  
-0.2783388824  
1.363394225  
-0.002911976148  
0.2028665594  
0.2531961756  
1.139104456  
-2.422314746  
0.1064442537  
-0.4654407345  
0.3706222873  
-0.2480641962  
-0.9128776193  
-0.9898768255  
1.192248436  
-0.07875019702  
-0.2313008159  
0.1524742743  
-0.6775327726  
0.3784453934  
1.366515939  
-0.9121122311  
-0.04514501168  
0.8682968131  
0.7659760546  
0.2040294725  
-0.2741367554  
-0.3494784578  
0.3222921473  
0.3161848456  
-0.2737362454  
-0.05900633369  
-0.7767717681  
-0.5811173106  
0.1644012852  
0.7871469184  
-0.4141231505  
0.2708584566  
0.8464555043  
-1.964119974  
0.8239893081  
0.1650746685  
-0.8123318745  
0.7392813241  
0.3506185723  
-1.00658801  
-1.685043849  
-0.6809725285  
1.938429377  
1.258979928  
-0.04238813958  
-1.391322832  
-0.8530304198  
-0.6814104232  
-0.7099430562  
-0.8396597895  
-0.1580960551  
-0.7029510298  
-1.642300876  
-0.4014069369  
-0.163226084  
-0.982136832  
-0.7284970885  
-0.236980723  
0.2326905711  
1.052626736  
0.5891385042  
0.4329214307  
0.325512404  
-1.347166522  
0.6577678846  
0.9060630302  
0.1357200252  
0.6885889657  
0.619428627  
-0.1676021247  
-0.7466178652  
0.08382988177  
-0.3368382845  
-0.3379589492  
1.790598089  
2.251890102  
0.1190303204  
0.4852520647  
0.5740612309  
-0.5920605669  
1.419489105  
2.008258683  
2.40447159  
0.02389320317  
0.7161881861  
0.5654885232  
0.710701709  
0.2043071897  
-0.1702467607  
0.1075364997  
-0.9839343738  
-0.9874492983  
0.01761281105  
0.3224571941  
-0.8723050893  
-2.353220074  
-1.974945353  
0.3942587156  
-0.5288674106  
0.8364674582  
-1.024915206  
-0.5015477793  
-0.9718612575  
0.3165995392  
0.5268382274  
0.1744590946  
-0.1204079218  
-0.3659580486  
-1.357117069  
0.5055256766  
0.2689653078  
0.554027055  
1.059032687  
-0.8434361838  
0.07477991456  
-0.252243118  
1.024936569  
0.292288115  
-0.875024982  
-0.1339607852  
-0.7904326373  
1.17484671  
0.8633977283  
1.076010694  
1.077049917  
-1.022036271  
-0.6673697047  
-0.4465483683  
-1.49518594  
1.777796472  
0.1737089226  
-0.380294426  
-0.09844304356  
0.9889350047  
-0.2652764749  
-1.706107019  
-1.034047575  
-0.5311054251  
-1.105598978  
-0.08746265876  
-0.8135163831  
0.6813498824  
1.136824301  
2.20336433  
-0.4930722998  
-0.2455290602  
-0.9038684179  
-0.09713557467  
0.5061782775  
-0.2205617638  
1.319802897  
-0.2135678332  
-0.7432982633  
-0.02565407869  
0.9004939607  
-1.57697045  
0.02725380568  
0.1658400243  
0.03289665036  
0.2083287514  
-0.5703499439  
0.3609785913  
0.09868899497  
-0.9020316769  
0.3514070787  
-0.09380822834  
0.5737265422  
0.01303138817  
0.07302241066  
-0.3510555532  
-1.022567079  
0.9692627855  
0.0524071234  
-0.596605914  
-1.142129801  
-1.282035654  
0.316598581  
-0.4122733989  
0.7077561805  
1.209890413  
-1.370783372  
-1.478710932  
0.8536383923  
1.303954359  
-0.3950948459  
0.3675421851  
-0.2209285121  
0.587305983  
0.7614503633  
2.198005731  
1.282151712  
-0.780181706  
-0.3078769411  
0.7666549366  
0.7287670531  
0.1776545856  
-0.9812853787  
0.6180370973  
1.160496174  
1.427358343  
-0.5999718083  
-0.5176520835  
-0.4310741767  
-0.2778841439  
0.2357471316  
-0.1448639955  
0.5189409545  
-0.3242983849  
0.7120712296  
0.7569623705  
0.8934027675  
-1.069160988  
-0.4406128942  
-1.345836031  
-0.865741482  
-0.5843085875  
1.120427362  
0.08629556734  
-0.9781828358  
-1.774462935  
0.04613937427  
-0.9401185664  
2.157457875  
0.6157762819  
-1.291524498  
-1.624154463  
0.1563421996  
0.6519861775  
-0.4064893257  
-0.5007284395  
-0.2258081836  
-0.138067737  
1.362373638  
0.3869811764  
0.1804673916  
-0.01067951828  
-1.218572949  
-0.5151038219  
-0.3747345689  
1.588154398  
-0.5621273984  
-1.08607601  
-0.901790713  
-0.5446659829  
-0.4068384347  
-0.06659531073  
0.5433842371  
0.2818982985  
0.4195879402  
0.01452400124  
0.2543472491  
-0.348941964  
-0.384492674  
0.9393679262  
-0.02308596615  
-0.557061539  
-0.3100130416  
-0.2243603603  
0.5041511975  
-0.1115244563  
-0.4489517245  
-0.4917754738  
0.8870763874  
-0.4237739981  
0.6926883696  
0.5442607386  
0.7491999602  
-0.2546182295  
0.1184559485  
2.008041606  
0.7622380162  
1.12618334  
-0.05242755914  
0.7224301262  
-1.378912162  
-0.2890323381  
0.5106705706  
-0.7488987115  
-0.4475021376  
-0.1966008837  
0.2533497757  
2.074675903  
0.8066329293  
-1.070149334  
-0.6012521226  
-1.181640451  
-0.5880732825  
1.004651161  
1.108945597  
-0.05269608353  
-1.152367788  
-0.3187939172  
-0.3944527555  
-0.8725811128  
1.095379739  
-0.5438864336  
-0.4777478724  
0.08975926517  
1.219675451  
0.5541222887  
0.97857378  
-1.085219379  
-0.06216808404  
1.033646455  
1.209873251  
1.457577123  
-0.6918503047  
-1.251230468  
0.1298162287  
-1.713427001  
0.7472771647  
0.4002527558  
-0.7765942058  
-0.8172838027  
-0.3595247982  
0.7359744517  
1.485823662  
-0.5176403533  
-1.666808146  
-0.9732917109  
-1.334995657  
1.080989181  
-0.06577389082  
0.1718982302  
0.2059158191  
0.2650271561  
-0.6184226705  
-0.1477860282  
-0.8504013301  
-0.5010201697  
-0.3033481278  
0.5584723361  
-0.1969786871  
0.8864329997  
0.2606248359  
1.380332787  
0.8349591887  
-1.390450724  
0.4282432234  
-0.8208566316  
0.8922311305  
1.004583422  
-0.8364400669  
-0.1884044163  
-1.098229061  
0.3286534597  
0.6946172727  
1.455125908  
-0.5862641218  
-1.541034062  
-1.028939016  
0.3521571188  
1.85571786  
1.230757054  
-0.1536279798  
-0.9879137485  
-0.4897414217  
-0.7451908415  
-0.4879478169  
0.6649269685  
-0.4773209823  
-0.1469555554  
0.0381741564  
-0.5053443009  
-0.7182528179  
-0.5418129453  
-0.9416362628  
1.391972102  
1.524465506  
1.595414884  
-1.477293971  
0.7718852553  
-0.8025161317  
-0.05627021005  
0.1585319882  
