-0.5500872976  
0.451971518  
-0.943137405  
-0.6850781198  
-0.7660237277  
0.6630947845  
-0.142349595  
0.1496056296  
-0.08120837012  
0.9058476371  
-0.6874510918  
1.159981309  
0.826768549  
0.5963386061  
0.04320007848  
0.5953896206  
-0.3286757497  
-0.6592078659  
0.1045234148  
0.1922600326  
-0.9697879937  
-0.652947616  
2.034568227  
1.331601581  
0.9148699662  
0.4785557796  
0.5624572719  
-0.2019031354  
-2.183896443  
-1.489182303  
-0.7873364709  
-0.877376456  
-0.8147388536  
-1.190497221  
0.4182008699  
0.4477524302  
0.01334788107  
0.5511574753  
-0.3991985182  
-0.210754204  
-0.6589030923  
-0.9380588441  
-0.2709249429  
0.8264992725  
1.417626763  
0.353728678  
0.3570761512  
0.5299656915  
1.389193796  
0.9687372821  
-1.892226089  
-1.722938694  
-0.5004423228  
1.364623245  
1.040342031  
1.250898946  
0.1307820159  
0.4308450205  
0.6071753066  
0.7637968307  
0.4032690618  
0.6420595671  
-0.5652599006  
-1.11255671  
-0.1820527902  
1.22757234  
0.5610626966  
-0.7277306865  
0.6828803977  
-0.2574152371  
-1.244740599  
-0.9719969565  
-0.9267761744  
0.3023810793  
2.544539722  
1.085801011  
1.681059206  
1.330063984  
0.699145933  
0.07765925575  
-0.9652376374  
-1.077905021  
-0.8188452056  
0.6625017569  
-0.4981135195  
-0.550399319  
-1.535522647  
-0.5242721857  
-1.71616328  
-1.049896904  
-0.3544498385  
1.237826433  
-0.3696842456  
0.9060209047  
0.432631101  
-1.66673886  
-1.15060175  
-1.023450409  
-0.2846321212  
-1.021249176  
-1.457719259  
-1.189858131  
-0.3935898288  
1.892296914  
1.43574674  
0.5558915613  
-0.3583438227  
0.5210031351  
0.1532035832  
-0.5305037726  
0.184442319  
-0.5012097169  
0.9532114236  
-1.149192825  
1.21671374  
1.475525275  
1.468267869  
-0.04908784014  
0.8357741876  
-0.0833634984  
-0.03130769462  
-1.128891468  
-1.144375484  
-0.9272283185  
0.5083500586  
0.5897557409  
-0.00475680552  
-1.350935226  
0.1615677994  
0.6512979602  
0.6754269629  
2.592200274  
-0.2388847978  
0.4243874145  
-0.7031737682  
-0.3394598645  
-2.165753927  
-0.6053254098  
-0.3324412342  
-1.371994838  
1.076231848  
1.717660128  
0.6088007334  
1.94135747  
1.082320854  
0.2497967164  
0.5626224308  
0.01459852119  
-0.3208586375  
1.220257863  
0.9993742045  
2.076882072  
0.6983925727  
-0.6655143629  
-0.8805750834  
-0.5381466048  
-1.516069051  
-1.307652691  
-1.654431657  
1.321674422  
-0.5105869774  
-0.2318461792  
0.9119507304  
-1.145572295  
-0.9703157286  
-0.6104598668  
0.3237889254  
-0.6675325077  
-0.5829814501  
-0.8046893822  
-0.1740011513  
-1.226360371  
-0.7661078746  
-0.3672593155  
0.928714965  
2.191429223  
-0.5682693679  
-0.4145042186  
0.006632796776  
-0.1525041351  
-0.4204222733  
-0.2528159441  
-1.200176517  
-0.5049042279  
-0.1894260096  
1.247832672  
2.567018894  
3.514781405  
1.979063519  
0.7118245879  
-0.3117250524  
1.84998923  
-0.5129205527  
-1.348277772  
-1.709885787  
-0.925885596  
0.4940635903  
1.110769334  
-0.2030491934  
-2.520319215  
-2.051040587  
-1.743720656  
-0.7274871408  
-0.3593817734  
1.519009001  
-0.2855007821  
0.8964692842  
1.736530859  
0.6301256151  
-0.9125123171  
0.0359974176  
0.560205481  
0.7057507048  
-0.6980181592  
-0.003060786807  
-0.8328618978  
0.2532539437  
2.79549592  
0.5555121168  
1.246582083  
0.4764559293  
-0.1540581556  
0.9697350848  
0.05898237562  
0.4603423226  
-0.06316699171  
-0.4564847618  
-0.1159256304  
-0.7243037913  
0.9503646426  
1.500978148  
0.2714293795  
0.3809455242  
1.317983725  
-1.341071667  
-0.8220070789  
0.01308739857  
1.615624511  
0.7061072636  
1.364107749  
-0.3285707463  
0.2346078506  
-1.707693254  
-1.597210507  
-0.4135212309  
-1.779825341  
-0.6426896266  
-1.853353415  
-0.4503192143  
-0.7252036473  
-0.9509064284  
-0.3814724485  
-1.119879655  
-0.3892419567  
-1.520355573  
0.109934791  
-0.6918172781  
-1.366722613  
-0.5564421339  
-1.235603275  
-0.2127428784  
-1.770271557  
-0.7913327746  
-0.7014618565  
-0.8156763052  
-0.4249212198  
-0.2401361639  
0.5005954472  
-1.00149231  
-1.624790273  
1.227248724  
3.094237533  
-0.00178994273  
-0.4937762514  
-0.7392279834  
0.009940396303  
2.768826688  
3.567427316  
1.372344538  
1.574700929  
0.1462242721  
0.2151780931  
0.531601782  
0.331224267  
1.979588899  
-0.3585440722  
-0.133308594  
0.4074535596  
0.5334117758  
-0.6318196585  
-1.012068614  
-0.8887618952  
-0.6858016602  
0.102063937  
1.945240798  
1.61570072  
2.755708434  
0.5708214312  
-0.9141687871  
-0.3943261972  
-0.2017741572  
-1.386069036  
0.2288327171  
-1.088457356  
-1.243894996  
-1.089908611  
-1.156689608  
-1.223426931  
-0.485219547  
-2.108591283  
-0.2613129534  
-0.02430214501  
0.6042033044  
-0.1783305129  
0.7572372946  
0.7106843735  
1.17147243  
1.46239324  
1.407476258  
0.5744634924  
-0.4555677814  
-0.539988995  
-0.6199715676  
-1.646842604  
-0.9867731  
0.3643967827  
0.0302000545  
0.5530998333  
-0.2438050965  
-0.2340961861  
0.3611984637  
-0.4028657899  
0.3248399612  
0.04438374381  
0.1864767948  
0.2701033021  
0.9954417511  
0.02417138265  
0.456762019  
0.3077872681  
1.819633624  
2.646678729  
0.2176471589  
0.7886145316  
1.353757104  
0.49993893  
-0.04377838906  
-0.8721656247  
-0.7124249729  
-1.031571822  
-0.8887759827  
-1.176469559  
-1.675470746  
0.5158905752  
-0.9433687451  
-0.1712279852  
0.149637814  
-0.07283356451  
0.2219915999  
-1.276067173  
-0.2467126501  
-0.1372698867  
-0.3143625896  
0.5700434073  
0.2181509652  
-0.2709529097  
0.5500007674  
-0.6006910826  
-0.2943650554  
-0.2395648967  
0.09980778639  
-0.078998058  
-0.7278133834  
0.1620602203  
-0.3963758051  
0.3143562788  
0.3453635483  
0.2839658676  
-0.209114591  
0.5059256794  
-1.00736179  
-1.485038435  
-0.813720605  
-0.5332325646  
-0.9426282253  
-0.4147909193  
0.8412316246  
1.56302435  
1.185688517  
0.2624100719  
0.1960395144  
1.110659398  
0.1760222398  
-0.4230880561  
0.1736806942  
-0.4593599597  
-0.4169188961  
0.5988144361  
-1.617579667  
-0.5149011801  
1.255360209  
-0.6261865171  
-0.3315407638  
-0.8763566016  
0.1615732585  
-1.47562561  
-1.295502028  
0.3650556022  
0.7099348131  
0.5966081857  
1.372190939  
-0.5523432494  
0.7524687811  
-0.09908761036  
-0.6553005429  
-0.3604572825  
1.415228211  
0.3476183448  
2.677410455  
0.6645727473  
0.6328049753  
0.4786697112  
-0.06300943709  
0.1513845673  
-0.8520241627  
0.7686492001  
-0.3231743756  
0.4928848144  
1.03271335  
-0.2233838654  
0.3331382947  
0.1541566733  
0.09596831439  
0.7093317335  
1.685179019  
0.3684523033  
0.3312317605  
2.421345325  
1.683421055  
0.2112931374  
-1.037764457  
0.1862834054  
0.08263487638  
0.6243931338  
0.133784254  
0.3519730697  
0.9234073655  
1.184922467  
0.6135368378  
0.4804400039  
-1.137601014  
-3.271253246  
-2.072620739  
-0.8341987618  
-0.7934739892  
-0.05899976254  
-1.834111749  
-0.8963633748  
-0.8299752622  
-0.840894635  
-0.4271519749  
-0.3252191275  
-0.5200677538  
-0.4624729679  
-0.7102913311  
-0.6640093412  
-0.7976441581  
-0.992254476  
-0.8140075254  
-0.7828423985  
0.9117805984  
0.1703796783  
-0.1602570127  
-0.8801479006  
0.2511963061  
0.9301494799  
0.04263988716  
-0.1751743382  
0.03073582737  
0.5494887202  
-0.03179082726  
0.07511252703  
-0.3622698267  
-0.5473899256  
1.262209951  
0.04202392035  
-0.3132622579  
-0.09946905863  
0.3018431316  
-0.08693117055  
1.268429174  
0.6099876686  
0.220276094  
-0.01949729122  
0.4731784566  
0.04829923817  
-0.3417667525  
-0.1812426523  
0.3695818505  
0.6273087649  
-0.1826998076  
-0.1241324624  
0.3408463823  
-0.1097211215  
-0.1389774165  
0.5894534832  
0.2931817097  
0.381175762  
0.05097706714  
-0.8610284337  
0.06488949098  
0.7712859916  
-0.9986280616  
-0.06223825176  
-0.1596273096  
-0.6088574292  
0.7096517946  
-1.829500206  
0.3929182421  
-0.9699791678  
0.7223672184  
-0.7384506931  
0.2961578475  
-0.08201329371  
0.591511581  
-0.587762412  
-0.8537179853  
0.3932244918  
-0.8069709783  
0.2373813187  
-0.2807236203  
-0.5740197217  
0.5018018377  
0.6234402432  
-0.5979546043  
-0.9451858277  
0.5910459034  
1.781233181  
0.6757481862  
1.067094062  
0.5530760865  
-0.9427761402  
-1.377679941  
1.192212678  
0.4463321048  
-0.1225424759  
-1.29605228  
-0.7721692882  
-0.5023331728  
2.650089899  
1.534787639  
0.1943413559  
1.234576604  
-0.1131816301  
-0.3328659871  
-0.1882461739  
1.071745548  
-0.9438827089  
0.008633133386  
-0.8236023146  
-0.3933002422  
-0.3086667123  
0.1144426003  
-1.042131928  
0.4653537194  
-0.3688974464  
-1.479059479  
-1.021838682  
-0.9812811706  
-0.7040179734  
0.2694004643  
0.2638994896  
0.4012291137  
1.968923262  
-0.1324037135  
-1.299372644  
0.5321400576  
-0.5171716654  
0.9909298697  
-0.02396908303  
1.544317585  
1.054998225  
-0.4951486865  
-1.213378692  
-0.450557858  
-0.6420635127  
-0.7546010213  
0.6540706393  
-0.81571762  
0.7200376761  
-0.2044803099  
-1.160917103  
-0.3057038977  
-0.4093233086  
1.156904418  
-0.4823480623  
0.3735064321  
-0.04088949638  
-0.1147168052  
0.06970701766  
0.7608450105  
1.023319055  
0.4141590166  
-0.01747481438  
0.04381786943  
-0.374766416  
-1.138670392  
-0.2462321436  
-0.402130018  
0.2731978271  
0.5923415517  
-0.1820846646  
-1.172051966  
-0.9798853058  
-1.52296548  
-1.27822426  
-1.220195124  
-0.679617423  
0.4362964227  
2.005539403  
1.66860657  
-0.09387216253  
0.8109699922  
0.4948055698  
0.6653689285  
0.8669604065  
1.473039173  
1.086808759  
0.9879678777  
0.07890764715  
-0.3294508303  
0.3674008062  
0.09420879349  
-0.3324180955  
1.108047277  
0.4860754233  
-0.2060173784  
0.5705270355  
0.3961654722  
0.2144053628  
-0.06121150178  
1.012217897  
0.7234861799  
-0.3536317152  
-0.4766923314  
-0.2720509522  
1.506818306  
-0.2366087297  
-1.657070849  
0.1700373846  
0.0840933607  
1.321784916  
1.150079604  
0.785437186  
1.488759668  
1.374638097  
1.104237828  
1.708979774  
-0.7347311475  
-2.64354715  
-1.456840115  
-3.071304228  
0.2357526768  
-1.047301377  
-1.173070565  
-0.2701636995  
-0.6055893324  
-1.54744757  
-1.803830431  
-1.984561859  
-1.175333172  
-1.251022775  
-0.4018835966  
-0.06410434539  
0.4787065042  
1.02166378  
-0.5395320195  
-0.5411640381  
0.03098380601  
-0.7877180526  
0.6700173553  
-0.803739568  
1.282023146  
0.3002990838  
-0.1544176745  
1.00619411  
-0.5742667011  
-0.8763195669  
-0.6209618792  
-0.01275684893  
-0.2687749395  
-0.03796208998  
0.01370396281  
1.024010543  
0.201439271  
0.2517818047  
-0.7291159318  
-0.4566116497  
1.075024994  
0.662581614  
1.302136971  
1.198830942  
0.8074456098  
1.284253767  
0.6308861387  
1.089699313  
0.4661887871  
-0.6646762997  
-0.2844773185  
-0.7006119344  
-0.9979890532  
-0.1754949182  
-0.1933004952  
0.01343592509  
0.3156642365  
0.007566076607  
-0.1806442533  
-0.06852075762  
-0.6465907886  
-0.3751722072  
1.161476244  
0.8599596895  
-0.566386674  
-0.3985637975  
0.1574580465  
1.035270068  
1.609641669  
1.560578489  
0.5887086437  
0.4204835848  
0.7141500527  
1.200022541  
1.320331443  
0.1742887026  
0.1880848708  
-0.3027805597  
-0.6020662045  
-0.134339284  
-0.3932219203  
-0.8093154821  
-1.455791386  
-1.179329192  
-0.4411630525  
-0.4340844453  
-0.7324048786  
-0.8888349409  
0.8659545714  
-0.706135151  
-0.6989664669  
-0.9952828218  
-0.3369750033  
-0.1632964133  
0.1793105079  
-1.109122187  
-0.45769757  
-0.274632163  
0.03932379943  
-0.04441209646  
0.6398806481  
-0.6195233935  
-0.6528404231  
0.04865647499  
0.7659218559  
0.5665336296  
-0.07633831162  
0.1156198147  
0.2086936427  
0.7922520499  
0.478430243  
0.007798192198  
-1.310572863  
-0.5430289124  
-0.4318070891  
1.299368699  
0.5528189479  
0.2318909248  
-0.4256054945  
-0.1150633514  
1.981983373  
-0.5216566067  
1.469634368  
-0.7684626828  
-0.787935506  
-0.3066543016  
0.02261677601  
-0.7226236401  
-0.674909673  
-1.073810385  
-0.6365278274  
0.3658955744  
0.7379727617  
-1.110543531  
-0.009367472542  
0.2875144431  
0.1191812851  
0.3525483853  
0.4560749799  
1.239413347  
-1.012622056  
-0.2682359375  
0.202086825  
0.08738960709  
0.1051705805  
0.04232468683  
-1.004677312  
-0.4260421  
0.5867595632  
2.009415906  
0.7862955273  
0.3762663337  
-0.3259267711  
1.246267822  
0.70113615  
0.8967585356  
-0.6626358936  
-1.243672663  
0.656458194  
0.4979607154  
1.092262839  
0.5562005932  
1.229165688  
0.8198963334  
1.601835638  
1.018505545  
0.7812461431  
0.4954887451  
-4.606210827  
-3.64351631  
-0.6843223039  
-1.729626375  
-0.07845528783  
-2.188163483  
-0.09464697813  
-0.1100129044  
0.5808240083  
-1.618180365  
-0.5622866695  
-0.1610745399  
0.7659404566  
-1.115889522  
-1.25569111  
-0.001166280065  
0.3187160736  
0.6727958919  
0.640395267  
-0.0168820758  
0.22370711  
0.1062464408  
0.8761043369  
0.9047925324  
0.2576523548  
-0.01832349024  
0.2323443333  
0.3861365201  
0.4032598556  
0.4632199848  
0.3205934958  
-0.7259534993  
0.03402839789  
-1.010123164  
-0.6555328423  
-0.6199191738  
0.8934294761  
0.7632739549  
0.1130711168  
0.1604085963  
0.1856545419  
-0.6865862207  
-0.7255589411  
-0.2849146845  
0.3088464201  
0.7226416494  
0.2180073762  
-0.7342548767  
0.3014085772  
0.9791634788  
0.1945533971  
1.875778491  
-0.02519264925  
-0.9414445893  
0.5844554801  
0.1490857376  
-0.7123243126  
-0.1245495676  
0.8134542341  
0.1795493529  
0.3586972788  
1.890337653  
1.234255797  
1.570206351  
1.902507484  
-0.2986245771  
-0.4495678659  
-3.687393693  
-5.254433352  
-3.408926995  
-3.67878479  
0.2325718855  
-0.374304174  
-0.4689976169  
-0.8148081202  
0.8559483075  
1.672228109  
0.9910479217  
1.108695404  
0.5010356276  
0.5420648378  
2.053618142  
-0.3874680956  
0.8456824297  
1.463045254  
0.9143412312  
0.2609205398  
-0.07528267737  
0.747451454  
0.08746427126  
0.934695336  
-0.5203090779  
0.06662757661  
-0.5599749123  
-0.8016353193  
0.06070994808  
0.1258126408  
-1.20820061  
-0.7339843515  
-0.3697942115  
0.1176781971  
0.7389799992  
1.300149433  
-0.3529531173  
-0.8120180382  
-0.3664303329  
0.9888995081  
1.170211779  
1.606417761  
-0.6243300256  
0.6500053853  
-0.9328218331  
-0.6460365811  
0.4942711805  
0.2555564711  
1.062812569  
0.5035054962  
1.538346027  
0.9182616639  
0.5395033966  
-0.6726233719  
0.9111940138  
0.05288029542  
0.6906255581  
1.088542958  
-0.06175015605  
0.6485413852  
0.8288465025  
1.417549679  
0.6308468677  
0.2122139198  
0.4878460669  
0.9465114074  
0.1937655692  
-2.044608633  
-3.081968981  
-1.224808484  
-2.297192323  
-1.166564652  
-1.40999409  
-1.556135576  
-0.0649608508  
-1.398209955  
-1.038908769  
-0.09604153985  
-0.2094224656  
-0.2578395464  
0.1298545268  
-0.3335990138  
1.218005704  
0.6388496982  
-0.136186977  
-3.863349776  
-0.9940213306  
-2.529768677  
-0.4857102571  
-0.6409937807  
-0.2280568595  
-0.3118720234  
0.6143174281  
0.2352888474  
0.2766584786  
-0.3698096698  
0.3631198615  
-0.3288803334  
0.09276312859  
-0.1982469601  
0.5498256442  
0.1145548276  
0.9005209034  
0.09832880504  
-0.3936955595  
0.3622275385  
0.3051361213  
0.005815103067  
1.19803098  
-0.3435716428  
-1.305603227  
-1.968152228  
-0.7113814434  
-0.556918714  
0.5670702462  
0.6517654941  
0.6383041205  
-0.3343946069  
-0.412407737  
1.624720225  
-0.04997116973  
1.169115093  
-0.5213679156  
0.4550008164  
0.7081827163  
0.1529780807  
-0.4400068102  
0.6119828786  
-0.05801214114  
-0.00962836282  
-0.1089728075  
0.7191664992  
-0.7287040298  
1.208800979  
0.5085264806  
0.8877245368  
0.07795360374  
-0.246005518  
0.3620830355  
0.9897083605  
1.320795432  
0.8261783008  
0.8005958885  
0.8329315152  
-1.252551169  
0.06868896373  
0.2743269277  
-2.44448401  
0.8569071379  
1.939577508  
0.6083130603  
1.86257068  
2.269947657  
2.085487915  
1.854971913  
0.1230695335  
0.2485709112  
0.1718976786  
0.03590811097  
-2.131540067  
-6.224371141  
-3.542254709  
-4.29734045  
1.249646441  
0.06590204527  
-0.5510653329  
0.2758653507  
0.2744991107  
1.221491591  
0.408682722  
0.3881528112  
-0.5928344106  
-1.59070074  
-1.36329654  
-0.6728940191  
-0.15851126  
-0.3931590707  
-0.9460004112  
1.194062493  
1.027571286  
0.752043707  
0.8564374665  
1.433955782  
1.391190189  
1.88090684  
0.5992318592  
-0.3244455545  
-1.223127689  
0.8464367167  
0.7071203158  
0.3560586168  
-1.482433361  
-2.071502262  
-1.568710044  
-0.342615425  
1.014725885  
0.8671186018  
0.1452714667  
-0.570250484  
0.439717931  
0.8471091258  
0.04455443037  
-0.004454591892  
-0.3747159838  
0.5243414155  
0.498827431  
1.294927898  
1.364985727  
0.8835684227  
-0.9300355912  
-1.729652126  
0.05051813993  
-0.9120048653  
-1.798990328  
-1.369740072  
-0.5546602435  
0.1233473206  
-0.158572976  
-0.3847680543  
0.6896233985  
-0.03260487753  
-0.3549608997  
0.6822095369  
0.606601207  
1.195251973  
0.7622043915  
-0.02811908216  
0.9596345991  
1.579896744  
-0.399583475  
0.2185842319  
-0.4955647004  
-0.5175967202  
-0.9302511961  
-0.4876687591  
0.04949397037  
0.5725436148  
0.08644326012  
-0.7804674633  
0.2454753118  
0.5592412207  
0.6023941297  
0.7270023677  
0.04668585541  
-0.44609733  
0.149143671  
0.0152995706  
0.5888222764  
-0.04979778696  
0.2492814693  
0.2134540034  
1.123827615  
0.5106250669  
0.0987695707  
-0.5680187387  
-1.251700174  
0.4816684199  
-0.06046018663  
-0.7514252945  
-1.737797867  
-0.6487305805  
0.139984054  
0.0743985927  
-0.69523193  
-2.498303246  
-0.2806828721  
-0.4975710144  
-0.2118170376  
0.2738267  
0.4591762979  
0.8563581533  
-0.1503364889  
-1.172465105  
-0.9892351006  
0.6762070041  
0.03387115401  
0.3754965045  
1.382542825  
-0.2814589983  
-0.1437363944  
-0.1097524161  
-0.02913812961  
0.3872358635  
1.405246105  
0.06957996337  
1.854619792  
-1.244638557  
-0.1213332466  
0.117314769  
1.355069092  
-0.08785757826  
0.3484892816  
-0.209386937  
1.124693326  
-0.04548172181  
0.5912603986  
0.2200836658  
2.42524413  
-0.3372823531  
-1.073575538  
-0.1674233346  
-0.4676000587  
-0.6454771928  
0.5692408372  
-0.5111993271  
0.2436296827  
0.05145702414  
-0.3336717693  
-0.4922265852  
-0.429229583  
-1.019614426  
-0.02168459572  
