0.6701211516  
-0.8984469317  
0.7915607653  
-0.1400531063  
0.9683751805  
0.3732413888  
-0.7933034334  
1.091318457  
0.3483725878  
0.4978450893  
-0.4276612695  
0.01856092502  
0.1299383736  
-0.4023374934  
-1.24776478  
0.3660890739  
-0.147034216  
-1.386471003  
-0.6254614403  
-0.1721724054  
0.9668899701  
0.5709128379  
0.9016227221  
0.4154093378  
-0.2290852946  
-0.2139334031  
-2.792978394  
0.6161398819  
0.8069155888  
0.7035641505  
-0.9777924169  
-2.188831685  
-1.303858027  
-0.4914546865  
0.2191665894  
0.1580348521  
-1.356206125  
-0.03146039552  
-0.04194515791  
-0.2136080127  
0.7954778624  
1.039226295  
0.6508498879  
0.9758231922  
-1.134510503  
-1.113377014  
-0.0287459706  
0.4505012959  
-1.072391849  
-1.591889511  
0.0655208839  
1.512600643  
1.401317186  
0.2119020716  
-1.838569036  
0.8275843453  
0.4013040239  
1.254390071  
1.944818178  
0.3419291452  
0.454508029  
1.277649007  
1.191290868  
1.262634592  
0.7406070543  
1.032782339  
-1.42482084  
-2.723117893  
-0.7160525614  
1.012224512  
0.3144406443  
0.7524602869  
-0.78091261  
0.8106704107  
-0.4667010444  
-1.581456225  
-2.451932984  
-1.64341072  
-0.9172934986  
-0.3798863745  
0.7327364799  
1.198539961  
0.4590637287  
-0.4747300519  
0.443937217  
0.671061878  
-0.8721618879  
-0.1475577142  
0.1468480876  
0.6374553666  
1.09830283  
-0.9517724846  
-0.48122646  
0.7639778713  
-0.7752394677  
1.446315702  
2.829009087  
0.2886553407  
-0.4266377806  
-0.6706683285  
0.4750522639  
0.4841584937  
-0.6299992996  
-0.3694699064  
-2.089233011  
1.082354836  
0.4636909521  
-0.6125500893  
-0.4633852284  
1.356501893  
-0.9180661779  
0.5794049664  
0.8735163421  
-0.1143434788  
0.5445295631  
-2.243274386  
-1.308191694  
-1.672322798  
-1.361512876  
-0.1963197774  
0.6058601429  
1.019477288  
1.587534763  
1.173149985  
0.8554169795  
0.2178225436  
0.7612632184  
0.9045350704  
0.5822394687  
1.659555318  
-1.794132922  
-1.184700516  
-0.8653306247  
-0.6470124434  
-0.1831153338  
-1.20393597  
2.711707552  
1.383912998  
0.04113161775  
-0.4945717337  
0.1278715962  
-1.161617685  
-1.14017917  
1.093034377  
0.1801268413  
0.9490556145  
0.5696619811  
2.190559542  
0.7033144574  
-0.9823980393  
1.289482968  
-2.528975618  
0.3213423692  
-1.822594561  
0.06835949233  
1.129740589  
0.006719959843  
0.3950705403  
-1.237197957  
-3.30202185  
-0.87420168  
-1.680123858  
-0.9333950646  
-1.553977763  
1.101821505  
0.5584360922  
-0.3333553247  
1.44954774  
1.252626472  
0.01642233755  
0.06609986995  
0.6379950972  
0.7585308901  
-1.70109584  
0.9820575592  
1.334847693  
-0.7675839083  
0.3028870738  
-0.6580476342  
-0.2036073732  
-1.394371032  
-0.2050646813  
-0.5192932137  
0.08454374158  
-0.594976649  
-2.409469424  
-1.332985071  
-0.2590787546  
-0.13834971  
1.794965687  
-0.01258269846  
1.291446681  
0.309651757  
0.8245835945  
1.090372835  
3.093640987  
0.9417682961  
0.1292265657  
1.117767449  
0.3335474071  
2.199833827  
0.565415194  
1.622128388  
2.150105026  
-2.153937653  
-2.460340304  
-0.6906565243  
0.4765566853  
-0.3936100159  
0.3991571568  
0.3032018928  
0.04575648043  
0.8510630821  
-0.683072423  
0.3647784088  
0.6634505961  
-0.2664099998  
-1.201354722  
0.4067967258  
-2.652495506  
-1.252637803  
-0.8861037142  
-1.001342971  
-1.403354866  
-0.2677908641  
-0.2824223549  
1.117793096  
0.246622023  
-1.206259358  
-2.697535458  
-2.126621628  
-0.8144292298  
0.6329260048  
-0.6517030737  
1.144328763  
-0.3291382886  
-0.2376695706  
-0.3650956782  
0.07713686724  
-1.604560941  
-1.647786961  
0.7501134997  
2.913357132  
1.179969781  
1.395884547  
-0.1307333583  
-0.2707295096  
0.3805286139  
-0.4869238759  
0.6206461684  
-0.562640262  
0.4503562147  
0.01375025384  
0.2782937258  
0.1201237916  
0.3669597593  
0.2777992698  
-0.9098020528  
1.915549971  
1.875650235  
-0.01791554782  
0.0138398165  
1.728330072  
1.768003421  
-0.3678441173  
0.6355102474  
0.4451659337  
-0.01265978985  
0.3301659595  
-0.5445200386  
0.3739457019  
-0.7806873157  
-0.8849027864  
0.2631485018  
-1.048284594  
-0.02947067395  
0.3680035056  
0.01886228201  
-0.6229397414  
-0.1875980943  
1.519595787  
-0.4065458477  
0.2042851762  
-0.02272444975  
-1.173784576  
-0.8795167584  
0.2626175742  
-1.041765441  
0.2541421662  
0.1966776312  
0.5829336945  
0.6894119172  
0.6448604387  
-2.428322227  
-0.4647276071  
-1.73164705  
1.699210179  
-1.263840617  
-1.203257552  
1.766103335  
0.5671960256  
-0.1354010845  
0.7754194032  
0.9918424025  
1.068848276  
0.816798577  
0.4930882638  
0.5522614814  
0.4014107908  
0.3907387283  
-0.3694925239  
-0.0707591935  
1.536082359  
-0.5355183697  
-1.030471103  
-0.933749557  
0.3040084187  
0.2623863096  
-0.275537592  
-0.3955318221  
-0.8288361069  
0.4711764617  
-0.9018723259  
0.2837867956  
-0.635826527  
1.265209336  
0.1045740641  
0.4323905283  
-0.6480796016  
-0.8273258765  
1.399702561  
1.001014938  
0.1872626638  
-0.8359933418  
-1.68095209  
-1.328862104  
-1.42070235  
0.4083285789  
-0.004551139482  
0.4987609122  
0.03574307222  
0.7522743827  
0.8325440984  
1.817203843  
0.1520945638  
-0.6271999626  
1.847099253  
0.9911400221  
0.3857547436  
0.5802120958  
2.054907317  
0.125227111  
-0.8939588942  
0.4031479805  
-2.103956634  
-1.634380843  
-1.644160746  
0.4607068478  
1.021823393  
-1.155059912  
-0.7354434129  
1.828325538  
-1.053957207  
0.3527663662  
-0.3846073156  
-1.286833132  
0.1300134389  
0.6770600988  
0.04760282724  
-0.8834771287  
-0.4848858881  
0.4931509627  
-0.4037923219  
-0.108263252  
-0.6295660507  
-1.043103039  
0.1196107364  
-0.2134244323  
0.6401708166  
0.7050005011  
-0.3180885026  
-0.2848955568  
0.4060240266  
0.03489636052  
0.06944595239  
0.1655278155  
0.856411695  
-0.6774599398  
0.6791349284  
0.2310496355  
1.237925996  
0.5803800923  
0.05433023611  
0.462134508  
-0.2305568797  
-0.6275514373  
-0.4697230578  
-1.630393294  
-1.377917264  
0.829869397  
0.2436223118  
-0.5802985204  
-0.6089201277  
0.8779286867  
0.4299587629  
-0.7226911943  
-0.2482470419  
-0.9076190879  
-0.2464357137  
0.3783576806  
-0.6830146573  
-0.3730548236  
-0.3070600547  
1.355128838  
-0.7559767373  
1.046323696  
1.453946327  
0.108429528  
-2.018493769  
0.08862286252  
-0.679253336  
0.5710779565  
-0.06281547683  
-0.2289845757  
0.6813556161  
0.4757262906  
-1.152146654  
0.3051078623  
0.8082494478  
1.35181183  
1.692770251  
0.6198814984  
0.2014869588  
-0.1189605651  
1.759944821  
0.2957584504  
-0.541357353  
-0.1235210697  
0.7017020486  
0.1181363456  
0.6883098344  
1.32566901  
0.9477834792  
0.3444733415  
0.7191471919  
-1.106495102  
-0.160706862  
-0.4828115  
-0.5378594674  
-0.594777193  
-0.2898942411  
-0.9448917769  
-0.0264868401  
-0.2413115723  
-1.701576371  
0.4995159521  
-0.1187125656  
-0.6142170198  
-1.201504398  
-0.7520167287  
0.1685064718  
0.6313213344  
0.2569518676  
-0.1554640346  
-0.8262114136  
-0.4111113007  
-0.9082728968  
0.885001618  
-0.1407741763  
-0.705634249  
1.506575787  
0.614184362  
0.2293420018  
-0.3577824336  
0.6014481567  
-0.4055704546  
0.1873053851  
0.2735921202  
0.07625371248  
-0.2567631374  
0.6011947534  
-0.6950522469  
-0.1585557587  
0.3786397775  
-0.03622238177  
-1.154942658  
-0.686513876  
0.7395668088  
0.3986033281  
-0.9179528081  
-1.244938623  
0.5833948547  
0.3702680197  
-0.4870433241  
-0.2909549303  
0.6937133605  
0.2149196919  
1.083834815  
0.2907155539  
0.4509167181  
-0.6815352647  
-0.3538958718  
-0.05477335778  
0.4426522991  
-0.9493246956  
-0.4973824307  
-0.8578611635  
0.9264466541  
0.4528892292  
0.7051898825  
0.6711984415  
-0.8734238749  
-0.1668767021  
-1.42110481  
-1.870028768  
0.5394762646  
-1.687008899  
-2.417519359  
-0.1195362893  
-0.2177874611  
-0.03000509036  
0.04077467441  
-1.283745624  
-1.06190471  
-0.2819919121  
0.3379371314  
-0.9377163601  
-0.2386367534  
1.325310366  
0.11675772  
0.3257386553  
0.8047832875  
1.083680211  
-0.1757556145  
1.31532551  
2.485961292  
0.07655961142  
-0.8248754959  
0.2604845197  
1.357412516  
0.7419084697  
-0.2061899756  
0.3667179064  
0.5956314739  
-0.4109685813  
-0.3441586336  
1.93738315  
0.4975257224  
-0.2288823625  
-1.209686967  
-0.0002334130725  
1.241077644  
0.7377437727  
-1.311024737  
-1.592478769  
-0.2599859029  
1.572144331  
-0.07885489787  
0.4626694341  
-0.8813897388  
3.098536042  
0.02757229712  
-1.408943994  
0.4775576045  
0.761092398  
0.3248857911  
-1.058503221  
0.03045139839  
0.222133467  
-1.479697652  
-0.3358808535  
0.3490191402  
-0.5353848964  
-0.8459399341  
0.09892942704  
0.1652041566  
0.8162261385  
0.08953735567  
0.5085150774  
-0.84323704  
-1.531564267  
-0.7006671888  
-0.3259046785  
0.7589412203  
-0.03591138652  
0.001637843392  
-0.4131424479  
-0.6035855821  
-0.1944401168  
0.870895467  
-0.3865173681  
0.01595198499  
-0.01065824387  
0.3490516063  
1.256082965  
1.054625467  
-0.3447126266  
0.5157898483  
0.6786133804  
-0.1951743808  
-1.521899989  
-0.9878167633  
-0.2351404999  
1.067085735  
1.207117016  
0.8533754784  
-0.4344510925  
1.518469643  
1.027532064  
-0.2754307038  
1.055134856  
-1.20758317  
-1.146668068  
0.2419783245  
-0.7204714155  
0.1246671987  
0.0959053759  
-0.2823480836  
0.1547733042  
-0.6514592413  
0.983276131  
0.5578621168  
0.6151157343  
0.2705939786  
-0.7588371131  
0.1248361845  
-0.4757866294  
0.1582109604  
-0.008286975716  
0.4352874519  
-0.6739441401  
1.30264511  
-0.3807764603  
-1.361760862  
-0.3936532903  
-0.9737982316  
1.142131898  
-1.136866571  
-0.3531655635  
0.0601475978  
1.288285126  
0.1283424978  
0.05997794081  
0.4622380931  
0.0914286221  
-0.1174449413  
1.138320845  
0.5954590125  
0.4200112922  
-0.8841629984  
-0.7092535443  
-0.555620271  
-0.7174115003  
-0.2332969659  
1.825471835  
-0.1271294449  
1.138982969  
0.1777387995  
0.7249026944  
-0.9633619028  
-0.4626721868  
-1.714088801  
-0.3204278258  
-0.4425340684  
0.9549117102  
-1.52022075  
-0.2099445601  
0.02026562576  
0.3453093035  
-0.8858359847  
-0.7625399776  
1.442155032  
-0.4978311394  
-1.172225017  
1.284553214  
-0.8543501184  
-0.1278734436  
-1.609392301  
-1.319603636  
-1.369426263  
-0.3206190127  
0.9406083738  
1.312890041  
0.4658905212  
-0.1891614529  
0.155769049  
-0.8131247664  
0.3469444484  
0.7785065755  
-0.3396808077  
0.8787301683  
-0.4097274207  
1.599494486  
2.175611977  
0.4257850282  
1.139992811  
0.4653533265  
-0.4873502863  
-0.02233867066  
-0.3442321638  
-0.5055984966  
-0.6188095481  
-0.4512065262  
1.905352848  
1.743927481  
-0.8713767367  
1.133090908  
0.7573639981  
0.003475681662  
1.180698262  
-0.9185587233  
-0.1067520754  
-0.9820458751  
-1.12031762  
-0.1150666155  
0.4386652436  
0.2709963897  
0.5546397689  
0.6646341051  
-0.7519953102  
-0.340009077  
0.2767051251  
1.27657451  
-1.139287997  
-0.04718548289  
-0.5229581647  
-0.1216017916  
-0.1566662781  
-1.262364669  
-0.2305574767  
-1.080555169  
-0.374556443  
-0.2395239952  
-1.394656148  
-0.740521446  
0.2426640871  
-1.040831432  
0.7599035206  
0.2444410149  
-0.4329370153  
1.508136859  
0.4864158789  
-0.9921108545  
0.3682155434  
-0.8140069608  
0.3347317673  
1.255336305  
0.4200826848  
1.615690014  
-0.7836288079  
-0.09076269139  
0.4926083161  
-0.5909055113  
0.8177623392  
-0.06213260917  
-0.5673511769  
0.2483532949  
-0.9746880141  
0.3328489034  
1.217083024  
0.5850179342  
-0.433223985  
-1.659307757  
0.7551551763  
-0.6135656613  
-1.154869795  
-0.8893783041  
-0.9136968919  
2.032390415  
-0.1072632892  
-1.369568886  
1.111804687  
-0.422744711  
1.412954687  
-0.2190393145  
-0.44817601  
-0.7133439164  
-0.875473905  
-0.6926920256  
0.1140630065  
-0.3900880694  
0.2368279466  
-0.6058361405  
0.9718594489  
-0.2518818304  
0.1391171006  
0.9841884656  
0.2347305606  
-0.07098601784  
0.044831207  
-0.570112946  
1.344154924  
0.7051444227  
-0.1910128396  
0.406840785  
-0.4330098176  
0.03509433985  
-0.2334794346  
-0.3435302234  
-0.3411975291  
0.05482901425  
0.5121268769  
1.253407081  
1.078811515  
1.6865094  
-0.1968787279  
1.408529097  
-0.2774488656  
-0.06225489229  
-0.230237173  
1.209207524  
1.44226811  
1.408567025  
0.8434576933  
-0.1623430498  
-1.462430813  
-1.313654682  
-1.060822722  
-0.7644295786  
-1.395705913  
-1.611438825  
-0.9915804863  
-1.114886232  
-1.963796769  
0.1909304664  
0.2628583893  
0.2605337955  
-0.8318213277  
-0.09731143549  
-1.166985467  
0.4142078009  
-0.2096611477  
0.08185073981  
0.07036363919  
-0.280683752  
-0.5405432876  
0.5234963454  
-0.8235136919  
-0.2512064471  
2.72972991  
0.9108355844  
0.422937283  
-0.776091118  
1.280686677  
-0.1127632957  
-2.169340952  
0.7588392345  
-0.07934600044  
-0.7623488832  
-0.8638794188  
-0.4494139798  
0.1276944668  
0.2988589635  
0.2258979255  
-0.2728732056  
1.06465627  
-1.253669036  
0.9817609111  
-0.7276193212  
-1.068974466  
-0.005040106215  
-0.08370199879  
1.603416371  
1.939615796  
0.7985009616  
-0.03388681278  
-0.3491939837  
0.04557392474  
1.218707881  
-0.1696167133  
-0.2350431261  
0.1593536512  
2.36515587  
0.8828700667  
0.2148399508  
0.005568528862  
0.7198432477  
0.9601095111  
0.5318449731  
1.20241581  
-0.08063645514  
0.5846605416  
0.5154833026  
2.038888914  
1.017752037  
-0.09146353897  
-0.5978368194  
-0.08472244974  
-1.024885573  
-0.8030188418  
-0.6604433741  
0.639812987  
0.8534824606  
0.2277671359  
1.411556579  
-0.3386345953  
1.973323286  
0.3144213823  
1.339144393  
1.413722692  
0.5534788829  
-2.370138968  
-0.9534038806  
-0.9413952466  
-1.825212529  
-1.26070731  
-0.7051731363  
-0.9602762958  
-1.906490652  
-0.84965291  
-0.8374684878  
-1.114718589  
-1.758186214  
-1.237444822  
-1.545783682  
-0.6186549102  
-2.187137532  
-1.376823585  
-1.534202478  
-1.816600126  
-0.630367581  
-0.698839924  
-2.104668745  
-1.259209176  
1.076813004  
1.006873247  
1.52472361  
1.282843508  
1.355839056  
0.8705103633  
-0.9817342358  
-0.7649190777  
-0.5048512833  
0.591271156  
0.02770706186  
0.9025770606  
1.074561443  
1.261938538  
-0.2914476781  
0.2444199456  
-1.284575976  
1.15788298  
0.2452787807  
0.1887880954  
-1.029600247  
0.5024407287  
1.256057776  
1.195043722  
0.4862095516  
0.3136630394  
-0.03397635252  
0.4234683933  
-1.273018262  
1.429364364  
0.577307099  
0.9918267207  
0.7597171311  
0.7430739706  
0.6218390226  
0.4873535069  
0.6655547141  
1.434465991  
-1.153788371  
-0.8655743797  
0.2487447753  
0.9410741917  
1.737493812  
-1.478046751  
-0.04141168583  
0.5502905152  
0.3616529731  
1.832275061  
-0.1826434349  
0.1759910931  
0.8991968811  
1.081559774  
0.002600798404  
1.640694612  
-0.09111794301  
0.7849739008  
1.434207051  
-0.6970181735  
0.5293081321  
1.075701871  
1.720186889  
1.072130034  
-0.5729610587  
-0.8619122638  
-2.573061798  
-1.721054774  
-2.035399619  
-2.216861293  
-1.583788773  
-1.897327601  
-1.857646339  
-2.011200055  
-0.7126982325  
-1.520008663  
-1.993793817  
-2.306793738  
-1.380471979  
-1.647462538  
1.252947687  
0.1881161026  
1.0707586  
0.565382367  
0.3577757096  
0.2385877245  
0.05434681166  
-1.033165828  
0.8783097916  
0.3424562516  
0.774640429  
0.4201816693  
0.5573586464  
0.1703686771  
-0.688135118  
0.4190048585  
0.8362616666  
0.7548198106  
1.241050368  
-0.3457334159  
0.2189503586  
-0.7431235927  
1.670360823  
0.5860306831  
-0.9456525316  
-0.5011369133  
-0.5206325951  
0.8753959237  
0.7838739133  
-0.08947010004  
-0.4675623905  
0.295063535  
0.1747208391  
-0.2377504141  
-0.2884047484  
-0.1162812724  
-0.6218815203  
-1.265258274  
1.278186807  
0.7506516682  
0.4272250968  
-1.393244557  
-0.7107049084  
-0.5498834759  
0.03606287428  
1.860076854  
0.8654288777  
2.401820285  
1.299384784  
1.080867286  
0.9999309805  
-0.6751749177  
-0.5569625853  
0.9414596688  
0.4656641123  
-0.008567629765  
0.7532683213  
0.3431802238  
-0.1922727202  
-1.035790276  
0.07080172453  
-0.2426410964  
-0.9085028319  
-1.290584105  
-0.982389571  
-0.3896615298  
0.7687039629  
2.971177159  
0.5532708785  
0.5529835695  
0.7115720148  
0.1422785591  
0.01573538887  
-0.5539798433  
0.2658035174  
-1.160263727  
1.288818547  
0.7289013232  
0.7754636449  
1.156126029  
0.2554123723  
0.01632389929  
-0.9218785644  
1.433555388  
1.723906095  
2.073746418  
0.9547097908  
1.748176063  
1.140390575  
-1.477079167  
-1.180472185  
-2.432318154  
-1.91533756  
-2.709077666  
-3.253576393  
-1.616873599  
-2.320489689  
-2.235553721  
-2.061090075  
-1.953338516  
-0.6512577289  
1.233291344  
1.396080944  
1.308314637  
2.524260439  
2.854473359  
-0.5144085738  
-0.4814843664  
0.2584561841  
-0.6534389355  
-0.3590055661  
0.693556345  
1.338326373  
1.267924115  
0.5756740151  
0.7076563493  
-0.8909512658  
-2.508463866  
-0.1736051216  
-1.732996236  
-0.2877194353  
0.5128241485  
-2.815637119  
-0.5201160391  
-0.9914143371  
-0.5874205139  
0.4628738371  
-0.2169323739  
0.1670993349  
-1.430363969  
-0.6423495805  
-2.218064876  
-1.297489868  
-0.9329288596  
1.59896697  
-1.167037337  
-0.4169727057  
-1.758578074  
1.386887543  
2.840985415  
-0.3096625855  
-1.156112242  
-0.6112454224  
1.27323354  
1.223231629  
1.969143199  
-0.06477869162  
0.2312811552  
-0.03078139085  
1.111034633  
0.7288337485  
0.2024608857  
0.01910547184  
-0.04380208679  
0.8219966804  
1.798533099  
0.5464272447  
-1.00404501  
0.638736557  
0.2829610224  
0.2042467724  
-0.5281112826  
-0.3507236137  
0.6622392447  
2.026289169  
0.1857637816  
0.5297314819  
0.1919055315  
-0.443045923  
1.311713566  
0.01231270091  
0.0452475621  
-0.3434095781  
0.5846907563  
-0.9932883326  
-0.7019083899  
-0.6839351548  
-0.4573986575  
-0.8116298161  
-0.5521623911  
-0.5478203638  
-0.2049364207  
-1.101482066  
-0.1261661273  
-0.771297953  
-0.913896315  
1.05080677  
-0.6535029739  
-0.1992625219  
0.314672119  
0.4770160463  
0.3307553377  
0.9842476553  
-1.018888888  
-0.7766030118  
-0.4181189876  
0.1216913524  
-1.024229151  
-0.0114639181  
1.22432279  
1.802306038  
0.3440387079  
0.431373952  
