1.473706275  
1.086456217  
0.05676490278  
-0.1214524655  
0.9837342547  
-0.3326493957  
-1.064720606  
-0.174194931  
1.38619261  
-0.06662910151  
-1.195249671  
-1.686968775  
0.4867572963  
-2.766505662  
-0.1036044964  
1.094159777  
-0.9991425553  
0.07197145747  
0.4501769508  
-0.6840665488  
1.478679573  
1.520795309  
0.2552974132  
-1.016678175  
-0.3555106015  
-0.0539395211  
-1.781282963  
0.3311997165  
-0.04236555487  
1.291388664  
1.846326198  
-1.90161158  
-0.603145788  
1.525912454  
0.6798885746  
-0.8593195461  
-2.043568791  
0.477636248  
-1.146059839  
-0.5122067493  
-0.6354185725  
3.721683653  
0.9147688581  
-0.3437116193  
-1.731940722  
1.076577505  
0.1618893929  
-1.404572496  
-2.935008058  
0.6130824876  
0.1153127981  
-1.588232402  
1.703002283  
1.630505882  
1.144630425  
-0.2806714919  
0.7778425362  
0.5344472415  
0.1428063933  
1.865218832  
0.2353369016  
1.163686821  
0.9776711018  
0.6266686045  
0.8871408461  
0.4863848945  
-2.698322629  
-1.426823595  
-1.025686293  
-0.3659672353  
-1.203332604  
0.4329528682  
0.7743329894  
-1.557073281  
-1.566354024  
-0.4908106242  
-2.990275831  
-1.462721473  
-1.455640787  
1.123960808  
0.5062521348  
1.451663084  
0.6069025524  
-0.7957450015  
0.5458451788  
0.8254579489  
0.544708865  
0.1041800359  
1.835645236  
0.621529686  
-0.3364077265  
-2.429743936  
0.8344108686  
0.4152182988  
0.6021194493  
1.540306148  
0.6203256811  
0.04248395695  
-0.02913177115  
0.5803559674  
0.2613192382  
1.213488877  
1.445095385  
-1.492493258  
-1.618000882  
0.2859949292  
-0.7001068666  
-0.1584700452  
0.02385561698  
0.2943623192  
-1.164040691  
0.5159392565  
0.08725626722  
-0.03465814313  
-2.015544779  
-2.356861582  
-0.5627820197  
-0.5028612591  
-1.876508052  
-0.7630094852  
-0.2106368959  
0.3100825441  
1.075921637  
0.9745284882  
0.545988876  
0.5127112091  
1.927950985  
1.92007189  
1.701584485  
0.4779243979  
-1.642820175  
-1.056689056  
-0.5397509301  
-0.8522435951  
-1.176291817  
-0.5270597062  
2.341309075  
3.03255122  
1.236977623  
0.6419461024  
-0.4462032042  
-2.320772917  
-0.455628509  
-0.8717043791  
-0.5390524271  
0.08451333534  
-0.237053225  
0.5245135684  
1.187274142  
-0.8537955559  
-0.7265545822  
-1.773504696  
0.7432032935  
-1.19691253  
0.5965147016  
1.251070582  
1.418345752  
0.8789811505  
0.02902217026  
-1.554693273  
-0.6276975872  
-0.2535592411  
-1.200853595  
-1.020268929  
0.2209320414  
0.009100898343  
0.009002737874  
1.19007664  
0.74161132  
-0.330517184  
0.7451078572  
1.642815997  
-0.1120426939  
-1.88568347  
0.1963619091  
-0.9100645586  
-0.8973474841  
0.2332489651  
0.8705514973  
-0.01601045303  
0.2120194315  
-0.58671832  
0.5249544992  
-0.2716797889  
0.2145296075  
-1.597734876  
-1.493404421  
-2.712365686  
-1.795735475  
0.2208523677  
0.1522327301  
2.771198909  
1.882747484  
0.8027719497  
2.073357618  
3.209585323  
-0.585325563  
-0.8952465302  
0.1557284914  
2.305198118  
2.549724671  
1.878106005  
2.787112379  
1.435425665  
-2.179062407  
-0.2396607364  
-1.324996198  
-1.51141795  
-0.1392753661  
-1.083562011  
-0.01395800846  
-0.8303577795  
-0.6029856438  
-0.1143496529  
-0.6437213312  
0.1110983213  
1.655030314  
-1.141283988  
-1.398990981  
-1.632357379  
-0.6594700752  
-0.528026617  
-1.014259174  
-2.603556424  
-1.535542614  
-1.128248951  
1.255738192  
0.9939810408  
0.751374101  
-2.980827264  
-3.757176737  
-2.7909007  
-1.474490516  
-0.9276382215  
-0.2544553335  
-0.4840123501  
-0.4006362413  
1.225446974  
-1.606433355  
-3.53751108  
-0.4485917561  
1.281994691  
2.015883013  
1.417618104  
1.205423005  
2.0242684  
0.4821724718  
1.235844546  
0.9182909133  
2.598329275  
1.934695333  
0.9687531362  
2.746688396  
0.7374899754  
0.6120994462  
2.875547463  
0.3530431669  
1.597694254  
1.2717437  
1.708356514  
0.734251364  
1.281126653  
1.043248251  
1.144764546  
0.7211898164  
2.039788755  
0.5600936544  
-0.640499444  
0.08172259031  
1.069337669  
-0.5047242919  
-2.677722434  
-2.663569948  
1.14449866  
1.104568199  
0.4363195655  
-2.305946477  
-2.029532383  
-0.1687327281  
-1.566436447  
-0.9940260597  
-0.01580559937  
-0.1730482672  
-1.246431242  
-1.244290389  
-1.699287806  
-1.744716206  
-1.201222518  
-1.045877728  
-1.209092231  
0.8601288462  
-0.1641037089  
0.8006091028  
-0.4672534107  
-0.63831982  
-1.191145851  
-2.097580498  
-1.158482177  
-0.9644625825  
1.149302242  
0.3600756576  
0.6919982962  
0.2335467957  
1.243581472  
0.8389804066  
1.278301605  
1.61858345  
0.1837536668  
0.2579551054  
0.3445745239  
1.072422022  
-0.3117439165  
1.053150362  
0.3449738688  
1.737647773  
1.081918784  
-0.5363462594  
0.5024639481  
1.162093619  
1.804534082  
1.527433234  
-1.024341616  
-0.01895407701  
-1.501289899  
0.1173068421  
1.053935196  
-1.925596824  
-0.2697871652  
-2.055120123  
-0.121093526  
0.3556380202  
2.336689429  
0.02233843448  
-0.4174235872  
-0.154439409  
0.3282442536  
0.6520164865  
1.041356321  
-0.7079613453  
-0.243763755  
-2.801471876  
-2.132060619  
-1.159951232  
0.3429129803  
-0.7155694822  
0.2683242467  
-0.9059670571  
-0.3185731726  
0.6018441462  
1.454102989  
-1.041182594  
-0.7547485105  
-0.8351996172  
-0.3986404966  
-3.192536818  
-1.524627043  
-0.8278787394  
-0.8722826678  
1.052136901  
1.212828962  
-0.6640642761  
2.741250249  
-1.702451372  
1.780210313  
0.9806596256  
1.124127471  
-0.178867051  
2.366123845  
1.222021122  
2.375044023  
0.1007752757  
0.700480752  
1.529854684  
1.447479388  
1.41205227  
1.722914421  
1.504744304  
0.5237621444  
0.9762100625  
0.7075181609  
-0.1837154048  
1.266905482  
-0.2822024359  
-0.5621633847  
0.3705133629  
-0.9477779824  
-0.0565446706  
0.233946062  
-1.269241487  
-2.473994946  
-1.160438218  
-2.051601181  
0.2517341573  
-0.2860628946  
-0.4279945463  
-1.124532386  
-0.7396394972  
0.1014871129  
-0.3369469813  
0.09199955324  
-1.399383269  
-0.2487438472  
0.7364667623  
0.9584774783  
-0.5224546966  
-0.6702030917  
0.7622111609  
-0.861593982  
-1.452651713  
-0.3854573689  
-0.3736256447  
-1.622652636  
-0.7943113394  
0.6018743867  
0.657485512  
-0.1245092545  
0.1107755996  
-0.910861512  
1.034620517  
0.9096204716  
-0.6620164426  
-0.4524721369  
-1.169140742  
-1.54110098  
-0.5481229292  
-1.065342669  
-0.534664614  
0.218932394  
-1.253395559  
-0.7359030807  
0.8961920249  
1.010760517  
1.26401607  
0.6792352232  
0.719952113  
-0.721428114  
-0.011465625  
-0.690930412  
-1.695463974  
0.2869878722  
-0.822205911  
0.04903771597  
-0.008483606513  
0.06548615513  
0.2938945081  
-0.09909502297  
0.0124501484  
-0.4783094792  
1.810386706  
1.256086668  
2.319281014  
-0.0980574488  
-1.131882312  
-2.680578687  
-0.5018748808  
0.4208515259  
0.6595592534  
0.6883915232  
-0.1489928877  
-0.4971565735  
-1.233651507  
-0.3371685877  
0.4265501038  
0.0133390174  
0.5226963081  
-0.705642202  
-1.043848517  
0.236854877  
0.02738908654  
-0.7313696005  
0.2689763412  
1.419460912  
0.7156791114  
-0.6695757562  
2.107611491  
1.122499622  
-0.9673241628  
0.442876281  
0.1631366472  
0.5902047327  
0.3278224726  
0.4341796656  
-0.6962637398  
0.08854795637  
0.4813160882  
-0.8960156841  
0.6611279963  
0.3527608051  
0.4007167673  
-0.6097624507  
0.853293654  
1.137232784  
2.24169582  
-0.2084002381  
-0.2747671072  
0.7098673046  
0.6404882712  
0.5730706644  
-0.3277606119  
0.5021416878  
0.5973917174  
1.192332074  
-0.6197697725  
-0.1772565938  
0.07991012664  
0.9462360421  
0.9649280683  
0.5138815163  
0.126563688  
1.051755344  
0.8081140067  
0.2972378899  
-0.1605858811  
-0.03844325544  
0.6862448962  
0.4777123648  
-0.8296584645  
-0.6741704015  
0.5039262264  
-1.073307422  
-0.8664567651  
-0.2470859313  
-0.07526043855  
-1.344760787  
0.8441867742  
0.7945078608  
-1.422276367  
-1.072593634  
1.374062482  
-0.3457675132  
0.1467364188  
0.1048503855  
0.2997178083  
-0.7269574051  
-0.4573209037  
0.8034130172  
0.3209405252  
-1.769649605  
-1.160950944  
-0.1089643263  
-0.422191335  
-1.065476155  
-1.15036477  
0.7614850996  
-0.8471534693  
0.8068579881  
1.510655408  
-0.3992822973  
0.09337225756  
-0.7605959586  
-1.454203973  
0.5131075405  
0.7986037255  
-0.6004431439  
-0.9266447582  
0.6663159102  
0.5913210838  
-0.3082232584  
0.5100825584  
0.6415628133  
-0.3983338945  
-0.7183538267  
-0.2305562227  
-0.2147093737  
-0.2679769211  
0.9235742103  
0.1483357809  
0.2471520351  
0.1385581288  
0.2244333394  
1.208769386  
0.358235526  
0.6136792164  
-0.333774655  
-1.554045269  
-1.753245326  
-0.3307145092  
-0.36884339  
0.954235428  
-0.8630823501  
-0.9026901063  
-0.1724557925  
0.03801612171  
0.5334383942  
0.6739917476  
0.1071388054  
0.02162098522  
0.1804309166  
-0.3471432807  
0.2608189436  
-0.6100253556  
0.8136918367  
-0.4645073437  
0.2021836342  
-0.04893112905  
-0.04813481154  
0.2536507609  
0.041684066  
-0.7954875207  
0.1274272732  
-2.470143176  
-0.4027052614  
-0.3109779681  
0.0002568944497  
1.117516907  
0.05072817074  
1.069515719  
1.594946915  
-0.938350355  
0.4838694967  
-0.2905475085  
0.3191723274  
-0.7660377236  
1.685582275  
0.08044563865  
0.2139062716  
-0.8576310178  
1.163266637  
-0.3156091088  
-0.2419236253  
-0.4893749928  
-1.094833912  
0.8328666219  
0.01480799461  
-0.2141644241  
0.566655897  
-0.4177154423  
0.07946575482  
-0.1772149973  
0.6885423109  
0.07416553247  
1.441464714  
1.773989561  
-0.06132511129  
0.6953499381  
-0.5529591518  
0.2313696755  
-0.5897047795  
0.5699114338  
-0.3525816011  
-0.3401921963  
-0.8407813132  
0.05032209923  
-1.000322118  
-0.8757322824  
-0.5553286921  
0.5719506509  
-1.607732397  
-0.4963616639  
0.2687521753  
-0.2587905021  
-0.1605107791  
1.144220395  
0.8213618507  
-0.470517842  
-0.3707285703  
0.7522832291  
-0.5378793836  
-0.5832335163  
-0.8188794608  
-1.53636336  
0.4007017364  
-1.66274858  
0.162803861  
0.6667962364  
-0.8731742986  
-1.077254031  
1.905875136  
0.7678447677  
0.7549627245  
-0.9467773515  
1.750718668  
-0.873289333  
1.284246117  
0.8507944187  
0.1102081602  
1.859079165  
0.915334334  
-0.6271423206  
0.2373886819  
0.1572895813  
-0.1208026429  
-0.9313706545  
-0.9641121882  
0.2977507493  
-0.4011177595  
0.1288895997  
0.7149156299  
0.3588614561  
0.684358866  
-0.9176385886  
-1.07895094  
0.4193252269  
-0.03126640923  
-0.6414979333  
1.537667805  
-0.949498864  
-0.5622366209  
-0.9744333764  
0.4812788062  
0.7062387597  
-1.167575005  
0.2760711833  
0.2499366024  
-1.33575861  
0.1276917599  
-0.1603524224  
-0.1764136986  
0.7674529878  
-0.4859271828  
-1.432659168  
0.4518071852  
0.8211170282  
-0.7722329612  
0.04073533313  
-0.5074353865  
-0.2306287814  
0.5929198291  
0.2010726663  
-1.406711797  
-1.070053118  
0.9939445687  
-0.1304214179  
-0.6788233612  
0.06333305716  
0.9805055274  
0.5620978492  
-0.3221006125  
0.4421619976  
0.6386199355  
1.41446767  
0.05785870299  
0.2560642767  
0.4281546504  
0.6990450544  
0.2469290061  
0.5187666933  
0.8603613361  
-0.388317652  
2.071296046  
0.009182352599  
-1.890230558  
-0.09379196592  
0.4170384828  
-0.6343440142  
0.04944812986  
-1.046441671  
-0.2057720287  
-0.3941321356  
-0.5686098596  
-1.067857908  
0.02408377003  
1.531837814  
-0.5280838895  
0.196858588  
0.4889570582  
0.1716577845  
-0.9933102447  
-0.01931253749  
0.4771439246  
-0.3832988949  
0.2139020055  
-1.160385787  
0.7312019284  
-0.09600283514  
1.243395052  
1.10306268  
-0.1477383513  
0.06450512839  
-0.6949817776  
-0.2933250559  
-0.08723300452  
-0.5330992493  
-0.01433069941  
1.676273091  
0.1062160258  
-0.9368936777  
-0.1480255471  
0.8139639805  
0.2022119109  
1.780745932  
0.2983956207  
-0.07022128627  
0.09061573373  
-0.4750431482  
0.5580048777  
0.5521397969  
0.9103709092  
0.8123651647  
-0.9520558364  
-1.244325212  
-0.08694832876  
-0.6824165099  
-0.09253524515  
-1.14273158  
-0.7137179698  
-1.460827377  
0.1755864026  
0.5964919834  
-1.00499575  
-0.1614650079  
0.8759411673  
0.1595681833  
-0.3975523141  
-0.3114709626  
-0.7574164766  
-1.287180939  
-0.286510087  
-0.8018152735  
-0.3548040689  
0.9712952507  
-0.2501973431  
-0.7312966861  
0.3081102827  
-0.3708141725  
-0.7874618606  
0.5297444332  
0.200789384  
0.560313475  
1.008346033  
0.2093321972  
0.05648275692  
0.3519173321  
-0.8272338001  
-0.2492101236  
1.015294188  
0.6570155227  
1.483101483  
-0.199706144  
-1.025571097  
0.5482682818  
-0.615292214  
1.422707367  
0.9839530309  
-0.01898532509  
-0.2562311273  
0.001002126178  
-0.6272110887  
0.230052296  
0.8725925751  
0.6537675763  
-0.006874058429  
0.5142804465  
0.3604382263  
0.6987758738  
-0.78830168  
-0.7189155629  
0.1148931962  
0.4099838375  
0.7889732986  
-0.7566279452  
0.2079420851  
-0.3651857611  
1.302439435  
-0.09779468797  
-1.215279034  
0.1073222542  
0.9471771982  
0.05711757098  
0.6818598309  
-1.193028762  
0.7697160917  
-1.288023603  
-1.495518087  
-1.964149917  
-1.256815122  
-0.9162015566  
-0.6363868927  
0.1412771459  
-0.4991637798  
-0.3191197803  
-0.04089099556  
-0.5369683927  
-1.182168317  
0.5540372194  
0.6776648889  
-0.5300299988  
0.7324547034  
1.242417756  
-0.6089456331  
-0.9373262128  
-0.1081236777  
0.2852240455  
-0.2271915176  
0.5252747438  
0.2849134818  
-0.1529551231  
0.6257699548  
0.226232963  
0.4264800535  
-1.506249277  
0.4586727438  
0.6546651303  
1.833327549  
1.236447093  
0.5939485744  
2.322090302  
0.424996692  
0.08424185795  
0.03812076849  
0.642349805  
-0.08927856125  
0.9246424722  
0.5299190955  
0.906326221  
-0.2138698806  
0.5290615526  
-0.485966268  
0.7159939297  
0.1578713836  
-0.6336680579  
0.2250430716  
-0.2666689506  
0.2675538569  
-0.375330526  
-0.4574830003  
-0.1700970854  
0.02821628381  
-1.003132336  
-1.127565017  
0.193735614  
-0.4172744198  
-0.7391549872  
-1.281202587  
-0.06346606219  
0.408458822  
-0.6229470151  
-0.1692077393  
0.3888090969  
0.7498291099  
-1.565347919  
-0.3362263346  
-0.467927153  
-1.084069145  
0.8599865314  
-0.606723537  
0.8303969212  
-0.6827050291  
-1.110563358  
0.1700016795  
-0.3412947308  
-0.4330810981  
-0.7624147242  
0.8443848245  
0.1093013305  
-1.058361462  
0.01626679464  
0.4957529416  
-0.6043571637  
-0.3108256412  
-0.1033822464  
0.06103488708  
-0.9084618163  
0.6764484626  
1.14132024  
0.0602941263  
-0.3242198864  
0.4899606129  
-0.5601492207  
0.1651519013  
0.6412808362  
2.080886613  
0.2039243234  
-0.4531928952  
0.08249203737  
0.1568095315  
0.2391071903  
0.62913389  
0.008652231905  
0.5973162234  
-1.383314208  
2.136369109  
-0.4297081899  
-0.5890470474  
-1.322854057  
0.532527644  
-0.9767693574  
1.438149904  
1.471883578  
0.5718190923  
3.216445906  
-0.3291638009  
-0.3397264725  
0.1157336087  
0.553032787  
-0.624331551  
-0.02115864519  
0.0139460706  
-0.4193637286  
-0.2531784187  
0.04068934178  
-0.8851271344  
-0.5599165055  
0.2649242998  
-0.05695552096  
-0.8029535323  
-0.11645741  
0.06156386201  
-0.2589064368  
-0.1744014523  
0.7222612898  
0.0503231898  
0.6997017637  
0.7869094162  
0.4926430731  
-0.06240154748  
-0.5022194335  
-0.1955001906  
-0.01184281007  
-1.577674283  
-0.03980103547  
0.7532666182  
0.210912506  
0.8298906527  
1.170150757  
-0.730118967  
-1.086085126  
0.1355800642  
-0.9087256827  
0.00230122427  
-0.3050172056  
0.631163827  
0.4231310051  
-1.36508293  
0.6118333467  
-1.038517299  
-1.385188905  
-0.5826651214  
-0.4354882582  
0.8152208299  
1.895470256  
-0.7996429319  
-1.417172552  
-1.747292594  
0.4441898805  
0.5320078074  
-1.530402704  
-0.06938287757  
-1.221026892  
-0.1333621572  
0.104485017  
-0.8966278966  
0.1652661733  
-0.7578887718  
-2.418351142  
-0.8564293379  
0.7075994286  
0.0132145283  
-0.354179193  
0.4589469155  
-0.2616155425  
0.01800490066  
2.16225294  
0.6666814164  
2.375036701  
3.742072473  
-0.5228152912  
0.65172216  
1.596461764  
0.1702176606  
-0.6679502465  
-1.070645462  
0.7015926916  
0.4419098933  
0.3683542278  
0.7046266158  
0.664164704  
-0.1900592594  
0.5012214714  
1.23565877  
0.3927627049  
-1.704405269  
0.6979989386  
-0.334247868  
-0.9396022595  
-0.126670052  
0.05682968471  
-0.2739752025  
0.9878279307  
-0.2669112762  
-0.7717450683  
-0.602630386  
-0.1395368167  
0.2397094967  
1.158332725  
2.036874519  
0.9099863034  
-0.06131611343  
0.9990277288  
-0.3899006277  
-0.4369764823  
-0.334371766  
-1.628014273  
-1.066705493  
-0.502113382  
-0.5670212353  
-0.3610271181  
-0.1578604923  
-1.183330883  
-0.02727644275  
-0.3933289414  
-1.502263698  
0.4411499838  
1.031848797  
-0.4194118662  
0.5918625759  
0.5409779329  
0.2406257105  
-0.1543830302  
-0.6794243406  
0.7157753588  
-0.05018237914  
0.6700446345  
0.1982929866  
0.312120753  
-0.211979524  
-0.8008420221  
0.583470823  
-1.011916269  
-0.5668577687  
-0.6111355225  
-0.2476158545  
-0.313996659  
0.775368352  
-0.4758151706  
-1.063461807  
0.1230463878  
-0.2860486456  
-1.977805182  
0.5494379406  
-0.9099760495  
-0.2710941971  
1.071810717  
0.07226734249  
-0.7244609816  
0.1798333339  
1.246279903  
-0.619539313  
1.059504293  
-0.275350522  
0.9086112343  
-0.281282516  
1.190397704  
-0.2944065595  
-0.3576919156  
2.673434311  
0.4143255335  
0.2175536131  
-1.480809454  
0.02384119322  
0.5183157857  
-0.2618756648  
-0.09811997816  
0.03497155247  
1.160271354  
-0.2544807142  
-0.8141169634  
0.4294877707  
-1.025510958  
-1.044531041  
0.1534769879  
-0.8765598791  
1.282396845  
0.3928361825  
0.4534943851  
0.524465517  
-0.3836684093  
0.4105369952  
1.331336204  
0.2990571026  
0.9041279517  
0.4364297553  
-0.7152960183  
-0.8234397717  
-0.6833825553  
1.954146063  
0.130280128  
0.44926411  
0.7031440045  
-1.006484348  
0.6789470826  
-1.28709004  
-1.246208583  
0.8049841186  
-1.036513285  
-0.7750466951  
-0.5248532905  
-0.7497048276  
-0.107789681  
-0.8605898636  
-0.5157273724  
-1.211584984  
1.133609304  
0.6868886356  
-0.29500557  
0.3139778736  
-0.3065214888  
0.3902941344  
-0.7137222662  
-0.2401189016  
0.3785161154  
0.4493517743  
1.776015663  
-0.1544673324  
0.3613544866  
