0.3034678608  
-0.1623614754  
0.3632328537  
1.002279008  
0.9399970748  
-0.843072763  
-0.6758290103  
-0.161812008  
0.6526950263  
0.910753516  
0.1160270909  
-0.8552061505  
-0.5877218089  
-0.1233195197  
0.5210522207  
-0.4475252511  
-0.3582154662  
-0.1105166482  
-0.5448651479  
-0.4295280062  
0.6440108263  
0.7513114877  
0.07505851785  
-0.05277416714  
-1.042415578  
-1.19223549  
-1.419927799  
-1.143592831  
1.537472914  
1.342665043  
-1.086619082  
-1.132308358  
0.1593219723  
1.566651223  
0.05162207267  
0.04726247778  
-0.7770792286  
-0.323804801  
-0.8341029435  
0.596710426  
1.543574025  
1.864198149  
0.6329212532  
-0.3134964647  
-1.053540616  
0.07400998541  
-0.2991987593  
-2.276065151  
-2.205621733  
0.2957356172  
1.102783629  
1.112278135  
0.7981705424  
0.1212768014  
-0.5777215815  
0.6398699617  
0.4977147952  
0.3651978189  
0.2699906731  
-0.4308944597  
0.2083263653  
0.3260162346  
0.7357811641  
0.7314715555  
0.8648301774  
0.4130741037  
-1.480200311  
-1.4436381  
-0.3356303173  
0.4658718164  
0.01661227656  
0.6003453627  
0.2620016787  
-0.4629863384  
-1.899599944  
-1.318158913  
-1.948375685  
-1.83649636  
-0.2506354938  
0.7381399252  
1.882515624  
1.137303061  
0.2308292343  
-0.1581600486  
1.01088871  
0.7045546972  
0.9845344427  
0.9390274003  
0.8501995153  
0.6778424729  
-0.09982536308  
-1.692243262  
1.207109462  
-0.2657616014  
-0.1648855789  
0.7907088798  
0.5374708899  
1.08738702  
-0.9262632831  
0.1633677009  
1.252786723  
1.174995033  
0.3187502743  
-1.597721418  
-3.198925416  
0.2838590033  
1.604344918  
0.04605616259  
-0.1843799108  
-0.4317632329  
-1.078356679  
-0.2384602211  
-0.4689819239  
-0.80405268  
-1.414683947  
-1.403633233  
-0.2843679432  
-1.869885047  
-0.3216602544  
0.05167921375  
0.3845521744  
-0.1858898938  
1.436592113  
1.409881844  
1.209912037  
0.9755966487  
1.041690324  
0.6425286765  
1.096863564  
-0.8011512714  
-1.725087597  
-0.460890462  
0.08232101064  
-1.57988617  
-0.5809814778  
1.358648298  
1.912808705  
1.087136401  
0.2224181674  
-0.2757890808  
-1.457943177  
-1.890602735  
-1.085545724  
1.00236356  
0.287483407  
0.6182728896  
0.9921050042  
1.317477304  
0.8474381331  
-1.213156577  
-0.712109765  
-1.211819204  
-0.9840321385  
-0.7203387569  
1.464112059  
1.193531188  
1.474334678  
1.231135932  
-0.8864771773  
-1.601497464  
-1.197377386  
-0.9005229822  
-1.330789195  
1.233261441  
0.2929823347  
-0.2033309938  
0.1025067312  
0.3760110265  
0.7888446339  
0.3508326506  
0.5871601055  
1.433672741  
-1.153346048  
-1.435578115  
-0.06254645082  
-1.487577821  
-0.7376266667  
0.5746544757  
0.5635596847  
0.3825615322  
0.8094830083  
-0.2124075075  
0.6542192711  
0.9872146949  
-0.09098339495  
-1.478185047  
-1.526385935  
-2.596427255  
-0.4527969048  
0.8918639598  
-0.4186587681  
0.245420043  
0.7423442063  
1.213597323  
1.297734608  
1.326770039  
-0.9240596821  
-0.5720158479  
1.002613053  
1.403486216  
1.427475554  
1.68637563  
1.481156503  
0.7567325042  
-1.294054516  
-0.4535835746  
-1.068027189  
-1.677141037  
-0.1127640938  
1.376498751  
1.631767006  
0.6443601026  
0.3890106647  
-1.697776908  
0.282638245  
-0.1188902572  
-0.01292430674  
-0.5381193521  
-1.661414065  
-1.628198571  
-1.425025564  
-1.72718647  
-0.8936014909  
-1.263016517  
-0.4962896548  
0.8839535809  
1.066796788  
0.3977210088  
-1.492876747  
-1.52705023  
-1.764431498  
-1.756869242  
-1.343186222  
-1.409532381  
-0.2645172206  
0.2941532383  
0.3706282853  
0.832987987  
-1.087904669  
-1.404229129  
0.4397074308  
0.6610534223  
0.6350525184  
0.8705712424  
0.7735614005  
1.10823638  
1.027873068  
0.68749305  
0.8370325612  
0.7735070436  
1.099052082  
0.8804511917  
0.8089078102  
0.8088216158  
0.7043868124  
1.131780664  
0.89917851  
0.6688229052  
0.6713747627  
0.8551886582  
0.7356072482  
0.8727169417  
0.9268658825  
0.8788825575  
0.8731417252  
0.6316731411  
-0.3982858317  
-0.8806261121  
-0.1132918535  
0.7948735166  
-1.270228704  
-3.003294901  
-1.053103647  
0.6028028618  
0.4800728659  
0.8070759896  
-2.106019453  
-2.68398843  
-1.459776201  
-0.9174948934  
-0.1891034776  
0.5930489096  
0.2851986156  
-0.3586647769  
-0.9613216494  
0.03740352533  
0.5613250425  
-1.649008206  
-0.01699288579  
0.4329835964  
0.8125313267  
0.5071917677  
0.6928528693  
-0.5530433524  
-1.627414697  
-2.173826945  
-2.681780495  
-1.241387773  
0.2344861946  
1.009954952  
1.05119528  
1.248966647  
1.102465638  
0.9155285608  
0.9609885073  
0.5654251091  
0.6866206938  
0.8274786933  
1.101143705  
0.4388794783  
0.5588944224  
0.6222786937  
0.8044226328  
0.9733963921  
0.7195331335  
0.8111420913  
0.6922409671  
0.9122807403  
0.8109704301  
0.6163085064  
0.6373240765  
-1.002191433  
-1.033628715  
0.7130413535  
0.646261196  
-0.5638595002  
-1.899231527  
-1.393618342  
-0.05514239553  
0.2631085878  
0.9975093275  
1.122983435  
0.07376651049  
-0.1404828  
0.08592891431  
1.460059487  
1.582424508  
0.6746518382  
-1.228936115  
-1.357498813  
-1.5254405  
-2.117839052  
-0.8691185469  
0.3224196752  
-1.137445934  
-1.331371531  
-0.580400348  
0.5010862354  
0.6548258508  
0.8738658973  
0.4591490068  
0.4052734156  
-2.145160157  
-2.386772202  
-2.143744405  
-1.957911648  
-1.466667723  
0.1161923247  
0.07267454395  
0.3735469381  
0.5280090663  
1.100010335  
0.3009582725  
0.9331186304  
1.031331533  
0.9792858326  
0.5583363503  
0.8461180812  
1.327689135  
0.8933258935  
1.060548336  
1.05552051  
0.7498602825  
0.9308541176  
1.033738772  
1.122116621  
0.8267164974  
1.081560093  
0.7028890097  
0.848348667  
1.180924337  
-0.5191037735  
-1.579137444  
-0.4451808627  
0.2459595522  
0.7466278867  
-0.9442895979  
-2.025363352  
-1.31639353  
-0.7072730473  
-0.3729299998  
-0.7198684173  
-1.107990462  
-1.03576989  
-0.6078550259  
0.3514536319  
0.8712235083  
0.897773908  
1.09923802  
0.4255185421  
-2.337782236  
-0.9604399787  
0.4933644781  
0.9313174964  
0.6555257006  
-0.5366655227  
1.143938296  
1.011059453  
-1.394540772  
-1.85844699  
-1.600878538  
-0.6473186542  
-0.5705374856  
0.8852038651  
-0.1067068405  
0.1113333387  
0.3453670814  
0.1491190818  
1.77903821  
0.2088709463  
-0.433144086  
-0.3094413339  
-1.208983046  
-0.7858693302  
-1.016090462  
-0.6158807408  
-0.2822526501  
-1.183016059  
-1.868492275  
-0.4165728157  
-0.2345314156  
0.0152296166  
0.248490105  
0.3925882787  
0.6078842491  
0.7821396894  
-0.2400705363  
-3.060982066  
-1.098326372  
-0.217947339  
-0.3128136211  
-0.4429422954  
-0.08886427892  
-0.7205330127  
0.8334083791  
1.33128645  
1.34393194  
0.9936201072  
1.274640145  
1.229535628  
-2.038638868  
-1.294131989  
-2.51645502  
-2.208053651  
-1.907686778  
-0.7478353491  
0.347188941  
0.6423328414  
0.8482260728  
0.5194305659  
0.4688751951  
0.3296559498  
0.2550673168  
0.4567114553  
0.5624397034  
0.07694455897  
-0.01458787428  
0.2894716642  
0.3311064985  
0.3214332969  
0.2387659588  
0.424979335  
0.1664558604  
0.5771900268  
0.3646833852  
0.4614089141  
0.4533116113  
0.5850003786  
0.3198917234  
0.3404843436  
0.6233406941  
0.2276706841  
0.412539608  
0.1115090615  
0.3659661984  
0.234637848  
0.30522784  
0.2595615351  
0.4007829973  
0.4142645019  
0.4345554984  
0.09867009368  
0.03132628704  
0.4948806453  
0.58416194  
0.282782818  
0.3236530543  
0.1673819141  
0.2555696388  
0.2438252908  
0.2586374446  
0.4790377723  
0.7070804033  
0.5943240896  
0.5726235374  
0.6826036242  
0.702584685  
0.6351287899  
1.230676941  
1.120337209  
0.9746458874  
1.010689611  
1.21219942  
1.063558782  
1.193886332  
-0.5234342054  
-0.1321670734  
0.8793460643  
0.9404328034  
-0.7787953645  
-1.393290365  
-0.8237436176  
-0.02529333514  
0.6982078859  
0.01744669201  
-0.5852157583  
-1.375923784  
-0.8491731334  
-0.7757045851  
-0.2182239755  
-0.4158324992  
-0.6027456368  
-1.169557879  
-1.36198001  
-1.311967757  
-1.08926063  
-0.9306834795  
-1.894713088  
-1.164494484  
-1.349526099  
-1.069646625  
-0.4226171389  
0.2087890293  
1.115718278  
0.6741602078  
0.5184578825  
0.514464263  
0.2274332418  
-0.3262048356  
-1.691958337  
-1.164512484  
0.2615639199  
0.04043894885  
1.624301054  
1.283642332  
0.7303200937  
-1.453737558  
0.06714816389  
0.004776982968  
-0.1526086673  
-1.184615535  
-0.5360224429  
0.1779429575  
0.3728140086  
1.126092872  
-1.57873696  
-1.387048012  
0.01417381186  
-0.2369893618  
0.5446390061  
0.6382645909  
0.4559940441  
-0.5667566501  
-0.9174857589  
-1.064621766  
0.07755851292  
0.6295535741  
0.1536394512  
1.495137951  
1.141402778  
0.2707036419  
0.3714472489  
0.2570602177  
-0.4114886569  
0.4262349686  
0.3736881095  
0.1754274497  
1.004057411  
0.03700511225  
0.3969454453  
0.6354927816  
0.5240258801  
0.2703375082  
-0.2330493349  
-1.464838863  
-0.9968815293  
-0.179447262  
-0.2965759919  
-0.3759784815  
-1.239815521  
-1.589932881  
-1.178690643  
-0.03352535466  
0.153285292  
-0.2714067431  
-0.3690370261  
0.261149917  
0.4114493831  
0.05306417027  
0.596452524  
1.525713651  
1.301185701  
1.396987485  
1.652087888  
1.507011795  
0.2322520222  
0.4447891124  
-0.4073328816  
0.6606577413  
0.9239581698  
-0.7683280154  
-0.9755558145  
-1.057652347  
-1.321779345  
0.04759372757  
-0.8536441688  
-0.6137428265  
0.5536259139  
0.7405347504  
1.09395083  
-0.004295610023  
0.7784994569  
0.7811166129  
-0.1605205675  
0.5365115255  
0.7389282764  
0.1599708816  
0.1750398542  
-0.6578526003  
-0.6749360609  
-0.8253629659  
-0.3347999369  
-1.25370889  
-0.8711550971  
-0.5687019108  
-0.2255694836  
-0.446942941  
-0.2740097565  
0.286527549  
0.7027273132  
0.8998781959  
0.6839964743  
0.8703080989  
0.1282642996  
-1.764307457  
-1.605954952  
-0.7998449489  
-0.0001893297325  
-0.1586969547  
-0.5067374785  
-1.654681316  
-0.6849297721  
-1.993356617  
0.1942271899  
1.071434741  
1.407485273  
1.437304658  
0.9372430942  
0.4310429623  
0.5889818717  
-1.279352253  
-0.4193170955  
0.280361694  
0.6927130341  
0.5722469377  
0.9236178056  
-0.2988385446  
0.8991131622  
0.7461390027  
0.9914018212  
0.6079249025  
-0.565749599  
-2.346370995  
-0.9690654575  
-0.6290590702  
0.2580433497  
0.5077646447  
0.5421146046  
0.4299955666  
0.3677191428  
-0.6069593775  
-2.438937624  
-1.458388609  
-1.059516221  
-0.9975032863  
-1.143415414  
-0.9625430884  
0.601486472  
1.502606161  
1.365146739  
1.318508648  
0.9969297981  
0.1584943208  
-1.151435282  
-2.34655386  
-0.4349058009  
-0.1205420913  
-0.7487152113  
-1.015496722  
-0.07082877488  
0.9901953818  
0.8613317771  
0.895682291  
0.5860110026  
-1.113248357  
-0.6642759066  
-0.03832506191  
-0.1432336918  
0.1279464911  
-0.4449245232  
-0.09516769584  
-1.099339928  
-0.7129858335  
0.2576344224  
0.4627028161  
1.196618317  
0.8006755742  
0.882272288  
0.6133068374  
0.661495206  
1.012666263  
0.8786027138  
1.053219163  
0.9548457206  
0.6908021048  
0.2911658829  
1.66507731  
1.693464554  
1.511357388  
1.415243521  
-2.154271207  
-2.038632054  
0.1781778233  
0.3931283671  
0.3160159778  
0.7400805309  
-0.6769853454  
-1.595770117  
-1.091848898  
0.0003180008745  
0.2520384104  
0.4488777305  
-0.7442524832  
-1.959594054  
-0.7393129642  
0.7528075115  
0.6722614161  
-0.5798455511  
-1.594678553  
-1.201770208  
0.5621023012  
0.2094959763  
-0.002995405267  
-0.9679419378  
0.1248935218  
1.537233853  
1.718432075  
1.206791763  
-1.239208412  
-0.4839339259  
0.7118699217  
0.2262173733  
0.0584695234  
0.1473013723  
-0.6100810671  
-0.1840346363  
0.3166639905  
0.5070794154  
0.3528290284  
0.9797150519  
0.3797049804  
-0.4024399167  
0.611559448  
0.8082072651  
0.7747308891  
-0.5254427485  
-1.311478063  
-0.6980120601  
0.2066209704  
0.3308864505  
0.03587961367  
-1.737100208  
-0.7620383355  
-0.5817391447  
-0.2462990351  
0.4388843151  
0.7967952744  
0.8917357995  
-0.8951869748  
0.2894227538  
0.1114535233  
-0.01046163727  
-0.5146457077  
-1.23215057  
-1.059834679  
0.1129494755  
0.2240820949  
0.2636525449  
0.942448505  
-0.7411743973  
-0.7434434538  
-1.189513805  
-0.2324205548  
-0.3062307398  
-1.519650989  
0.2590181729  
2.167811731  
1.772544938  
1.751592984  
1.911494363  
1.647680866  
1.740833639  
1.547734492  
1.81090887  
-0.4820770093  
-0.4721439287  
-1.294182161  
-1.574361756  
-2.36046102  
-1.44732204  
0.7786886584  
0.6601598763  
-0.3290447818  
0.4171185821  
-0.3116771883  
-0.9327358932  
-1.471199895  
-1.130885594  
0.2978408434  
-1.238065224  
-1.104345953  
-0.01099064622  
1.010208462  
-0.6684305495  
-0.4545236089  
0.6849884465  
-0.461138448  
0.7079919668  
0.9867477024  
0.4599259485  
-1.432826641  
-0.7805873632  
0.2343138829  
-0.5146555507  
0.06633981435  
0.5483645298  
0.621141439  
0.3873371949  
0.8421310344  
-0.2637229123  
-0.3439802118  
0.1176805207  
-1.235873914  
-1.301001196  
-1.526909037  
0.2795592055  
0.4097543089  
0.4549916365  
1.091403035  
-1.449256372  
0.1417743895  
-0.4896528281  
-1.479438557  
-1.155894704  
0.1224386967  
0.8166695133  
0.8711952453  
-0.2523084799  
-0.5665986204  
-0.3784398563  
0.9998677402  
-0.007355717054  
-0.7777486119  
-1.759944099  
-0.2353403344  
0.9600131817  
1.202757504  
1.52601029  
1.532214039  
1.681974936  
1.600885799  
-0.188242642  
-1.984730829  
-1.819570786  
-2.503691942  
-2.553777242  
-2.656433695  
-1.114918258  
-0.2832371139  
0.2519766404  
-0.6419285633  
0.9751522366  
0.9347078257  
1.176052653  
1.293601376  
1.115433908  
0.775342028  
1.143851644  
0.6559001055  
1.035654491  
1.165585605  
0.8318630148  
1.156791009  
1.281970487  
1.286309091  
0.9324005524  
1.020667103  
1.297103422  
0.8885884837  
1.072538929  
1.196630764  
1.075773532  
0.9108568835  
1.047263826  
-1.446801161  
-1.106770495  
0.2963050833  
-0.9492186631  
-1.808258364  
-1.995443914  
0.1730414609  
0.2397290534  
0.2750649403  
-0.1289389665  
-0.05632577136  
-1.132057951  
-1.433164969  
-0.6002840646  
0.431194403  
0.338175527  
0.8403969744  
-1.232282689  
-1.048767226  
1.006380683  
1.569093101  
1.264023923  
-0.04467053842  
-0.9863087592  
0.4997292517  
0.7863485174  
0.6290540151  
0.5757634162  
0.4563536446  
0.2800928872  
-1.490178349  
-0.9270302022  
0.02124371576  
0.2183652479  
0.4060285602  
-0.009431261938  
-1.579648045  
-1.688172537  
-2.080364121  
-2.41540651  
0.08412358881  
0.06013659199  
-0.8817237948  
0.8857284129  
0.6326580145  
0.5044671809  
0.900564625  
-1.260733389  
0.4675315345  
-2.045654737  
-0.6710907485  
-0.6335902852  
-0.7494469987  
-1.038248593  
-1.110501458  
-1.65839518  
-1.723686573  
-1.432586165  
0.132897934  
0.2362345742  
0.0719941494  
0.07161595103  
0.5963426875  
0.9791105311  
1.077507875  
1.319448004  
1.454509093  
1.403112315  
1.557815506  
1.413664384  
1.291814809  
1.306921411  
1.238083241  
1.396897689  
0.8577332587  
0.7813542614  
1.060787429  
1.591667562  
-1.563884782  
-1.407145888  
-0.902468445  
0.1577024739  
0.05704268949  
-0.6240882431  
-0.6868078566  
-2.4748037  
-0.1719531221  
0.5131709948  
0.7519735979  
1.384334281  
1.34528606  
-0.8861473689  
0.3495423371  
0.574378974  
-0.06387119178  
-1.205276389  
-0.9448811657  
-0.06503636299  
0.598552622  
0.4615838126  
-1.196859  
-1.199884094  
1.420860286  
1.420476553  
0.4649496549  
-1.338605116  
-1.285157168  
-0.3867928552  
0.2374284407  
0.4171924714  
-0.0677471598  
0.03984725677  
0.6791499571  
0.634780757  
0.7420712804  
0.6274005082  
-2.054166115  
-1.290723743  
0.7635647089  
1.69630014  
2.011821102  
0.8226593345  
0.2804248856  
-1.08594997  
-1.065143617  
-1.580291823  
-1.290794069  
-1.628996687  
-1.064112736  
-0.8429589795  
-1.905607032  
-1.390174259  
-1.45943476  
0.6177208099  
-1.203776924  
-0.1708280334  
-0.1023706723  
0.4606786182  
0.2938511032  
0.1929594448  
1.429720995  
1.574362431  
1.820616545  
1.256576474  
-1.958472119  
-1.984272123  
-0.5416670553  
-0.1757307715  
-0.03107963953  
0.641489126  
0.7838653487  
0.07376003187  
0.3372956128  
0.4894371531  
-1.035975291  
-1.268013229  
-1.715635489  
-0.2370850914  
-0.05846221831  
-0.5470298805  
-1.152059209  
-1.898306119  
-1.7900147  
-1.307289441  
0.6612719933  
0.6179125113  
0.8637431869  
0.8902960945  
1.065664965  
1.416713238  
1.63989616  
1.221581633  
1.464607984  
1.220800731  
1.070649483  
1.135390188  
1.094720391  
0.9792083972  
-0.05082336871  
-1.823918598  
-0.05642529565  
-1.779871075  
-2.140333495  
-0.4237629364  
1.037880877  
1.168826259  
0.8780449946  
1.002567334  
0.6127229385  
-1.71886777  
-0.9375699173  
0.08862982331  
0.1778721912  
0.1788031423  
0.1862189638  
-0.06065105825  
0.4135496817  
0.1146349954  
0.4239778889  
0.4303770635  
1.183601184  
0.9095643701  
0.6231442578  
0.8405643405  
0.5122066194  
-0.3782258757  
-0.388455614  
1.194614404  
1.121600372  
0.8420376306  
0.2878397136  
0.275941647  
-0.3310783665  
0.8010317344  
1.139628755  
0.8814626851  
-2.03858394  
-2.094678631  
-0.635401601  
0.8325839488  
0.6213150161  
-0.08934895309  
-1.263698082  
-1.228311232  
0.4252742291  
0.3833593114  
0.387053828  
-0.9604580352  
-1.212309944  
0.5502491411  
0.6610566203  
0.3839586747  
-0.409161983  
-1.841575385  
-0.6813453186  
0.7461133882  
0.5241287675  
0.7609229773  
0.720981367  
0.3641937355  
-1.378970266  
-1.449116506  
-1.499841014  
0.2835260306  
0.2568052766  
0.4164403669  
0.3724017188  
-0.9379061666  
-0.8175973055  
0.1988106823  
0.4200439733  
0.3526162466  
-0.07397382665  
-1.201702859  
0.2960271923  
0.4781589848  
0.8970295374  
0.7007803738  
0.6371825543  
-1.019488504  
0.1278728033  
0.7236926888  
0.6866197053  
0.4332282349  
0.5029296751  
0.2425357878  
-0.09491387321  
-0.1325515702  
-0.7643162345  
-0.7732778462  
-0.1448434519  
1.402643858  
1.230893179  
1.401652907  
0.515151038  
0.9963353885  
-0.9919708053  
-1.00732732  
-1.444415803  
-1.387668967  
-0.4123562092  
