0.855169011  
0.3446992436  
1.129889928  
-1.166625664  
0.2167710945  
-0.2467716272  
0.4128753777  
1.049901078  
-0.2971179933  
0.4700991172  
-1.122260645  
0.7922919999  
1.045915398  
0.3997023664  
-1.652211746  
-1.169421735  
-0.9493932383  
-0.941228993  
0.9582417023  
1.57343821  
1.078775725  
-1.124577031  
0.2012695564  
-1.326643314  
-0.4048540895  
0.04441427533  
-4.911669397  
-0.7325812833  
0.5469138328  
-0.6809840502  
0.2013698537  
1.022475038  
1.462478005  
0.3519169486  
-0.02378737336  
0.2239044876  
0.2542370233  
0.4404610533  
0.6189919483  
-0.07879567388  
-3.380069626  
-0.5361182289  
0.901285739  
1.087139611  
1.524397598  
0.2737429837  
0.4183731475  
0.7767728542  
0.6499114003  
0.6823630489  
1.213447324  
-0.2435390513  
-0.2520490436  
-0.8437614974  
0.1411808409  
0.5433963004  
0.6870733348  
1.555455084  
-0.9280461989  
1.521285835  
0.3777589516  
2.026658066  
1.810355301  
1.376519071  
1.879034652  
0.6420350038  
0.8886333428  
-0.6468792215  
0.1382982845  
-1.897352166  
-0.9951583273  
-0.2166345035  
0.2033576104  
0.7509854477  
0.7820911002  
0.2541650339  
0.2068191591  
-0.9971442686  
0.6860569764  
0.9817118524  
1.948707547  
0.3396468432  
0.03244725183  
0.8014398249  
0.9149888005  
-1.332881286  
0.5325123503  
-0.2518041372  
0.1619567111  
-0.2624339782  
-4.289801657  
-0.8047671742  
-0.3096870294  
-1.682573114  
-0.8635139763  
-0.5247896847  
-0.5379125881  
0.3688939116  
1.131610107  
0.7965919172  
-1.738968198  
0.03574772986  
-1.778119296  
-0.5499160092  
-1.301175271  
-0.2356124317  
-0.8376251721  
-0.9157548439  
-1.902618475  
-4.100603095  
-0.4874916813  
-0.6899030309  
-1.617621236  
0.2554029726  
0.2905814005  
0.645489978  
1.335176495  
2.187925759  
2.169941756  
0.3004573743  
1.084229237  
-0.5269882348  
0.7817497109  
1.644164039  
0.797348741  
0.04078445887  
0.4647251133  
0.837970161  
1.291087878  
2.243937683  
1.215880158  
0.7420565033  
0.4745735652  
-0.04551763301  
-0.522721104  
-2.872951416  
-2.228862166  
4.602278123e-05  
0.06558844662  
0.2695270665  
2.134195458  
1.178304079  
-0.0009928251577  
0.9228257018  
1.115182834  
0.4352373113  
0.8086100304  
2.480932218  
2.119583499  
-2.901982492  
-1.972236572  
-0.9338467127  
0.5739004539  
0.5030443477  
-1.079737999  
-0.7846411699  
-0.2906228727  
-1.001350644  
-0.8027645795  
-1.523099317  
-2.554369696  
-1.266342833  
-1.73719559  
-0.02715298403  
0.3922404776  
0.9744875758  
-1.736787517  
-0.46269613  
-0.9309920058  
-0.3451552475  
0.1247300455  
0.3830806987  
-1.111217453  
-2.004539351  
-0.7889836659  
0.7897013365  
0.9943531304  
1.68010164  
0.3905352783  
0.675317248  
0.1162202735  
0.522900808  
1.676830164  
1.536541423  
-0.3827651434  
0.5544397063  
-0.3657303461  
0.2051582928  
0.7554723117  
1.597818064  
0.7942688041  
0.08694932549  
-0.1781249276  
0.481886283  
0.5005380578  
-0.05835311653  
-0.2042784479  
-1.94799781  
-0.4112725431  
-1.093223814  
0.5770845808  
0.4965706497  
0.1593839216  
-0.7556940504  
0.4354289419  
0.01216414584  
0.4426692873  
0.3934792221  
0.8382593616  
0.2584976032  
1.078510198  
-0.6556894532  
0.4186595704  
0.9589813055  
0.3627009568  
-0.7383677874  
0.4680301587  
-0.03193832492  
1.890073098  
2.304039558  
1.294154895  
-0.3400995979  
0.1787190415  
-0.3900425671  
1.423667613  
1.219321696  
1.443187871  
-2.67811408  
-0.6948743517  
-1.172663533  
-0.1495060079  
0.3862995749  
0.5119206675  
-0.9081411116  
-0.3548805831  
-0.5681779263  
-0.1155270246  
0.7941168945  
-0.5022671395  
-1.217147291  
-1.367507959  
-1.114276875  
-4.677633472  
-1.139274626  
-0.8376238969  
-4.243576919  
-0.7853132545  
-0.3746851292  
-0.3951678114  
-0.9878692633  
-0.1307460202  
-0.52816726  
0.2951389433  
0.1010856905  
0.2854232984  
1.686889107  
1.755954992  
0.9120436674  
0.7535803263  
0.1174710294  
0.7506929488  
1.253449253  
1.339829386  
0.6564118959  
0.2352501649  
-0.1739970031  
-0.3845129571  
0.8407439848  
1.310147835  
1.553245646  
-1.123472247  
0.8976751389  
-0.4612621377  
-0.7499062528  
0.05508398851  
-0.9611716422  
-0.7550526212  
0.5136932828  
-0.2238889921  
0.4151972727  
0.4239619021  
0.5438247651  
-0.744493254  
0.8889147704  
-0.6566827833  
1.528384351  
1.55760515  
0.863616477  
-0.09150798945  
0.5300964577  
0.4861686848  
0.5891166966  
-0.2955209091  
-0.5513005934  
-0.2886035299  
0.7289804415  
-0.1935070354  
0.3984115728  
1.469805618  
2.097338549  
0.01840320719  
-4.393058973  
-1.385535614  
-0.590220871  
0.4598019568  
1.080600698  
-0.4006427937  
0.1039125193  
0.312399842  
0.4305422608  
1.196752003  
1.224908804  
-0.6426131582  
-1.067599771  
-1.330673009  
-1.307931466  
-1.198795343  
-0.7171482289  
-3.692182121  
-1.44058557  
-1.375003434  
-0.07169395319  
0.8277828018  
0.8231649009  
0.1288871835  
-0.5210001713  
-1.027057935  
0.1928797496  
0.6934838612  
1.445342444  
0.8701429501  
0.4775384595  
-0.2714743685  
-3.473225569  
-1.228343351  
-0.8248337872  
-0.6671563002  
-0.329920782  
-0.3777739581  
0.01599641021  
1.282638593  
0.9940515966  
-0.6755628184  
0.07337006945  
-0.6776069712  
0.8547101115  
1.462681132  
0.5670625335  
0.5364624307  
0.5862988176  
0.718959054  
0.557709856  
1.191148954  
0.8925478355  
0.4733823918  
0.1547056702  
-1.204187395  
-0.355781587  
0.8499917191  
0.5173158481  
0.6317924081  
0.5468480998  
-0.1518996197  
-0.05965091276  
1.159371523  
0.9676719018  
0.7524472339  
0.1662149042  
0.3759163837  
0.1134751989  
0.882471741  
0.7262461338  
0.6093490616  
0.6675265602  
-0.1198192072  
0.3622446161  
-0.01825924327  
0.09407540594  
-1.726942624  
0.4170372317  
0.5772765649  
0.7927970185  
-0.01374830756  
0.2221314424  
0.4961065077  
0.9198567963  
0.08460598842  
-0.0006772235366  
1.742529257  
1.039826438  
0.24251158  
-3.046904651  
-1.318755703  
-0.9262051204  
0.7406542752  
0.8039776512  
-1.702385328  
-0.2236681364  
-1.734452776  
-1.556543222  
-0.868635969  
-0.6336530211  
-1.510170802  
-1.677147981  
-0.6574959962  
-1.274538005  
-0.8850823349  
-0.7446079717  
-1.690491029  
-1.620784069  
-0.4980962585  
0.9191076557  
1.668978447  
0.4584704378  
0.4043727983  
-0.2804910208  
-0.5701068232  
0.5277040391  
0.9873744175  
0.9910995272  
-1.208570393  
-0.9406884804  
-0.7348152154  
0.4278392646  
-1.1909448  
0.1901927134  
-0.05233525322  
-0.3188440909  
0.2501691562  
1.650331481  
1.531514392  
1.476228861  
-0.6156722841  
0.5504778138  
0.1038271975  
1.126121495  
1.230450791  
0.6347855673  
-1.715261808  
0.5566090832  
-1.420921082  
-0.1288919957  
-0.2961386004  
-0.5516036432  
-1.429442586  
0.3013996918  
-1.474429925  
0.7936255747  
1.584004591  
1.357002747  
-0.3074818031  
0.2207677802  
-0.4881791703  
0.9612073163  
1.296824177  
0.5048212252  
0.7355083196  
0.2265579854  
1.059717192  
0.637970475  
0.2010043052  
0.3647630395  
-0.3144722394  
0.4148342174  
0.2823860426  
0.4308111151  
1.674735624  
1.796725853  
-0.6662012828  
0.2774846485  
-0.817692455  
0.9464484568  
0.9515816529  
-0.001624442346  
0.2382933914  
0.5709911298  
-0.8116266875  
0.9708202478  
1.000621837  
0.5656027178  
-1.805346297  
0.0338174  
-1.722959501  
-1.583041185  
-1.239112966  
-0.8395730755  
-1.106703441  
-0.2409125799  
-0.3449169573  
-0.36247504  
1.022554589  
0.8560349698  
-0.6724610289  
0.6740687139  
0.6499735703  
0.0201082566  
-0.4810081359  
-0.5262515704  
-1.611952966  
-0.4030441047  
-1.59210384  
0.09491584098  
0.7483392437  
0.6871059009  
-0.2485567042  
0.1949609825  
0.008333452681  
-0.3912431949  
-0.09946258947  
-0.4832640322  
-0.9679870073  
0.006840277072  
1.080682167  
-1.576572833  
-0.4184305898  
-0.4684104763  
-1.15766249  
-0.3205801054  
0.1796460874  
0.2627980746  
0.1557439662  
0.7165601637  
-1.591528416  
-0.1092894006  
-2.705165543  
-1.263905933  
-0.3289796542  
0.1371767437  
-1.654259098  
0.09173920605  
0.220104225  
0.3648853962  
-0.03857786488  
0.3743014547  
0.6441074047  
-0.7547045364  
0.8240421619  
-0.6771065994  
0.518847534  
0.8513053972  
0.936038177  
-0.02095322192  
0.6447205325  
0.476681105  
0.8314234844  
1.852945584  
1.637241986  
-0.4668021367  
0.2672614134  
-0.1796237582  
-0.4986069039  
-0.06933744259  
0.6485856293  
0.8096161544  
-0.2300864025  
0.7427977614  
-0.3923065545  
1.160849791  
0.9962310635  
0.5111901819  
-0.0006823596813  
0.1778711446  
0.05299626929  
-0.2854754977  
-0.1649338181  
0.2945940289  
-0.9758997358  
0.2578416954  
-0.6796069179  
-0.2649341835  
1.079659639  
2.014621604  
0.6239853765  
0.5697711301  
0.3739564785  
-0.2686219352  
0.01692245763  
0.3388439972  
0.1382370638  
-0.6842531829  
0.4967250905  
0.1181897545  
0.8277199936  
0.9412548961  
0.6562111391  
-1.268419418  
0.4397384527  
-0.2727331715  
-2.029822045  
-0.7891709871  
0.0278507994  
0.4654887263  
-0.4710234806  
-0.6817002409  
0.2713030882  
-0.1477903791  
0.2419692232  
-0.3735988047  
-0.8435569386  
-0.8229861442  
0.08701687428  
-0.04451504563  
0.3444322529  
0.8444563397  
1.52022535  
0.9758391633  
1.476494762  
2.668195055  
1.980593798  
0.2336925287  
1.822544498  
1.075288158  
-1.645264901  
-1.823947172  
-1.66888846  
-1.440928451  
-1.706230683  
-2.010357284  
-1.406040119  
-1.843511181  
-0.5099557498  
0.041981714  
0.1964321015  
0.5622371284  
0.3936388754  
-0.1346344054  
-0.8253175784  
-0.3145215335  
0.3780700896  
-0.5435112425  
-1.786199832  
-0.3459488322  
-1.328798446  
-0.7547457328  
-0.631950712  
-0.7434232518  
-0.8967168641  
-0.4940882907  
0.1274558653  
-1.391042351  
1.051005219  
0.8503731263  
1.445848948  
-1.143909516  
-0.6846082674  
-0.9379215909  
-1.688308068  
-3.216901031  
-2.94623933  
-2.758039207  
-0.8620374923  
0.2197026946  
0.6968048001  
0.4088024625  
0.1328916376  
-0.418431412  
0.417635866  
0.1118451958  
0.2379526703  
1.071346833  
1.63597412  
1.267092115  
1.551922829  
0.6526638011  
2.059303627  
1.948979027  
2.389172377  
0.7115280078  
1.291593543  
0.716158789  
0.1526675969  
0.1245610954  
0.05843970584  
0.07238602805  
-0.7116523571  
-0.2916389541  
0.6348348906  
0.3822651015  
0.364137154  
-0.2721896334  
0.2303751792  
-0.4938202974  
1.056936333  
0.8732267947  
0.3373928447  
-0.7676049463  
0.3620559443  
-1.041562184  
0.7476988776  
1.276655706  
1.35824912  
-0.2939968843  
0.4114633336  
-0.5303272601  
0.5732335185  
1.24091329  
1.876188321  
0.6940765506  
0.8317607375  
0.06599756372  
-0.01260087876  
0.03271957331  
-0.1984882799  
-0.7216689016  
0.02458122884  
-0.1042108626  
-1.963394361  
0.07750548455  
0.3699944787  
-1.384885902  
-1.235606882  
-0.9967477912  
1.188635001  
0.3680666983  
-0.9311971403  
-0.8919326847  
-1.115057653  
-0.4420186588  
1.107524968  
0.5937192046  
0.7503436519  
-0.6748101737  
0.2564656293  
-0.8785003996  
-0.8045824732  
-0.8910953947  
-0.5691051493  
-0.6363063457  
-0.2635484468  
-2.236452165  
0.3703801679  
1.047269941  
-1.21465893  
-0.4404686083  
-0.1680635464  
-0.9490694105  
0.1860674273  
1.431349483  
0.2883637045  
-2.526883586  
-0.893519314  
0.3815298803  
1.138647064  
1.039366868  
0.7299641758  
0.05637221245  
-0.3853110795  
-0.4966412502  
0.5446193801  
0.1307378577  
0.01550458126  
-0.1937671864  
-0.302139092  
-0.6543776998  
0.1413651674  
1.003997633  
0.7160768557  
0.489663782  
0.1293867383  
-0.4023435621  
0.7711762988  
0.9979239555  
1.091252419  
0.2468728059  
0.4889269531  
0.2245710419  
0.05286969133  
0.08012276525  
-0.7755470854  
-1.210548066  
-0.0384634826  
-0.9319560625  
0.4711208851  
0.4992117778  
1.120108402  
0.5808173889  
1.073605745  
0.09905594162  
-0.003639695218  
1.086140369  
1.443427194  
0.05401951562  
0.4921084178  
0.3239254521  
-0.3028116714  
0.03878209685  
0.1331008907  
-0.3956240532  
-0.3099223308  
-0.499898767  
0.3015655254  
1.102103293  
0.727862161  
-0.07976393627  
-2.477469676  
-1.395678413  
1.048228484  
0.3147221988  
0.5557227964  
0.743211485  
-0.8647919674  
0.02362284229  
-0.8437131127  
-0.04537486283  
0.9456949891  
0.7176582098  
-0.02511216306  
1.017187943  
0.997474933  
1.418234438  
0.4519428542  
0.3929558583  
-0.4622274942  
-0.3044757594  
-1.458535556  
0.2061785374  
-0.03153326076  
0.5124486369  
-1.785717657  
-0.407479037  
-1.234355008  
-0.1527465352  
-1.367569285  
-0.1714080132  
-0.7514261317  
-0.715738648  
-2.296239734  
-0.7238626133  
-1.712441419  
-2.255055959  
-2.394745628  
-0.8948342474  
-0.3878864492  
0.3064549618  
0.3664677628  
-0.02624486101  
0.07446467374  
0.4367828168  
-0.3931731999  
0.6803222498  
-0.8354645869  
0.05325200595  
1.093980589  
1.578678052  
-0.8021399112  
0.6254113586  
0.6930117481  
-0.2788174296  
0.6228702042  
-0.06657931934  
-0.5388040495  
0.554629122  
-0.170336645  
0.5975511798  
1.846939132  
0.7413602228  
-0.343006274  
0.871589936  
-0.8879703955  
0.4050859543  
0.2732999147  
0.6635010277  
-0.8832153413  
0.2021616556  
0.1739542516  
0.3265545679  
1.159296466  
1.412791987  
-0.6726972258  
-0.116360062  
0.2877617973  
-0.04542806207  
1.858953845  
0.5715162122  
1.050591871  
-0.9100717619  
0.5743930208  
0.07594153204  
0.2256277123  
0.1581854992  
-0.2208180158  
-1.197474474  
-0.3610385159  
-0.4586985642  
0.5747456686  
0.9477994634  
0.5147008851  
-0.138175753  
-0.2125168252  
-1.117652035  
0.4811255505  
-0.3396209918  
0.3507182795  
0.353225966  
0.4044809824  
0.1040866244  
0.3723746599  
1.461158163  
0.8196711982  
-1.674079454  
-0.161214014  
-0.9770919738  
-0.5911285162  
-0.3708599388  
-0.9849882961  
-2.226111713  
-0.4725075796  
-1.655859202  
-0.2563285947  
0.4060915576  
0.9030766729  
-0.06169456607  
0.1514097343  
-1.299285025  
-0.08010324417  
0.6041317569  
0.2707580259  
-0.4233749291  
0.635832951  
-0.5675447895  
0.9504069094  
0.4608285378  
-0.5933374209  
-0.1305763484  
-0.8434710717  
-2.262190794  
-1.47549129  
-0.02646876184  
-0.2573322802  
-1.122629765  
0.4101313421  
0.04926888413  
1.274032159  
0.652965626  
0.7395135478  
0.5810149836  
0.8342060241  
0.2807034968  
0.9038699104  
0.3107933916  
0.1311572228  
0.05416415154  
-0.6184391424  
0.09005971055  
-0.07998525973  
1.303861265  
1.332874637  
0.3419575971  
-0.2565502023  
0.1404915427  
-0.318323215  
0.2196734813  
-0.01599577883  
-0.04930754041  
-0.4720155811  
-0.4266820215  
0.5161413396  
0.5038433675  
1.161709027  
1.077584624  
0.4681403265  
1.021370788  
-0.7143967237  
0.5725225793  
0.3186523707  
-1.399896906  
0.3304196705  
-1.213619242  
-1.602086265  
-0.03973612652  
0.09367393006  
0.7146195885  
-0.6116237754  
-1.249361733  
-0.4383910337  
-0.8851766935  
0.05632822583  
-0.1444590877  
-1.109604792  
-0.2474678389  
-0.2438936531  
-0.7262490844  
0.358452871  
-2.786046494  
0.7107769373  
-0.6663028221  
-0.1130134054  
-0.6025241045  
0.4106849218  
1.255007245  
0.1814069851  
0.01867845861  
-0.01124704161  
-0.168564647  
0.641762417  
0.8987904937  
0.4460518394  
-0.02701141881  
1.015286691  
-0.1833755158  
0.1245218283  
-0.039539539  
-1.058002707  
0.02855422172  
-1.498618024  
-0.4819639945  
-0.4420007025  
1.075784187  
1.216624526  
1.113258142  
-0.2835222821  
0.5052578753  
0.2713305296  
1.694515665  
1.007592676  
0.02254188574  
0.1023785097  
0.1418990721  
0.7065812041  
1.842263388  
1.479037471  
-0.9311984562  
1.620264115  
0.1524045404  
0.3052444276  
1.03541183  
0.7573422746  
-1.019059777  
1.190909773  
-0.7501901674  
-0.4376039753  
-0.9979228151  
0.5018875027  
-1.599575357  
-1.084129102  
-1.365235583  
-0.2641376886  
0.7548290122  
0.2916996772  
-1.134150986  
0.09660035556  
-1.179608899  
-0.01426644712  
0.2682458764  
0.6549984719  
-1.45491375  
-0.9155032845  
-0.7778322894  
-0.1790540495  
0.2045847479  
0.1471940636  
0.3018344935  
-0.4585567452  
-0.0408343143  
-0.0757417791  
-0.1757873189  
-0.454916955  
-2.231452532  
-0.6646379713  
-1.968219057  
-1.314601065  
-0.288209265  
0.1108630176  
-0.1097675434  
0.1198184615  
0.03157851478  
0.5852466512  
0.1111915022  
-0.468777148  
-0.3732167007  
0.3395325525  
-1.137308759  
0.9715927669  
1.520292126  
0.8705163808  
0.70711159  
-0.01348982721  
-0.2833905732  
0.07346036319  
0.1480080264  
1.309478462  
1.286986681  
0.005957864393  
-0.5420738568  
-0.1960385777  
0.375641793  
1.189094098  
-1.062270562  
-0.2992499567  
-0.9901047584  
-0.745142845  
0.3117125546  
0.1152766373  
-0.09737573584  
-0.4848831426  
-1.202776443  
0.05478762217  
0.3781038888  
0.8669359841  
-0.2818499371  
0.3235430406  
-0.3235926839  
