0.9145419921  
1.00756508  
1.047309223  
-0.2540752701  
0.4584179518  
-0.8841973611  
0.1925409264  
1.950961461  
-0.6844726109  
-0.02610757971  
-1.145361557  
-0.2257048411  
0.7639098346  
0.741188585  
-2.520714936  
-0.2019565792  
-1.267638526  
-1.214113685  
0.6666778851  
1.768136556  
0.8720035917  
-1.885263563  
0.671010737  
-0.8900000253  
-0.7359775646  
-1.540785074  
-4.250510486  
0.03953445199  
0.1995172714  
0.4527708207  
-0.08397478896  
1.081519914  
1.784914922  
0.5051567204  
0.6924370513  
0.08641475868  
-0.4576028022  
0.3209520538  
1.332962304  
0.3372507127  
-2.631327573  
-1.320895615  
1.32746563  
1.767470988  
1.679421007  
-0.3586289754  
0.2823283923  
0.3837531047  
0.5377036674  
1.234224773  
1.452906628  
-0.04618161987  
0.2169297958  
-0.1975259632  
0.5346480518  
0.8634808528  
-0.07271226886  
1.348988675  
-0.4917811214  
1.239552664  
-0.1831101838  
1.164824453  
1.606908923  
0.02250799111  
1.426565834  
0.6843578433  
0.5782421532  
-0.6225062247  
-0.1433292272  
-1.580716115  
-1.063931084  
-1.379251006  
-0.4319880777  
1.105306951  
0.8607207947  
-0.3106725135  
0.6563460969  
-1.202813368  
0.2507088849  
0.4793753047  
1.597281644  
-0.1310867586  
1.201180835  
0.6708857693  
0.9923636072  
-1.166929996  
0.5223438209  
-0.1003793645  
0.06535314639  
0.1586369319  
-4.499614332  
-1.171805226  
-0.2355947618  
-1.845199431  
-0.05625873546  
-0.9808908005  
-0.09279009411  
0.384729307  
0.9471959881  
0.5081487928  
-1.09235048  
0.2396837443  
-0.7003722304  
0.3116267584  
0.3018378496  
0.6323027903  
-0.7786671282  
-0.1781239647  
-0.9946530674  
-4.662620219  
-0.2072799167  
0.05296789935  
-2.221197128  
1.02495634  
-0.1836561483  
-0.1334404951  
1.014318786  
1.742273602  
1.146787308  
0.1191112122  
1.111675424  
0.2094511112  
0.4946657205  
1.903555067  
-0.1141749257  
1.056190717  
-0.4137866414  
-0.1466096995  
0.4380366061  
1.754246284  
0.5507463539  
0.5924302672  
1.048959879  
-0.06457880681  
-1.513375921  
-3.115189676  
-2.29819249  
-0.3155322475  
-0.06451612422  
0.1609156976  
1.356911466  
1.557739469  
0.207561118  
0.2344979364  
1.276376342  
0.1043082547  
1.429372146  
1.745247783  
2.339882296  
-3.909538816  
-0.9449464394  
-0.913859073  
-0.2620039662  
1.093917446  
-0.4859863393  
-0.1189190722  
0.7180420244  
-0.7171556246  
-0.3410104519  
-0.3254112532  
-1.720745229  
-0.7410304523  
-3.122969985  
-0.03256212495  
0.4946543833  
1.424090324  
-1.041041154  
-0.1749478444  
-1.201970648  
-0.6127019768  
1.006520821  
0.7015039559  
-0.4611941161  
-0.7094443788  
-0.3617659212  
-0.7556621046  
0.9731475701  
0.9581657055  
0.2615806813  
0.6632344666  
-0.4153357046  
-0.1486507798  
0.8287038445  
0.6339737756  
-0.8929393757  
-0.1720621303  
-0.08502988261  
-0.2586536739  
1.524302523  
1.421658483  
-0.2108314023  
-0.24995265  
0.05096902657  
0.1205983963  
1.174908102  
0.7288629295  
0.3235607146  
-1.208999636  
0.2388083836  
-0.9435941821  
0.6040100875  
0.3024090108  
0.3672300241  
-1.182072414  
0.7515725915  
-1.136655838  
0.4705375578  
-0.2426770627  
1.027602726  
0.1605185229  
0.7576854739  
-0.3582378611  
0.03187212691  
0.7385741663  
0.7487252163  
-0.4018068753  
0.894435395  
0.2797942989  
1.620216675  
1.041052189  
1.352622731  
-0.09712362372  
0.8331324247  
-0.5936457214  
0.6244236298  
1.653426519  
1.585552392  
-3.143088655  
-0.3151582908  
-1.12979686  
0.2024466541  
0.6246944044  
0.368124699  
-0.7155663634  
0.0424551667  
-0.2327235606  
-0.3783980746  
0.1619230131  
0.03101290242  
-1.290066212  
-0.6921176011  
-0.9346925034  
-5.576609062  
0.1485369915  
0.1138734034  
-4.248380027  
-0.8040727441  
-1.205234802  
0.09243368267  
-0.6892070868  
-0.06399240613  
-0.3102981077  
0.6213104269  
-0.154764232  
1.515169871  
2.015386482  
1.246836988  
0.09437344628  
1.275773113  
-0.01478660016  
-0.2317819415  
0.9398011509  
0.8802533609  
-0.08523888627  
0.4392863656  
-1.474713527  
-0.7401577522  
0.7001061016  
0.9959492725  
1.183168884  
-0.8987262951  
0.4411494267  
-0.5173035142  
0.3070344973  
-0.4799376845  
-1.038480454  
-0.3431078586  
-0.03601213069  
-0.6993605027  
-0.2865840581  
0.7570041542  
0.428964554  
-0.4429659291  
0.02231587745  
-0.6926050885  
0.1083569344  
1.553299518  
0.9289486531  
0.4233979157  
0.3176233104  
0.5648068832  
0.4929747155  
1.052636732  
0.3422438864  
-0.5362169618  
0.3644173252  
-0.6104191776  
0.6182251912  
0.8155718991  
1.861098453  
0.2704140455  
-4.121875864  
-1.197365348  
-0.7832780194  
0.09368607499  
0.3945515573  
0.1691441193  
-0.8900213931  
-0.5953953556  
0.103016854  
1.493621292  
1.382422624  
-0.4556475752  
-0.3849449212  
-0.6429528957  
-0.3039476371  
-0.4403055395  
-0.5601031454  
-1.86643259  
-0.2084946915  
-1.10365283  
0.09046280155  
0.7251213169  
1.61837433  
-0.4018259005  
0.4417427792  
-0.8285843349  
-0.4736116797  
0.1485551663  
1.177089614  
1.657615589  
-0.3317412408  
0.2324937166  
-4.526606495  
-0.6480879018  
-0.5604538695  
-0.9099887043  
-0.4635336165  
-0.1692320501  
-0.5946432783  
1.013276088  
1.206778185  
-0.5903767909  
-0.3133236769  
-0.8864083923  
0.6444853239  
1.68175688  
0.8041672729  
-0.1630518252  
0.580613302  
-1.293839228  
0.4832852619  
1.75833434  
1.883816418  
1.020659692  
0.718515325  
-1.208141118  
-0.60838016  
0.4892783751  
0.4190850347  
0.5218437709  
0.309308933  
-1.220904803  
-0.1589336861  
0.1395492081  
0.991159997  
0.6902946809  
0.5616638086  
-0.2113551085  
0.02637301803  
1.10928721  
1.106812231  
0.003302442743  
0.3628426582  
-0.5005293509  
-0.4270252851  
-0.6522108888  
-0.02591218251  
-1.737501967  
1.049213218  
-0.08859451382  
0.3746703922  
0.04512471354  
0.5989285094  
0.2703733662  
0.8211220216  
-0.4999387189  
0.12869598  
1.467295776  
1.783581254  
0.4178391793  
-3.501755312  
-1.565303375  
-0.80621066  
1.224468414  
0.768908664  
-1.000586706  
-0.2469942447  
-1.706736666  
-0.4296022483  
-0.6492852992  
-0.4593285926  
-1.355057724  
-0.713792959  
-1.084609609  
-0.2623132705  
-0.4829689403  
-0.4715688344  
-0.5935333122  
-1.59533282  
-0.1068929361  
1.161221255  
1.393748255  
0.6217559909  
1.326991871  
-0.6533900265  
-0.147609119  
0.5934518957  
0.5808848747  
1.501863896  
0.2367279974  
0.1852527956  
-0.8271214208  
0.7248998357  
-1.11148875  
1.059217449  
0.1034827765  
-0.61671412  
-0.6908781051  
0.8668013764  
1.108848736  
0.9653943706  
-1.731281834  
0.889840296  
-0.2509820486  
1.368209725  
1.319741494  
0.9682943591  
-1.185742899  
0.4287808855  
-1.508341787  
-0.06072935564  
-0.13941641  
-0.3606727413  
-1.610673476  
-0.02994727768  
-2.591903232  
0.5552034511  
0.6900151699  
1.246730664  
-0.04560469469  
0.8120572957  
-0.7758948599  
-0.2058878592  
1.131298373  
1.399669101  
0.2384862135  
0.4257051119  
-0.07906630577  
0.3962497373  
0.8531010408  
0.6305579329  
-0.07981663815  
0.4143162813  
-1.475011353  
0.3136049528  
1.074358827  
1.225348174  
-1.336269435  
0.5338521093  
-1.17863742  
0.7709377604  
1.313456098  
-0.3528412682  
0.7304048144  
0.6784876693  
-1.022748758  
0.8085016871  
0.4830698573  
0.6339888309  
-2.993860515  
0.3513431976  
-3.039368857  
-1.282673414  
-0.0775344108  
-0.1368842123  
-1.081047536  
-0.216198655  
0.05720414289  
-0.2227433135  
0.9642173333  
1.258771148  
0.6763350799  
1.132938274  
-0.04355977803  
-0.4639162179  
0.08388983336  
0.1994768221  
-1.798553687  
-0.2803164057  
-2.468977934  
-0.1866720977  
0.9175917029  
1.057838811  
-0.4238678836  
0.04788430209  
0.2547013989  
-0.09050169499  
-0.4219362624  
-0.03587423004  
-0.5100087254  
0.274893986  
0.5803234393  
-1.886186936  
-0.06690483065  
-0.2277345963  
-0.1399144748  
-0.248839944  
0.09126596858  
0.5563657156  
0.2029783165  
0.08382737707  
-0.1778297902  
0.2898686994  
-2.476101472  
-1.12785731  
-0.06005482981  
0.168844515  
-0.9519306452  
1.097361266  
0.693015472  
-0.01682744046  
1.223542208  
0.9423097943  
0.2395481261  
-2.208173997  
0.121387576  
-2.191657512  
1.206333917  
0.5505965173  
0.8635762389  
0.07310999534  
-0.4072804328  
-0.05570074897  
-0.2791615586  
1.733250635  
1.432433079  
-2.408514045  
0.4541367489  
-1.03929242  
-0.6401380545  
0.05769077008  
2.01481889  
1.564338416  
-0.6043087958  
0.7213108707  
-1.571029401  
0.8142264701  
1.660391045  
0.9332136672  
0.4821470852  
0.5749612104  
-0.1654620732  
0.3688418181  
0.2339490078  
0.6432344916  
-0.6266360885  
-0.4797143849  
-0.9011813599  
-0.03927499083  
1.004334621  
1.057736312  
-1.121494323  
0.5020876541  
0.1575938369  
0.04844557351  
0.4743783595  
-0.2558831223  
0.5295324315  
-0.6824219072  
1.490406459  
0.151663409  
0.840612324  
0.2498498664  
0.5303670791  
-2.253135137  
0.3729995216  
-0.4357260819  
-1.245237221  
-0.5293444381  
0.3205595224  
0.070346757  
0.7895657463  
-0.03855865854  
0.992254021  
0.3274119512  
0.08417395095  
-1.191210546  
0.1931508091  
0.1017622168  
0.4367809367  
-0.6123989866  
0.6815370753  
0.2143137836  
1.737191104  
0.8288722517  
0.6462769119  
1.337671413  
2.32094705  
-0.3215771348  
1.997247874  
0.8904373645  
-2.668106549  
-3.541701046  
-2.61768547  
-1.551793763  
-2.467141131  
-2.120939627  
-1.436167426  
-2.327172554  
0.2490406088  
1.052698932  
0.9074323948  
1.691991001  
-0.4727169433  
0.139019842  
0.07985180918  
-0.2882269042  
0.1129953006  
-1.38925328  
-2.813445342  
-0.4834397744  
-0.9730845078  
-0.1757149389  
0.5640941579  
0.4796431642  
0.1693347686  
0.1675059448  
0.8254167002  
-1.213885955  
0.9144934668  
1.754201677  
1.690438881  
-0.6133955718  
0.4216959853  
-0.5495775879  
-1.201592256  
-2.573530437  
-2.608167325  
-3.331742462  
-0.0406921222  
0.4816734037  
0.2994718618  
0.6495694275  
0.826948046  
-0.7600958751  
-0.9965624006  
0.0923683204  
-0.08330988458  
0.6877830593  
0.7958606584  
0.995907972  
1.324614828  
0.2419359837  
1.042963452  
1.392956482  
1.737233396  
1.561574913  
1.568977509  
1.032366876  
0.5755045216  
0.7443928672  
-1.908971123  
-0.580415545  
-1.494319994  
-0.2627474938  
0.4144522923  
0.8221616008  
0.2378943099  
1.429287253  
0.4163651271  
-1.185270753  
0.3675005856  
0.3210744971  
0.2665629699  
-1.407898519  
-0.2023784627  
-0.6746751141  
0.538605511  
1.217812714  
0.8258703215  
0.03446451663  
-0.1686047598  
-0.4620439749  
-0.02611357922  
1.065733276  
1.283920778  
-0.1151169549  
0.6270232082  
0.2410457558  
0.1755606503  
-0.3232863012  
-0.2629136566  
-1.046102526  
0.3319087664  
-1.228018588  
-2.316541788  
-0.0582293498  
0.0659351645  
-0.5258904892  
-1.009799221  
-1.07432313  
0.3119319055  
0.9590840005  
-0.180738175  
-0.2923875346  
-1.549939551  
-0.2717112452  
0.7544507795  
0.8892137187  
0.3813834942  
0.6687345727  
0.7121449585  
0.08956852179  
-0.2528823126  
0.2589670088  
-0.5399810221  
-0.08406525108  
0.7091740289  
-1.322565347  
0.6927853636  
0.003967028745  
-0.4870387406  
-0.1781004361  
0.121285372  
-1.362401834  
0.4461434875  
0.9565107807  
1.379866652  
-1.724658018  
-0.7900408553  
-0.03144399403  
0.7326249683  
0.4908027287  
-0.4991386238  
0.08699908299  
-0.210413188  
-0.4149340222  
-0.8281093893  
-0.007476975035  
-0.06998976069  
-0.3245329849  
0.1005962207  
-1.451855039  
0.1162307744  
1.401106223  
-0.1798773227  
0.1073468609  
0.4583788593  
-0.37954592  
0.4389170781  
1.78913485  
0.8199415671  
1.300447963  
0.1307425908  
0.004075176111  
-0.264471597  
-0.06781762065  
0.0497539734  
-0.9718536799  
-0.1611289687  
-1.08958807  
1.114009482  
0.4048731295  
0.567663317  
1.067013225  
0.9710690009  
-0.3774137071  
-0.1698928926  
0.5539573368  
0.7935064298  
-0.3888651037  
0.7520966719  
-0.08519103705  
0.4227280011  
-1.0672504  
0.6071892662  
-1.386607399  
0.6284672884  
-0.3208071763  
-0.229035583  
0.8035477354  
0.01236063286  
-0.5962750251  
-1.845763112  
-0.822879863  
-0.5044232526  
0.4401872949  
1.009706761  
-0.08463161486  
0.217169197  
0.6510985875  
-1.806046282  
0.02795483088  
0.6159982424  
1.004440268  
1.203371671  
0.528273634  
1.694805056  
1.069707566  
0.965139433  
0.4862666124  
0.04300493868  
0.6653348792  
-2.387870564  
-0.1282153172  
0.3950445076  
0.6444378538  
-0.5159909607  
0.1460083939  
-1.435465403  
0.3305805418  
-1.313997831  
0.4403925786  
0.3620455662  
-0.5899092005  
-1.349863356  
-0.1056746175  
-1.854700336  
-2.03562059  
-1.536250016  
0.3545990918  
-0.669368739  
-0.09237534591  
-0.4540520247  
-0.01642719301  
-0.07940926122  
-0.8317918476  
0.177686168  
0.4326045898  
-1.068348228  
-0.3413142912  
0.5709193018  
0.3724469927  
-0.3948423774  
0.329068835  
0.3044216015  
-0.3079779747  
0.0440738669  
0.1892825869  
-0.701100491  
0.9877385777  
-0.2059230545  
0.571838824  
0.8730021189  
1.102839163  
-0.7986721822  
-0.04873332865  
-1.308789371  
0.1242926959  
0.8602140162  
0.8573354603  
-1.781263202  
0.4216809556  
-0.4264965601  
0.4685862808  
1.240481526  
0.7193045586  
-1.325447839  
0.5506103017  
-0.1868273969  
-0.358345584  
1.250734989  
0.7452973778  
0.3638525944  
-0.5602886782  
-0.1395610394  
0.2402240688  
-0.168953515  
-0.2594172482  
0.01263004902  
-2.011727631  
-0.4732255891  
-0.6242164814  
0.08357611581  
0.407168705  
0.05535180633  
-0.04197620661  
-0.1108928764  
-1.42087773  
-0.4065678558  
-1.687175823  
0.7783431738  
0.9642610983  
0.5551946685  
0.1594410089  
-0.09353251858  
1.278210095  
1.246376301  
-0.1506464437  
0.9836096732  
0.5355026093  
0.2486175011  
0.3673614488  
0.2096751044  
-0.632445082  
0.5956246885  
-1.867546314  
-0.1167576199  
0.8911798102  
0.5986626297  
0.01383876759  
0.002865975467  
-1.855481795  
-0.1985424007  
1.116123424  
0.1855613942  
-0.2973286322  
0.9157136045  
-0.4894803603  
0.1173481804  
1.257418191  
0.8744329281  
-0.009608449557  
0.3359674244  
-2.449537246  
-0.5031804638  
0.1177280873  
0.1940907092  
-1.535451525  
0.1520111763  
-0.8455214851  
0.4213446485  
0.0347700391  
0.7050882552  
1.231367953  
0.505268057  
0.1462090185  
-0.3360289675  
-0.2020261052  
0.6399082673  
0.3150277925  
-0.6720134937  
-1.084051297  
-1.586546056  
0.4494391151  
0.5585582788  
0.65886905  
0.1214746584  
1.08135296  
-0.1123482792  
-0.05643973368  
0.1017552018  
0.3660411978  
-1.001855588  
0.1701127083  
-0.3015068736  
0.1658904039  
0.9968909617  
1.51739393  
-0.3350956644  
0.8298957033  
-2.488889162  
-1.075721448  
0.08864230575  
-1.307553832  
0.5559497657  
0.5431464913  
0.7315224897  
-0.6402115518  
0.9790518775  
0.3808640759  
-0.005043026998  
-0.07336145207  
0.6516396474  
-1.562137303  
-0.4285066578  
0.05779246065  
-0.6337543597  
-0.03103773924  
-0.9218694476  
-0.8429140636  
0.7284033472  
-0.7032675289  
0.5254914918  
0.002322503597  
1.223468672  
-0.9863728635  
0.0313365288  
1.188687801  
0.2681251764  
0.4522812521  
0.5232772042  
-0.6768266135  
0.01663331789  
0.5456560736  
0.1841565234  
0.2207475101  
-0.004267769437  
-0.8734402244  
-0.2773964232  
-0.2102254698  
-0.3035607434  
-0.3746588279  
-0.3405915521  
-0.6805771701  
-0.8127714421  
0.3552887832  
0.5925567936  
0.8978559788  
-0.8308603504  
0.03449261183  
-1.000139188  
1.045609716  
0.6461606208  
-0.7041337099  
0.8283131401  
-0.4634959303  
0.2986157949  
0.9414590025  
1.080797205  
-0.8877063643  
1.009189301  
-0.6785988348  
-0.2287157614  
0.3387360186  
0.3769812335  
0.2227305426  
0.5797943442  
-1.399137097  
-0.3655649793  
-0.3738532532  
0.1025832459  
-0.2394774042  
0.2881169897  
-1.891136601  
-0.06012271103  
0.814541987  
0.6904063482  
0.5412308034  
1.070482628  
-1.283877537  
-0.1222241799  
0.1528003474  
0.1513309529  
0.07920051139  
0.4681695828  
-0.9765543764  
0.6531053254  
0.4112476116  
0.6275363567  
-0.3777518266  
0.2004237431  
-0.06162716911  
-0.5535044825  
-0.6190101459  
-0.4868340095  
-1.516885223  
-0.1758193824  
-1.140183583  
-1.379664844  
-0.3648788866  
0.6852819868  
0.4070267105  
0.7019456081  
0.5526452284  
0.9249269529  
0.3079436303  
-0.02008948183  
0.03497871769  
-0.3899962053  
-0.6178774373  
0.4459957627  
1.871526412  
1.426413237  
0.2058754159  
-0.0598371121  
-0.7398349363  
-0.6517349331  
-0.2702999838  
0.8997964004  
0.577998138  
0.5077380624  
-0.4859696957  
-0.4261339719  
0.1085307322  
0.5917019646  
-0.997192175  
0.1869673416  
-1.523269227  
-0.490065123  
0.6140680571  
0.7850366079  
-0.986164245  
0.194586783  
-0.2841757124  
-0.3227281144  
-0.04333637449  
0.5711516306  
0.2303357962  
0.7470434646  
-0.7082537474  
