1.279868834  
0.1498621999  
0.5359085687  
-2.017707572  
-1.052470483  
0.3139414414  
0.5659342466  
1.413148757  
0.8846844285  
1.111340114  
-0.8519976048  
0.1388267157  
0.3739527829  
-0.6318833474  
-0.6789691579  
-0.6321867736  
-0.5041300662  
-0.6269864053  
-0.3956715569  
-0.6630171925  
0.3760195835  
1.093968341  
1.255079978  
-0.3439606275  
-0.4360107456  
-0.925879225  
-0.5674969091  
0.1967944736  
-1.730479454  
-0.2937828751  
-0.6114148398  
-0.4959544425  
-0.07506652329  
0.04901042686  
0.2675418954  
1.684679607  
1.312338991  
-0.05986470554  
-0.3057432684  
-0.6197377045  
-0.02007102487  
0.120146086  
0.7863435344  
-0.1923117041  
1.101512854  
-0.03604299265  
0.9086944903  
0.3234823229  
1.168100803  
-0.7830399681  
0.1249839937  
0.04725809222  
0.4802927642  
0.5792092802  
1.474791412  
0.531671124  
-0.5191465239  
-0.9205310599  
0.0855523158  
-1.046334234  
-0.5927946448  
0.02136134582  
0.6832711893  
-0.1107643605  
0.8265038051  
1.765304419  
0.92105058  
-0.8404405897  
-0.4385641376  
1.115035759  
-0.815094282  
-0.1856701385  
0.5235153231  
1.004316038  
0.7801250714  
-2.345588681  
0.2300024352  
0.1816810796  
-1.143098279  
-1.006387002  
-0.2571614768  
-0.1407584689  
-0.7664337992  
-1.336316403  
-0.1042262711  
0.8146853867  
-0.04565164817  
0.006991144477  
0.1772302474  
-0.7274738002  
-0.4442405599  
0.04871510855  
0.1580279095  
1.966622202  
0.9501925143  
0.7744853926  
0.5033368167  
0.4955567549  
0.5607475253  
0.04385860423  
0.270570989  
-1.131279359  
-0.4562506095  
-1.058702076  
-1.172938547  
-1.346527006  
-0.2003973444  
-0.2152478996  
0.2999081477  
-0.4064845084  
-0.5994943662  
0.4722700471  
1.754257306  
-0.5500456047  
0.1486665583  
0.7581963347  
0.4485670824  
0.5167298111  
-0.5494013757  
0.2173366005  
-0.04720424327  
0.09858948855  
0.2131387243  
-0.4921248123  
0.1266755587  
-0.3862884005  
-0.2994642456  
0.1088323791  
-0.8635382382  
-0.4923957544  
0.7726610763  
-1.522502774  
-1.818785184  
-0.5542113862  
-1.25162918  
-0.7862880402  
-3.196835701  
-1.223022651  
-0.7545546986  
0.3856360139  
-0.04123165281  
0.3092223419  
-0.2766789712  
0.6590752483  
0.9743237183  
0.8149494388  
-0.2075848253  
0.5855024231  
-0.1721057596  
-0.0006485272825  
0.4146401187  
0.7223851499  
0.2140941982  
0.8588989453  
0.7696178119  
0.7631119465  
1.320952291  
1.25892403  
1.200665753  
0.6503393891  
0.7791001145  
0.722591271  
0.4167895901  
1.660346452  
0.2386961026  
1.173679273  
0.7032320615  
0.4688803937  
0.4917460924  
0.5899535961  
1.706439585  
0.8633566744  
1.473398161  
-3.187387977  
-1.698198945  
-1.324677271  
-3.86848182  
-0.215185946  
0.1800299603  
-1.008014208  
0.1523361161  
-1.156919052  
-0.9984135697  
-0.7371217994  
-0.8297449181  
-0.8511300684  
0.5433529929  
0.4615158069  
1.329307806  
-0.9648087233  
0.7274133584  
0.7290783257  
0.7581929178  
0.4734792353  
-0.7474547578  
-2.080993367  
-1.457916342  
0.6347085217  
1.571714507  
0.5995471053  
-2.973526624  
-0.06559518962  
-1.76472734  
-0.4376478783  
0.4997763686  
-0.3634476718  
0.382837195  
-0.6696565018  
0.7052572451  
0.8699819347  
-0.8387636801  
0.5903518787  
0.6145186671  
0.2867456085  
0.2463074976  
-0.7906924412  
1.74932803  
0.7019022886  
0.6294541522  
1.391122637  
0.7168401375  
0.02250113888  
0.8685534316  
0.2848400608  
1.54668743  
0.3749027373  
-2.309044487  
-1.108939982  
-2.221860408  
-0.5297028194  
0.8156481421  
0.1499093783  
-1.122949784  
-0.9791787625  
-1.635784978  
-0.7671874249  
-0.1168515952  
-0.05736903287  
-0.8071422826  
1.124265429  
1.006825893  
0.5781380313  
0.5308542968  
-0.1117508917  
0.2348920194  
1.469453301  
1.099779969  
1.086425435  
0.2836946724  
-0.1985747573  
-0.6707211962  
1.12086549  
0.721009849  
-0.293680062  
0.5892600103  
-0.5063967186  
0.02675182867  
-0.6576460563  
0.2293912172  
-0.4930804028  
0.5031700198  
0.2432808173  
-0.2008823174  
-0.5143863331  
-3.525438475  
-2.141195306  
-1.596297847  
-3.373994873  
-0.6106228389  
-1.185964178  
-0.4015669913  
0.08418349048  
-0.563972685  
-0.3580579603  
-0.2924500983  
0.08648077338  
0.6054278518  
-0.2925715754  
0.2287540711  
1.522553865  
0.9577485584  
0.8338635181  
1.159954351  
-0.1480980502  
-0.681036422  
0.1544110617  
0.3673397819  
1.297016694  
1.013415501  
0.3499358945  
0.2839127343  
0.2105775533  
0.3075271476  
0.1111531121  
0.5993449337  
1.105251457  
1.270710236  
0.5399088044  
1.396087425  
0.1644429043  
0.4652859224  
0.1027915383  
0.620606593  
0.5532266902  
0.2013017311  
-0.358299395  
0.3679466871  
0.259060495  
-0.8567145396  
-0.3920320533  
0.5592407778  
0.586349597  
0.6551721022  
2.031454711  
-3.387613044  
-2.426707893  
-1.310920777  
-0.9321532004  
-1.185546712  
-0.7094570854  
-0.2567394879  
-0.373745251  
-0.3328655372  
-0.3680110209  
0.2117049454  
0.3548729528  
-0.7994999495  
0.1870475647  
1.066678099  
1.596697216  
1.722665323  
1.990493014  
1.716635088  
0.4659980531  
0.279721909  
0.5320668495  
-0.2640083192  
0.7050854893  
-0.6099203575  
0.2649742587  
0.1051433333  
-1.2795379  
-0.8833891032  
-1.582312273  
-1.403252445  
-0.4837645034  
0.1217854081  
-0.127070215  
-0.4659851442  
0.8171312234  
0.5825513935  
0.769834569  
0.1072562838  
0.5191836949  
1.018005698  
-0.318887625  
0.1305387407  
0.0835427172  
-1.825150159  
0.2470211066  
0.04110262952  
0.8261904159  
-0.6066749651  
-1.114474875  
-1.295109167  
-0.6652360533  
0.3552653455  
0.06576384285  
-0.5263214667  
0.6157633788  
-0.4012138611  
-0.707471291  
-0.3246668039  
-0.2119840709  
0.09435939177  
1.057688945  
1.892800601  
1.634029368  
0.5337896417  
0.2544744019  
-0.5043396012  
0.5220125029  
1.478237804  
0.5435762471  
0.30566297  
0.8523670782  
-0.4904158729  
-1.251023331  
-2.604098155  
-2.431809685  
-1.683577392  
-0.3810216793  
-0.8150623057  
-0.546441303  
-0.9509886782  
-0.9460258527  
-1.123972484  
-1.23261759  
0.2138147752  
-0.8776307928  
1.437670903  
-0.08938906894  
0.0582219312  
0.30118597  
0.8831124131  
-0.03376521081  
0.2895521775  
0.886289745  
0.3691619459  
1.19115931  
0.439346963  
0.9525250113  
0.4713667549  
1.464689532  
-0.5466329075  
-0.08334530471  
1.253484929  
1.184534422  
1.478456191  
1.945206605  
1.239151124  
1.8448615  
1.590461199  
0.6571104622  
-0.4126432685  
-0.6200113147  
-0.3335095451  
0.8281376935  
0.9035759005  
-1.682909943  
-2.830547849  
-0.807313199  
-1.245942621  
-1.445364176  
-4.405262171  
-2.869975475  
-1.128008143  
0.5325393796  
0.2549685071  
-0.2542167987  
-0.6538947693  
-0.1482403206  
1.010693424  
1.880650763  
0.9329182117  
0.1124709127  
-1.342492062  
-0.1548543345  
0.1168244833  
-0.5196491179  
-0.7795476919  
-0.5875732775  
0.10852761  
0.07001897822  
-0.5478399644  
-0.5912739666  
0.8095041261  
0.02897136542  
-0.001832116269  
0.03493358608  
-0.05420031849  
-0.01834641449  
1.509769423  
0.7181990914  
0.6052748643  
0.1891703146  
0.4263891937  
0.6090459331  
0.9236153557  
0.6800687053  
0.5754016209  
0.984012417  
0.250032102  
1.057073951  
-0.04568468829  
-0.5438547986  
0.5599254668  
-0.4348622848  
-0.2145364951  
-0.2058080691  
-0.3168060404  
0.3543559641  
0.09430308494  
0.8606800587  
1.510596137  
-1.989520633  
-1.780379164  
-0.6776217934  
1.020188758  
1.62314206  
-0.381592123  
-2.08749619  
-0.546456592  
0.02623838978  
1.226462878  
2.047235958  
-1.396529454  
-0.06699719401  
0.6075413972  
0.5895006031  
1.104302603  
-1.650409903  
-0.5054223617  
0.03802194525  
-0.02321464667  
1.420981165  
0.8982177594  
-0.6233460798  
-0.5099487418  
1.057777618  
2.218507051  
2.373566422  
-1.796966428  
-0.2878364684  
-1.502790405  
0.394612564  
2.077516314  
-0.8431766675  
-1.226262574  
-0.8998697  
-0.2316896373  
0.483119907  
0.4426184257  
-0.9594823637  
-0.9987215082  
0.04346942031  
0.3860266204  
1.293769808  
-3.525820969  
-0.9091865631  
-0.6961810228  
0.2870082319  
0.2217946007  
2.418371981  
-2.53591491  
-0.4772601443  
-0.7042770647  
1.739650504  
1.637916188  
1.636569694  
-3.982603132  
0.3182644868  
-0.2330671193  
-1.069355727  
-0.4881449142  
0.09550429071  
-0.4018234232  
-0.5150535479  
-1.034747296  
-1.121114007  
0.2095433063  
-0.3993825076  
1.022813035  
-0.04344351659  
1.03198486  
-0.7646009815  
-0.563772272  
1.146188486  
0.5217951189  
-0.00987144345  
-0.3988711968  
0.9850788197  
0.548906038  
0.9477598429  
0.02711207677  
-0.4199241864  
-0.4598693125  
0.8207087251  
-0.8791963731  
-0.6256699327  
-0.2256942798  
-0.6471509668  
1.02148544  
0.6133934702  
2.026402133  
0.2935216017  
0.08053372135  
-0.5580023119  
-1.76233956  
-0.09036955612  
1.105825672  
0.7905783711  
1.104619005  
-1.129406657  
-0.8981936573  
-1.374511229  
-1.991907067  
-0.4658575398  
0.985937758  
0.5947524707  
0.2411908712  
-0.5488078957  
0.3909782  
-0.2643509319  
-0.2976955997  
0.3522267823  
0.3301071479  
-0.1092576327  
-0.1219433542  
0.6788803678  
0.2811889346  
0.4442267004  
0.1660912688  
-0.827294585  
0.7101498042  
0.4289470339  
0.1138095432  
-0.1248043857  
0.05200388361  
-0.9315210033  
0.01691375299  
-0.2609187131  
1.413001157  
-0.4051973501  
0.214340772  
-0.05566688999  
0.1262968326  
0.8937284936  
0.2375881649  
0.03139359906  
-0.4264986698  
0.4205512745  
1.059646428  
-0.5354951654  
0.3870172741  
0.151590497  
-0.03091942241  
-0.7319708758  
0.7856548414  
0.3940777694  
-0.4598171255  
-0.1351523148  
1.06240477  
-0.3199756541  
-1.543499924  
-1.738765738  
-0.1121131226  
-0.3583939869  
0.807082515  
0.379200163  
0.1391242374  
1.105556863  
0.8580863601  
-0.09793793533  
0.6616332737  
-0.2856270198  
-0.02223670468  
-0.5036954902  
0.4956108773  
0.04160310284  
-0.5113483676  
0.6117624027  
0.5159608456  
0.3082972045  
0.05064873409  
0.9769453408  
-0.1488849478  
-0.1275838478  
0.3145057355  
0.453669398  
1.389049596  
-0.5490290138  
-0.4829686181  
-0.3763595674  
0.6650885652  
0.340430225  
-0.23201678  
0.06199814447  
0.9143883316  
-0.3790770624  
-0.04607668538  
-0.7458621289  
-4.212563248  
-0.1235652694  
-1.707802907  
-1.101049082  
-0.8116072294  
-1.228285931  
-0.6139287015  
-0.5015333533  
-0.1216035152  
0.3701539876  
0.2279086627  
0.8451596205  
0.1501895754  
-0.2524217562  
0.08465472  
1.057054484  
1.008381238  
0.379378695  
1.64852994  
2.585698028  
0.3741349984  
0.4007935528  
0.9162668205  
0.4794659275  
0.1364037875  
1.24226636  
0.4229977613  
0.3191460505  
0.7431792621  
0.4577653127  
0.3111680801  
-4.718014107  
-1.594676792  
-0.8996362444  
-0.9046552252  
0.05707536199  
-1.705764627  
-0.651232547  
-0.5767417656  
1.085522019  
-0.306109137  
-1.97106903  
-0.8512387406  
-0.2205798727  
1.064482341  
0.4878924262  
0.5017088129  
-0.02832364467  
0.02956402593  
0.5652678187  
0.06301127985  
0.8000585273  
0.1468321326  
0.02286193513  
0.335964362  
-0.7411524278  
-0.2499632116  
-1.032989201  
-0.4754208008  
0.3804340327  
-0.2129221784  
0.326295776  
-0.3772830261  
0.5376213504  
1.24767301  
0.4613975608  
0.03154452587  
0.6072428066  
0.1144916667  
0.3077170786  
0.001425876986  
-0.2716675652  
1.331264246  
-0.2446564328  
0.2749045994  
-0.01053132127  
-0.988405084  
-0.8900149538  
-1.354564335  
-0.7397281768  
-0.7060655266  
0.9612598628  
0.4425968535  
0.4751967559  
-0.3989801465  
0.6104419418  
0.6954114232  
1.276520475  
1.205502966  
1.473118908  
0.2194542895  
1.651364159  
2.561845137  
1.249846833  
0.5703671468  
-4.024112534  
0.1952168361  
-0.5879855602  
-0.2678816998  
-1.719558661  
-2.010334314  
-1.449416285  
-0.8773372754  
-0.2545116682  
-0.5784035682  
-0.7322733237  
-1.021175299  
-0.6078500321  
-0.5408300775  
0.691295391  
-2.159459115  
-0.8061858895  
-1.720303433  
-0.7488450235  
0.6594715306  
-0.6263197289  
-0.4952921914  
-0.2826223047  
0.5252984676  
-0.07387600258  
0.3113579793  
0.4158174854  
0.9219723952  
1.791251199  
1.436564023  
1.29837416  
2.15747158  
2.571265139  
1.839595521  
1.505747963  
1.19683507  
-0.5932238259  
0.4485932564  
-0.02420352109  
0.8106350423  
0.03619330251  
0.4669838307  
-0.08836492701  
-0.1556109958  
0.713307743  
-0.01344073214  
0.03162822177  
0.2506493682  
0.1431037821  
-0.3424306343  
-0.972312402  
0.1023092514  
0.3988991655  
0.3805176558  
-1.941257507  
-3.34891706  
-0.515887242  
0.5278116468  
1.250101779  
0.8951190881  
-2.989847829  
-0.3820238067  
1.34640871  
1.322634399  
1.522741369  
-2.068931924  
0.01467131654  
0.8639019502  
1.734531762  
1.708227027  
-2.20509209  
0.3745458285  
-1.321790979  
0.6442372518  
-0.8597032717  
-0.6284946893  
-1.050077814  
-0.4161404665  
0.4158672331  
-0.3201457769  
0.2429368757  
0.274642757  
0.232793065  
0.2276067562  
-0.5605707155  
0.7539369767  
0.6392660067  
1.629062711  
0.5070468739  
-0.3572371676  
-0.008109624544  
0.8910469378  
0.08270123199  
-0.2062275917  
-0.7559060703  
-1.927337651  
-1.089249159  
-2.034371638  
-0.3915578027  
-1.202534857  
-1.266657437  
-0.05064559485  
0.1244409957  
1.483305182  
2.172930473  
-0.6483305008  
-0.5958617214  
-0.2454064316  
2.307117219  
1.117134727  
-0.0537892892  
-0.8874670754  
-0.5568452585  
-0.8936896187  
-0.3310223505  
-0.1026323848  
-1.183026065  
-0.4419038839  
-0.9064822039  
0.08595327191  
-0.3653455283  
-0.930355815  
-0.239141565  
0.8283747167  
-0.169928559  
0.05589005237  
0.3193228662  
1.315570281  
-0.1921629601  
0.8913929868  
0.1407164342  
0.1428234859  
-0.001184717924  
0.6221603876  
-0.3009622358  
0.7941544449  
-0.7022472752  
0.2580423558  
0.8627597456  
0.3625656115  
0.3824321194  
0.4336834247  
0.514715747  
-1.216539512  
0.3340761262  
-0.2277460056  
0.2198891797  
0.4086166681  
0.60522111  
0.1657566608  
0.003756394992  
0.4795161635  
-0.7045727046  
0.1054631405  
-1.162519019  
-1.706706265  
-0.4316830004  
0.9023203321  
-0.6042444798  
-3.35532851  
-0.9034279702  
0.6194943076  
-0.7380756143  
0.4920486416  
-0.1978056546  
-2.793980772  
0.4955976166  
0.1156849484  
1.146317363  
1.110441256  
0.00266272461  
-0.09589147234  
0.2578277967  
-0.2590855954  
-0.3870405301  
0.01090768923  
-0.1732244833  
-0.5427398676  
0.4252981276  
0.2368698111  
0.4432949724  
0.2077430279  
-0.13741911  
0.9795074687  
1.422112768  
1.174624129  
0.1000769224  
0.1884898103  
0.4552440817  
0.5542352092  
-0.4872141832  
1.552171263  
0.4778873829  
-0.3145683418  
-0.1119419182  
0.08156605017  
-0.05001212067  
-0.3443713828  
-0.3059736328  
0.7403592503  
0.9673727109  
1.064990103  
0.6565125943  
0.6810755241  
1.309069701  
0.2458321142  
-0.3965446688  
0.3348868696  
0.05040059984  
-3.202654938  
-0.9615522928  
-1.097063227  
-0.7889242954  
-0.1961564638  
0.103728131  
-0.1677808592  
-0.6696901015  
0.4209305511  
1.284718877  
1.40469641  
0.1013009522  
-0.5539352855  
-0.3138088873  
0.7187384148  
0.6158279673  
0.1905367485  
1.251264497  
0.274866954  
0.6851156807  
0.4740928822  
0.5534008341  
-0.8793845692  
-0.6030597332  
-0.4786251709  
0.04158739913  
-0.2270318027  
-0.8144270045  
-0.2932051314  
-0.1300183231  
-0.771128261  
-0.6038739012  
-0.1771480948  
1.395877738  
1.154538892  
0.8069426283  
0.9665460194  
-0.596036429  
-1.847735557  
-0.3776838153  
-0.1686702661  
2.027569165  
2.039195915  
-2.534213162  
0.1652340455  
0.1798830689  
-0.6563359615  
0.136399107  
-0.01952935291  
-1.128990765  
-0.1246267104  
0.1023125551  
-2.255550886  
-1.765781361  
-0.8735894683  
-1.250399136  
0.5614266974  
-2.937271712  
-0.750643783  
0.316086382  
0.5419186869  
0.8924787278  
2.518786355  
-0.1539107675  
0.08387625651  
0.9488433522  
1.017846964  
1.580433304  
-2.074718071  
-0.3092925385  
-0.3373537288  
1.175524492  
1.894752886  
2.260816581  
-1.517582981  
-0.1033314998  
-0.5132805429  
-0.1039825986  
0.04359938891  
-1.581829193  
-0.2779847214  
-0.7491341542  
-0.4640578533  
-0.8529433465  
-1.847992231  
-0.08246172345  
0.4157154048  
1.866217776  
1.47209586  
0.6253715705  
-1.10408918  
0.5456195699  
0.8679954622  
2.576909519  
2.493891016  
-0.8423198501  
0.02696590263  
-0.24747711  
-0.8615915214  
-0.6167258939  
-0.2507011328  
-0.2870165772  
0.06666189625  
-1.622620341  
-1.242735236  
-0.1875460611  
1.245285055  
1.32248627  
-0.1383919492  
-0.06710659647  
-0.05578456374  
0.9337806271  
1.272832069  
-2.004634047  
-1.146152661  
-0.7122353734  
-0.297920818  
-0.01325362671  
-1.638111005  
0.8998790795  
-0.7066103993  
-0.5872904146  
-0.624225937  
-0.2711536771  
-2.286192752  
-0.0919511571  
0.3545013064  
0.8437145292  
1.821757045  
1.76712244  
-1.96326614  
0.5989321913  
0.4320146179  
0.2760756294  
-0.3637051969  
0.4351163791  
-1.924145753  
0.1645543787  
-0.08354399192  
0.2011574341  
0.5990637873  
0.8180805654  
1.045991824  
0.995839213  
0.5697450581  
1.137269776  
1.192257772  
-0.4248529335  
-0.1404109355  
0.06104362352  
1.294207827  
0.9896763193  
-0.01849646472  
-1.573162442  
-0.05357391637  
-0.6267888163  
-0.6085917535  
-1.48866826  
-1.310173129  
-0.7720110404  
-0.4001899427  
0.4107239745  
1.286733522  
0.9976603671  
0.007196432677  
-0.7637638428  
1.82481875  
1.355886278  
0.522978934  
-1.307507039  
-0.5900472221  
-0.4961082877  
-0.7813198107  
0.08744692142  
0.6076683779  
-0.5566331353  
0.05384377693  
0.5547646636  
0.4081681929  
0.7082152248  
-0.69268855  
-0.1091999068  
-0.5654032869  
0.08850369512  
-0.04962087869  
0.8367116567  
0.00172128716  
0.5535749508  
0.5109657203  
-0.2906975326  
-0.6940372268  
-0.8784744488  
-0.3597330338  
0.6302549827  
0.9142536435  
-0.726300393  
-1.509725286  
-0.5755510126  
0.4857523104  
-0.3897978479  
-0.03947856805  
-0.4549940811  
-1.051087943  
-0.5913575261  
-0.8966234235  
0.06410655899  
-0.6321252414  
0.4435077948  
0.3581357454  
0.09535472522  
0.4131077782  
1.138800269  
-0.4454579298  
-0.620432652  
-0.9179973807  
-0.3588415773  
-0.7211118455  
-0.3350018065  
0.6359880433  
-0.3170331263  
-0.009244722725  
-0.4824860231  
-0.3582835074  
-0.8631278499  
0.4129973581  
0.4632016638  
0.6950774485  
0.9682071868  
0.2259996621  
-0.2010456164  
0.8147765861  
0.7000555832  
0.5166669343  
0.05936411236  
0.7625253973  
1.314167981  
1.795024378  
1.430650604  
0.4285964744  
-0.2853386957  
0.7650526162  
0.2652836776  
0.1976865809  
0.8377576022  
0.3797634708  
0.3143027258  
-2.706896515  
0.061752173  
0.2962323258  
0.6998428015  
0.4132416463  
-3.101887053  
-0.332938952  
0.2010402586  
1.832168493  
0.1841671819  
-0.7664378391  
-0.324552727  
-0.9714517684  
-0.5805513197  
-0.5128660452  
-0.1300665342  
-1.468152125  
0.4082980179  
-0.2089884382  
-0.3303961795  
-0.09235173316  
-1.288311355  
0.182710298  
0.3868016372  
1.566836874  
2.448866212  
-1.033519707  
0.3232248241  
0.1626389987  
1.241784557  
2.606591202  
-1.186829942  
-0.04597831043  
0.5072514052  
-0.4278103241  
-1.005408581  
-0.2683484262  
-0.0713574046  
-0.826960453  
0.3613425611  
0.8731682429  
1.235956533  
-1.63506255  
-0.04544289038  
-1.364482677  
-0.08396080768  
-0.2100715276  
-1.817724182  
-0.485306739  
-0.183639746  
1.467267683  
0.9474160899  
1.231210767  
-0.6241393859  
-0.163974539  
0.7878771385  
-0.7124211264  
-0.5333858557  
-1.226595119  
-1.702879493  
0.7301227195  
0.4703297252  
1.991946552  
0.8282498195  
-0.5313123162  
-0.03819565047  
-0.5001026827  
-1.299073134  
-0.8737297647  
-1.833749415  
-1.5358744  
0.04637091711  
-1.33773041  
-0.1991418258  
-1.889339351  
-0.766830951  
0.4823645212  
0.2351114954  
0.9555579364  
0.6484068986  
-0.01560708459  
-0.01405724695  
-0.5746993539  
-0.5716686437  
0.1923480607  
0.5292078682  
0.4030345479  
0.04535078316  
-0.5000572506  
0.7140360558  
0.3598286086  
0.8349350053  
0.6254302427  
0.7030809584  
0.9824696188  
0.3328690826  
0.6230876742  
0.3666420354  
0.03158295603  
-0.6824696296  
-0.188183175  
1.416988007  
-0.3013576939  
-0.01140476303  
-0.1115322012  
0.7433536702  
0.04339340119  
-0.785239382  
-0.06428321621  
0.6162980441  
0.6460384694  
0.05226705722  
0.1569134229  
-0.7614724005  
-0.4841588613  
0.9469998284  
-0.1903074946  
0.1696220689  
-0.1106582087  
0.2663855792  
1.270593361  
0.7640100084  
-0.2029561398  
0.8362400655  
0.6015025315  
0.5550551917  
0.4181438495  
0.5007518968  
1.268449828  
0.3708473723  
-0.1543061066  
0.7037914311  
-0.4983228846  
-0.7281028733  
1.241013649  
1.814369348  
-0.06394192236  
-0.3908764352  
-5.170766205  
-0.7506231706  
-0.8310570891  
-0.04089296484  
-2.514881977  
-0.08415305296  
-0.9478126415  
-0.2430575456  
1.373208346  
-2.307572532  
-1.063191526  
-0.3655048474  
-1.477927515  
-0.04344495624  
-0.9156601608  
0.2851153384  
0.3379356394  
0.1738152112  
0.09399421809  
-0.3485461679  
0.9787182813  
1.372811878  
-0.0179016581  
0.4462840699  
0.2389158133  
0.315456218  
0.09730422868  
0.3942810154  
1.071580443  
0.7125364653  
0.5889589009  
0.8139085408  
-0.07331879503  
0.342454774  
-0.05024182966  
0.1586905898  
1.014009767  
0.1527379965  
-0.4035560234  
-1.555982371  
0.05263585068  
0.6943508996  
1.221418839  
0.3636327557  
-0.1083554406  
-0.2873497242  
-0.2218615706  
-0.1416987913  
-0.1750305902  
0.7365515108  
-0.2393565368  
-0.07746827531  
-3.116966348  
0.5335349408  
-0.6726414166  
-0.6962694579  
-0.5590975018  
-3.740177363  
0.2484513241  
0.9985252299  
-0.2729643862  
0.3984193431  
0.3214548012  
0.8315028826  
-0.0359471888  
0.6069402196  
0.3308497314  
-0.6819439093  
0.9107599293  
0.4401874277  
0.9339077192  
0.2017107133  
0.9160633075  
0.7915597672  
0.5345935089  
1.17176995  
1.00992309  
0.2448344984  
0.4124172227  
-0.4712855699  
0.6255555854  
0.8523589948  
0.3183784223  
-0.3189608544  
-0.2240476848  
-0.4452102087  
-0.7819174638  
0.4001916633  
0.09827729853  
-0.7363257749  
0.01384209845  
-0.1046841855  
-0.4804026096  
-0.6982909734  
-1.079700712  
-0.3043582013  
-2.624570528  
0.5183685875  
1.059823059  
-2.001362079  
0.3571323874  
-0.5659575056  
0.9433030479  
1.661273843  
1.063462653  
-0.4944500467  
0.5296997881  
0.9579966233  
2.064170487  
1.357232418  
-1.148717214  
0.1916274626  
-0.06222411429  
2.178164572  
1.843097446  
-1.681461702  
-0.09749829412  
0.2699325594  
-0.4207283841  
-0.8596280108  
-2.649022755  
-2.948307447  
-1.335232855  
-1.074944975  
-0.3641683815  
0.4195952344  
-1.802357047  
-0.2718338306  
-0.1931490237  
-0.3511385071  
-0.5359641145  
-1.992134213  
0.4192567507  
0.6830956182  
1.408442587  
1.150287253  
-0.4576153084  
0.2551765611  
-0.4935418769  
-0.8811871264  
-0.02358125571  
-1.196688328  
-0.1638340401  
-0.3108053085  
-0.4474270883  
1.031701721  
-1.087155156  
-0.5791892081  
-0.1823353203  
1.418378295  
1.491557442  
-0.2682664216  
-0.1302813819  
0.3428394177  
0.6276682322  
1.647829498  
0.342813049  
0.4229093494  
-0.6630309015  
-0.1947238051  
0.3614568607  
1.053751458  
0.06798499533  
-0.6481201174  
-0.1486530067  
0.06100545698  
1.127331192  
0.3928326275  
-0.1843428344  
0.01096066424  
-0.03597593375  
0.6493746485  
0.9670394936  
0.6960875732  
-0.7723973316  
0.07728674701  
-0.3103180925  
-0.3671606668  
0.4404034519  
0.5281669293  
0.212194945  
-0.344809744  
0.9438184383  
0.006207525074  
-0.6365151981  
0.3726597837  
0.5478229566  
0.4064048799  
-0.2097993233  
0.3507109654  
-0.1649199445  
0.2783002582  
0.06133505562  
-1.635772407  
-0.3220467309  
-0.168411597  
-1.346051624  
-0.01484491047  
-0.7656081674  
-0.1101109424  
-0.2900949976  
-0.144028729  
-0.2097078182  
0.1022165203  
-0.4060877785  
0.04382288437  
0.2750546218  
0.1395565663  
0.5504010613  
0.413387969  
-0.07452059284  
0.09342596728  
-0.8681827927  
-1.144731776  
-0.6220006083  
0.2155076293  
0.3349337934  
-0.2701632029  
0.4867167464  
0.5984556765  
-0.5372091041  
-0.874015625  
0.5480012802  
0.9096217733  
0.4039539183  
0.7879568139  
1.114875563  
-0.6984885073  
0.8615772673  
1.071759512  
1.205873953  
1.215920106  
-2.165335567  
-0.4242539162  
0.09706370293  
2.299554059  
0.9397373745  
-2.285707942  
0.2059462203  
0.4913399322  
2.075357307  
1.894259455  
-0.01332610969  
-0.3789632215  
-0.7572562717  
-0.3023427614  
-0.2371029681  
-2.31958665  
-0.3835394186  
-0.08659270859  
1.003676755  
2.772324659  
1.331928399  
-0.6252097335  
-0.3421181665  
0.3721415588  
0.123287216  
-0.01739904861  
-4.433499691  
-0.7238492466  
-1.903374873  
0.2463186568  
0.09967744306  
-1.897973014  
-0.4069321346  
0.1172284156  
1.439098282  
1.334534351  
0.3089761271  
-0.997391259  
-1.237254655  
0.3701595512  
0.934978499  
1.862313082  
-0.2207159835  
0.153507771  
-0.4783787055  
0.8132579122  
2.542727257  
0.2803986922  
-2.093087005  
-0.8549035765  
-0.8590309878  
-0.5464561091  
-0.6537176105  
-2.30038271  
-0.8312239689  
0.1713906402  
1.179449309  
0.8625578437  
1.339532766  
-2.395201233  
0.2051448922  
1.057748155  
2.247155727  
2.086696839  
0.8565246101  
0.7904598448  
0.6809813339  
0.710491893  
-1.399765112  
-0.1130228492  
-0.3899723694  
-0.7455707419  
0.2112705315  
-0.5807158784  
-0.9588873092  
-0.3740051505  
-0.2175402502  
0.4156407947  
0.2833820792  
0.6631282695  
-0.8823257581  
-0.3216592591  
-0.193721334  
-0.7994119696  
0.5644394227  
-0.4894818958  
-0.2837401183  
-0.3236202017  
-0.4531011608  
-0.9792487983  
0.0659344218  
0.3013159317  
-0.8585733491  
-0.2011818777  
1.140554404  
-0.2067478708  
0.1335600023  
0.4043386827  
0.08801023414  
-0.497484261  
0.4266457912  
-0.8787533762  
0.4424502092  
-0.6758463  
-0.3685929566  
0.9127413936  
-0.2100863556  
-0.210679582  
-1.129817912  
0.08571157245  
-0.3348190668  
-0.5099435018  
0.9643463429  
0.31708619  
-2.255213  
-0.4133256991  
-0.2036713099  
0.2185285661  
-0.1904648048  
1.114496678  
-2.430777947  
-0.1506522759  
-0.4630508454  
0.5081427173  
-0.2583967534  
-2.49007284  
-0.2128913929  
1.178306273  
1.915341536  
2.808074552  
1.771707895  
0.8858410141  
0.6906231827  
0.4771170769  
0.8578894758  
0.7870858469  
-0.9800013431  
0.7210879934  
1.086645777  
0.9101390112  
1.766737417  
0.11942919  
-0.1486109683  
-0.4431950857  
-0.2175109338  
-0.5977218424  
-0.02561606855  
-0.5959202304  
-1.142107474  
-0.1245669793  
-0.2949363352  
-0.6943091101  
-0.8137635686  
0.2949211512  
0.3798916108  
1.02792173  
1.290830458  
0.01413077271  
0.5050793032  
0.1024755915  
-0.5760421278  
-1.405639403  
-1.653943147  
-2.361540599  
-0.4342309254  
0.3918977155  
2.527440985  
2.228969538  
-1.534804394  
-0.7071700865  
0.6096769994  
-0.939940817  
-0.09501755055  
-3.543897379  
-0.2670163519  
0.3596031938  
-1.587720051  
0.125844953  
-2.221195398  
-1.269302673  
0.5975699714  
0.5605482703  
1.229643658  
-0.6976517209  
0.4380760544  
1.350130808  
1.245859496  
1.975295532  
-0.9556011101  
-0.181541116  
-0.0376504292  
0.6157591093  
1.039941681  
2.296649223  
-1.09362581  
0.5448129214  
1.023187143  
0.09804934896  
-0.206021637  
-0.002082721799  
-0.79446821  
0.65202994  
0.06630060889  
-0.8007953762  
0.3504014499  
0.865395021  
-0.340031879  
0.02025843649  
0.827897922  
-0.4757672419  
0.4116013434  
-0.5454916085  
-0.2724744244  
0.03304379931  
0.4550989126  
-0.9946411538  
-0.2857896376  
0.006400661459  
-0.2342136639  
-0.005979830976  
0.05038551176  
0.5634648638  
0.04182781526  
0.1525472164  
0.07061938358  
-0.7471741884  
-0.7371284626  
-0.7080997201  
-0.1016600051  
-0.2942901807  
0.1390737653  
-0.452665055  
0.4657779312  
0.02942806863  
0.6053239598  
1.196989937  
-0.5369105234  
0.1403812875  
-0.948816759  
-0.6804135875  
-3.49167356  
-1.109607721  
-0.09601784253  
-0.4565883959  
1.17272784  
1.039502576  
-2.793819358  
0.4056436928  
-0.1086839227  
0.8528134396  
1.613992506  
-0.7492899366  
1.678646399  
0.7239500628  
2.607210645  
2.803700666  
2.036884922  
0.01901084607  
-0.2312903494  
0.5668421124  
0.9846183441  
-2.524966797  
-1.526575578  
-0.09717400332  
-0.2433718515  
-0.7116725271  
-1.428718168  
-2.333033144  
0.1207963307  
0.001639094873  
0.8764602938  
2.449314392  
1.011872486  
-1.115051556  
-0.3629174797  
-0.4358669849  
-1.142011668  
-0.160052314  
-1.015277587  
0.08110516462  
-0.06175083331  
-0.4888936678  
-0.3546051128  
0.573443902  
0.5245307425  
-1.443056379  
0.7848142411  
0.02095720216  
0.04753695417  
0.9356569045  
-0.7097435767  
-1.339075483  
0.02119406377  
-0.2865479479  
-0.101875537  
-0.1301740937  
-0.005647613854  
0.6456381042  
-0.5211386886  
1.167730897  
-0.1754215075  
-1.52335981  
1.440739234  
0.5370066707  
0.9408339199  
-0.2383243632  
-0.1864447737  
0.06416156367  
0.917478353  
-0.9134771443  
1.499411843  
1.419252647  
0.9041889647  
-0.3394326821  
0.1066051777  
-0.3866112724  
0.2101175454  
-0.5909683928  
-0.3430953692  
-0.3861364649  
-0.6681019853  
0.1149649094  
-0.1579313714  
-0.4536578259  
-0.2812610495  
-0.4332464855  
0.1770693777  
0.04544244722  
1.173215857  
0.6618027225  
0.01012325389  
0.5376310046  
0.781034617  
0.4554305505  
0.883182112  
0.8109266819  
-0.5218666667  
-0.9533552591  
-0.2728331669  
-0.04572116677  
-0.2868943791  
-1.27778762  
-0.602420079  
-0.0320642582  
0.5016176401  
0.1894101288  
-0.03102800387  
-1.013360306  
-0.4428148599  
-0.4801136239  
-1.255610707  
-2.288139506  
-0.6043556694  
-0.1081912663  
0.5890965583  
1.753563676  
-1.048053579  
0.2892519915  
-0.1521342077  
-0.8670174586  
-1.133829181  
-1.363769238  
-0.2918082412  
0.8318656551  
1.249381752  
1.176589585  
-1.569881009  
0.07033524698  
0.6040600247  
1.555857992  
2.107467614  
0.6130307217  
0.2240576805  
0.9694286199  
1.272057234  
1.752042222  
-1.160791459  
0.5877765684  
0.8929437475  
0.5891321997  
0.003685152114  
0.4415558557  
-0.8362983688  
0.4315300143  
-1.815716904  
-1.458146193  
-1.507081352  
-1.8720879  
-0.5301459413  
-0.2184742531  
1.176478944  
1.181426396  
-0.3859695376  
0.005206690946  
0.2216471706  
1.532957023  
1.874788279  
0.123957596  
-1.235254794  
-1.041258376  
-0.2107907743  
0.9350915505  
0.1381818308  
-1.430435451  
-1.457765086  
0.3403780964  
0.8114330448  
-0.04329187292  
-1.188600633  
-1.040824777  
0.3543208795  
1.007376378  
0.4034214219  
-0.07887690035  
0.7046506946  
-0.4011428976  
0.1016225386  
0.4760352368  
-0.3379788322  
-2.198094739  
-0.01576584597  
-0.1566634222  
1.422977212  
0.8311483304  
-0.2651248765  
-0.4356202752  
-1.244711153  
1.303450505  
1.59817315  
1.026736  
0.7138410462  
-0.07287387531  
0.2766931699  
-0.7944719832  
-0.8476659241  
0.3021432983  
-1.728466864  
-2.06243486  
-1.239775112  
0.2577027354  
1.619475854  
-2.098075651  
0.1170321565  
-0.2012468946  
0.8290106147  
1.105072708  
0.7456168889  
-1.073352769  
-0.4065532682  
-0.2349337588  
0.2844138218  
0.7349303263  
-2.396303106  
-0.3850114367  
0.0642839534  
1.910287411  
1.213529343  
1.374689256  
-0.4212320098  
0.04954105823  
1.088495446  
1.164211157  
0.2747776143  
-1.425587545  
-0.1955628535  
0.9959599181  
1.053355612  
1.50922315  
-0.2745227567  
0.002852241178  
-0.1788687271  
1.529203118  
1.712085279  
0.4265040571  
0.473376155  
-0.05161696268  
-0.4982463045  
0.4231777768  
0.7944761083  
-0.7438953927  
-0.01276532968  
-0.3073883357  
0.1503094192  
0.257554471  
-0.634809836  
-1.470888296  
-0.9979783979  
-1.661765816  
-0.6972666062  
-1.190306318  
-1.617092769  
-0.4534487632  
-0.5052151697  
0.8822714178  
1.397905499  
-0.9595480744  
-0.9667278495  
-0.3315910872  
-1.46224477  
-0.8532304899  
-2.664385538  
-0.2987386584  
-0.8202260386  
-0.9839541578  
-1.021566471  
-0.5516381752  
0.6563384736  
-2.878076696  
0.5233479779  
0.8469040927  
1.144519186  
0.9076563266  
1.012044398  
1.001242005  
0.4997936251  
0.5057005613  
1.468457953  
2.152275658  
0.8033911663  
0.04888276351  
0.4120826337  
0.8834121396  
1.800711026  
2.166930622  
-0.1483296551  
1.179095005  
0.7868181213  
2.224285032  
1.052369327  
1.103809763  
0.2931746617  
0.3816838594  
-0.9039145744  
-1.03060297  
-0.3749679789  
-1.466745057  
0.3275418506  
0.3202550475  
0.3744524234  
1.25768392  
-1.000058967  
0.685346724  
-0.5392871597  
-0.8139869246  
-0.2763555279  
-0.815779856  
-1.906319956  
-0.8898271406  
-0.8045010878  
-1.11701251  
1.309713365  
-0.7139619575  
-0.1865153599  
-0.1909337088  
1.263326534  
1.52465939  
0.6617933641  
-0.0654751851  
-0.5955935701  
-0.7003985602  
0.6007346271  
-0.3938034346  
-0.8859040886  
-1.12890947  
-0.5954389544  
-0.1839915004  
0.3548052411  
-0.555989721  
-2.165208347  
-0.04094571579  
-0.0661533199  
1.438094726  
-0.07166631047  
-0.6767717159  
0.4182951162  
0.8909441706  
1.917591595  
0.3294746949  
-3.71116588  
-0.7399595129  
-0.7453162374  
1.02549511  
0.8672320847  
1.071567892  
-0.6464335009  
0.02433609482  
0.2605869761  
0.1103073326  
0.9472563268  
0.3824801947  
0.01161419512  
-0.6854662636  
-0.506096643  
-0.3105307168  
0.5322183453  
0.406136872  
-0.501107344  
-0.3246943102  
-0.09100405281  
0.1144600095  
0.2986324919  
0.6177208856  
0.9054033945  
-0.7349787413  
0.4667189134  
0.7572479194  
-0.2616897844  
0.02000163487  
0.4342221063  
0.03883739996  
-2.055967132  
-0.5147459914  
-0.8706205242  
-1.557411736  
-1.933978213  
-2.828093016  
0.9924656003  
-0.1616464362  
2.744337078  
0.3292358991  
1.479637892  
-1.104581074  
-0.518050723  
0.1848632618  
2.031295637  
1.390899658  
-0.8145680725  
0.8492377786  
0.1609372014  
0.8923659186  
0.8956248728  
0.6170316582  
0.3549682241  
0.8840365364  
0.05964687925  
0.6983322039  
0.508117507  
0.1874248423  
0.2375459414  
0.2985501402  
-3.08660776  
-0.0902636323  
-2.779976999  
-0.2920201461  
-0.2182327941  
-2.65647679  
0.2471411256  
-0.6105914115  
1.217047037  
0.2579404214  
-1.640514574  
0.02428297653  
0.04551963391  
1.952515114  
0.6056219983  
1.146515589  
0.7004452096  
0.1864804696  
1.735895327  
0.2822860774  
1.016534403  
-1.340722917  
0.01454588705  
-0.2981278816  
0.3413680668  
0.5459782835  
-1.315535581  
-0.614955711  
-0.2472766911  
1.946754079  
0.2462271104  
0.5369430917  
-1.15737587  
-0.2617926534  
-0.2835600243  
-0.5631973541  
0.2694362675  
0.2131320417  
0.3912992362  
0.5251769422  
0.01286395096  
0.7940660856  
-0.2137285487  
-0.1222841353  
0.09965818818  
0.001435076281  
-0.8886018098  
-1.043819863  
-0.7121750678  
-1.12835293  
-1.230095481  
-0.6413532072  
-2.040597939  
0.08456980065  
-1.00779953  
1.164317722  
0.9651689278  
-1.692237658  
0.1905686874  
0.6133092764  
1.820119677  
0.9404555158  
-1.229195069  
0.02394609384  
0.06289134399  
-0.1762611831  
2.346912064  
1.38220597  
0.7799571013  
-0.2638947583  
0.1372785279  
0.1271322537  
-0.4071294501  
0.2569055497  
-0.5267192994  
-0.3276189418  
-0.4429840683  
-0.6787699494  
-0.01449465764  
0.0521814895  
-0.2035742942  
0.9740891683  
-0.1311822024  
-2.135954499  
0.17558588  
-0.9693319883  
-0.09910488501  
0.3310870182  
-0.1415202334  
0.5648664298  
0.7102530122  
0.4261869289  
