-1.00573372  
-0.7527790348  
-0.446542207  
3.905619069  
0.3340528353  
0.4196034436  
-0.5757389244  
-1.319869692  
0.6418526674  
0.1674707065  
-0.6108763852  
0.5228653793  
-0.4015443  
0.9432709147  
-0.5901946041  
-1.077486721  
-0.5932862617  
-1.901228161  
0.2442608179  
1.603657373  
-0.8176028531  
0.01871464236  
-0.4129031943  
0.1789881551  
0.1899247305  
-0.8944454543  
0.5212437811  
-0.1317293445  
0.3152376665  
-0.03996112726  
2.274151873  
1.475975938  
-0.2686607521  
-0.3668395411  
-0.5983706268  
-0.3486431587  
0.07508830257  
-0.7525968229  
-0.2108552725  
-1.373299564  
-0.4472159369  
-1.236216144  
-0.7620793445  
0.04809641483  
-1.553841009  
-4.828260678e-05  
-1.828560068  
-0.245877904  
-0.8412154149  
-0.8621886443  
-0.6361177696  
-1.134181845  
-0.448499066  
-0.2312269751  
-1.659977405  
1.411511968  
-0.8962387562  
-0.5669533734  
0.1365253318  
1.467410365  
1.885325923  
0.8356329502  
1.303715207  
0.7922972408  
2.525228202  
0.8884286759  
1.410326269  
2.066799347  
-0.6856074861  
3.562716021  
2.001568201  
1.83180929  
0.2228560321  
-1.117357081  
1.279512347  
-1.315721643  
0.1585263177  
2.713960086  
-1.119090574  
1.444070297  
-0.8093814079  
0.2282083334  
-1.108090075  
-0.5844618823  
-0.3188684376  
-0.4163019999  
-0.5074036044  
-1.135135182  
0.1750060708  
0.6286867084  
0.1018668668  
1.036410995  
-1.51792555  
-2.570044659  
-0.7359294305  
-1.467511058  
-0.3470320287  
-1.200286257  
-1.539077588  
2.497221312  
-0.6483252245  
-0.6378606961  
-0.7662273311  
0.03297619477  
0.1263809823  
-0.5349137961  
0.1862771532  
-1.189127205  
-0.04296916041  
-1.231783662  
0.583411218  
-1.178691645  
0.06274156321  
0.4353340177  
-0.1068396817  
0.9157271056  
-0.04675919857  
0.698160984  
0.8650260265  
0.1624517409  
1.330692438  
-0.3005634051  
2.124652414  
1.770115105  
-1.47492635  
2.659975938  
-0.3437794141  
-0.0630682382  
0.1677320129  
-1.209129582  
3.085175127  
-0.8601840313  
1.430391048  
-1.424290855  
0.5556964297  
-0.03029560608  
0.3060397079  
2.506176343  
-0.2632982377  
1.393753212  
-0.8723504293  
-0.4048395061  
-0.3374282967  
-1.321554781  
-0.7478388132  
-1.609101575  
-1.089225855  
0.1728433502  
-0.7520586862  
-1.072615683  
-0.920162725  
-1.193603366  
-0.464082783  
-0.9496841992  
1.687338566  
-1.036059261  
2.159179777  
1.519194543  
0.8781415145  
-0.871166338  
-1.727078709  
0.7170118471  
-0.1941553704  
1.663406847  
0.312054273  
-0.8641079369  
0.02692595073  
-1.295346616  
0.5168061558  
0.04899305256  
-0.05959931862  
0.8005653616  
-0.1383760788  
0.8993281751  
-0.159419142  
0.5324632175  
-0.157230121  
0.3666949143  
0.6040647219  
-0.8622255884  
0.5261827874  
-0.0667331862  
-0.06761723268  
-0.2115283106  
-0.2176023995  
0.3086689409  
-0.879768196  
0.4591559616  
0.1743179824  
-0.04110897714  
0.1892981509  
-1.265310644  
0.1357069493  
0.01866771168  
2.264752958  
0.2541492897  
-0.9523589338  
-0.5384498022  
-1.339377475  
0.2334218555  
-0.07032068756  
-0.05727714343  
0.2379745774  
-0.4686685885  
0.3541267517  
0.08625128758  
-1.004352694  
0.3405152478  
-1.013496397  
0.1328827907  
0.9651775791  
-0.1409863552  
-1.126550478  
-0.2023285222  
-0.7085137517  
-0.6073379705  
-0.427167592  
-0.3822532131  
0.6475988426  
0.5232234231  
0.3461789072  
0.7055421759  
-0.4125123158  
-0.3962026268  
-1.592384426  
-1.500165919  
0.4065025434  
0.8535893663  
-1.00540033  
0.09867212381  
0.002343795151  
-1.074695714  
-0.0270971348  
0.04892763663  
-0.2718671344  
-0.5027505919  
-0.4771593863  
-0.3720608016  
-0.2287761036  
-0.103809954  
-0.189900837  
-1.258989335  
3.005389024  
0.5043350396  
0.4750028107  
0.7408652574  
0.05835717795  
0.4541195724  
-0.7861172496  
-0.5683341196  
-0.4352697309  
-0.5389040243  
1.700519919  
0.7414669148  
-0.5134378433  
0.6042312955  
0.4929224007  
-0.02443550238  
-0.5502946733  
0.001788621659  
0.7447559917  
0.4363434118  
0.06511382846  
0.02137133034  
0.3804743438  
0.1067700436  
-0.2424020427  
0.5832722008  
-0.3197629492  
-0.4908408387  
-0.9459393055  
-0.1003336425  
1.708233552  
0.1306873498  
-0.77360099  
-0.786131289  
-2.101003577  
1.000423829  
1.251855836  
0.6626797942  
0.3313344382  
-0.09713830993  
0.2401216178  
0.8749427275  
0.1463363768  
1.618510379  
0.1344562891  
-1.598427476  
0.2436753347  
-1.152731415  
-0.24173013  
0.1755981934  
-0.4996924328  
0.9814850748  
0.0938550854  
-0.06293704021  
0.7334348395  
0.5798647389  
1.223979055  
0.2226570289  
-0.05743940175  
2.644104361  
0.006530964883  
-0.3283752987  
0.6337836763  
-0.3261587244  
-0.8112729186  
-0.4578760689  
-0.2820674132  
-1.31183552  
-1.649115536  
-0.4317424759  
0.1358084952  
-0.3069998526  
-0.5766142766  
-1.189234484  
-0.40172716  
1.031790945  
0.3583168308  
-0.3707675625  
0.3972664576  
0.8253848306  
0.7151275201  
