0.2714351448  
0.7958533334  
1.061201005  
1.449827127  
0.1136836315  
-0.9743939571  
-1.11458364  
-0.2494007602  
-1.275153977  
-0.04516205291  
0.9661342691  
-0.6122376749  
0.007194175718  
0.5559817929  
0.5480404079  
-0.21857859  
-0.3859066939  
0.6677456707  
0.733007444  
-0.116836945  
-0.1000240915  
-0.1214444827  
-0.4320773573  
-0.1005374275  
0.1627628732  
0.1824113968  
-1.986589236  
-0.7013491329  
-0.9965350048  
0.2989432332  
1.062473132  
1.187876258  
-0.9674056027  
-1.563630969  
-1.290171009  
0.9056743751  
0.5417347488  
0.1713039813  
-2.026487949  
0.5625975981  
-1.869301737  
-0.5197839163  
0.3505433906  
0.31231551  
-0.0859639017  
-0.9361458578  
-0.2597633379  
1.215875159  
0.03411998973  
1.767224672  
1.561672479  
1.231806825  
2.612158221  
2.435657771  
0.6831376883  
0.3590600903  
-0.5340087228  
-0.693213081  
-0.5534649135  
1.802313793  
-1.518569389  
-1.250198009  
0.7297691915  
0.2944403095  
-0.4210631095  
0.5696710811  
0.9903757815  
1.017599113  
-0.6317779525  
0.1809545901  
-1.304046532  
0.5418533435  
-1.136279664  
-0.6927228922  
0.6713089437  
-1.109103346  
0.3442467496  
-0.3748056221  
-1.034673931  
0.09686354708  
-0.5433127624  
0.3480770192  
-0.8100311293  
0.8874266156  
0.2341581183  
-0.4285277912  
-1.477721718  
-1.437623596  
0.9761271888  
-0.06572250412  
0.1487066304  
2.733967803  
0.5849600664  
-0.8286047747  
-1.202391977  
-0.1671967856  
-0.2440692709  
-1.339944434  
0.04569026811  
1.446318513  
-0.965723711  
-0.4227323938  
-0.1259746549  
-0.1908924868  
-1.378564627  
-0.3313118366  
-0.3041190075  
1.466051019  
-0.8715250946  
-0.4601677997  
0.4590690581  
-0.2632259059  
0.2297013656  
-0.9946546581  
-1.726903317  
-0.407679458  
0.3347485742  
1.059261475  
-0.8599516524  
-0.2373769549  
-0.6274003579  
0.585308454  
2.332343047  
0.6902071033  
-0.5832030136  
3.29733289  
-1.125279308  
0.1600264424  
0.1906254375  
-0.06957434462  
-1.568633772  
0.3680760966  
-1.087799107  
0.3184538612  
0.4638988226  
-0.1887199975  
-0.7891672651  
-1.960106614  
-2.127542348  
0.9781599975  
0.1052598929  
1.393781398  
2.587332101  
0.6964469478  
1.6953769  
1.999789717  
1.503435322  
1.31146127  
1.164216924  
2.704262498  
2.294112655  
2.067743974  
0.8412179558  
0.532239516  
0.04109686426  
-1.86832615  
0.199578306  
-1.822672606  
1.957106176  
-1.022419318  
-0.5721122856  
1.372124198  
-0.601472921  
0.9112875415  
-0.1287366324  
-0.3714799302  
-1.714143345  
-1.996542437  
-0.9710475256  
0.2394483351  
-0.8521386487  
-0.7348841461  
-1.494702254  
0.03869786537  
-0.00829382488  
-0.3095204656  
-1.02314283  
1.382521322  
0.4639660606  
0.6909615253  
-0.2249357457  
-0.2469600893  
-1.02643788  
-1.395720218  
0.1272256003  
-0.2854703594  
-1.218148121  
-0.02986307716  
-1.362046436  
-0.2708453497  
0.08740883091  
-1.681767562  
0.05820659414  
-0.2681211794  
0.3550369124  
-0.557475215  
0.291428729  
-0.6694840001  
-0.5411640636  
-0.09880384569  
-0.6409272422  
-0.1848469708  
-0.4298557341  
0.6082716181  
2.486579025  
0.4380918391  
-0.260921688  
-1.531778709  
-0.7945852132  
1.876119776  
0.8885270206  
0.745022388  
0.8107174574  
-0.9442754067  
0.8498351611  
1.279279884  
0.2975776771  
0.4628890366  
-0.4183119228  
-0.004059574842  
1.834695141  
1.947713319  
-0.2203455616  
-0.7208639685  
0.2344901307  
0.8608652524  
0.1785087725  
1.537327087  
-0.2177254875  
1.561115236  
-0.2111880182  
1.415186439  
-0.1623219094  
0.3446352191  
0.5915920973  
-0.06364272282  
-0.106824532  
-0.3730006982  
0.9250781445  
1.306889619  
0.1754176688  
0.5290729498  
-1.247218077  
-0.5365906641  
-1.649808475  
-1.452416403  
-1.087680825  
-0.6515727932  
-1.284020917  
-1.058205141  
-1.031049703  
1.190030309  
0.4631131014  
0.9547712896  
-0.02272137057  
-0.8383700449  
-0.01670050368  
1.35053567  
-0.3266250806  
0.8413860869  
0.04909040786  
-0.2416908296  
-0.09088453394  
0.4256273669  
1.063726965  
0.2334161342  
-0.6448671678  
0.6434596754  
0.05277778328  
-2.171939441  
-0.9310947397  
-1.138244746  
0.1733350677  
0.1757447585  
0.2997188843  
-0.3653870449  
1.023484196  
0.7985280475  
-0.4109331912  
-0.5726972553  
-1.575863594  
-0.7342017982  
-0.9309865618  
0.8577228385  
-0.06320955282  
1.792956598  
-1.167643082  
-0.4577241361  
-0.2761272375  
-0.2475823721  
-1.131319922  
-0.3286023506  
0.01077523481  
-0.2849105676  
-0.9416116042  
-1.261431505  
0.02717127561  
-0.7215644745  
0.6135221444  
-1.783247569  
-2.55633059  
1.03644371  
-0.6147375569  
0.2683581075  
0.2543558085  
0.009747104836  
1.025876875  
0.03208529529  
-0.03034530148  
0.89593786  
-0.1659115441  
0.3893921255  
0.4119096214  
0.5746454315  
-0.7485043048  
-0.06771902552  
-0.2766320809  
0.9866513919  
-0.3726433583  
0.4733974768  
-0.4378156528  
1.075036014  
-0.1420388447  
