-1.334614203  
-2.594962336  
-1.638470318  
-0.17223481  
-0.3440119541  
0.5719454452  
-0.5165141389  
-0.02233703012  
1.037987076  
0.4185254538  
0.5760114712  
0.1523891208  
1.079221534  
3.332947988  
1.047608455  
0.4838695471  
-0.4298359413  
-0.1722698664  
1.62328829  
-0.8721776978  
-1.056103717  
-0.9353052522  
-0.1161003909  
1.003214218  
0.1425689221  
0.6581921875  
-1.415483396  
-1.397958745  
-0.03319651835  
-0.544463493  
1.896556319  
1.894696528  
-0.3131752063  
0.1265218932  
-0.07963408826  
0.6030469042  
0.7841629056  
0.3465688133  
0.6168014097  
-0.5304019732  
-0.4974297311  
-0.2745263637  
-0.3956568243  
-0.7797366074  
-1.469155813  
0.6523341128  
-0.6542421891  
-0.1757434897  
0.248374231  
-0.9633985007  
-0.7792273797  
0.7628987596  
1.111245238  
0.8919505093  
1.113581562  
-0.02890386219  
-0.3155354363  
1.222158837  
0.2603983418  
0.2287713007  
-1.520016138  
0.5140985307  
1.645717178  
-1.660107746  
1.037758327  
-0.7622419406  
-0.8504925398  
1.142051665  
-0.7407086801  
0.2174253115  
0.9237857333  
1.893021259  
-1.007356593  
-1.192989118  
-0.2794745851  
-1.357525811  
-0.6402707291  
-0.6737532426  
-0.5562631294  
1.920456  
-0.7934494234  
-0.1954564795  
-0.4370312359  
-1.541968355  
1.319177408  
-0.2491731239  
0.6853486397  
0.7401375535  
0.3915888108  
-0.2462666016  
-1.842729147  
2.078725285  
0.2014825765  
1.166497678  
-0.03241114977  
-0.6354520578  
0.1918906294  
-1.88116782  
-0.5917371966  
0.7925009709  
-0.9152828438  
0.4964396721  
-1.41180483  
-0.354432453  
-1.549543358  
1.143416022  
-0.1780012087  
-0.4005112909  
0.06452022031  
-0.1196676141  
1.063270838  
-0.4803363119  
0.8841054056  
-0.3468061027  
0.19338122  
1.31535088  
-0.1640767445  
0.2484933069  
-1.838188734  
0.09869297698  
1.475310435  
-0.4762647244  
2.454020219  
1.091170029  
-1.273756666  
3.493340439  
-0.02590083839  
1.603685701  
-1.166716269  
0.3693328131  
-1.480167443  
-1.001654471  
1.014606172  
-1.088535522  
1.360628159  
-1.27486312  
0.9567439054  
1.027971292  
0.139437618  
1.598459235  
0.2271699832  
-0.320565984  
-0.4345456335  
0.1891359936  
0.2622078276  
-1.792224412  
0.293535141  
0.8785125542  
-0.3810428462  
0.06972664294  
0.4178636355  
0.577738942  
-0.1737752444  
-1.386138041  
-1.659342761  
-1.730768043  
-1.205627473  
0.4900073555  
2.026937126  
0.1153916445  
-0.7253535805  
1.259541247  
0.007258700321  
1.490641535  
-2.178114557  
-0.06857445601  
-1.480366328  
-0.6348354539  
0.4135634585  
-0.6542565316  
0.6333469116  
-1.984093173  
0.3887497757  
-0.3789137329  
-0.05038734967  
0.3801126944  
-1.310095219  
-0.3227878708  
-0.1160701354  
0.03116387237  
1.867309966  
-0.03380888784  
0.6460546858  
0.2782400605  
-0.1304615226  
-0.06734048995  
0.1662840588  
1.031101153  
-0.2651607743  
-0.0581741756  
-0.8007619582  
1.717595294  
1.568439773  
0.3357166572  
0.1937297696  
-0.6203344664  
-1.150743923  
-1.200793999  
0.06249048404  
0.8077286931  
-0.9596495003  
0.3752584416  
-1.804780249  
-0.9193347582  
1.888062748  
-0.7726941828  
0.685710865  
0.2359947647  
0.6403664027  
0.197546299  
-1.884216961  
-0.08565901465  
-0.1345742783  
-0.1409881722  
0.6977157724  
0.01482059678  
1.366775284  
-0.2351357193  
-1.007624871  
-0.2169775581  
0.8763798483  
0.0206007554  
0.7199045718  
1.035704812  
0.3773327883  
-1.068844706  
-1.144228954  
-0.6736823447  
0.4603488894  
-0.3926385973  
-0.7431830607  
-0.9273780787  
-0.4335322722  
0.8759962578  
0.5303425174  
0.5063544448  
-1.476014711  
-1.476268087  
-1.253319025  
0.6206432648  
0.2085638906  
0.9678580305  
0.7865250061  
-0.5370583259  
-0.6188847418  
-1.079501855  
-1.091748492  
-0.4535213132  
0.3568580313  
1.499095932  
-0.5750317611  
1.210006787  
0.5889750741  
-0.5027436008  
0.5933875145  
-1.539070482  
-0.3225846082  
0.6473933847  
-0.7969032558  
-0.5037725556  
1.027098636  
-0.7468708689  
1.037872786  
-1.928063809  
0.5774964095  
-1.506809297  
0.05060059328  
-0.2245649045  
-1.452174422  
-0.1149671871  
-1.124283923  
-0.7507759023  
0.3965935649  
-0.2547730023  
1.221283065  
0.4955415378  
-1.289195763  
0.1759968477  
0.1034315487  
-1.100506261  
-0.08434165809  
-0.8355474793  
0.2524690072  
-1.683385655  
1.8439949  
2.743488435  
-0.1672381251  
1.670225333  
-0.4292464501  
-0.05003285179  
1.141710558  
2.241724382  
2.046628762  
-0.2831724191  
-0.4146472427  
0.6383092164  
-0.499568374  
-0.4811637991  
1.851940149  
-0.6552072447  
0.2355218752  
2.366398656  
0.1819324526  
0.8472869019  
-0.08040138777  
0.399174155  
0.2703231746  
1.004037808  
0.4723354737  
-0.9664635672  
-0.3874551661  
0.06289761895  
0.1473257245  
-0.2596524746  
0.1682878651  
-0.4785172187  
-1.232301927  
-0.4772991601  
-0.3299224277  
-1.012789275  
-0.1633639539  
-0.303845084  
-0.3827094812  
