0.9338072264  
0.933235796  
1.401956913  
-2.240473921  
0.7037090731  
-0.9693940003  
-0.2984096637  
0.480754021  
-1.21500613  
0.4398788302  
0.2337169005  
-0.2487387193  
-0.2770855176  
-1.338887714  
0.3587330521  
1.572844026  
-0.3043097451  
1.12393571  
0.07367731567  
0.08411109358  
-1.27912416  
-0.1641449013  
-0.04768914789  
-0.8932016051  
-0.4510571405  
-0.3239316087  
0.4052014868  
-0.8227417781  
-2.055635575  
-1.146362148  
1.186983146  
0.3926039137  
0.3363394836  
1.039405856  
1.08262777  
0.3468559054  
0.9071445689  
0.7797063672  
-0.05765575548  
1.165912576  
-0.2770842932  
1.230792567  
1.115494015  
-0.3505653859  
0.9611652817  
1.552460469  
1.259034994  
-0.7880061267  
0.3546449479  
1.406768172  
-0.3048325907  
1.044325685  
1.113294486  
-0.2202136286  
1.267579178  
-0.5024733287  
0.1035100214  
-1.07075948  
-1.253399149  
-1.399461907  
-0.437787587  
-0.3277327552  
-1.983109977  
-1.319335102  
-0.03517410222  
-1.278239456  
-0.1748072428  
-0.369635158  
-2.394666422  
0.7783329724  
-0.9422621879  
-3.65016641  
0.5403024096  
0.3322140548  
2.063625783  
0.1749177547  
1.616751841  
-0.7250665543  
0.8195942988  
0.6970089919  
1.347296305  
-0.1117110803  
1.110031572  
0.001227558256  
-0.3405636389  
0.9223512338  
0.4723168871  
-0.4330878518  
0.2703107999  
-0.6028324869  
0.461626774  
-0.5898984031  
0.89781093  
0.414316279  
0.5627384237  
1.842939549  
0.627085997  
2.23623738  
1.628198952  
0.1846687298  
-0.2666532098  
-0.6396580184  
-1.095859783  
-2.246264527  
1.299669818  
0.25264511  
-0.6604263396  
-0.1550303716  
-2.140247121  
-0.4244747625  
-2.255264712  
-1.064559104  
-1.356829143  
0.6288472493  
-1.301413627  
-0.2415001098  
-0.7407806821  
-1.969457429  
0.4143270718  
-0.3493132763  
-1.257158918  
1.083944131  
-1.88578328  
-0.9879932329  
0.4743575933  
-0.5981134674  
2.129488592  
1.944397849  
0.3313247584  
1.948799487  
-0.1013530415  
-0.5551638114  
-2.080608139  
0.7255189277  
-1.66104613  
-0.2915482352  
0.7418665026  
0.3222535307  
0.4922014508  
-0.1219870111  
0.05647006235  
0.3823477127  
-0.1945322981  
0.1212884506  
0.09442971166  
1.461901833  
1.169881249  
1.421731632  
0.4215635769  
0.2286715777  
-0.5995459359  
0.2013660186  
1.012632606  
0.2444671084  
-1.819714434  
0.02106488252  
2.364867136  
-1.496378116  
-1.633208219  
1.692164827  
2.893474651  
-0.9204583615  
-0.2518200923  
-1.141605934  
0.3305673009  
-0.7423359496  
0.5671740223  
0.2656754274  
-0.2330061497  
1.040784637  
-1.439067678  
-0.6515742849  
0.5257589174  
-0.2391189612  
-0.5695527518  
-0.1343083999  
-0.1559816707  
-0.7260978873  
-0.634506607  
-1.123380507  
-1.045182641  
-0.6184911677  
-0.8443481639  
-0.6378389209  
-1.15027448  
-0.9815935674  
0.04260771815  
-0.3532921278  
0.3194719239  
-1.079181435  
-0.9238773976  
0.3230019876  
-0.3060941648  
-1.811771972  
-0.9909699772  
0.4408263249  
1.416848533  
0.5646873068  
2.752875193  
1.24102155  
-1.081807624  
0.3048870006  
-0.5174047157  
-0.4583851159  
-1.054430222  
0.6379064364  
0.8067940965  
0.1616648636  
1.507767552  
1.274163536  
2.4795557  
0.8919787172  
-0.3378052501  
1.317942423  
1.106775886  
-0.8019687082  
0.675889013  
-0.4146154261  
0.1312369871  
1.79695117  
-0.3957756344  
-0.4202951743  
0.6285542876  
0.1174554274  
-0.3447016485  
0.04181244229  
-0.02196903686  
0.1935072632  
0.2493969678  
-0.2674113454  
0.1962225638  
-0.2434491769  
1.254157583  
0.05304005012  
-0.5666689733  
0.9977333459  
0.7056259214  
-0.0733364656  
0.3329072631  
0.9550323756  
1.217641029  
0.4270443926  
-1.410914552  
-0.6549181829  
-0.394704271  
1.075843256  
-0.5969812423  
-0.3177596034  
0.4930868003  
-1.468278846  
-0.5020451747  
-0.2488432994  
-0.7349603496  
0.04141401764  
-0.2588590517  
-1.625241891  
-0.4082066604  
-0.8244805722  
-1.112979041  
-0.2733166477  
-1.800678809  
-0.163788266  
-0.6196144909  
-0.2465996536  
-0.583517502  
-1.254284102  
-0.3770925216  
-0.6104235278  
0.09461092097  
-0.01223301195  
-0.7063975777  
0.126607761  
0.9257395831  
1.946807276  
1.458567133  
1.558525855  
2.2404806  
-0.01225828001  
-1.261270189  
0.1782862671  
-0.1163295602  
0.01239710104  
-1.008024213  
-1.384115738  
-1.069108582  
-0.194473896  
1.376983689  
0.03844407072  
1.200729218  
1.22844649  
0.3159636316  
0.5650002863  
0.6840547717  
0.6020780416  
-1.06561066  
0.6373195351  
-0.3564876306  
-0.4808281543  
-1.557958735  
-0.463744099  
-0.7101353761  
-2.152645932  
1.097772181  
0.6835140218  
0.9981661512  
0.3932328387  
-0.06528016065  
-0.1410166769  
-0.3316076529  
0.05023207272  
-0.1159513081  
-0.3510149985  
0.6621647737  
0.4239815296  
-0.7155951043  
0.05828338005  
-0.343768681  
-0.373033406  
1.186926921  
0.3318105803  
-0.08991733588  
-0.49715408  
0.02429576081  
