-2.755254526  
-0.06614166825  
2.439328584  
0.5116841418  
-0.6567247298  
-0.6108228457  
-0.02677646612  
-0.4042085699  
0.4025721264  
-1.669422662  
-0.2395948417  
-0.9630344606  
-0.5113147448  
1.673275384  
-0.2192160405  
1.345461261  
-0.4601994921  
0.4371024522  
0.5241301276  
-0.1561389979  
0.9653638339  
1.054230638  
-0.3136090125  
-0.1950324905  
0.5145088683  
-0.1083444268  
-0.964436688  
-0.03407336622  
-0.3427792237  
-0.3202184536  
0.7989902592  
0.8538725873  
-0.2166113422  
-0.8981374411  
-0.5593876933  
-0.2731349657  
1.358170012  
2.006565432  
0.1705304899  
1.232125018  
0.5810904993  
-2.025764461  
3.271785909  
-0.5452785403  
-1.796824483  
1.24357223  
-1.157146135  
-0.4672232128  
0.683357251  
0.05600083557  
2.113244118  
-1.331580237  
-1.299714979  
0.3913900303  
-1.025733789  
2.640070263  
0.08304893701  
-0.2823940569  
-0.3739147297  
-0.6899708124  
1.629758193  
-1.299571195  
-1.135909426  
1.197591662  
-2.123957556  
0.7187921417  
-0.5582151604  
-0.4691689532  
-0.8638231239  
-1.248988875  
2.957311712  
-0.07930170183  
-1.57267515  
1.401702009  
-0.7406840322  
0.1135151662  
1.001950258  
-0.7783921893  
1.675333558  
-0.6622623872  
0.4243872881  
-0.6172058823  
-0.5445045404  
0.9519496823  
0.02884928427  
-0.2612037257  
-0.2435652354  
0.1696756753  
-0.3947602574  
-0.6021848135  
-0.1984748358  
-0.9026608491  
0.2878401138  
-0.2885841155  
-0.877883069  
-0.3949328948  
-0.6053050783  
-0.4013492301  
-1.340479291  
-0.580269806  
0.4557736402  
-1.317476052  
-0.5323597482  
-1.522024552  
0.09083675421  
1.988672302  
-1.073356245  
0.1910253065  
0.2751816368  
0.5251622312  
1.529688013  
0.7083808904  
0.7586300832  
0.2934819771  
0.7270498273  
0.02449399515  
-0.9559540926  
-0.2578733082  
-1.173044931  
2.361697664  
-0.3979252875  
-0.4810470758  
3.76125399  
0.2761430237  
-1.32028195  
0.8622583429  
0.09380663801  
0.6634665376  
-1.099030359  
-0.1681966912  
0.0847894356  
-0.8245399908  
0.4084264289  
-1.995490008  
-0.7411743063  
2.065325514  
-0.7280116313  
-0.07388961367  
0.7254884029  
-1.262270261  
0.8724959312  
-1.473375459  
0.05638379856  
-0.05453007351  
-1.55958921  
0.230605102  
-1.07923012  
1.634242566  
-0.06334677914  
-0.339946839  
-0.2332141531  
-1.244230251  
0.2481285859  
0.3093362127  
-0.2481443267  
1.159989707  
-0.6026759339  
-0.4880580028  
1.629159229  
-1.582427814  
-1.226415377  
-1.002607614  
-1.133122128  
-0.5188860622  
-0.639527751  
0.8601285826  
-0.5101810137  
-0.7182998704  
-0.8999162504  
-0.7034879909  
0.5263714257  
-0.4052627292  
-0.8970147648  
-1.104467803  
-0.3211706742  
-0.4601926509  
-0.2644375824  
-0.1313513689  
0.1024702217  
-0.4041758729  
-0.2358364886  
0.8449607271  
-0.2776948357  
-0.355573624  
1.114826336  
-0.5891971955  
-0.7358594848  
2.25598881  
2.789180831  
2.524099788  
0.2426252496  
1.486988472  
0.3971650535  
0.5026619453  
0.9629699572  
-1.42406362  
0.5539031445  
-0.4982348949  
-0.5129891798  
1.081613244  
-1.469309875  
0.5878054327  
0.6177468609  
-0.3730609995  
-0.2982698168  
-0.168880892  
-0.1611470856  
0.6351887165  
-0.6042398583  
1.516618203  
-0.04075601832  
0.0173282291  
0.4418443702  
-0.3582092922  
0.2983966981  
-0.4899769074  
-0.1211842116  
-0.5320421183  
-0.9801481812  
0.3329515102  
0.08318110896  
1.168269518  
-1.095025895  
-0.4016551182  
-0.2265583964  
-0.8245633543  
-0.7243775807  
-0.5635136496  
-0.1369970643  
-0.609898236  
0.3223168079  
-0.3131884813  
-0.52386252  
0.3423507656  
-0.7576602874  
-0.8455911481  
0.6178373625  
-1.346648008  
0.09726520867  
-0.5412993225  
0.1502545059  
0.1959492356  
-0.07437756829  
1.378899854  
-0.02200091042  
0.9726369363  
0.7086609186  
0.1940642383  
0.3455897346  
0.3759084373  
0.545340646  
-0.6817547505  
0.2628995036  
0.1424474756  
-0.2277647569  
-0.01981043571  
-0.2924174728  
1.953854466  
0.04622258862  
0.4059503624  
-0.59162577  
0.6006313376  
1.070824915  
-0.2700262712  
-0.1461245337  
1.409207272  
1.166540781  
-0.6564894933  
0.2730032903  
-0.6834263808  
-0.5446196504  
-0.7320373114  
-0.2925065542  
-1.125503558  
1.073209032  
-1.395670866  
-0.1120364915  
0.08694448287  
-0.02504554543  
0.2248474026  
-0.5418239253  
-0.7986026525  
-0.2056506378  
-1.322727759  
-2.639225539  
-1.010061458  
-1.236416787  
-1.207498079  
-1.225022302  
-0.4106090014  
-0.2987416743  
-0.8103142783  
0.9754772781  
-0.0292450819  
0.5918591319  
-0.7430857118  
-1.349163616  
0.9536358784  
-1.711895705  
-1.501230621  
-1.220186245  
-1.012430708  
0.678373685  
3.614182771  
3.209982806  
-0.101497916  
0.002691822992  
-0.8925337924  
-1.453038117  
1.201478971  
0.8925602387  
-1.083293348  
1.778883331  
-0.3142066699  
-0.4083794808  
0.917520415  
-0.02024628847  
1.165060766  
0.4584239027  
0.8281031494  
0.1111969436  
-0.5851129296  
0.6925825051  
0.1287584779  
1.311170252  
1.68244844  
-0.0813613259  
-1.312670198  
2.122258287  
0.02008866464  
0.2075583562  
0.3726654359  
0.8382935178  
1.099546734  
0.3185862187  
0.8176371197  
1.192506905  
-0.286012324  
0.7987607838  
-0.03681542567  
-0.003050530405  
-0.3099595613  
1.047493751  
0.5365183385  
-0.2123850877  
0.2520719603  
0.3870319671  
1.278131015  
1.583086061  
-0.3178511132  
1.287820924  
-0.9528114477  
0.198070623  
-1.585914871  
-1.068886255  
0.7593633115  
-0.04901302632  
1.85821789  
-0.4491549578  
0.3837513762  
-0.3955386789  
-1.899964536  
1.950854407  
-1.466349831  
-0.7693373881  
0.6300399903  
-1.581085931  
0.7749174836  
-0.7070690688  
-0.03800261065  
-0.2217871037  
-0.3282819262  
-1.173821289  
1.743440241  
-0.8597751112  
1.782936731  
0.4742742542  
-0.5951501358  
1.402305907  
1.942407413  
-1.154084878  
-0.06288405875  
0.7607769669  
0.1167058196  
0.5213326086  
-0.2983397391  
-0.6702868476  
-0.5576329556  
0.1781918299  
-0.5945711837  
-1.305650755  
-0.3486286028  
0.202765036  
-0.06860136504  
-0.3754765214  
0.02073227028  
0.2393463916  
0.1535324816  
0.1246132003  
-0.1225613802  
