-0.4416518585  
0.499199321  
-0.277363677  
-0.06733441539  
-0.3687953338  
-0.07974018918  
0.05930146698  
-1.513640624  
0.6589370174  
-0.90592558  
0.7505709422  
0.4814886842  
-0.5842222446  
2.042409778  
-0.1302687267  
0.8844444462  
-0.3205811953  
-0.1542066831  
-0.2298189599  
-0.5162027873  
0.541019907  
-1.380707795  
1.458333386  
-0.4393803259  
-0.6976769061  
1.554503461  
0.01363814738  
0.7347045708  
-0.5020062352  
0.3084925061  
-0.8310747446  
0.1332671113  
-0.06475166212  
0.09981693154  
-0.2782116625  
-0.1880419401  
0.111632219  
-0.4505651562  
-2.162280473  
0.2890077473  
-1.734051146  
-1.636758145  
0.2833827305  
-1.282508841  
-0.1400740581  
2.148171512  
-0.3962223803  
0.6081922724  
-1.144988692  
-1.021393708  
2.415394246  
-0.8815822735  
1.490808201  
-0.3218783727  
0.6593205434  
2.464616401  
-0.1312185299  
1.185571245  
1.385395832  
-0.2348608086  
-1.031043148  
-1.533695481  
-0.8954966182  
1.066846931e-05  
-0.9050741197  
0.02368545463  
0.08879889235  
-0.4997329728  
1.240883765  
-0.5600239736  
0.2161251788  
-0.1864692844  
-1.209661815  
1.956359439  
-0.9629225183  
1.812282599  
-1.160974284  
-0.7922252704  
1.022568563  
-0.1375684394  
1.387684999  
0.08690615239  
-0.02650833732  
-0.4274854281  
-1.318318519  
-0.4650989566  
0.3740817333  
-0.9762558416  
-1.003308278  
-0.5684473282  
0.02832371901  
-1.02901173  
0.5230778214  
0.1301678618  
0.2357414926  
-0.554187208  
0.1513938352  
-0.5052759234  
0.1204188185  
0.6010464049  
-0.6099712015  
0.6737024629  
-0.3733187447  
-0.5569711992  
0.7595233014  
3.027373469  
-0.3380592281  
0.8693764797  
-0.662401717  
-0.4309677429  
0.648597828  
-0.1795360578  
0.8423678621  
-0.1460699298  
0.5045215834  
-0.5128668557  
0.9781892656  
0.4261684759  
-0.7773041292  
-0.04650623099  
0.7157524329  
0.141034139  
1.059996265  
0.3439456926  
0.7298972609  
-0.7716789354  
-0.7345566582  
0.1072224588  
-0.756572827  
-0.4598500324  
0.3945971482  
0.06776344872  
-1.03333095  
-0.1837705371  
0.07049416604  
1.157735305  
0.2440885167  
1.212759896  
-0.9499913571  
-2.153635311  
-0.5597540682  
-0.9090077358  
-0.2580363561  
0.4349571404  
-0.3012435197  
-0.6886397998  
-0.333754636  
-0.501225598  
-0.3703693178  
-1.101305309  
-0.7377459674  
-0.6190521934  
-0.7403061139  
1.049160879  
-1.687884164  
-0.5406721315  
-0.7027268431  
-1.001301718  
0.4639864367  
-0.330142854  
0.2388028463  
0.08740511133  
0.1570984312  
0.4662732139  
0.4720972483  
0.557161898  
-0.5296040738  
0.5570966215  
0.5521807189  
1.273375332  
0.07144201691  
-0.7043453905  
0.3726779  
-0.5965071312  
0.01570596904  
-0.4128976477  
0.7037505697  
0.3081690775  
-0.5103982459  
0.3619681925  
-0.7355131397  
1.059116365  
-0.5752894508  
-0.1952612405  
0.2537549792  
-1.445444338  
1.39566598  
1.205943239  
2.826567662  
0.6254612461  
-0.06517472181  
1.473035615  
-0.8886183127  
0.2881684022  
0.8081494645  
0.5222394069  
1.528541933  
-1.021094069  
-0.9272029743  
2.335214925  
-0.1831049447  
-0.33178356  
-0.4066941983  
-1.216337989  
1.725212931  
-0.1830872894  
1.96593183  
-0.442867226  
-1.13042492  
0.6577582886  
-0.6069948536  
0.738029284  
-1.028469365  
-0.5386714551  
0.6282556544  
-0.4678032891  
-0.991871611  
-1.677060494  
-0.2663319742  
-0.6222682885  
-0.301708487  
-0.8691125312  
-1.09335797  
-0.9457816242  
-0.2730391746  
0.6059041365  
-0.2882186996  
-0.8157746072  
1.052557448  
-0.9826616094  
-0.315180352  
-0.4741103904  
-0.6937466711  
0.5676248272  
-1.490187687  
0.05557822007  
-0.5097869276  
-0.9952133827  
-0.7173325721  
-1.198943564  
0.9008386954  
0.5343720066  
-0.1560213276  
1.462971081  
-0.1321046127  
1.607759916  
-0.7795466174  
0.6228172311  
1.086028692  
0.5446066419  
0.9833794171  
0.5560432586  
1.706190361  
-0.719645747  
0.7632884523  
1.290310553  
1.659946035  
0.6732621235  
-0.05192202176  
1.420816303  
-1.232885705  
0.5481922122  
1.633381066  
-0.8686115988  
0.2722198271  
-0.4002023954  
0.1430949792  
-0.6715015199  
-0.883781419  
0.6997204697  
-1.707405601  
-0.3914011063  
0.6023181557  
-0.521541069  
-1.004575077  
-1.723885965  
1.048341806  
0.6083564492  
0.2585412581  
0.4379807277  
-1.213073713  
-0.2164946677  
0.6957794124  
-2.191474344  
1.338531556  
-0.6655130603  
-1.827968187  
1.438649411  
-2.007320119  
-1.696214105  
-0.4652489074  
-1.782979776  
-1.884945507  
-3.498441755  
-1.221849949  
-0.4148458656  
-1.186995899  
-0.2003031595  
-1.786809432  
-1.208998039  
-1.590144119  
-1.33874374  
-1.326645463  
3.642051494  
0.8300675282  
1.047246679  
0.8497934057  
0.7945379646  
1.238698829  
2.161481225  
-0.3267858886  
0.3764649995  
1.948889796  
0.5523259927  
1.90644754  
1.60719355  
0.3092215465  
1.444652823  
1.395057373  
1.4274203  
2.12964204  
0.6867317817  
0.2373412224  
0.692877273  
1.409749193  
0.7817417001  
0.5268025115  
-0.3380177862  
-1.341049619  
0.3707159818  
0.5538876793  
-0.418565844  
0.8423441581  
0.2346463766  
0.2357999579  
0.5101508341  
0.2697088377  
0.607509693  
-0.8184655324  
1.715042253  
0.6051479104  
1.537242594  
0.3013017533  
-0.7265302175  
1.119537965  
1.030049038  
-0.7368140089  
2.217912829  
0.3386574101  
1.64085955  
-1.019532645  
-0.09486331154  
-0.1627237795  
-0.4011365109  
1.360121872  
-0.5231484602  
-0.546549617  
-0.5472408504  
0.4461681472  
0.9439730903  
-1.67943737  
-1.6886905  
0.7201126456  
-1.134653212  
-0.6310676767  
-1.190469388  
-1.423982882  
0.07046831044  
-1.415878699  
-0.1435817473  
-0.3759467365  
-0.9207383868  
-0.844836219  
0.4791203788  
-2.369542112  
-0.256210326  
0.3486454977  
-0.6239745798  
0.9609405196  
-1.332098783  
0.1150174414  
-0.4329735687  
-0.3304777186  
0.9879774394  
-0.1778463768  
1.864612148  
1.27300837  
0.397803109  
-0.155332697  
-0.5453272711  
0.1308427829  
-1.444926169  
0.7546602095  
1.749281001  
1.340616708  
-0.2816669039  
-0.7398337585  
-0.8799737876  
-0.2704957897  
-0.0603599429  
