-2.036470343  
0.5451234297  
1.600089112  
0.8544195458  
0.4866842706  
0.06225033597  
0.3013431892  
-1.01104571  
0.5282602093  
-0.194007606  
-0.7657756879  
-1.250859221  
-1.890509406  
2.270557412  
0.2891089775  
-0.5393364551  
0.1201701531  
-0.300718855  
0.4773264875  
0.1325991553  
0.9378679063  
-0.8729411706  
1.271069862  
-0.6005612903  
-0.04749176308  
0.6924267705  
-0.7951701159  
0.5264706011  
-0.04064085357  
0.6406794829  
0.6805858589  
-0.05149565702  
-0.8980425205  
-1.100534681  
-0.8399802497  
-0.3133164951  
-1.600713503  
0.5659502911  
-1.803798032  
1.470135941  
0.02089020041  
-0.6562003644  
-0.6033734335  
-0.2148569436  
0.9130715449  
1.936825711  
0.3343280296  
1.556676644  
-0.5483125107  
-0.5919432144  
1.042619665  
-0.1531712816  
1.24084327  
0.2834153693  
-0.07322649442  
1.304191922  
0.2514331458  
0.9025329947  
0.5090611553  
-1.338347684  
1.676352731  
-0.6147701202  
-0.267661743  
0.4155749318  
-1.766866574  
0.3494213011  
-0.4054642887  
0.3566056799  
1.162116244  
0.1847617401  
0.595030372  
-0.7208198141  
0.4055924214  
0.7110907941  
-0.3914592735  
2.581500616  
-0.6312400602  
-0.9986863831  
0.7002660715  
-0.4970489102  
1.491210138  
-0.4704609417  
0.05890743837  
0.03985475557  
-0.9819539284  
-0.4310725763  
-0.1370306733  
-0.4247477666  
-0.09624365405  
-0.279881426  
-0.2557216226  
0.1793674056  
0.6563944284  
-0.1106816205  
-2.338513798  
-0.4053100243  
0.2185577784  
-0.4217363675  
-1.489541184  
-0.4207637938  
-0.5049936298  
-0.2880691803  
-0.3678651647  
-1.194073319  
-1.063429037  
1.578634171  
-0.9729297295  
0.9151328041  
-1.170035788  
-0.3859135871  
0.05840014423  
-0.7867144845  
0.3372890548  
0.4021520199  
1.029968371  
-0.9282539794  
0.8379740888  
-0.3079790384  
-0.3435530633  
0.02632348572  
1.047188892  
-0.9399367385  
0.2883383376  
-1.062148664  
-1.388821902  
0.4004877602  
-0.3041084758  
3.154482638  
-0.4481706001  
-0.3751052351  
0.8404260434  
-0.1380492344  
-0.4094772634  
0.3951442238  
-0.1215776276  
1.314705303  
-0.2026804915  
2.449548483  
-0.2012733442  
-1.008371919  
1.652406778  
-0.1965235279  
0.7683437888  
1.027674454  
-0.6623279052  
0.2327624033  
-0.9514442032  
1.217009624  
0.1040338308  
-1.552496111  
1.277048731  
-1.45106157  
-0.7997006491  
1.994695413  
-1.721776972  
2.05260344  
-0.06285746482  
-1.994213506  
1.442135538  
-1.32380501  
-0.8385652805  
0.1562113365  
-0.2833065075  
0.02239410039  
-0.7889854731  
-0.342727906  
-0.6639574893  
0.4904521781  
-0.9329940765  
0.2766413238  
0.05904013409  
0.172906991  
0.2592169982  
1.221752732  
2.1196552  
-0.4070172443  
0.4143015905  
-0.1306131169  
0.4324188049  
1.194577424  
-0.08643027005  
2.867531224  
-0.8238189173  
-0.7994485947  
0.6012790808  
-1.180153089  
1.10085499  
-2.059973124  
1.765189381  
-0.2455685912  
-0.2546107553  
-0.9726735705  
-0.9139904443  
-0.640552361  
0.3272933997  
-1.826152976  
1.783148514  
-1.023066948  
-0.7500370386  
0.3365613941  
-0.5615059737  
1.965783084  
1.38000027  
-0.5886258099  
1.708092041  
-0.2605511592  
0.6696308771  
-0.09073340279  
-0.9919632042  
1.595363248  
-1.24832896  
1.445720535  
-0.164591468  
-1.336793718  
1.681656439  
0.08729139881  
-0.765056751  
-0.7600718957  
0.7420238308  
-0.5531725699  
-1.310095962  
1.810478527  
-0.8858427562  
0.08352675605  
-0.03357760728  
-1.053895058  
-0.1368649739  
-0.7694955778  
1.4775327  
-0.3790180176  
0.5590907204  
0.1541442639  
-2.056764489  
-0.6424855382  
-1.052558095  
-0.5131167689  
0.3873377319  
-0.2242972953  
0.5990674976  
-0.4281510866  
0.09500470371  
0.5588806693  
-0.2814014489  
1.133090713  
-1.02007589  
0.9728926765  
-0.5238633587  
-0.2992966767  
-0.004078555713  
-0.7068011391  
0.3665252732  
-1.063957595  
0.3935029009  
-1.729890704  
-0.2436201295  
0.1783355527  
-0.541396807  
1.327038217  
-0.4976642367  
0.4587296738  
-0.7637217122  
-0.1582646138  
2.690704326  
-1.186636561  
0.6398112681  
-0.5815516207  
-0.1543886686  
0.07391234673  
-0.4407316938  
-0.5462608801  
-0.6117802196  
-1.378849499  
1.313814048  
-0.7469019068  
1.073840717  
-0.1166578304  
0.7849555678  
0.8512062518  
-0.4972164377  
0.9457244963  
0.5410540749  
-0.1514986348  
1.869828986  
-0.2488590431  
1.211736019  
-1.390308519  
-1.775049272  
1.236500957  
-0.7187801862  
0.6837794243  
1.560589518  
-1.291251535  
0.7648653472  
-0.3000223752  
-0.3183429621  
-0.6082463459  
-1.130350703  
0.3703520738  
-0.4710715734  
0.1708790501  
-0.2691689285  
2.203138071  
-0.8766686862  
2.834659439  
2.298378172  
0.1718931758  
-1.038875815  
0.3593843733  
-1.215785768  
-0.9566406149  
-1.662650987  
-0.8614312377  
-0.2896976555  
-0.6584900299  
1.708078687  
-1.076122165  
-0.5149726605  
1.876610883  
-1.303102486  
1.298215972  
1.216674138  
0.2815896385  
-1.03814887  
0.598629924  
-0.9444615142  
-0.3527951476  
0.5678651268  
0.8788856844  
-1.4976546  
-1.159089223  
0.2717752595  
-1.585720614  
-0.2921935395  
-0.4649648001  
-0.6466293521  
0.385015104  
-0.7757984891  
0.5414335486  
-0.9356871722  
-0.2340950704  
-1.011354314  
-0.49408211  
1.375848559  
-0.3809999011  
0.4598469207  
-0.6667851518  
-0.1112997722  
0.9183226309  
-0.5785418801  
2.19188578  
0.05446182945  
-0.1596236089  
0.9496758469  
-0.7912382839  
1.505612576  
-0.3266769592  
-0.4452553248  
1.07208376  
-0.2030756451  
0.9881878468  
-0.311457179  
-0.6596761914  
2.384470027  
-1.531335114  
0.7865494989  
-0.2212003101  
-0.5581015524  
-0.4510833087  
-0.1159536993  
-2.053704503  
0.9829246275  
-0.611011608  
-0.7556274382  
1.128378045  
-1.458193756  
0.2222792829  
-0.6308864743  
-1.500335217  
2.645808694  
-0.304432072  
0.07135814117  
-1.149765387  
-0.8423742785  
1.110650071  
-0.358650458  
1.991256426  
1.696755742  
0.4385879107  
-1.34808712  
0.3084550718  
0.4420096417  
0.04879184094  
-0.411993046  
-0.1874251543  
-0.2396866613  
-0.5469682376  
0.0490243899  
-0.5709477015  
0.3013863502  
0.02083900395  
