1.805409346  
2.812607242  
-2.214120682  
0.9701677974  
-0.8716820259  
0.4212393294  
0.4703236255  
-1.515778716  
0.0271199282  
-1.833302963  
-0.1773324941  
-1.294716686  
-0.335881003  
0.1442927953  
-2.173351892  
1.744441567  
-0.1404101996  
0.2972470496  
0.5774836002  
-0.4790533459  
0.5582179059  
0.2163493965  
1.30240607  
-2.162066973  
1.223617797  
-0.09019293513  
-0.1189892893  
1.105055282  
-0.5795324951  
0.5721817266  
0.2740138069  
0.1360726295  
0.3345422421  
-0.781903707  
-0.6922070829  
-0.1118544005  
0.9284181638  
-0.231206843  
0.921231211  
0.628775246  
-1.799601368  
-1.156766873  
0.9646063916  
-1.829012574  
-0.03031885052  
-0.5469817221  
-0.5331942159  
-0.3262464285  
0.9845526376  
-0.8880971134  
1.603428794  
0.2001960452  
-1.099549701  
0.1346814613  
0.7333914901  
-2.114836488  
-1.996336929  
-0.1663923469  
0.5329302473  
2.227373072  
2.686424164  
-0.1392779142  
-0.1349042478  
1.846406602  
-1.627960124  
0.3688674404  
-0.831684872  
-0.1852144356  
0.5137731384  
-0.9234409655  
0.62378793  
0.261735005  
0.6213138573  
0.03904551024  
-0.1724395039  
-0.9352828774  
-0.3721130669  
-0.2534160845  
-0.009537118004  
0.122539915  
-0.4355796577  
-0.6318630074  
-0.1661864482  
2.109270681  
0.2489641358  
1.529493699  
0.1288637301  
-0.2872614206  
0.9859994462  
-0.5925601791  
0.3088469592  
-0.9767261323  
-0.2352965616  
-0.08229617789  
-1.425255073  
-0.7953609397  
-0.9945256457  
0.3434154212  
-1.266371852  
-0.7946006219  
-1.290220111  
-0.6382281861  
-0.4376319542  
0.4103756751  
0.8625928191  
0.5663405858  
1.203599634  
0.5773184418  
1.21715077  
0.7748845606  
-0.06123610825  
0.5303336703  
-0.6485233182  
-0.2649243829  
2.181945358  
-0.3829341205  
-1.11880615  
0.3307740297  
-0.3840642888  
2.112011292  
0.8597350038  
0.3720588635  
0.8700398943  
0.1669172807  
-0.2159674665  
-0.9902516048  
-0.3571161432  
-1.499299325  
-1.396346951  
-0.9124493874  
0.2194400971  
-1.361686722  
-1.434111158  
-0.2444747301  
-0.8499352403  
1.198081413  
0.9995638963  
-2.184503815  
1.030639594  
0.1982242284  
-0.03832512646  
-0.2443069444  
0.98409659  
-0.8813722288  
0.3639212571  
1.752646038  
-1.945341178  
2.204934658  
-1.618560167  
-0.5339914203  
-0.5313002248  
0.7433661801  
0.9456775456  
-1.007410149  
-1.031841854  
0.2692780129  
0.6271634835  
-0.0656104729  
0.00990729678  
-0.7547720251  
0.2971574886  
-0.049176375  
-0.4885732984  
-0.8393518461  
-0.9334382492  
0.0516816324  
1.332873653  
-0.2648930005  
0.2412552606  
-0.06398452222  
0.8879592351  
-0.7988340761  
-1.401184129  
-1.213838005  
1.627870913  
-0.2797363573  
-1.207636645  
0.6455221661  
-1.417819931  
0.8502404522  
0.6897598082  
-0.7411550327  
-0.9247777899  
-0.5346003629  
-0.878505062  
-0.7775611487  
-1.919018398  
4.238275409  
2.504583423  
1.531749166  
0.9233874868  
2.191580375  
0.166067774  
0.1452651548  
0.4143671893  
-0.8714000443  
1.009673695  
0.1051342562  
-0.05709862325  
-1.123978033  
-0.2758229387  
-0.03006543933  
0.02483441164  
0.4332209359  
-0.3487836348  
-0.4917769368  
-0.9297970748  
-0.8036906703  
0.9597477058  
0.002528269599  
-0.2305596267  
-0.5930606057  
0.1468935288  
-0.6832112362  
0.3615270252  
-0.2932047905  
0.2393119001  
0.4589419376  
0.4244107532  
-0.8356083679  
-1.02807039  
0.7855356333  
-0.5437871938  
0.2931822056  
-1.777047231  
-0.9257596105  
0.746568893  
0.5881090808  
-0.3766433499  
0.1643174837  
-1.06658533  
0.6728212572  
-1.387400125  
0.3450637437  
-0.11743616  
-0.01659469952  
0.8843045192  
-1.10125566  
-0.7966673086  
-0.1096449702  
0.4268245492  
-0.1819162626  
0.1674788524  
-0.2492826766  
-0.3302671747  
0.3163651709  
1.054255521  
2.733460509  
1.560719871  
0.5053210607  
2.043975564  
-1.372387391  
0.9055813535  
-0.09775540321  
-0.2532139207  
1.063096605  
0.2141910001  
0.8007400797  
-0.1478993089  
0.8727432098  
1.114766767  
1.214833164  
-1.836098532  
-0.7213624686  
-0.9001849745  
0.9051832421  
0.2477442042  
1.199429308  
-0.6629351713  
-0.7541151711  
-0.8364706098  
-2.256442963  
0.268299158  
-1.015257172  
0.8285471953  
0.4420605502  
0.7614278861  
1.478810652  
-0.01369423883  
-1.134540647  
-1.25601828  
-1.3671065  
-1.134059981  
-0.8546017664  
-0.6177087282  
-0.6772557664  
0.4110465991  
-1.14317076  
-1.391010285  
0.01557537139  
-1.257279568  
0.2949866865  
1.141775936  
-1.50794439  
-0.07266600339  
0.1513952986  
-1.287868996  
-0.4438490466  
-1.390344998  
-0.1144657539  
0.3166515594  
0.03163683113  
0.4157900127  
0.4783390284  
0.3699659059  
0.5535720988  
1.209629822  
0.7455740139  
-0.2799515628  
0.7208496218  
-0.351421347  
0.2010708821  
2.863214024  
0.8788988991  
-0.8041293194  
0.915721956  
-0.475356146  
0.6754544154  
-0.2528789279  
0.4060321622  
0.6440393815  
0.3999611157  
1.043360201  
0.6999406229  
0.01354070841  
1.030035117  
0.608787194  
-0.6770103467  
0.9141197044  
0.5652558074  
2.010058445  
0.2659649458  
1.112979543  
-0.01842723657  
-0.3509172505  
-0.07347644871  
0.1472915606  
0.65540613  
0.1816994248  
-0.518767717  
0.4585429611  
0.02109381485  
0.6321261899  
-0.2534551134  
0.1610636535  
-0.3357629201  
1.142945063  
-0.4907166221  
1.233811774  
-0.172521104  
-0.002677010141  
-0.1802405119  
-0.6280303161  
-1.824219804  
-0.5105323647  
0.9702095529  
-0.3410275023  
2.24249788  
-0.1930266037  
0.694282011  
-0.4296882831  
-3.283252615  
1.184441808  
-0.6294342795  
-0.004042387709  
0.3020208351  
-1.339268135  
0.1717458084  
-1.813704199  
-0.1142768219  
-0.9603460304  
-0.6328904614  
0.2096778672  
-1.018975662  
-1.151041069  
2.618403834  
0.5031380205  
-0.3561458803  
0.5877251543  
0.2948613536  
-0.07189870874  
-0.9968484774  
-0.1018084453  
-1.280646914  
1.666346165  
0.4969809296  
-0.3412481664  
0.1381616151  
-0.1265768412  
0.7866156477  
1.193891624  
0.9218694711  
0.5179053392  
-1.505215231  
-0.6172472639  
-2.00163297  
1.190468869  
0.0401375622  
0.5714122368  
-0.5031566341  
