0.9939826712  
2.369955273  
-1.372360465  
-0.171448323  
0.1760426247  
0.9153220734  
-0.3325687272  
-0.2251696788  
-1.176807455  
-0.1698037865  
-0.9735536617  
0.7446717901  
0.6230647473  
-0.6548621271  
0.1904725653  
1.33058954  
-0.01513478539  
-0.6785936386  
-0.7799820652  
0.3510286055  
-1.752274614  
0.03547125004  
-1.048567179  
-0.8716058789  
1.22521506  
0.9633397446  
-1.028118822  
-0.2483873726  
-0.3803964706  
-1.206629974  
0.4851171852  
0.5978184033  
0.2161250929  
1.071141799  
-0.4779338184  
-0.9725106055  
0.4226551875  
-0.5153632382  
-0.2118730163  
0.4616921256  
-0.5532553449  
1.157150403  
2.034006001  
0.7556428056  
0.2620612998  
-0.7830613459  
1.161120779  
-1.168543966  
0.6340306553  
0.07373715853  
0.2397591705  
0.2981838573  
-1.248375021  
0.9846118187  
-0.01264532512  
-0.7842576396  
0.02260577019  
-0.2589768879  
1.62246409  
0.5874819118  
1.781601448  
-0.7952925054  
0.9265464739  
-0.2184505851  
-0.02794272391  
0.4360793662  
-0.2231220998  
-0.6589837668  
-1.686058917  
-1.351033953  
-1.022741715  
-0.4102262343  
0.5192045157  
-1.215650826  
0.3465483966  
-1.363837985  
1.622143439  
-0.06964049948  
-1.376332482  
0.2922129216  
1.023040243  
-0.105162566  
-0.8646117258  
-0.04289560556  
0.5954505587  
0.5907641203  
-1.265053282  
0.2843111883  
0.5322940515  
0.7701687593  
-0.7000194334  
-0.4580160051  
-1.511551723  
-0.9807264969  
0.3370825036  
1.424353702  
-0.1733051465  
0.4942876874  
-0.6904728237  
0.9367580245  
-0.3809266819  
-0.1301033143  
0.294344972  
0.2929831037  
0.5944885602  
0.5426262752  
-1.137023422  
-0.2629923934  
1.109432889  
0.09343901802  
0.02554783463  
0.08066519687  
-0.7688377553  
0.02923671822  
-1.625917967  
-0.4318633651  
-1.569544427  
-1.544168162  
-0.6117363028  
1.61237087  
0.3377398194  
0.3167815498  
1.511674276  
0.2274970384  
-0.3205887692  
-1.540191846  
0.5222944154  
0.1589671362  
-0.3983201983  
0.7885904156  
-0.4491536908  
0.1884018379  
0.8897752739  
-1.465380879  
0.08258936294  
0.2584128133  
0.3204383646  
0.3605937861  
-0.1193439666  
0.3291395485  
2.428807224  
-0.3904706789  
2.905398653  
0.6531616235  
0.348336496  
-0.9978248128  
-0.7242173003  
1.813668582  
-1.134532943  
1.557161919  
-0.7311273141  
0.684850982  
4.182840409  
0.3100500859  
-1.028443117  
0.6366150394  
2.777538765  
1.255877902  
1.852993899  
1.361116319  
-0.4498017971  
-0.05881188647  
-0.8237597523  
-0.1460181695  
-0.7998803575  
-0.8565574259  
-1.011790438  
-1.343883977  
-0.5514234027  
-1.340564826  
-0.755949669  
0.4599649642  
-1.828511231  
-1.312700216  
-1.196084039  
-0.9579236415  
-0.7969775067  
-0.8685279238  
-0.4989136181  
-0.7258206829  
0.3746782804  
-0.4534664786  
-0.5055178252  
-0.1057566864  
-1.083205863  
-1.362745716  
-1.417561299  
1.606883587  
-0.2079132452  
0.2207029094  
0.04573713357  
-1.013793899  
0.002909810998  
0.6666180677  
0.4601913866  
-0.4995562751  
-0.1765106766  
1.498848969  
3.293759115  
-0.4201801603  
-0.7084213398  
1.254815694  
0.2332680744  
0.8055509956  
-0.06917743118  
0.229115674  
-0.1649915969  
0.4886289289  
-0.2486396067  
-0.6063560186  
1.15981291  
-0.9808689675  
-0.5737387059  
0.5553828397  
-0.02863087817  
1.472069507  
-0.3565352977  
-0.5059361841  
1.006328385  
-0.6136853572  
-0.1144490561  
-0.5963192492  
0.8938468657  
0.05289265567  
-1.303740854  
-0.3477898641  
0.03954482282  
0.3749157514  
-1.222641977  
-0.419195003  
-0.8985944971  
0.6543649288  
0.3443263001  
0.1735605345  
1.375820048  
0.8566643692  
-0.5322489711  
1.06293506  
-1.444805522  
0.1677042038  
-0.9081120901  
1.699073377  
-0.05518221939  
-0.7441606578  
0.1098399377  
0.02437223523  
0.7551432791  
0.5821201978  
0.5696405516  
0.4669245814  
-1.694106826  
0.1046384151  
1.323427838  
-0.5520334611  
-0.5530537046  
-1.064574951  
-0.4504870228  
-1.76603311  
-0.7605882649  
-0.1625423743  
-0.4681423868  
0.3118981398  
-0.8111449789  
-0.9431213459  
-0.1752672694  
0.2372266692  
0.6414712817  
0.2069315881  
0.5918456063  
-0.2504103322  
0.6642606965  
0.8709456588  
-0.9282138633  
-0.9238885769  
1.083143966  
0.1261027655  
1.676689817  
-0.6062254014  
0.9039002465  
-0.01594374049  
0.8113847898  
0.05359659562  
-0.7342466854  
0.5773990176  
1.108328694  
1.665355162  
0.6192836767  
-0.4137406163  
0.387825206  
2.437387633  
1.158925929  
0.0885680825  
-0.07985244806  
2.310295074  
2.003910124  
-1.175732278  
0.6892814413  
3.024722894  
1.029400833  
0.01511002082  
-0.4188836466  
1.691662778  
0.2920213277  
-3.190510567  
-1.296661348  
-0.2942214782  
-0.2610938177  
-1.341668721  
0.2458855118  
-0.1383094538  
-1.580019763  
0.8433900128  
-2.467436085  
0.529672325  
-0.2079264431  
-1.167190744  
-0.477225451  
-1.279547071  
-1.507468656  
-1.430621734  
-0.2536049084  
-1.829701477  
-2.18253806  
-0.2022632541  
0.4981295145  
-0.7314148276  
-0.7984728561  
-2.009190189  
-0.09700393851  
0.8127538622  
-1.246498487  
-1.07548497  
0.5116328267  
-0.4400764095  
0.7784165496  
-2.199430028  
-0.2435838053  
-0.6947762487  
0.01888706223  
-0.9267671437  
-1.008219889  
1.493083223  
0.2085627554  
1.259650888  
0.2617038017  
-0.8532336228  
-0.255643749  
-0.7027279473  
0.315759725  
-0.4323478908  
-0.5101638778  
-0.5734435553  
-0.6183060753  
-0.373739427  
0.484206638  
-0.1055368946  
0.5725918468  
1.858846218  
0.5721061903  
1.625316546  
0.8412861491  
2.414294197  
1.999437566  
0.3755728124  
1.153851716  
-1.067609416  
0.4364108877  
0.08264486653  
1.614484282  
0.07204828749  
-0.2488864367  
0.1792873081  
0.9334501454  
-1.252531161  
-0.4234910726  
1.503293098  
-1.283795644  
0.5213859365  
-0.4261220239  
-1.062962968  
-0.8702693955  
-0.5134529989  
0.5485600046  
0.6794561127  
1.608663939  
1.689233993  
-0.2463443443  
-0.5004422558  
-0.6574191047  
0.03740807809  
0.2715634171  
-0.1534310366  
0.9999686118  
-1.163622067  
-1.533877458  
1.192760926  
-0.2509320357  
-0.9583534935  
0.01600458706  
0.1636575815  
