0.4104867273  
0.2493811245  
0.2458972499  
-0.09087978003  
0.03631226986  
0.2353277455  
0.1474735601  
-0.1647072376  
-0.2284045506  
-0.2897099718  
-0.6145250703  
0.3526838487  
0.3542332831  
-0.3888626978  
-0.3095947367  
-0.3324916781  
-0.5028306098  
-0.7480267961  
-0.8017146835  
-0.7734838153  
-0.7747277122  
-1.075928344  
1.857863178  
2.274828427  
0.628826628  
-0.2147242012  
-0.4196353015  
-1.122586754  
-0.7497597226  
-1.038479998  
-1.103460033  
-0.4935793209  
2.813742576  
3.798200207  
-0.6757686639  
-1.031640947  
-1.542956578  
-1.019318656  
-1.200396217  
0.02222892443  
-0.1866493772  
1.126592712  
0.5925007431  
0.4880253764  
2.460398109  
2.794691688  
1.52009838  
0.6278298436  
0.4093631652  
1.047600702  
2.513721669  
1.696407347  
0.2417252213  
0.4000969966  
1.241301629  
1.573533853  
2.27455714  
2.978405623  
2.46145574  
-0.2711695244  
-1.125255925  
-0.8918532193  
-1.219173618  
-1.796973282  
-0.290944277  
-1.715045979  
-1.146657391  
-1.611596952  
-1.510562942  
-1.254153518  
-1.2104632  
-1.193640088  
-1.837843526  
-0.9777428362  
-1.559267878  
-1.370562347  
-0.3643234368  
-1.034879206  
-1.510201042  
-0.1289848595  
-1.733436299  
-1.760248746  
-1.447623792  
-1.709480553  
-1.820817686  
0.131481333  
0.5597327446  
0.3447574713  
1.106093243  
-0.09247328837  
0.1394884279  
1.019041377  
0.5052578906  
0.09913242734  
1.072238207  
1.659039466  
1.074681629  
2.463644788  
1.896037694  
0.5873781661  
0.7133947781  
1.535203731  
1.670843541  
1.162392723  
1.342700529  
0.7352591884  
-0.4449103865  
-0.5870689688  
-1.100784648  
1.659146579  
0.04986505986  
0.2240856692  
1.018180869  
0.950408138  
2.048065946  
1.693581717  
-0.8909958847  
-1.225543762  
0.1811765553  
-0.7427305441  
-0.2359658368  
-0.008552668792  
-0.6031015998  
0.3002661068  
-1.2448698  
-1.811855566  
-0.3087892627  
-0.2610030958  
-1.194695971  
-1.155059441  
-0.8617254667  
-1.622532109  
-1.705198219  
-1.574371299  
-1.580691077  
-1.751761006  
-0.2959233885  
1.014371191  
0.5552194814  
0.8966779086  
1.675403696  
0.4662645508  
0.1672115165  
0.3984106385  
0.4067338809  
2.351608292  
2.885890191  
2.286153187  
0.5103169098  
-1.234533814  
-0.08806219556  
-1.113067192  
-0.9087050421  
0.1091449503  
-0.2949799336  
-1.364273811  
-1.630958999  
-1.269071705  
-1.501817013  
-1.68410281  
-1.374787012  
-1.484192811  
-0.5296746976  
0.276402363  
-0.3969415929  
-0.07958026608  
-0.0521133688  
2.063627563  
1.571502167  
2.314433384  
3.141600875  
3.970335795  
2.155756814  
-0.1100102805  
-0.1216127712  
-0.2820236226  
-1.039355458  
-0.1629953273  
0.3408480419  
0.07163116251  
0.602109496  
-0.458979114  
-0.5865595223  
-1.09497882  
0.6134993242  
-0.04578462044  
-0.03903517184  
-0.6958834581  
-1.118267356  
0.2575203566  
0.585839469  
0.4854768573  
1.587145128  
-0.4409402811  
-0.9592677075  
-0.1605438489  
-0.7759612256  
-1.003037269  
-0.05400915684  
-0.8664800634  
-0.4249995636  
-0.2629901755  
-0.8498739597  
0.06069309991  
-0.5570038548  
-0.7070778262  
0.2391211073  
-0.2500869352  
-0.5841647133  
0.7125483129  
-0.5437567075  
-0.2500338035  
0.2803365349  
-0.5147063619  
0.01072230468  
0.04356511234  
-0.2430490178  
-0.6074005069  
-0.6677922335  
-0.5272624925  
-0.5449066598  
-0.7265037532  
-0.5578150658  
-0.6910745607  
-0.4550067273  
-0.3455158261  
-0.635005645  
-0.5450616785  
0.4919411962  
0.1325582493  
0.2276546174  
0.4134644505  
-0.3177814825  
-0.4133655184  
-0.2884167598  
-0.4131638121  
-0.5319784134  
1.260347203  
1.011658993  
-0.312757107  
-0.3342036472  
0.5967830476  
-0.161104552  
-0.5310641046  
-0.4893398278  
-0.5756046697  
-0.588235596  
-0.6466801944  
-0.5961096631  
-0.3387161929  
2.175758809  
1.017015649  
0.4792199963  
-0.09599311842  
0.3725329781  
-0.1492082538  
-0.5250670432  
-0.395363527  
-0.4987688302  
0.3945184282  
1.486754754  
0.01141858501  
-0.3958701759  
-0.6942276987  
-0.5176510446  
-0.4313916631  
-0.7363356538  
-0.5613108596  
-0.6517218634  
-0.6352705107  
-0.5486028607  
-0.5247481215  
-0.4531415834  
-0.5094468154  
-0.01395301105  
-0.6519328013  
-0.5063534802  
-0.6791891149  
-0.6639105577  
-1.024253734  
-0.6635160916  
0.9897132732  
3.128801419  
1.907035286  
0.6481331715  
0.1776802915  
1.08649204  
1.453705226  
0.9633595408  
0.07112093406  
-0.4958235102  
1.359747835  
2.474200555  
0.5910794297  
0.4507887091  
-0.1480952274  
-0.04274154116  
-0.06466563674  
-0.3309585135  
-0.01787844195  
-0.7164925597  
-0.5293837594  
-0.4563705417  
-0.501920193  
-0.6585984097  
-0.5025084672  
-0.7041007639  
0.3500981948  
-0.363765075  
-0.4355812204  
-0.5527088332  
-0.4858262325  
-0.4897060856  
-0.4956285058  
-0.3136494487  
-0.4388032123  
-0.4886633172  
-0.0693704852  
-0.03467795471  
-0.3406629078  
-0.1717658569  
-0.27050806  
-0.3361948394  
-0.678976965  
-0.4810521981  
-0.4768782562  
-0.3877085042  
-0.4675648105  
-0.3389193561  
-0.6202225609  
0.401989539  
-0.2876463009  
0.4476243283  
-0.2558371262  
-0.6522664539  
1.685561944  
1.361806165  
0.6349591695  
-0.4771459997  
-0.241193883  
0.3477443179  
-0.3932222063  
0.01443386377  
0.8235217175  
-0.1259553624  
-0.6140951615  
-0.3349070813  
0.9500209391  
-0.1278021888  
-0.5169592535  
-0.6051080284  
-0.5560287583  
-0.3087650936  
1.249064726  
1.288629879  
0.4477771575  
-0.2604046381  
0.5145105976  
0.5337112277  
-0.03017966976  
0.7068081336  
-0.6175126089  
-0.1341222869  
0.603627219  
-0.1561851793  
-0.3055454864  
-0.4482404908  
-0.2830818178  
-0.3154564088  
-0.4876760818  
-0.2924207812  
-0.09985957148  
0.6285789096  
0.7170586081  
0.9060880359  
-0.1305608643  
-0.2266726943  
-0.3036131144  
-0.6246617101  
-0.4749279043  
-0.1526780565  
0.6306209128  
-0.3945210275  
-0.2053891667  
-0.1816092778  
-0.3785129138  
-0.3663551948  
-0.2860569017  
-0.2436954677  
-0.2561743403  
-0.3241012568  
-0.382220743  
-0.2335535725  
-0.4247625076  
-0.2527483888  
-0.5490757213  
-0.3186204172  
-0.3524837658  
-0.3405694592  
-0.3828704069  
-0.3486534331  
-0.3761228269  
-0.1683394789  
-0.3443631566  
-0.3476594274  
-0.3722150589  
-0.4440552483  
-0.4088642503  
-0.2661790934  
-0.4080480715  
-0.4212493512  
1.055238976  
0.6601219505  
-0.1111413843  
-0.4049006572  
-0.8249011704  
-0.6387925858  
-0.4427612315  
-0.6444825243  
-0.6510817974  
-0.6903241133  
-0.6973715279  
-0.7609599022  
0.06624389836  
-0.5457444845  
-0.3827803888  
0.4304142196  
0.1042720865  
-0.6773507705  
0.3204398153  
0.2442163033  
-0.493057976  
0.4093776158  
0.1348446142  
0.373091599  
0.41763251  
0.615999323  
0.519105158  
0.6031362803  
0.6451589696  
0.1087108381  
-0.4293017368  
0.651480411  
1.167027047  
1.021701977  
0.4242710504  
-0.1866636684  
0.4455389852  
1.309649097  
1.342021824  
1.410268032  
0.7379933808  
1.139963288  
1.897409703  
0.9116904974  
0.7781374789  
0.4175252434  
0.3751566828  
-0.6011110976  
-0.8669253972  
0.1606094101  
-0.2191441706  
-0.2162853135  
-0.999429342  
-1.056029032  
-0.9094582872  
-1.096603845  
-1.07975316  
-0.9068365461  
-0.7185664417  
-0.8191932553  
-0.8478959998  
-0.6278636133  
-0.4954807246  
-0.5430184888  
-0.9529578415  
-1.146252086  
-1.23147685  
-1.004719696  
-1.063394749  
-1.088899399  
-0.9050691029  
-0.4651431272  
-0.588332005  
0.2807302988  
1.212156032  
0.7815934051  
-0.5700005382  
-0.3325421855  
-0.447176089  
-0.3096093964  
1.019520551  
1.841658525  
0.734747951  
0.1530225608  
-0.1247036806  
0.3591454368  
0.7396557294  
0.5292496654  
-0.2261861889  
0.5828525507  
2.026130027  
1.782452014  
0.03350107833  
0.3296225694  
0.73874634  
1.4081237  
0.8568390095  
0.1628628944  
-0.1398504499  
0.6388156476  
0.7380362857  
1.738208297  
1.229793555  
1.251663174  
0.7678763611  
-0.3184709059  
-0.3460856864  
-0.3943049318  
-0.5078573409  
-0.180523651  
-0.2618133397  
-0.1222755887  
0.09481988421  
-0.2206894977  
1.077444681  
1.854159023  
1.791784493  
1.332268779  
0.8281993613  
0.5383047043  
0.5008268248  
1.10888217  
0.836495199  
0.6165525599  
1.471592752  
1.524185855  
3.300983111  
2.882987186  
3.290281948  
2.519483663  
2.778962527  
2.675251479  
0.7720851334  
-0.7733775688  
-2.047346168  
-2.281049185  
-2.313762638  
-2.319644006  
-1.180604238  
-1.352449249  
-1.965204535  
-1.614992466  
-1.516611676  
-1.612884977  
-1.135858195  
-0.4131303036  
-0.9759229672  
-1.087357507  
-0.9885113734  
-0.9562409023  
-0.4729954706  
0.1713052653  
0.2566182278  
1.07783022e-05  
0.0553870738  
-0.2886857403  
-0.308306664  
-0.4070425798  
-0.2749999415  
-0.323979861  
-0.4939289051  
-0.3827554465  
0.5493948512  
0.211269067  
0.4663125305  
0.2495965264  
0.3850982116  
0.9552813235  
-0.002540974592  
0.3113928349  
0.2652264927  
0.03299134357  
0.07697085492  
0.351692847  
0.3059160814  
