0.3869934324  
0.02973296596  
-0.2170207585  
-0.270781724  
0.03324929197  
0.7358934826  
0.1991376835  
-0.04611093235  
-0.06695176787  
0.3082828054  
-0.2987573444  
-0.1003681168  
0.4981463824  
-0.01993166694  
0.008699076002  
-0.5503705459  
-0.4816550249  
-0.8947333874  
-0.4140193655  
-0.4790051479  
-0.452712081  
-0.7153678283  
0.03275484166  
0.5176829511  
2.359434029  
-0.1319667155  
0.07143396964  
-0.2869054401  
-0.1827083242  
-0.1880998166  
0.07010215315  
-0.2241367323  
0.09730513776  
2.320769689  
0.6245875121  
-0.5362109618  
-0.5751811434  
-0.8556132576  
-0.5528550687  
0.1012782974  
0.05273225916  
0.08539405697  
0.4174207364  
0.1779862158  
1.612529414  
1.297983013  
1.237901209  
0.6285660281  
0.3893593449  
0.8079929492  
0.9500296242  
0.8008241984  
0.1400987304  
-0.669989857  
0.2394360245  
1.67870321  
1.207591006  
-0.05614601905  
-0.1062755486  
0.4650595144  
-0.345451515  
-0.9045898186  
-0.4041255315  
-1.142579307  
0.111420462  
-0.5189920462  
-0.9736629647  
-0.9441339435  
-0.6407692568  
-0.3578921291  
-2.018475609  
-0.3907427472  
-1.045253904  
-1.150948942  
-0.9151208723  
-0.759779416  
-0.5451874182  
0.5433810967  
-0.4032302154  
-0.2046041259  
-1.504630622  
-1.67974721  
-1.195816381  
-1.384071973  
-1.578253884  
-1.145571938  
-0.2375868837  
0.8164619686  
1.033831755  
-0.03754630995  
-0.2627335332  
0.9720519174  
0.2188981872  
-0.2343093935  
-1.337491273  
-0.7076351024  
0.5573653697  
1.8596326  
2.292725062  
0.6364235124  
0.3829684415  
0.415689329  
0.4100436251  
-0.1592161335  
2.070345682  
1.47631534  
0.175463306  
-0.3954325667  
-0.8123124175  
1.062666461  
0.6145540343  
1.027176026  
-0.2181088156  
0.1370404914  
0.3852597248  
2.601994703  
0.7227911356  
-0.6799126068  
1.086706794  
0.9288825823  
0.184536851  
1.640191532  
0.5819017647  
0.8794065297  
0.6982692179  
-0.822187794  
-0.3201031831  
1.197863724  
-0.9307587119  
-1.621082638  
-0.6715668185  
-1.536257987  
-1.78656599  
-1.624579794  
-1.618412317  
-1.433974788  
-0.7253570181  
1.149647717  
1.739522172  
1.683950346  
1.898867041  
0.2278000624  
0.7489648301  
0.2761731501  
1.086344916  
0.5770845759  
1.064101705  
1.567164523  
0.9486103931  
-0.9636965688  
0.3704393517  
-0.8232808085  
-0.8810895953  
0.6088555004  
0.3142855683  
-1.202674039  
-2.051695249  
-1.399838626  
-1.493941138  
-1.615885677  
-1.856459541  
-1.373165101  
-0.2826918862  
0.5147490674  
0.1985522675  
-0.9500587124  
0.1673653067  
2.242547894  
0.3742514313  
1.500921861  
2.08067579  
3.029656428  
3.225038225  
0.6972474447  
0.09434462387  
-0.1470369817  
-1.082258677  
0.3966259006  
0.6199142278  
0.9377003715  
1.072691444  
0.07465463574  
-0.8312585782  
-0.4705573205  
0.609165324  
0.5745451291  
-0.2465110868  
-0.3454629471  
-1.017539842  
0.3144605816  
1.679962884  
1.408725028  
1.939548123  
0.610278085  
-0.7105415409  
-0.5681499573  
-0.9083498594  
-1.617416647  
-0.1540441146  
-1.029728506  
-0.762617731  
-0.06511423741  
-0.520149444  
-0.0439124604  
-0.4650478184  
-0.8346128763  
0.2531685992  
-0.3734048778  
0.02769526232  
0.9062753655  
0.1328242692  
-0.03653766145  
0.362194744  
-0.1556503431  
0.5906265099  
0.1380756107  
-0.2569074311  
-0.3811427037  
-0.3287260345  
-0.3812449104  
-0.7764139008  
-1.330755042  
-1.293799187  
-1.263706535  
-1.022973124  
-0.8018892171  
-0.9204071231  
-0.5213026069  
0.3905818384  
0.1886798408  
-0.05746643055  
0.3733102819  
-0.6218225626  
-0.492794006  
-0.4889800202  
-0.5067252326  
-0.3777048601  
1.550384489  
1.803434152  
0.2113383958  
-0.06715292391  
0.6505571067  
0.1738545984  
-0.8098830104  
-0.3937980631  
-0.957709821  
-0.8777920189  
-0.8573499378  
-0.8800199231  
-0.2812314844  
2.78517557  
2.660079241  
0.7011647822  
0.4504444135  
-0.2512733465  
-0.9369902822  
-0.4116501662  
0.3476462222  
-0.3647833115  
0.3743084823  
1.615286616  
0.5857530632  
-0.1141753443  
-0.6490831203  
-0.6624520774  
-0.8819224119  
-1.014767034  
-0.5349922079  
-0.3381998295  
-0.9989641621  
-0.2733782325  
-0.7495170225  
-0.7152499325  
-0.4843274958  
0.06102843232  
-0.3055655851  
-0.673264018  
-0.7587596713  
-0.8392748789  
-1.060803823  
-0.7017825801  
1.159786389  
3.496834302  
2.570567428  
0.5288731172  
-0.5680271089  
0.8179922949  
2.199260112  
2.032620925  
0.5573274549  
0.0440157066  
2.19834456  
2.383573348  
0.9944667615  
0.4271620537  
0.2072987539  
-0.5406464391  
-0.07634725857  
-0.4728082463  
-0.08655380147  
-0.3151176245  
-0.9133545707  
-0.2418296354  
-0.6939353402  
-0.7884777279  
-0.806727269  
-0.734663564  
0.4672044442  
-0.4358909708  
-0.8119747899  
-0.8340710047  
-0.08686890292  
-0.4145750543  
-1.173523349  
-0.2851688841  
-0.5940464934  
-0.6578667637  
0.3110946122  
-0.06817569929  
-0.2800490785  
-0.3817884682  
-0.2201048829  
-0.5181916748  
-0.652091438  
-0.3447900211  
-0.399533738  
-0.5094087547  
-0.3037534558  
0.1722401784  
-0.8434336869  
-0.01690764707  
-0.4265114376  
0.2408951265  
-0.1617078603  
-0.3366394218  
1.706027478  
2.669726457  
0.9297048624  
-0.1357480851  
-0.2609214568  
0.428938144  
-0.5131218913  
0.2395850933  
1.077317392  
0.320007843  
-0.3581820966  
0.3304894513  
1.450460228  
0.4630470051  
-0.6420943758  
-0.9119465122  
-0.4866949311  
-0.8179854253  
0.9636485097  
1.894188667  
1.013584451  
0.2321956245  
0.6621664365  
1.135894192  
0.4462542134  
-0.02808738324  
-0.7246057986  
0.3034145421  
0.4199484912  
0.451850911  
-0.5825003648  
-0.3924818523  
-0.3294039003  
-0.5139052032  
-0.5159631006  
-0.5856647493  
-0.0603767891  
0.5418044863  
0.4034044645  
1.044987319  
-0.203318414  
-0.4808116406  
-0.5817772107  
-0.7056931367  
-0.3049447326  
-0.1908133029  
1.007329003  
0.6246208469  
0.2817264833  
-0.2494611146  
0.005591781285  
-0.7829597181  
-0.1267315126  
-0.6789039539  
-0.3706297324  
-0.3867079092  
-0.9236667478  
-0.4359571596  
-0.4257374763  
-0.2675276648  
-0.7986022995  
-0.9060218321  
-0.5403244974  
-0.2261512034  
-0.3884574193  
-0.3939802577  
-0.8028500512  
0.121722077  
-0.5460203989  
-0.4432928823  
-0.4795427941  
-0.5533330222  
-0.6217968637  
-0.2593073262  
-0.7628077608  
-0.2088611238  
2.061658218  
0.6363658343  
-0.4361591379  
-0.4459403213  
-0.350110488  
-1.077124897  
-1.069560063  
-0.6725627765  
-0.9025498661  
-1.489086583  
-1.017166439  
-0.5518761831  
0.4360517534  
-0.3008736205  
-0.03928091223  
0.7995182606  
0.6041780901  
-0.3216440954  
0.4304916472  
0.2964346669  
-0.5585390916  
0.6933086728  
-0.1012065755  
0.3116834747  
0.8443404675  
0.5250116232  
0.8179552586  
0.6603121472  
0.9444988106  
0.245604812  
-0.8292199135  
0.7179332514  
1.826153788  
2.208737804  
0.2653741423  
0.3413705092  
0.2364651788  
2.464274631  
1.998319507  
2.101430167  
0.8737135411  
1.582971078  
2.475654248  
1.507504496  
1.218691106  
0.9947311804  
0.504541418  
-0.0607212454  
-1.244286331  
-0.1147634942  
-0.3957805799  
-0.2739796922  
-0.709861631  
-1.171841508  
-0.7449272472  
-1.050299124  
-1.109787448  
-1.022361538  
-1.137459939  
-1.202100067  
-0.8582191332  
-0.6553940013  
-0.6554751945  
-0.6966475251  
-0.6465874008  
-1.104461618  
-1.10162935  
-1.361464244  
-1.109479728  
-0.9028127171  
-1.704453334  
-1.183824451  
-1.151739049  
1.167986841  
1.730716178  
0.9166977294  
-0.4693167739  
-0.9559955025  
-1.123155782  
-1.117923942  
0.2888482745  
1.668489512  
0.9035248289  
0.08178752726  
-0.001160592548  
0.5508768256  
0.1141639335  
0.1854441041  
-0.006446702241  
0.7573001665  
1.780057739  
1.984755631  
-0.2933015642  
-0.5260638721  
0.9517413751  
1.135590014  
0.6888029568  
-0.357132581  
-0.1951244335  
0.1775413294  
0.8519218244  
1.723566223  
0.5179432229  
0.4914789949  
-0.3912704044  
-1.144183579  
-1.239549079  
-1.692391859  
-2.071747874  
-1.230971186  
-1.717625987  
-2.0883051  
-1.704495645  
-1.995448126  
-0.4463115131  
-0.3033555065  
0.06035247345  
-0.1097403328  
-1.70925692  
-2.187318323  
-2.812123151  
-1.130889953  
-1.931521154  
-2.482496388  
-2.091953303  
-1.374209305  
1.030734381  
-0.237604324  
-0.5059754999  
-0.7764807117  
-0.7669418123  
-0.8995151413  
1.4103146  
3.960311565  
1.713565533  
1.38566891  
0.3788783178  
1.307658846  
2.317768328  
2.130935467  
0.8470755722  
1.254545287  
0.7680929625  
0.3080720751  
1.76675948  
1.725887291  
0.8282521204  
0.8572081749  
0.3486826992  
0.503321884  
0.6374045701  
1.587823548  
1.892586213  
0.9085919805  
1.119663765  
0.3922417452  
0.2267971046  
0.1419042068  
-0.02865460038  
-0.2499388441  
-1.111883278  
-1.038099494  
-0.09199521967  
-0.561868944  
-0.3398513807  
0.04078348074  
-0.2275977466  
0.5254288054  
-0.6805880892  
-0.5536958482  
-0.226659332  
-0.2785980658  
-0.5882448045  
-1.023836289  
-0.7414876247  
