-0.2113827245  
-0.9404279272  
-0.00480980753  
-0.07136478141  
0.2220355407  
-1.354044462  
0.1297760275  
0.292351007  
0.5984806097  
-0.5581827294  
-0.03754147894  
1.804463885  
0.7234591711  
-0.4775054207  
0.4749227088  
0.6811516783  
1.241800093  
-0.1565375957  
0.6199444961  
-0.01637984274  
0.1000249837  
0.7207775617  
-0.4847196339  
-2.46669894  
-0.4780389121  
0.0523102149  
0.7261827146  
-0.4780083797  
-0.02155913773  
0.2009663808  
0.3074309227  
0.6619670982  
1.166511765  
-5.037306143  
-0.1257268725  
0.2423586212  
2.25904015  
0.6955993048  
0.9905636761  
0.4864462704  
-0.1211072017  
-0.1656806952  
-0.5119604473  
-0.1627474741  
0.10058508  
-1.875184  
-1.571864591  
0.04184475222  
-1.007046696  
-1.980942399  
-1.341238099  
-2.037533571  
-0.3001536782  
-1.088323974  
0.134871003  
-1.450864854  
-1.563594141  
-2.226122183  
-2.584436961  
-1.395159776  
0.4734588013  
1.859197024  
0.7758344595  
1.262706766  
-0.3285060881  
1.312220746  
0.4548235471  
1.51994408  
0.6486607636  
1.411059755  
2.617643543  
-0.04112879593  
1.97367314  
1.185038376  
1.355545143  
0.518002884  
-0.4583265085  
0.4760494639  
1.745311456  
1.036025167  
0.7054255207  
0.2152301738  
1.535959504  
1.429277026  
1.177710076  
1.047424884  
-1.291771416  
-1.280793715  
-0.967740413  
-1.542928364  
0.8303489974  
-0.4166086493  
-1.332393634  
0.3839568193  
0.2613134242  
-1.09884336  
-1.574670912  
-3.03507385  
0.7300107038  
-0.05673459376  
0.7651132453  
0.3218175439  
-1.413878244  
-1.752737312  
-0.9742320572  
-0.3650771422  
-1.467940681  
-0.8427200106  
0.6962854397  
-0.8536944806  
0.1593147819  
-0.2798938717  
-0.7342087962  
-2.662968106  
-2.314598099  
-1.612883918  
0.814516414  
1.94869474  
-0.9282037003  
0.2921773936  
0.5777987784  
-0.8908937235  
0.8833830206  
-0.128141265  
0.7739400736  
1.286659937  
0.2099218012  
-1.460406601  
2.108423606  
0.9467784165  
1.69183537  
0.9565531707  
1.466292558  
1.632554615  
1.040482298  
1.339742653  
1.209815005  
-0.1773158102  
-1.741030201  
-0.4267750575  
-0.6003268333  
-0.6715113318  
-1.583278853  
-1.712361696  
0.4666272097  
0.9245703661  
-0.6940657924  
-0.1754052785  
-0.84493977  
1.352978326  
1.409296246  
0.5742116995  
1.936591316  
-0.0925996421  
-1.262597051  
0.8503563288  
0.1421654159  
1.702967935  
1.02023152  
1.66607656  
0.9069259655  
2.066804721  
0.04385746589  
-0.7568003636  
-0.861109446  
-0.4928298702  
-0.2736311819  
-1.002352203  
-1.721384247  
-2.82249775  
-2.875950374  
-4.014934435  
-2.758128932  
0.318639057  
1.056956611  
0.6383731346  
0.3703089415  
-0.4657304988  
-0.110241196  
-1.518654494  
-1.30814198  
1.622354455  
0.07067237601  
1.457013317  
0.5620553215  
-0.8683720982  
-1.364495817  
0.7376008445  
2.048509282  
1.06438489  
-1.876585941  
-0.7299517344  
-1.340462703  
0.2943825885  
1.314055789  
0.1353818121  
1.347506273  
1.356336225  
0.4054554187  
1.159910092  
0.09995286186  
-0.9366508606  
-0.4409094665  
-0.8126619378  
1.068467562  
0.4310365508  
0.4571123841  
0.8716301984  
0.6650263218  
0.7656364902  
0.3935400368  
1.291514015  
-0.5602995775  
0.9399801978  
-0.6293827735  
-0.9647563693  
0.1056419609  
-0.3658555567  
0.03496553461  
-1.365100612  
-0.4527871647  
-0.07925214359  
1.07636453  
0.5405976659  
1.78882165  
1.889655622  
-0.2399244235  
1.061797215  
0.4473205021  
0.1504813263  
0.870699886  
-1.361562569  
-0.1970012604  
-0.3713268256  
0.2182686579  
1.036151294  
2.064330064  
-1.960964782  
-2.205455441  
-0.7256263008  
-0.9213536117  
-0.6383872385  
-0.1073195668  
0.9083978239  
0.7428619154  
0.7142124803  
1.656747908  
0.9669991179  
1.209357155  
1.343798555  
-1.210020321  
-0.9863301298  
0.06225071041  
-0.02282723727  
-0.5523799971  
-0.5091569333  
0.1102821675  
-0.1555587694  
0.6654364645  
-0.963754735  
0.03552052498  
0.06021644381  
0.05413095385  
0.6051537205  
-0.09064044308  
1.562023855  
-0.5861232606  
-0.7435230503  
0.847450382  
1.088008401  
0.5701894203  
0.5235820179  
0.2857708196  
0.5553393491  
0.503152916  
0.3306902741  
0.166649899  
-0.3757654262  
0.4222684888  
1.048351954  
1.537281288  
-0.3832024295  
-1.200889368  
-0.9890457276  
-0.7071376867  
-1.322068437  
-1.267662869  
-0.381333817  
-1.367660504  
-0.3868338856  
-0.7433418672  
-0.1792812221  
-1.459171478  
-0.5667326188  
-0.8074140325  
-0.3039071403  
0.4915637588  
-1.547311174  
-0.424475215  
0.02515550267  
1.011774649  
0.4223363572  
-0.4776133442  
-1.04633647  
0.1689675274  
0.8989196293  
0.2587013695  
0.3483266334  
0.1459893509  
1.483933595  
0.4940279987  
-0.5233023618  
1.004861719  
0.2373062967  
0.3873753468  
0.8132546898  
0.685072101  
0.9504700897  
-0.05383566752  
0.4099900237  
-0.2351294979  
1.291936943  
-0.1448280317  
-0.8521889515  
0.6594329326  
0.4483782947  
0.4496425371  
-0.3048579945  
-0.3012108508  
0.5120571994  
-0.521748385  
0.7913374254  
0.3805636642  
1.539561584  
1.429140821  
-1.893762315  
-2.127867484  
0.1102488445  
0.5300264759  
1.92923504  
-0.4311930081  
1.483757136  
-0.9986812298  
-0.9504346619  
-0.1278983731  
-0.2094922152  
-0.01844440126  
-1.165281914  
-0.3568925283  
0.03591278062  
0.3984942564  
1.556864981  
0.126834645  
-0.313123883  
-1.098962144  
-0.4356002642  
-0.1830900275  
-0.467249963  
-1.535194592  
-1.243846111  
0.1771754449  
1.600625306  
0.3174241833  
-1.306286557  
0.7713109864  
0.7307966451  
0.73734633  
-0.9314566038  
-0.1401033686  
0.4118005073  
-0.110292319  
0.2466531165  
0.4048596322  
-0.1660777878  
-0.3697600175  
-0.4972741864  
-0.8700071999  
-0.6911528526  
-0.2197232431  
0.1359389652  
0.775186268  
-0.002760903995  
0.7607786072  
-0.4714536686  
0.7202962379  
0.6886265269  
0.8533257538  
-0.9725477379  
-0.1382465005  
-0.1979995066  
0.1666497475  
0.2717460512  
-0.1023543994  
0.2583331389  
0.3511023382  
0.09120389483  
-1.366229826  
-0.1593767076  
-0.1028816847  
0.4969220905  
0.2511804236  
-0.2491234974  
0.3510617026  
0.8952257825  
0.3221496985  
0.2188067876  
-0.09477523221  
0.9190765366  
0.3605960084  
0.07732351516  
-0.1944115033  
-0.2694600107  
-0.4480962434  
0.8573115548  
0.1351429219  
-0.3606874804  
1.991673011  
0.5221928149  
0.8710533237  
1.491098445  
0.5217880253  
0.2498074142  
0.1239380483  
-0.4496427888  
0.3728430064  
-0.951528277  
-0.5502934551  
0.0475242449  
0.04485585579  
0.8845375133  
-1.174673774  
1.924133456  
-0.05025071732  
0.1911165539  
-0.3715688189  
-0.1439960239  
0.09838932216  
-0.765484581  
-0.1302470376  
-0.5748197506  
-0.6893182371  
-0.4987389047  
-0.9774990704  
-1.418081301  
-0.6145621724  
-0.01909442379  
0.7895012042  
-0.9457580583  
-0.2381114785  
0.4675215705  
-1.524862444  
0.1747079855  
-1.368293951  
0.8950825795  
0.268422383  
0.4080971356  
-0.3260121374  
-0.7110730942  
-0.3457592755  
1.112242383  
-0.4239129991  
0.3454446726  
-0.1948339807  
0.7030713766  
0.05477187343  
0.6253694793  
0.9709642406  
0.7937354857  
0.6671824284  
-0.2700820948  
0.221418152  
0.6478780379  
-0.07364135565  
-1.031345359  
0.468521805  
0.761902298  
0.1314982267  
0.6160290049  
0.4829327416  
-0.1561629671  
0.3418585193  
0.4803584874  
-0.9165521385  
-0.1800154422  
0.7636557498  
-0.6089283195  
-0.04026147398  
-0.5844867476  
-0.1330989753  
-0.7575500581  
0.8081831483  
2.589412  
-0.729569204  
-1.479390852  
-0.2708200215  
-1.089091743  
0.2446271416  
0.5512387636  
-0.2117564426  
0.4919842394  
-0.1819869205  
0.3513919671  
0.2311379579  
-0.08984236533  
-0.4030971977  
0.3326973585  
-0.7694860733  
0.02260564425  
-1.598022588  
-0.3206400834  
-0.3376923386  
0.4439986596  
-1.470646593  
-1.49998223  
-0.7120059634  
-0.8476105298  
-1.21182913  
0.6445982068  
0.3811828705  
0.2884359009  
-0.5556736143  
1.181390197  
-0.1118880338  
-0.03995765528  
0.1816371761  
-1.353455426  
-1.134985137  
-1.364796379  
-0.298108657  
-0.1848013659  
0.2249685465  
-0.2326545213  
-0.2297621757  
0.2565999766  
-0.7339400928  
-0.8756304353  
-1.337008734  
-0.8875842729  
-2.292386823  
-2.861780132  
-1.306781032  
-1.445416695  
-1.64979238  
-0.200820699  
0.7963368675  
1.30646224  
1.80996072  
0.2168773215  
0.6418082241  
0.6650538305  
0.6816903364  
1.194698231  
1.096174396  
1.80798746  
-0.4722440308  
1.105353823  
1.537221823  
1.358465584  
1.220388317  
0.5807924823  
0.8446363084  
-0.3139786831  
0.4708897277  
0.1712932113  
0.7088540663  
-0.5566883555  
-0.05889884445  
0.996545965  
-0.1626812084  
0.4730783767  
0.02790090955  
0.8842808207  
-0.1044213379  
0.06621261557  
0.5210601619  
-0.254029438  
0.8385193386  
-0.4496689654  
-0.8866665255  
-0.007414367426  
-1.421562309  
-0.706272419  
0.4801565549  
-0.7759761618  
-0.5594581709  
-0.2932436585  
