-1.276964135  
0.9185523041  
1.337050418  
-2.142741755  
1.877785419  
0.03150132024  
-0.7322285626  
-0.4418822551  
0.1428163023  
1.203401778  
-0.9493355081  
1.248092963  
-0.8977635085  
0.1979971749  
-0.3258825362  
-0.8828729492  
0.6622647475  
0.1847051995  
0.5154459322  
-0.1203077562  
-0.766905389  
1.631310841  
-0.6809312114  
0.7113802235  
-0.4937616315  
-0.8705978106  
-1.180217765  
-2.516590959  
-0.3505948376  
0.4768233014  
2.530242215  
0.1275579697  
-0.5234726924  
3.296499607  
-0.8015706357  
0.03041603491  
1.679135582  
-1.922296977  
1.824861899  
-0.4238136752  
-1.47757618  
0.4475076227  
-0.8214693302  
-0.2994484008  
-1.11127632  
0.1609789511  
-0.2342664028  
-0.5197512839  
0.3661440777  
0.7297402965  
0.1486220646  
0.272567905  
0.009753011271  
0.818108108  
-1.031143721  
3.745646629  
-1.181942784  
-0.5044183518  
0.3300578446  
2.453944386  
3.343037185  
0.7391528657  
0.8019220083  
-0.173779233  
-0.1068192234  
1.332020514  
-2.736033248  
1.527876506  
-0.9359206422  
1.752618534  
-0.08570692408  
-1.532226486  
1.425980389  
-1.281610783  
1.93743138  
-0.2111877769  
-1.300847727  
0.1461767483  
-0.5622763129  
-0.2461756198  
-1.652726675  
-0.8901026845  
-0.3926993384  
-0.4989346461  
0.3082753377  
-0.9521257244  
-1.3932359  
0.03090712897  
-2.77172957  
0.009902080513  
1.087934799  
0.1066222195  
-1.047907565  
-0.7386533346  
1.245800772  
0.04969435906  
2.578016625  
0.1427390333  
-0.5666840337  
-0.03795009638  
0.9620461215  
1.162682616  
-1.119876501  
0.9448448747  
1.538124104  
-1.62227871  
-1.969699822  
-0.8683453978  
-2.668893498  
-1.976579758  
0.6481676802  
0.3617171351  
-2.012429512  
0.5954743835  
-0.8624893894  
0.2543736011  
-1.547410282  
-0.1591360265  
5.081300205  
0.6903919312  
2.764967482  
-1.816812758  
-2.572532054  
3.58504995  
-1.379922607  
1.042249957  
-0.8226025221  
-0.3025808079  
-0.5245044988  
-1.596073726  
1.258690245  
-1.097457477  
0.6439343125  
2.880642886  
-1.015874621  
-0.3289555212  
0.06258950257  
2.192199144  
1.979125539  
-0.4760136987  
2.087401299  
-1.985085316  
1.357873283  
1.834314079  
-0.3431545036  
3.027220024  
-0.2820209747  
0.3603946372  
-0.1736195161  
1.420965621  
0.1668448942  
-1.284858093  
-1.700036433  
-1.6521999  
-1.49561256  
-0.7720375847  
-0.9316649235  
-1.356301226  
0.002189250758  
-0.3806497008  
0.646046883  
1.039768155  
-0.7118086471  
-0.3035333355  
2.671162387  
-0.477146395  
-2.694225115  
-1.169754486  
-1.055022984  
-0.1113884981  
-1.510487408  
-0.4048892177  
-0.6631242252  
-0.3127425987  
0.9438283218  
-0.433673659  
0.06829818807  
-1.540455618  
0.6203152003  
-0.09500925059  
0.1786027142  
0.8434180904  
-1.311242117  
0.1230386559  
-0.9714909809  
0.2630296247  
0.005815145563  
1.715076317  
2.406204848  
-0.6521338325  
-1.067034334  
-0.0112417808  
-0.7520592479  
1.113294688  
-0.5568389705  
-0.9986727957  
-0.6646296279  
-2.022354677  
1.125888412  
-0.5404005998  
-0.5997560402  
1.055246078  
-0.00307176279  
0.3644588018  
-0.1621582562  
0.1479698752  
4.11193339  
-1.446336251  
2.617877281  
0.8390345371  
-0.7089970881  
3.001704175  
-2.030151754  
2.032952168  
-0.643206572  
-0.1416792105  
1.746249201  
-1.162515926  
1.225926507  
0.447591286  
-0.4444686922  
1.644114377  
-1.590090736  
3.612551408  
-2.007349037  
-0.6214771571  
1.145767563  
-0.03481362003  
-1.376452932  
-1.13477993  
-0.05834509836  
2.034741333  
-0.03600497556  
1.394765205  
-0.561993628  
-0.3298639861  
-0.2383348142  
-0.9671778844  
-0.6912888344  
0.202094381  
-0.6844721232  
0.7245841668  
-1.287196685  
-0.5810454309  
-0.3627071933  
-2.241038697  
-1.477283949  
-0.4401204999  
0.4827411517  
-0.5111960489  
-1.398390929  
-0.4878217682  
-2.513908151  
-0.634150422  
-0.3877311826  
-1.077049152  
1.683372364  
0.3278367911  
-0.5100748146  
0.07173710376  
0.5911724474  
1.19030215  
1.266610235  
-0.3620405945  
-0.7717258596  
0.9903216671  
1.73719158  
1.796853151  
0.9407410467  
1.342013934  
-1.456597057  
1.627132506  
-0.3801672696  
-1.664484736  
1.383145344  
-0.6455788768  
-0.0794506742  
-2.159214942  
-1.44182534  
0.5320214534  
-0.6434450689  
0.02840245112  
-3.262080115  
0.1190449333  
0.200776929  
-1.60451355  
-0.3448566751  
-1.643471897  
1.845133354  
0.3640575427  
-1.604275839  
2.06373871  
-1.430384864  
1.825916189  
-1.834009173  
-0.9068630945  
2.552520438  
-1.637437077  
1.52959817  
-0.5331807185  
-2.550654455  
2.284480129  
1.933043435  
4.577597339  
2.55680966  
1.338286023  
1.593234193  
-0.4652338099  
3.600544292  
-1.013194082  
-0.3745381541  
-0.6783231127  
1.238250551  
-0.4451893222  
0.3797097245  
-0.2487531784  
0.04662177221  
-1.266398309  
1.0237477  
-0.9484970828  
-0.4664416176  
0.2107181017  
-0.6598442372  
1.368776604  
0.03583502081  
0.001150425174  
-0.2111131097  
-3.502128522  
-0.1410344235  
-0.314749457  
-0.2788723119  
0.5439815864  
-0.4765817676  
0.6987502458  
0.6826317194  
0.1252859236  
-0.6067425005  
-0.294948399  
-1.329186394  
1.019765156  
0.2688013986  
-1.243933885  
0.01323492904  
1.817723324  
0.4863831951  
0.8233087568  
0.499192771  
0.2071346281  
0.2687924826  
-0.08119956714  
-0.3069144482  
0.4796308073  
-0.2545420708  
-0.2385741661  
0.8254514502  
-0.443864  
-0.5682337934  
1.530423168  
1.106796272  
-0.1143584822  
-0.8407039297  
-3.222963013  
-0.1295926731  
-0.6361962984  
-1.617337494  
-0.4197250034  
-0.8751326926  
-1.618127186  
-0.9618219723  
-0.7463186972  
-0.1977100206  
-1.221909096  
0.4855987449  
-0.5121878676  
0.3586023314  
0.04748577593  
-1.045062126  
0.3475537641  
0.3493309767  
0.8244521357  
0.7558941075  
-0.1091726236  
0.9347321465  
0.05510347036  
0.1310589695  
0.8317739247  
0.6056306884  
0.9986454799  
0.9860300068  
-0.3442018781  
-0.9236860672  
-0.5227292971  
-0.1771478188  
1.27557071  
1.431674899  
0.892363879  
0.8610359257  
-0.315926814  
0.5064916956  
2.760017369  
1.227291166  
1.267516517  
1.002016056  
1.522753705  
-0.4294812105  
0.1700941478  
-0.2291842228  
0.390920272  
0.1815836133  
0.9397104455  
-0.4847354216  
0.01432623246  
-0.4253154091  
0.3381867951  
0.487986346  
0.4170069226  
-0.2285804129  
-1.14147329  
-1.267807378  
-0.7837753778  
-0.4362674013  
-0.3140392727  
-0.9218550992  
-0.8791415921  
-0.3181489827  
-1.469675419  
-1.503821619  
-0.5908423565  
-1.132688383  
0.07975306244  
1.032330487  
0.5743860677  
-0.1446763983  
0.3874258194  
1.084758924  
0.6416664922  
-0.2034574113  
0.4657694702  
0.1288336212  
0.3703847417  
2.071804045  
0.1939604323  
0.9507838675  
0.9491205836  
-0.3256184959  
-0.5596078575  
0.3326648749  
-0.01805989728  
-1.318878154  
-0.2991976266  
-0.4265757803  
0.0575772367  
-0.3947227951  
-0.2919772397  
-1.377476562  
-1.079003894  
-1.080573865  
-0.1118295171  
-0.2295144923  
0.03182906299  
-0.7038280635  
0.0395060176  
-0.3527756567  
-0.8556933876  
-0.2871363595  
-0.305400501  
0.08890438724  
0.2938918353  
0.5935696007  
-0.2676454504  
-0.2473363187  
-0.02852896034  
-0.3087282405  
-1.028591231  
-1.05981563  
-0.04690338498  
-0.36154369  
-0.8920891532  
-1.337470485  
0.3038781829  
0.5916916527  
0.5899394519  
0.04196037568  
1.784764235  
0.6487777357  
0.1606748509  
0.5375802811  
1.026304396  
-0.9560219343  
-0.1769193031  
-0.3617966429  
0.3709571758  
0.6382678231  
0.2751811003  
0.5980780336  
0.5815215143  
0.7861798696  
-0.1861899681  
0.5040587313  
0.1995768097  
-0.4294364417  
-0.6693490461  
0.7573618812  
-0.1429677224  
-0.6406168184  
-0.8365839063  
-0.5260460457  
-0.0153654433  
-0.3026279824  
-0.3785788937  
-1.145301185  
-0.041481014  
-0.7922300086  
0.1365137788  
-0.7209413298  
-0.5544433372  
0.1766957783  
1.016035416  
0.7900010397  
0.8456727983  
0.2595277383  
1.034652385  
-0.320070789  
-0.6259246988  
0.482283284  
-0.4292618015  
-0.3706064378  
-0.8529754869  
0.437941573  
-0.1934012144  
-1.736383161  
-0.5872677092  
-0.1699314804  
1.166904321  
1.178126524  
0.1888213276  
-0.5543372858  
-0.9981809248  
-0.217190003  
-0.9205705743  
-0.1416533556  
-0.6866025166  
0.1200050047  
-0.1562558594  
1.06587595  
0.7938844232  
2.019089201  
1.091701494  
0.2724005927  
-1.279660494  
0.9038102662  
0.3681043959  
0.1792535603  
0.9320570813  
-0.9325461316  
0.204657773  
0.6024499184  
-0.8954248611  
-0.8144927454  
0.005700832998  
0.64101454  
-0.390130686  
0.991331858  
-0.1729530074  
-0.4829819106  
-0.6673767067  
-0.5395032858  
1.025303496  
-0.08223232051  
-0.9503191662  
0.8132284739  
-0.4955911985  
0.8880231492  
0.5521585679  
0.2264345365  
-0.2726417839  
0.2207685295  
-0.4022906926  
0.1350770476  
-0.0485890825  
-0.03497596973  
0.005038078983  
-0.0442972214  
-0.1737412426  
-1.056747549  
-0.7380225467  
-0.3471733934  
0.4893455536  
0.3599575619  
-0.6016346442  
-0.2052611992  
0.7687144115  
0.7389980272  
-0.987989736  
-0.3131643928  
0.5570290879  
1.186485922  
-0.3910449437  
0.6812146052  
-0.169885899  
-0.3522870535  
0.01305753027  
-0.4758385062  
0.1194777379  
0.1038940005  
0.0278996178  
-1.290324423  
0.5482520743  
1.300652488  
-0.9491647598  
0.8061145887  
0.1045568548  
0.6127338182  
0.5006365387  
0.6861598655  
0.008880298945  
-0.8146808736  
-0.4150489252  
-1.232939632  
-0.2159893786  
0.166767224  
0.6060700452  
-0.0425641408  
-0.2354419449  
0.7511976258  
0.3140671996  
-0.4873625275  
-0.02450121881  
-1.088249215  
-1.33571938  
-1.188290186  
-1.428394317  
-1.613185349  
-0.2874870021  
-0.532672061  
2.406325117  
0.7652949567  
0.05798727376  
-0.2844063487  
-0.3520628517  
-1.246277416  
0.9331471045  
0.161906863  
0.007059361522  
-0.07569030235  
-0.4605526876  
-0.2348604141  
0.1323118981  
-0.2414514082  
-0.3412520452  
0.1094200134  
-0.5078804744  
0.01066903473  
-0.09556399816  
0.1771131799  
-0.2720997171  
-0.01336907338  
-0.1342780731  
0.6906951119  
0.4347779072  
-0.3204418923  
0.304955524  
0.6609996012  
0.5978683701  
0.4872466806  
-0.2612810738  
0.4407816132  
0.1042000761  
-0.05318214984  
0.7011316285  
-0.07037734315  
-0.02267826048  
0.1296388243  
-0.1222099046  
-1.494054194  
1.236306475  
-0.3305599834  
0.817080283  
0.7633505527  
0.07143796029  
-0.5797050024  
0.09940346363  
0.2122450374  
-0.2980460877  
0.1152243426  
-0.1706627504  
0.6810426764  
-1.201389695  
-0.9018460263  
0.6697099368  
-0.07934742657  
-0.6671688873  
-0.450792658  
1.206928015  
0.6878973618  
-0.4315758492  
0.2895649804  
-1.02498232  
-0.3344849808  
0.7878036855  
1.209150138  
-0.1484148595  
0.3967140349  
1.077370518  
0.616355096  
-0.01913247825  
-0.6445527821  
-0.6782853333  
-0.3682331569  
0.5799771258  
-0.6148424116  
0.813673635  
-0.5813221168  
-0.01729260386  
0.09521423045  
1.028199369  
-0.501938407  
-0.8688261361  
-0.5672584983  
-0.7363742267  
0.2695889536  
0.401801099  
-0.04905688939  
0.08510049081  
-0.2337516866  
-0.1715946125  
-0.9030755631  
0.3308662825  
-0.0327037731  
-0.3338801085  
0.3362443548  
-1.686423087  
0.223168954  
-0.4259428984  
-0.4666135366  
-0.02401139957  
0.4243815747  
-0.669938645  
-0.878145063  
-0.756258224  
-0.007411353842  
-0.2877105616  
-0.7808050773  
-0.9705802809  
-0.9054992072  
0.3579234895  
0.9189651005  
-0.1289703086  
-0.2443685734  
0.8317497581  
-0.4279893691  
-1.034117714  
1.159924601  
-0.2340663867  
0.4340384304  
-0.6744328726  
-0.4535749904  
0.4444587946  
0.599477721  
1.159351304  
1.268592767  
-0.1648469189  
0.4144640685  
1.240000499  
1.013461371  
0.4417720745  
0.9249310853  
0.173055532  
-0.3435965077  
1.063980284  
0.1117142727  
-0.1965755684  
0.567574062  
0.4449753685  
-0.888878294  
0.5459788063  
0.08047938108  
-0.5966131507  
0.1295566877  
0.8917609222  
1.244420646  
-0.2969973151  
0.6142420104  
-1.178188048  
-0.722661914  
0.6398119435  
0.7778512396  
-0.2775152504  
0.5417854404  
0.3755982246  
0.5779887063  
0.871843717  
-0.1990912847  
-1.485237205  
-0.4683248936  
0.4367296989  
0.9367998576  
0.1410731493  
-0.5192945403  
-0.5563851875  
0.3572487987  
-0.4692627218  
0.05900657436  
-0.4207027864  
-0.5977071133  
-0.618897818  
-0.5546934425  
0.04474447981  
-0.7519281435  
-0.4799451382  
-0.1005978366  
0.3640939598  
0.02272174229  
0.1699401725  
-1.596132556  
-0.1360337336  
0.2167922852  
0.5748800425  
0.9469424668  
-0.3828304005  
-0.3855237843  
0.1048894107  
-0.2202325925  
-0.2671002136  
0.3420346041  
1.282174607  
0.2723555209  
0.2619621063  
-1.030543469  
0.3505622963  
-0.2206228984  
0.3143351537  
0.5049670239  
-0.599620937  
-0.2054582766  
-0.6591464162  
-0.0864348121  
0.009451178514  
-1.183666554  
-0.5418189529  
-0.879587  
0.9749720795  
0.1854120943  
0.2482740901  
0.5207083849  
0.02132106029  
0.00080408589  
0.3916713192  
0.2842324816  
-0.6532417516  
0.5512818373  
0.8822136095  
0.5914456316  
1.297621712  
0.8380552363  
0.3406315758  
0.7384119035  
-0.5288021116  
1.122063096  
0.3217200376  
-0.1009671361  
0.8412829109  
0.03482180392  
-0.8948449193  
-0.5387824092  
-0.01150840356  
-1.337814503  
-1.097390112  
-1.084271815  
-1.350851925  
-0.4434983107  
0.1191243198  
0.2738887611  
-1.221435299  
-0.8652114101  
-1.303695008  
-1.111228913  
-1.526119186  
0.09245258363  
-0.01196779944  
1.158718982  
-0.1242526859  
-0.4911332329  
0.08266502053  
-0.1539124068  
0.06425315752  
-0.4173237167  
0.9469727756  
0.03008185947  
0.4586815476  
-0.99583832  
0.4581670715  
-0.8403217561  
-0.8753187428  
-0.01829679953  
0.2193476017  
1.01414811  
-0.4274507672  
0.4137596433  
0.3737585403  
-0.3004812989  
-0.7053663006  
0.2151506458  
0.08986202568  
0.1568617483  
0.9082179183  
0.06331583946  
-0.3343793971  
0.3553978907  
1.047224365  
-0.6528560733  
1.25761654  
0.9610575786  
0.2025341588  
-0.6969928058  
0.6522548706  
-0.4085257054  
-0.2591961139  
-1.660925252  
1.01880695  
-0.06501283457  
0.2707204712  
-0.3932930791  
-0.1366480516  
-0.1267773744  
0.9099420244  
0.8068140828  
1.177247746  
0.45962647  
-0.4076808242  
1.130299901  
0.2932999149  
0.6765624246  
0.5668907249  
0.04720483096  
0.4485802255  
0.6357604192  
-0.6764014462  
1.239733285  
1.491908123  
0.2051823772  
1.436295904  
0.8187029973  
0.6967814266  
0.8151099501  
-0.01513529771  
0.2780638484  
0.328509861  
1.167794381  
0.7066836218  
-0.5627192976  
0.9568585967  
-0.3970414467  
0.04755103611  
-0.9096567677  
0.6571848322  
0.1821695503  
-0.2855658008  
0.1081478247  
0.3338554167  
-0.3792765002  
-2.260023459  
-1.019632858  
-2.077208361  
-1.971745454  
-1.548924539  
-0.9687136619  
-2.053522122  
-1.244602601  
-0.4563059279  
-0.4539843747  
0.2540085609  
-0.8122148257  
0.9770679377  
-0.2686858585  
0.3723316888  
0.7815710198  
0.6212630043  
0.4606964228  
0.3697037633  
0.5749949765  
0.03076353728  
0.01437998583  
1.326066576  
-0.8866254279  
0.3339538179  
1.937813441  
0.5684336692  
0.4977283219  
0.1352272644  
0.840890451  
-1.3310388  
-0.4249529916  
1.038653354  
-1.088239133  
-1.595704208  
-0.7707610997  
-2.368576865  
0.4166880924  
-1.245290497  
-0.8931779073  
-0.08799387789  
-0.4059670398  
1.350220457  
-1.429369304  
0.911283831  
1.716664299  
-1.265510954  
1.381631853  
-0.8111576103  
-0.04768943407  
-0.3969915558  
0.3024415738  
0.520597629  
0.6190700579  
-0.2190871481  
-1.131622329  
-0.2694576873  
1.778177876  
0.9969502847  
-0.2451143067  
-0.7998264119  
0.175419613  
1.23060563  
1.030658256  
-0.751836957  
0.1034223595  
1.147785852  
-0.6711540732  
0.24435542  
-0.1849228741  
-0.04180227722  
0.9097060807  
0.5015813396  
-0.5985452506  
-1.638603393  
-0.3083046846  
-0.7970571414  
0.5101036019  
-0.4604614501  
0.2306180907  
