-3.822101851  
0.6600695958  
2.001495246  
-1.587248563  
2.788232285  
-0.1892416566  
-1.160102632  
1.865132395  
-1.703387974  
2.020621672  
-0.1658114953  
-0.5434352921  
-0.7519184174  
-1.393665831  
-0.6637655021  
-0.4647292001  
1.177540124  
0.2773081883  
1.355985315  
-1.174619221  
-1.724691063  
1.910821825  
-0.7380741258  
1.249579258  
-0.4823576807  
-0.2887648566  
-0.6597060847  
-0.8610426879  
0.8685399396  
1.041064939  
2.41097229  
2.266598176  
0.6287384321  
4.671598892  
0.3387914573  
0.6892966639  
2.498395491  
-1.03830862  
2.590580886  
-1.896234315  
-3.397020904  
-1.826597853  
-3.066637691  
-2.136622308  
-2.265999335  
-2.729917337  
-3.228635407  
-1.431156847  
-1.994885271  
-2.355422158  
-1.320534381  
-2.287982886  
0.4191608121  
1.995860331  
-0.5899835606  
1.316273179  
-0.1863938995  
-0.7150335494  
0.1717314847  
2.173913309  
4.394850108  
-0.3179250732  
2.683517109  
0.4779850355  
0.2378248461  
1.705042551  
-0.2880647771  
2.619381201  
-0.5991232871  
1.669435997  
0.5793453075  
-1.807185359  
3.130820956  
0.08592624663  
0.4467526894  
2.658028806  
-0.5345667534  
0.619551599  
0.216944335  
-0.429592304  
0.5778735796  
-0.5738875444  
-1.157453157  
-0.7464726968  
-0.005428152914  
-0.607980749  
-1.055618332  
1.441854461  
-1.960769248  
-0.5148345171  
0.2374835966  
-0.1628160319  
-0.07953849461  
-0.3188224801  
1.463673844  
-1.046813063  
1.002590644  
-0.9453140637  
0.4714306373  
-0.2260398656  
-1.167131605  
0.9240708574  
-1.440779466  
0.2265293338  
2.382385286  
0.1761294327  
0.3299989493  
0.05781562248  
-0.4515746175  
-1.430713351  
-1.499933672  
0.250426969  
-1.689009993  
1.123223236  
-1.127223863  
-0.4478945891  
-1.325026495  
-0.7337499681  
4.672758459  
-0.7152559265  
1.038040853  
-0.4948381312  
-2.128023715  
3.048829269  
-0.8365650031  
0.7283817606  
-1.393617361  
-0.6651962914  
1.755429558  
-1.185000993  
2.195143984  
-0.5071939992  
0.8697086093  
0.5907535823  
-2.117822149  
-0.5697169556  
-1.510523194  
1.102117595  
1.375084118  
-1.48577944  
1.127572359  
-0.9168765426  
-0.5414943222  
1.101345316  
-0.5054827942  
3.031553028  
1.638519319  
-1.226413354  
-0.7241717901  
1.412591648  
1.901814552  
-0.6220329932  
0.6954375074  
-0.4341214728  
-0.08454302195  
1.517436669  
-0.7877582439  
0.5871243063  
-0.3703070993  
1.085394214  
0.06781476761  
0.6021283365  
-0.835354078  
-0.3479600605  
3.972871335  
-1.33572583  
-1.299464207  
1.483970539  
-0.5694812969  
0.3696139896  
-0.08991709042  
0.05753915375  
-0.9686961887  
-1.160707026  
1.579169417  
0.08700028711  
1.385751354  
-1.355273577  
0.4491726413  
-0.2735514777  
-0.3949624496  
1.358292698  
-0.3307565005  
0.4653691183  
-0.3696438201  
-0.369270944  
-0.9614499695  
-0.4225755484  
0.6070699477  
-1.483029978  
-2.225516728  
-1.738837025  
-1.736277866  
-2.034870757  
-2.240138866  
-0.5841187629  
-1.149449055  
-1.867531114  
-0.2157798758  
-2.205662212  
-2.489362497  
2.336490592  
-0.5849185478  
2.275206392  
1.466130072  
2.010476495  
4.483063688  
0.9136960252  
0.7842740172  
1.794327466  
0.2038770144  
0.8022301534  
0.08959617152  
0.1893506248  
0.3159201236  
-0.4659208283  
0.1080510986  
-1.061101219  
-0.1311065467  
0.1417104519  
-1.644133137  
2.45739737  
-1.522519757  
3.842439697  
-1.894837565  
-0.5571825755  
1.896478714  
-0.4837349171  
1.059724696  
-1.015981029  
1.002753764  
-1.346065247  
-0.827783818  
1.012785752  
-0.5234180688  
-0.1308828304  
-1.507526305  
0.02329183896  
-0.9247531449  
-0.403120793  
-0.06656539848  
-0.3578328613  
-1.51017785  
-1.967614803  
0.4740294087  
-1.347212957  
-0.7839774413  
1.105847415  
0.6968399155  
0.2262669269  
-1.105822992  
0.7839013198  
-1.382090823  
-0.7982000613  
-0.821115698  
-0.895851075  
2.059528793  
-0.617126017  
-0.8553419454  
0.6338566858  
-1.15474246  
1.931913307  
-0.7291342776  
-0.3900836484  
0.01090014922  
1.133776791  
1.567916453  
0.2732742809  
0.1095066746  
2.146075579  
-1.796182349  
1.534952547  
-0.4158082831  
0.3640160966  
0.7917092529  
-0.8039727159  
0.3031910401  
-0.8472914197  
-2.032588347  
1.378734895  
-0.1839453848  
1.813337771  
-1.744305015  
0.4260335186  
-0.4305970089  
-2.006161007  
0.4384766959  
-0.86808263  
1.260580714  
0.2879458596  
-1.135316932  
1.636748196  
-1.876580132  
1.92143527  
-1.359859703  
-0.3223545857  
0.69816835  
-2.09595702  
2.104769868  
-0.8920228589  
-1.142955904  
0.7769114063  
3.685625644  
4.40935659  
1.957768037  
-1.850831352  
-0.07953091357  
0.5597606143  
3.257775024  
-0.06320818535  
-1.218764824  
0.7808573627  
-0.1025480069  
-0.05206383335  
0.2274831266  
0.5380879362  
0.8173944592  
-1.056357075  
-0.6200564535  
-0.8234924845  
-0.09957651611  
-0.9201758466  
-0.9818736547  
0.4460763217  
-0.4654036371  
0.4460176699  
-1.427055491  
-1.853415756  
-0.1909537388  
0.009663096327  
0.7700922383  
0.2060033939  
0.2034316809  
0.06330915551  
0.4910175068  
0.1684499278  
0.516187482  
0.5659393828  
-0.05937939611  
0.2160642203  
-0.5992219129  
0.3670824266  
0.9212114297  
0.5106918144  
0.5721132431  
0.5156928145  
-0.2779214322  
-0.4805443985  
-0.2014108821  
0.5641278592  
0.1770828306  
0.10824326  
0.6094458025  
0.4846688784  
-0.2611280809  
-0.347583989  
-1.02361887  
1.00569492  
0.1340823026  
-0.0998985951  
-1.365400379  
-0.7919702304  
-1.10332615  
-0.4469174958  
-0.8755567409  
-0.1298748653  
-0.3811513646  
-0.6195595711  
-0.1160688553  
0.6591501328  
0.155578571  
1.178704863  
0.4395328061  
1.259330321  
-0.7213754384  
0.08196377266  
-0.5001902391  
0.5103779127  
-0.09650777835  
0.0517521121  
-0.3165179482  
0.03691415853  
-0.6729935163  
0.2689980558  
-0.4237473663  
-0.4233406171  
0.5445006808  
0.5206434698  
-0.970854059  
0.5180880132  
-0.5207716605  
-0.428219714  
-0.6749154604  
0.6770908566  
0.5438446352  
-0.1771167438  
0.3475409844  
0.573171234  
-0.8901999986  
1.32836289  
0.1984277385  
1.162728471  
1.324074428  
0.5678258972  
0.9597672116  
0.1056738935  
-0.8980276434  
0.02336303998  
-0.5029444323  
0.02740242819  
-0.180774505  
-0.9789782231  
-1.588968684  
0.1613094906  
0.9468350246  
-0.4918150248  
-0.610812093  
-0.4914269612  
-1.150126412  
-0.4105478668  
-0.09077110073  
0.1340338594  
1.28810866  
-0.9851316617  
0.4800292322  
0.321072191  
-0.1135130052  
1.241395028  
-0.5410499777  
0.6890735279  
0.9480643634  
0.6260030109  
0.6165323853  
0.7395498575  
-0.7015879922  
0.3893096837  
-0.5937029652  
-0.3694222716  
0.1080380568  
0.8364737445  
-0.1882886291  
-0.3920526048  
-0.4225525689  
0.4291867133  
0.1763099031  
-0.5956422196  
0.9393839785  
-0.2722277622  
-0.5593953966  
-0.9611088489  
-0.483244621  
-0.09796779228  
-0.6619405966  
-0.2659417834  
0.1970392745  
-0.1595656038  
-1.074094352  
0.08699050397  
-0.003264509171  
0.2325669593  
-0.4652920185  
0.8436698621  
-0.31556472  
-0.1457541633  
0.3222710672  
0.01238922161  
-0.9925475652  
0.03592653774  
0.2605766859  
-0.9996547051  
0.2917888784  
-0.5382724981  
0.7648290704  
-0.4745500874  
-0.5677085595  
0.0869989696  
-0.2859120334  
-0.6757777505  
-0.464071216  
0.1568418547  
0.2590663372  
-0.2480267331  
0.2151917089  
0.5772693606  
1.472891975  
-0.574597444  
-0.5380752665  
0.1742713453  
0.09431394058  
-0.3428362347  
0.6928488615  
0.135446845  
1.429545494  
-0.5295961209  
-0.6889046205  
-0.5004883128  
-0.08183761648  
-0.6661741216  
-0.1936813712  
-0.277992141  
-0.811390438  
0.08906561491  
0.7280839008  
-0.528482067  
-0.5552967271  
0.3456874371  
-1.064819204  
1.165922296  
0.4553893505  
0.5772596733  
0.1063642333  
-0.111146886  
-0.06821759607  
0.2103272804  
-0.06093404933  
-1.236288837  
-0.304990368  
-0.3794298409  
-0.01831281618  
-0.005505080729  
-0.2845829481  
-0.2327769593  
0.3800287017  
0.2269244995  
0.856109101  
0.5403964013  
-0.5266433777  
0.05158269368  
-0.1729622338  
-0.07584430617  
-0.3525425014  
-0.5162202653  
0.7085704749  
-0.09477065231  
0.006963368736  
0.2106086275  
0.4704973221  
-0.4005180856  
1.38617094  
-0.09258272501  
-0.2626892814  
-0.3424371152  
-0.8588057114  
-1.123341891  
-0.9281660625  
-0.6463397933  
1.192913009  
0.612568706  
0.02943536218  
-1.631485564  
0.6083380975  
-0.2433234254  
0.6095513082  
0.5566411977  
-0.2119670221  
-0.5379587955  
0.03984812351  
0.146922836  
0.6279210154  
-0.04862925528  
0.7430890658  
0.2387964358  
-0.01745859749  
-0.04076626108  
-0.5459009309  
-1.028490566  
-0.4458424773  
0.3800946541  
0.3567044319  
-0.9296831284  
0.02881976806  
0.3240084628  
-0.1717969452  
0.7880176297  
-0.1527808821  
-0.1972058426  
0.05756017509  
0.2847936112  
2.329454373  
0.9082147931  
0.9299618115  
0.3860803668  
-0.2935884773  
-0.184659545  
-0.4577926686  
-0.2538995232  
0.2594911848  
1.060545055  
0.08952864115  
0.6661541678  
0.530720285  
-0.08285348738  
-0.6107868385  
-0.4728063015  
-0.6420894485  
0.3408830081  
0.4594107429  
0.001847508105  
0.6478532224  
-0.05632594052  
-0.1018488992  
-0.4241332595  
-0.3139041595  
-0.3620286295  
0.3112622052  
0.1111561126  
0.1341786418  
-0.2461190866  
-0.9317886187  
-0.4438136023  
0.4428860839  
0.05128974684  
0.1945883529  
0.1230327929  
-0.2074280166  
-0.2473719414  
-0.1203238059  
-1.478596703  
-0.1870264496  
-0.5004779357  
1.319456762  
-0.584550035  
-0.3163028477  
0.2051870883  
0.2774222069  
1.056606539  
-0.5034745091  
0.3615418412  
0.6727258114  
-0.1142564291  
-0.7689452963  
-1.339396101  
-1.114522697  
-0.7982823758  
-0.0460091641  
-0.3600522532  
0.07822632296  
0.7019883095  
-0.1503407885  
0.06427628583  
-1.220697186  
0.15520874  
-0.6723287431  
-0.1874184212  
0.305290244  
0.3348307534  
-0.3765992514  
0.221710714  
-0.2382113737  
0.2376793083  
-0.06875030275  
-0.8491112754  
-0.8435166831  
0.3768844592  
0.9748414588  
0.8256914298  
0.7800305921  
-0.08587714075  
-0.1521482925  
0.9373596322  
-0.5313710394  
0.679847785  
0.02385908516  
0.6230893157  
-0.03510245573  
-0.1661170259  
0.3915367782  
-0.01932793341  
0.167301724  
-0.4852941258  
0.8493106813  
0.2508791878  
-0.7521978759  
0.5093391241  
1.25432895  
-0.3825858662  
-0.03596372103  
0.1249748519  
-0.2098748761  
0.3923573887  
0.9525409083  
0.8450180964  
0.6236705491  
0.9322908955  
0.8408950402  
-0.09062286909  
1.938819785  
-0.4191242503  
-0.8357008397  
0.04769051241  
0.1540359987  
-0.2815459374  
-1.194280904  
-0.4720945957  
0.1665310824  
-1.618417701  
0.394106783  
-1.011937574  
-0.0808426224  
-0.374362637  
0.02470583469  
-1.011820818  
-0.03935811516  
-0.09471274042  
0.159865689  
0.9868687143  
-0.5749903395  
-0.5466858874  
-0.1879390338  
-1.140067956  
-0.4202485816  
1.644883062  
-0.5423824297  
-0.1371294878  
0.2405503571  
-0.3876908065  
-0.04560088356  
-1.191096781  
-0.7004107789  
-0.8312338467  
-1.38573985  
0.275862024  
-0.8403078766  
-0.6336979544  
1.101865978  
0.7360056626  
0.2827192924  
0.09177019897  
1.477631029  
0.1996098585  
0.4775971902  
0.6123740171  
-0.1015006901  
1.346552179  
1.296774321  
0.4199242427  
0.08316401671  
0.3723703881  
1.412893213  
0.05465426504  
0.329984373  
0.3382325064  
0.7525907655  
0.4512991019  
-0.01595319408  
0.4004429112  
1.156927132  
-0.2914272011  
0.193093642  
1.129153072  
-0.3459306076  
-0.4720890162  
0.6196912819  
0.2607173713  
-0.5894885278  
-1.343077301  
-0.8787033626  
0.1692191911  
0.1248547017  
0.7840286504  
0.39641333  
-0.4757720499  
0.01310195381  
-0.3752827944  
0.01394422686  
0.1658913236  
-0.1841482421  
-0.3018489641  
-0.7774487628  
-0.4323509315  
-0.4750054795  
0.3437651079  
-0.5036199594  
-0.5542615598  
-0.2019956457  
0.6067195832  
-0.7184997792  
0.2695239077  
-0.7152474874  
-0.2253842127  
-0.8789165321  
1.027641269  
0.9183054792  
-0.6708549371  
-0.5307667317  
-1.639379686  
-0.1331875622  
-0.0789146425  
-1.094503664  
-0.44985756  
-0.9470758196  
0.1061287655  
-0.5092301778  
0.2768923378  
0.1704018169  
0.3666102288  
-0.01942405144  
-0.04972327063  
-0.7304235243  
-0.4873247508  
-0.06253641692  
0.02504456428  
1.153577118  
0.7108331004  
0.5822923763  
0.07003756002  
-0.6491662051  
-0.05815296438  
0.3752914968  
-1.426981566  
-0.9361802154  
-0.9387779721  
0.1337189099  
-0.04584125246  
-0.6929775914  
-0.004038142365  
0.07261011121  
-0.2072843461  
0.1049829782  
0.4434822057  
0.3070119333  
0.111147382  
-0.4707285165  
-0.2888740688  
0.6049454359  
0.9383071461  
-0.01275508579  
0.3079179791  
0.01348027985  
0.1402729106  
0.8260355558  
0.5846120759  
0.2284288734  
1.172281493  
-0.2714586668  
-0.353654869  
0.2204810914  
0.6573135302  
0.108744372  
0.6395472858  
-0.6724920841  
0.1235320976  
-0.4688300761  
0.08915522307  
1.12513898  
0.004809688712  
0.5970027417  
-0.04571010428  
0.06750381883  
-0.2417612706  
0.09687726033  
0.1881615706  
0.5204812995  
0.05297876199  
-0.6208168742  
0.2677603079  
0.5075547357  
-0.2919291892  
-0.2152648805  
0.5266282545  
-0.6704583326  
-0.6445403136  
-0.6229174805  
0.7520699154  
-0.5619778236  
-0.1643060917  
-0.1982965636  
0.1053323137  
0.09159433669  
-0.1540148897  
-0.791075089  
-0.7583647448  
-0.03679696217  
0.2273622375  
-0.4194803439  
0.2021331284  
-0.221662685  
-0.8984041106  
-0.7091240121  
-0.3398534012  
1.912903337  
0.5895644762  
0.4678890582  
0.8668627682  
0.6117320235  
-0.3074354504  
0.1316140352  
-0.6854326828  
-0.2581767694  
-0.5098310638  
-0.8180471501  
0.1794510117  
-0.3638879575  
-0.6640891822  
-0.5481714488  
0.3541822966  
-0.8623224351  
-0.4238526293  
-0.2681569235  
-0.5310137584  
-0.6009015758  
-0.4652917004  
-0.5295486397  
-0.622744755  
0.3655421131  
0.1969885121  
1.416235554  
0.8349784093  
0.3041469038  
-0.7605624448  
-1.417167012  
-0.4623659941  
-0.3930932147  
1.284422064  
1.287292475  
0.06380171396  
-0.3118234604  
0.2865387603  
0.583706001  
1.028987634  
0.9933204425  
1.067641405  
0.7856554293  
0.4662703788  
0.2785883107  
0.3356906855  
1.178392171  
0.8463179197  
0.212504287  
-0.867985785  
1.093550033  
-0.8417373385  
1.010316037  
0.5412187626  
0.6380410346  
1.866630745  
-0.541002602  
0.05623924558  
0.495841156  
0.8590405631  
1.486484173  
1.343055121  
1.35566696  
0.6815431259  
-0.2698459591  
-1.335127132  
-0.7312378941  
-1.052423226  
-0.9955988002  
-0.4997531093  
-0.7687469132  
-0.5161550496  
-0.8688616512  
-0.8692393987  
-0.5512874636  
0.1830689625  
-0.4172303936  
0.08961181473  
-0.3985835137  
-0.4422509511  
-1.173911049  
0.1875427803  
-1.165379062  
-0.4828761622  
-2.395021197  
-0.8599309037  
-1.41550103  
-1.755454231  
-2.188533874  
-0.8704188431  
-1.52859547  
-0.1200646685  
0.854153264  
-0.135613133  
0.7684472797  
1.631663269  
0.2972119688  
0.1245826202  
-0.3755320868  
-0.3057685965  
0.02083515419  
-0.2136232526  
1.169444041  
0.4359477694  
-1.043761079  
0.7652922903  
1.429242602  
0.7299955262  
-1.634405393  
-0.9519693062  
0.03728227955  
-0.5202083126  
0.7999505633  
0.348197467  
-0.7067172396  
-0.1651456751  
0.2104833546  
-0.9897144871  
-0.3732682538  
-0.7433934234  
0.7141354533  
-0.2526718364  
0.6066762907  
0.3685775351  
0.3327362982  
-0.3110687029  
1.28206454  
-0.3325338528  
0.9240625266  
-0.01124995463  
1.791747198  
0.0827356985  
0.256628956  
-0.8853596458  
0.2572440338  
1.132616891  
-1.192608864  
0.1560100645  
2.115044093  
1.93044362  
0.8132048728  
-0.8402869726  
0.4114351181  
0.576690842  
-0.2713113657  
-0.001828419956  
-0.1026215618  
0.8193397653  
-1.433852  
-2.369834677  
-1.099387877  
-0.3356591054  
0.873314548  
-0.5700325408  
2.158943153  
0.03615820937  
-0.3468373925  
-0.3324627491  
-0.68187164  
-0.9315093663  
0.8737486965  
