-3.327540367  
0.3705737157  
1.914938391  
-1.023678981  
1.102325596  
0.8221351126  
0.434554068  
-0.3925132146  
-1.336505555  
0.1199548835  
-1.379478772  
-0.1289456363  
-0.6398959487  
0.8474930887  
-0.5667583145  
0.0009652017317  
1.353216379  
0.1382967776  
0.6116457041  
-0.2669241146  
-0.02205679857  
1.078880842  
0.04864302843  
1.701174454  
-0.1855718274  
-0.7235289312  
-1.106066141  
-1.065679974  
0.7633580544  
-1.365858505  
0.5919372547  
2.476920201  
1.02994323  
4.568237543  
-0.09035408685  
1.150912014  
2.713412097  
-0.4625361515  
2.713899921  
-0.6543910197  
-1.277548295  
0.1339742663  
-1.951061947  
0.00662507462  
-2.488001493  
-2.720095996  
-3.573519893  
-1.825137889  
-1.794804286  
-1.545385926  
-0.5277647312  
-1.303097999  
-1.641408145  
1.11010398  
-1.125175826  
2.8729568  
-1.650001261  
0.1314966593  
0.2009832596  
0.6798595271  
2.487228754  
-0.7612027504  
2.089316759  
0.4591296634  
0.2187410754  
0.9241955976  
0.3869428719  
2.543397056  
0.7803872058  
1.358242453  
0.8232594074  
0.6878126251  
0.2521684379  
-0.5290665524  
1.054059518  
2.121018844  
-0.6727857301  
1.34854678  
1.215476238  
-0.005304555188  
-0.8395337076  
0.9372911309  
0.2401957506  
-0.4214572485  
0.5221996807  
-1.258792265  
-1.866682653  
-0.1740751938  
0.2791230604  
-0.3930771586  
-1.120767345  
2.248414926  
-1.510185056  
-2.000181305  
-0.8102839515  
-1.609637134  
2.378008256  
0.4993469553  
-0.2966789195  
-0.8656328514  
-0.5514507721  
-0.5127926277  
-1.322034756  
0.4047985303  
1.811020428  
-0.7455141289  
-0.3126876492  
-1.255013391  
-0.148549687  
-0.9428213042  
0.4068905456  
-0.06035166692  
-1.197762228  
1.023693577  
-0.514016568  
-1.920031141  
-1.457337414  
-0.9679453981  
1.567426962  
0.2981137171  
1.224014158  
-1.189658971  
-0.1514378086  
3.32298493  
-0.2699117273  
1.61094824  
-0.3337843607  
0.4251717117  
0.474967805  
-0.2372421361  
0.7211775259  
-0.2482285915  
1.688197596  
-0.3607085359  
-2.674141829  
-0.2228140615  
-0.5323475435  
2.202072892  
1.260849104  
0.4463171837  
-0.1101968225  
-0.5916178082  
0.3883388797  
-0.1881849449  
-0.5149459516  
1.887662196  
-0.4342051149  
0.09777514293  
-0.0700721683  
0.127487922  
1.299195394  
-0.6146070273  
-0.6954472753  
-0.9719845074  
1.658329832  
-0.6370990168  
-0.2413317695  
-0.1771195506  
-0.405763634  
1.029172588  
0.5045375485  
1.034034306  
-0.2777651391  
-0.6628511291  
3.07515589  
0.02649946121  
0.1465446066  
-0.8363070328  
-0.2792918425  
-0.7454502409  
-0.3625979052  
-0.5656011355  
0.1933518229  
0.9221966533  
-0.8154774055  
0.001721353457  
0.182190788  
1.604806876  
0.01089335341  
-1.449763614  
-0.2677334109  
0.244465277  
-0.06956168447  
-0.4489590112  
-1.636350045  
-0.6184181853  
1.722024842  
0.03670375876  
0.3988054174  
-3.332465334  
-0.3839242514  
-2.223877408  
-2.775191503  
-1.719322829  
-1.782073455  
-0.6904491212  
-1.876799864  
-0.2629687379  
-1.020946619  
0.8662591503  
-1.1794502  
1.208429992  
-0.2742151136  
2.605167778  
0.7802332321  
-0.5609575309  
3.087795043  
1.860753226  
2.362511979  
-0.549655959  
-1.608838012  
4.60692282  
-0.6369548125  
3.252504979  
-0.2864243443  
-0.5121524028  
0.8199954619  
-0.5592367471  
2.926984457  
1.580580831  
0.6781206969  
2.130569441  
0.8474449882  
1.662701959  
-2.638392814  
-1.173582339  
-0.1442665678  
-0.5335437667  
-0.1198457364  
-0.731084667  
-0.4691548988  
0.03488911572  
0.08487579284  
0.09859401378  
0.7258851761  
-1.24579441  
-0.4103446203  
1.348869113  
-0.3850139279  
-0.3237808824  
-0.487853201  
-0.01266503575  
0.1269631765  
-1.030240199  
-0.2921202985  
-2.411407099  
-1.511351271  
-1.335627042  
-0.6557519025  
-1.623750646  
-1.012444432  
-0.2885606804  
-2.049712749  
-0.937446872  
-0.2378007572  
-1.177898532  
1.489012857  
0.1097932938  
-0.3044948087  
0.8687167394  
-1.483487545  
0.6351844156  
-1.21149348  
0.1157687923  
-1.730057879  
-0.7750787967  
-0.07488018761  
0.1598178793  
0.8754395882  
3.425495766  
-0.395236196  
-0.6567981075  
-1.594558676  
1.442979831  
0.7373092763  
0.6235465163  
1.781365816  
0.02305824433  
-1.5111036  
2.188027626  
-0.7270816175  
-1.478811005  
-3.301088656  
0.2436297154  
0.9329029539  
-1.146904116  
-0.1217752798  
-0.08072071893  
2.208542998  
0.9288507755  
0.8325131051  
2.174034553  
0.4556305178  
3.852012459  
1.668887987  
0.7712599421  
3.80800031  
-1.54168865  
0.6655067565  
-1.256382718  
-0.9069857948  
2.226593949  
1.471265409  
4.989572302  
2.56771605  
0.9957689672  
0.5522600304  
-2.226575974  
1.226484966  
-0.2268539275  
-1.461626748  
0.9640053343  
-0.8638473158  
-0.1123704604  
-0.3350406035  
-0.2012572494  
-1.057277349  
-1.364673064  
-0.1005904026  
1.489072074  
1.012309408  
0.1873930143  
0.4736580853  
-1.800858152  
0.2166381335  
0.7437707686  
-0.2640464554  
1.2770344  
0.3056544553  
0.2362233315  
1.999169843  
-0.6213618734  
0.9904842621  
-1.419649107  
-0.6539738759  
-1.221868235  
-1.007019984  
-1.229424596  
-0.4913825897  
-1.927242363  
-1.539321852  
0.2252961886  
-1.596600419  
-1.981401331  
-0.6328951586  
-0.7841426001  
-1.146598666  
0.4375463697  
-0.3007797523  
-0.5997246075  
-1.276306773  
-0.2696452823  
-0.7971411795  
-1.000258585  
-0.9110936087  
0.09910602129  
-0.3854714077  
-0.1429868728  
-0.522618979  
-0.02208118258  
0.389525528  
0.2494103772  
-0.4513153884  
0.3663990437  
-0.1395279943  
0.7263787124  
1.037926315  
0.3657174209  
0.703010449  
-0.6274527731  
0.9288281819  
0.559927333  
0.5030947702  
0.8570192204  
1.177554703  
-0.1021795584  
1.065878103  
-0.5459479271  
-0.1048356608  
-0.3638349487  
0.655797889  
-0.1556993913  
0.9294050717  
0.4191359984  
-0.06952666334  
0.5884558058  
0.3524732849  
0.3881921864  
-0.3226467901  
-1.380185581  
-0.1064186403  
0.01652349679  
-0.6186815902  
-1.34965116  
-0.4501951746  
-0.5437610409  
-0.5948615839  
-0.5676262114  
-0.6441459948  
-0.2547611823  
-0.05627492648  
-0.02086571571  
0.3756027237  
0.5811502146  
0.5611000933  
0.8150676882  
-0.2457317966  
-0.19391928  
0.1600757264  
-0.2933110914  
-0.2791551901  
0.1990124953  
0.447450036  
0.2981624902  
0.2849405553  
0.4371942626  
0.1123721868  
0.008109811267  
0.001251696862  
0.8527337485  
0.5333682693  
-0.849005397  
-0.5962108911  
-1.210145768  
-1.73232578  
-0.7562497053  
-0.3731702512  
-0.2270791406  
0.3685888591  
-0.6749324936  
-0.6698342434  
-0.4803534126  
-0.519792258  
-0.2540110895  
0.2371179159  
1.712195358  
-0.1719367015  
0.536521344  
-0.7312563758  
-0.03966074077  
0.2155614123  
1.614864641  
1.226762587  
0.2046808268  
0.5614966272  
1.695757555  
0.7093846427  
1.726457638  
0.2578528663  
0.2431970322  
0.3719700181  
-0.01940345019  
0.133705803  
-0.3021908673  
0.007163985968  
1.385124013  
-0.03704782851  
0.269011065  
-0.5147466338  
-1.283034654  
-1.130952636  
0.3679202274  
0.2853611068  
-1.580291325  
-0.8307870651  
0.07635851916  
-1.019824592  
0.1394062401  
-0.4003401054  
-0.4580876489  
0.4391859682  
-0.1171035756  
0.4348502414  
0.1007569184  
-0.888477127  
-0.7974375446  
-0.8722923398  
-1.497702176  
-1.385792722  
0.5004147789  
-0.21790985  
-0.2483301739  
-0.1134097944  
0.08421007935  
0.1524213167  
1.344714028  
1.322886447  
1.072164042  
-0.5991950559  
-0.6733990472  
-1.666888453  
0.4938821342  
0.1129308983  
1.545081525  
0.4669914335  
0.3183533102  
-0.5545128876  
0.02384506985  
-0.08307118087  
0.643947749  
0.1607877394  
-0.0683938902  
0.6903232305  
-0.4155493491  
-0.5394243251  
-1.433510297  
-0.4004823312  
0.2911570891  
-0.06047082995  
-0.639753526  
0.1069970442  
-0.2102025765  
-0.3654295435  
0.1169831115  
0.5433825791  
0.1778488931  
0.9741600134  
-1.134970358  
-1.27603955  
0.7998541353  
0.4036573912  
-0.6494183494  
1.099926482  
-0.167866496  
0.6320683579  
0.6147769226  
-0.876337357  
0.7109919821  
-0.4828569755  
0.9269613794  
-0.1787871213  
0.04131032619  
-1.131832046  
-0.2296907476  
-0.4988847869  
-0.5503717088  
-0.3941159425  
0.2144356843  
-1.492688803  
-0.5468559735  
1.182946254  
1.935572893  
0.5737816796  
-0.7213381933  
1.672274647  
1.513307215  
0.1008757218  
0.08734117285  
0.1469933455  
0.7938639965  
0.07982585245  
-0.3270575681  
0.02946861454  
-0.3808564369  
-0.4514104561  
0.9821318536  
0.6589432959  
-0.2363319584  
-1.231655785  
-1.016535835  
0.4541804704  
-0.4306608865  
-0.1980722249  
-0.06461083072  
0.02862536497  
-0.8594324196  
-0.6477328787  
0.06330138491  
-0.03428223186  
0.9125569714  
0.01097884699  
0.2366931994  
0.2818003256  
0.3706035254  
0.02460786843  
0.3918034627  
0.6638636082  
0.7621573593  
1.045893908  
0.5134263001  
1.265930858  
-0.2731330189  
-0.5202994176  
0.1492537305  
-0.8995031807  
-0.8597760239  
-0.7518636368  
-0.4468436747  
-0.5904957134  
-0.299900036  
-0.3699231663  
-0.6139368075  
0.8778650057  
1.290360842  
-0.1773840349  
0.2400679255  
-0.640375913  
-0.03412624278  
0.0349245936  
0.3864808906  
0.4057703333  
-0.2223618518  
0.1024746462  
-0.889894693  
-0.5084302449  
-0.3825842657  
0.2149607065  
-0.9919518116  
-0.3444831203  
0.1603538332  
0.06796766781  
-0.1383460662  
-0.8906287429  
0.03767659697  
-0.7240362601  
-1.369358649  
0.08035597151  
-0.5904708182  
0.4866102443  
-0.5962747055  
-0.3654464828  
1.523941871  
0.1747694944  
-0.5409207824  
0.114451978  
-0.5964846398  
-0.3142098452  
-0.4634800924  
-0.3632750625  
-0.08024877144  
0.05716983163  
-0.2522226702  
0.6351388876  
-0.1837374152  
0.3675420558  
0.1062890574  
-1.068193818  
-0.7092108684  
-0.3348169754  
0.2193395209  
1.309721244  
1.580844479  
1.257343785  
1.199693142  
1.628196575  
0.813037856  
0.0008565543067  
0.3947012768  
-0.5864908035  
0.8262961248  
-0.5298355268  
1.124619534  
-0.9492409681  
-0.7459738615  
1.223953455  
-0.3952925961  
-0.7409730189  
-0.5044127136  
-0.7466254306  
-1.095803701  
-0.705947541  
-0.4412199483  
0.3677951722  
-0.1324477823  
0.6357767127  
-0.6086307285  
0.1820664131  
0.2183455403  
0.3945938699  
-0.305335457  
0.1985331066  
-0.8329717255  
0.04960961753  
-0.5922990871  
0.8424404413  
-0.2918331539  
-0.8703833089  
0.187151779  
-0.640632187  
0.2442178129  
0.2021442419  
-0.4415686939  
0.4570911894  
0.09103702573  
0.2047291135  
0.06632746704  
0.5704928358  
-0.5710096863  
0.8824180016  
-0.6074150711  
0.7474159384  
0.0971494348  
1.062821928  
1.314715802  
-0.1389172521  
1.746822068  
-0.3795176916  
0.98136661  
-0.1946494296  
1.142985233  
-0.08758227876  
-0.8313489436  
1.218023185  
-0.2401429835  
-0.4568283206  
-0.7701123326  
0.3507583319  
-0.08862120999  
0.8998624642  
-0.4852416384  
-1.313238961  
-0.2888570485  
-0.5998899021  
-1.345997539  
-0.4083271512  
-0.5323159405  
-0.3522186672  
-0.7851346189  
-0.755950693  
0.171322482  
0.2865095031  
1.668612443  
-1.132012918  
-1.313979473  
-0.5441241679  
-0.4062286429  
-0.9111489409  
0.3891247624  
-1.215501688  
0.1742347559  
-0.2136943557  
-0.1479418269  
-0.4680894501  
-1.460987071  
-0.0279883241  
-0.04419370224  
-0.5169200221  
0.8684902712  
0.4789406397  
0.3166338481  
-0.2535693462  
-0.6513745448  
-0.1960464078  
1.180171679  
0.6619923619  
-0.1877415941  
0.12958608  
-0.9180847047  
-0.2349318122  
-0.3319238707  
0.07936758399  
-0.737301656  
-0.3290028766  
1.330237967  
0.6708158718  
1.041125717  
1.027342616  
0.8860582908  
1.112989305  
0.21298887  
-0.07471457405  
0.004382082203  
0.5276387146  
-0.1727846769  
-0.007792496477  
0.4498634826  
1.903851498  
0.5482348122  
1.466045765  
-0.641042707  
-0.4934732581  
0.4239617421  
-0.08320862729  
0.4563232727  
-0.4992579304  
1.053682377  
0.6678352127  
0.5119000269  
0.829733632  
0.2516205798  
-0.09634856957  
0.4179384773  
0.08988639715  
-0.6185245773  
-1.018512566  
0.2045268946  
-1.585845015  
1.563099945  
-0.2575191221  
-0.2590684823  
0.3747336225  
0.6345258174  
-0.3896552026  
0.4964961637  
0.3684522614  
-0.3007789267  
0.032792272  
-0.418055219  
1.274291285  
-0.654386371  
0.6469780714  
-0.8564297944  
-1.355291226  
-0.6448472969  
0.03795846937  
-1.883381882  
-0.8868508909  
-0.9248689524  
-0.009388388749  
-0.163078881  
0.8587312599  
-1.113699191  
-0.4711452386  
-1.076627902  
-1.122927989  
-0.5493830369  
-0.1670311566  
1.261357122  
0.4553430719  
1.138079501  
2.281632571  
1.323327877  
-0.08662179064  
0.4209009445  
0.006837334794  
-0.30763119  
-0.4436790627  
1.225060237  
0.6087801291  
0.1816975044  
0.9052870657  
-1.046642407  
-0.02273626379  
0.0838679794  
-0.4730740073  
0.1100456836  
0.5965411514  
0.08587577217  
0.144852145  
0.8614003973  
-0.2777580848  
-0.4778222636  
-0.5577644269  
-1.192312295  
-0.1701265142  
0.1357707713  
-1.698524101  
-0.3657335648  
-0.4326368306  
-1.422290258  
-1.400357842  
0.005819032366  
-0.1501089718  
-0.2171486223  
-0.5226390722  
-0.8268765439  
-0.9960325389  
0.5930730459  
0.01378249944  
-0.115701342  
0.3443029162  
0.3014929062  
0.821872549  
-0.09778559008  
1.411646982  
-0.4197171621  
0.04924879751  
-0.1307829575  
0.111207993  
0.9918210583  
-0.9684745213  
0.4537751731  
-0.6335214614  
0.8502389823  
0.06242900301  
1.099914701  
1.762087686  
1.162494963  
0.7967608579  
0.3444897558  
2.120662632  
-0.6037353485  
0.4357120069  
0.3776135816  
0.9137548484  
0.2294564563  
0.5487009792  
-0.07526388975  
0.0784154958  
-0.03359452525  
-1.266959119  
-0.3554049474  
-0.6754225144  
0.8410816153  
0.4336166621  
-0.2929263042  
-0.3564798314  
1.160482325  
-0.06024640256  
-1.014303393  
-0.6124590343  
-0.07271953559  
-0.9210617233  
-0.3887566128  
-1.064306868  
0.02983379996  
-0.4504854027  
0.444867982  
0.5962269639  
-0.722617165  
0.04322954371  
-0.2636100541  
0.7834880404  
-0.4790832948  
-0.866090356  
-0.3800757274  
0.3491929176  
0.1388782088  
-0.7726081628  
-0.7175721582  
0.245135547  
-1.130591278  
-1.162439109  
-0.4158107659  
-0.2215538856  
-0.2753772602  
-0.02203013761  
-1.663710618  
0.8211203826  
0.5941303769  
-0.3265665517  
-0.4033712348  
-0.001673711544  
-0.1678620906  
-0.4076189247  
-0.07361171576  
0.279085428  
-1.032418971  
-0.3967776502  
-0.7500546539  
0.1722672193  
0.1339934095  
0.2265836764  
1.218400168  
0.9506589953  
0.651201251  
0.3176277789  
-0.6685747188  
0.2480838315  
-0.3257278729  
0.6063802325  
0.98153223  
-0.06926591034  
-0.0005576571821  
-0.7105067328  
0.1381859925  
0.09499270181  
1.351113085  
-0.0535316315  
-0.2877696219  
0.4085524716  
-0.8152324466  
-2.4410122  
-0.8315926431  
-1.07109997  
-1.917428691  
0.2909535729  
0.2298137526  
-0.1780206832  
-0.1615720851  
0.634540645  
-0.09362876039  
-0.6532838668  
-0.2564570161  
-0.4217260595  
0.3281208644  
0.5645509267  
-0.3925752896  
-0.7347262049  
0.6690150105  
-0.5203891173  
-2.433791753  
-0.1551970082  
0.6762848016  
0.7713831096  
-0.7162011131  
0.7742253576  
-1.116868874  
0.4355636435  
-0.3544851058  
0.9545164133  
-0.1114018054  
0.4906657245  
0.3082832127  
1.468951596  
0.7587227887  
0.02998872283  
0.3841073979  
0.68089526  
0.0121472154  
0.6603533686  
0.7533504495  
0.4518881763  
-0.1051544436  
0.6025005354  
0.0779561921  
1.145781344  
1.742650228  
0.8359325259  
-0.8409339623  
1.472919066  
-0.2925413429  
-0.8497677909  
2.197767444  
-0.3215223904  
-0.008000665382  
-0.8442704512  
1.289849589  
0.2759977772  
-2.143254483  
-1.57360673  
-0.1715364286  
-1.452498917  
-1.878935824  
-1.843276972  
-0.6253051793  
-0.6121470583  
0.4421150173  
-0.2304085186  
0.08102216927  
-0.306856766  
0.174141851  
1.597180085  
1.582090786  
1.552246153  
-0.02505389481  
-0.2794932618  
1.427835142  
0.7758735556  
-0.5511257238  
-1.450692826  
