-4.779255846  
-2.967929814  
-0.2146799558  
-1.346372376  
1.084462066  
0.5652807955  
0.5641548027  
0.9087860194  
-0.4434097948  
0.4325008023  
0.889597072  
0.8934719776  
0.2617131576  
1.432435962  
-0.6307400531  
1.193191601  
1.465241046  
-0.184118739  
-0.503037078  
0.4474345219  
1.723252667  
-0.6243002622  
0.08251808671  
1.281755636  
-0.8797684044  
0.5389313878  
-0.8625268597  
-0.1114926041  
1.082247044  
0.3758629681  
1.828747569  
2.060739489  
1.501522652  
3.027453459  
1.846441174  
1.974665607  
1.718626111  
-1.449492406  
0.7564488086  
-0.7522761721  
-0.3053719633  
-0.7498356712  
-1.711156179  
-0.5654451328  
-1.915561284  
-0.4462924959  
-1.244810022  
-0.1594655083  
-1.797359677  
-1.467725595  
0.9795364602  
-2.011582258  
-1.144656909  
0.1194280849  
-2.257403381  
2.281160481  
-0.6089764118  
1.048007042  
0.06992733617  
-0.02097906922  
-0.7215609972  
-0.4149382215  
0.6231785391  
-1.825517853  
-0.6839052788  
1.617093169  
-0.4171302774  
1.11958113  
0.5063386763  
0.8188234047  
0.0136781803  
-0.809520289  
1.078474362  
0.4466077331  
-0.07467582402  
1.537957602  
-0.9128588137  
0.5097161577  
1.213940564  
0.3034417149  
1.493182262  
-0.9958875204  
1.754094278  
1.190356819  
-0.1542127466  
-0.7305107478  
-0.6204562258  
0.2773025023  
-0.4651818622  
0.00415614251  
-0.06448152361  
0.4667776216  
-1.2091738  
1.422527953  
-0.2763915935  
-1.075648953  
-0.5094755299  
-0.834382863  
-0.5005686211  
-0.2127643929  
0.04819062148  
-0.8892292972  
-1.049234114  
0.2948552764  
0.6520194398  
-0.8901640622  
0.8841225347  
-1.536651726  
1.037980524  
-0.9797631488  
0.7107049381  
-0.7502899933  
-0.9424758303  
0.2703073921  
-0.6377412551  
-0.7968454838  
-0.1771580891  
0.05010268067  
3.28735551  
-1.148890338  
1.149427727  
-0.2303097415  
-0.4384202632  
1.752185593  
-1.742254572  
0.1623053544  
-2.130548853  
-1.021569747  
0.5869997591  
-0.9496711657  
0.9660918667  
-0.4479121455  
2.508164823  
1.736363684  
-1.416197873  
0.3864891871  
0.2508527149  
2.977993741  
2.583676585  
-0.4705975967  
0.6533315568  
-0.5878695487  
-0.3950169786  
1.369581095  
-1.087668303  
3.074770857  
-1.457936104  
-0.3792057834  
0.114493724  
-0.212986488  
-0.4479725133  
-0.2579539171  
0.5343771009  
0.1559460453  
0.259071853  
0.2459748512  
0.1889989229  
0.003803224648  
-0.9570743737  
0.2568646839  
-0.7098830091  
0.6385111816  
0.5102053088  
-0.8813721072  
1.361314138  
-1.786878459  
-1.120290845  
0.7574453738  
-0.938167518  
0.2523662098  
-1.338365087  
-0.2544585277  
0.5995432768  
1.034415728  
-0.1674478743  
0.09961756284  
1.210450698  
-0.007022418472  
-0.02895287951  
-0.744313295  
-0.2577470352  
-0.7388948108  
-0.4274949062  
-0.7053918663  
-0.4127281878  
0.9213699845  
0.4090554185  
-0.06466299591  
1.386482125  
-1.795731737  
-2.107332026  
-1.035326936  
-1.25511111  
0.668919904  
-1.016586436  
0.4751110343  
-0.04177619965  
-1.421438243  
-0.2838706024  
0.7504517047  
-0.0727241682  
1.272035888  
-0.3256464544  
2.322807185  
0.3326181166  
-0.08659794187  
1.77443121  
-0.8427417714  
2.806454248  
-1.225657641  
0.1820627181  
2.04937179  
-0.1795709272  
1.402247679  
0.2775939379  
-0.1030293955  
0.5907755501  
-0.9447008365  
0.6298357574  
-1.461296871  
-1.672255273  
0.3439550966  
-1.221607718  
0.2114820794  
-1.927376852  
-0.4324746303  
-0.8588222184  
-0.967787014  
0.070366344  
-0.3451804848  
-0.05042005584  
-0.4067286949  
0.7802990128  
-0.2804896811  
-0.009538659572  
0.951283975  
0.00947358594  
0.9757076082  
-0.3373115423  
0.6528265939  
-1.245236135  
-1.674045975  
-0.2534261951  
-1.253747755  
1.233581943  
-0.3567282545  
-0.6934225954  
1.292696674  
0.4069033363  
1.375092055  
0.5161416218  
-0.3986620279  
-1.302676131  
-0.3417806043  
0.1873796176  
-0.2030560214  
2.130908414  
-0.05398417925  
1.125460242  
1.162337368  
0.0480576814  
1.593155044  
0.7404815369  
0.03644402611  
0.6361087116  
0.0111920826  
0.3041335819  
0.5363560903  
-0.431320062  
0.9650361474  
-0.259434452  
-0.7110026261  
-0.8301862328  
0.5450666469  
-1.222391181  
-1.134083014  
1.167357566  
-0.628551053  
-1.392631187  
-0.4513665707  
-0.7279884064  
-0.2896503045  
-2.112172461  
-0.2100026594  
0.5182968906  
-1.81834673  
0.9901585962  
-0.5588171603  
1.742473333  
-1.220063712  
-0.487286015  
1.846757409  
-0.2775192422  
1.854033417  
0.5405834344  
-0.879297291  
1.241286778  
-0.7452375807  
0.3292562297  
-0.5462118797  
0.1941552628  
2.230912247  
0.0993889148  
3.912737776  
-2.121274757  
-2.976871594  
-2.131273618  
-0.5497781175  
0.1345961538  
-0.6284060591  
0.2762711699  
1.558015159  
0.8137050794  
-0.1448546247  
0.1119211516  
1.267134222  
0.2343003719  
0.4576561161  
0.4681986541  
1.145098341  
1.254579662  
0.8468650571  
0.4320658771  
-0.4281407052  
1.31822588  
0.7530667334  
0.2215540903  
0.9046490533  
0.9474935396  
2.610818259  
2.054894052  
0.9677315545  
1.333221782  
-0.03646938757  
-0.5215864319  
-1.6418974  
-1.312694009  
-1.017515612  
-0.9543083875  
-1.364795322  
-1.695616949  
-0.481544068  
-1.347004004  
-0.9503359404  
-1.315051139  
-1.316866146  
-0.5667766481  
-0.8359832847  
0.5340029301  
-1.625532868  
-1.059033734  
-0.6617016231  
-1.055730326  
-1.710317066  
-0.5315626127  
0.2697336956  
0.4882239878  
-0.275898978  
0.2284749612  
-0.3237581451  
0.7259161706  
2.823329688  
1.53223584  
-0.8329060047  
-0.839106352  
0.2513396289  
-0.4218930704  
-0.2245412755  
-0.7159250604  
-0.4674435977  
-0.5224165311  
0.3594861642  
-0.4553167787  
0.1191434455  
0.5810243281  
0.05451127901  
0.00910960193  
0.4211529589  
-0.5036264946  
0.1811876431  
1.423297238  
0.9705646156  
0.3226897045  
0.3465185059  
1.989664044  
2.515377735  
1.216665149  
2.155470118  
0.6993720677  
0.7877441624  
1.436890253  
-1.400653787  
-0.8391778253  
-0.642149398  
-0.9929449575  
-0.6365005362  
-1.938108245  
0.4639403903  
-0.8239053969  
-0.9197012816  
0.8355954764  
-0.2621926526  
-2.156181648  
-0.3809163684  
-0.3415174802  
0.2988589557  
-0.1220868024  
-1.458515129  
-1.201625192  
-0.07392504501  
-0.07435671895  
-0.3892993027  
0.7157880729  
0.7964414928  
0.13386253  
0.786599463  
0.622359035  
0.7822489624  
3.772448633  
2.208384612  
0.6186972651  
0.3380181535  
0.7963786524  
-0.1982846275  
0.4571187783  
-1.022335314  
-0.2465834804  
-0.08384245578  
0.05929526268  
-0.6069121577  
-1.287028225  
-1.168457057  
-1.703664098  
-0.9933664558  
-1.800650419  
-1.011945671  
-1.348219461  
-1.04544322  
-0.8821198884  
-1.69210903  
0.4303263724  
0.1526863512  
-1.261653965  
-0.5912733874  
-0.4586249905  
0.2868792851  
0.8100612131  
-0.01814686447  
-1.582827195  
-0.2352664902  
0.1588128832  
0.02074313135  
0.4906328581  
0.4023472769  
1.873179116  
1.240499782  
0.311909425  
0.6458216246  
-0.6426018514  
0.1195116835  
-0.7972470283  
-0.4785228065  
-0.08230755375  
0.5902148851  
0.5190177988  
0.278789761  
0.1447147655  
-0.4590745633  
0.9206523978  
0.100877772  
0.7697047792  
0.8275162537  
0.4386876146  
0.1879507346  
-0.630418128  
-0.1721740542  
1.07602254  
-0.716298977  
0.8282858378  
0.8157342922  
0.02549263761  
0.2939029355  
-0.1413978899  
0.1203720984  
-0.2165374186  
0.2659935303  
-0.08969934541  
-0.6381608635  
-2.113108864  
-1.538530712  
-0.999724301  
-1.392650808  
0.2151146489  
0.3504258569  
-0.8399446794  
-0.9734913865  
-1.159115318  
0.8905268098  
0.4236617105  
0.452280546  
0.3264300039  
-0.3354873818  
1.022960346  
-0.2525259563  
0.3315112353  
0.007025138455  
-0.04396414406  
0.9344904774  
-0.7512135733  
0.9482325802  
-0.008045965963  
0.7628728115  
0.2881158957  
0.7011365739  
0.2756255012  
-0.5444087064  
-1.279187289  
-1.103511594  
-0.430818327  
0.1309353831  
-0.3139083847  
0.6399713395  
0.9380845285  
0.8744194099  
0.7544776912  
0.3725444094  
1.137776315  
0.2935885535  
0.4870539713  
-0.4329374168  
-0.3040444267  
-0.8271295584  
1.626589677  
1.093848366  
-0.3262346315  
-0.5906908296  
-0.7775868284  
0.1840948076  
-1.366155687  
-0.4503426305  
0.3719478321  
0.5610662197  
0.8386632179  
-0.775974969  
-0.7997270284  
-0.3354251304  
-0.577815232  
-1.152021258  
-2.257578846  
-0.8699683835  
-0.1894478779  
-0.07904465106  
-0.09348984841  
-0.9566175118  
1.498720546  
0.4149833096  
0.896765049  
0.5034957367  
0.2824951775  
-1.038035764  
-1.025318386  
-0.5534375183  
0.7265485527  
-0.05593740776  
-0.5736632922  
-0.6009974639  
-0.2302439733  
0.3200467452  
1.193184883  
-0.004059190852  
-1.029206781  
-0.9285482223  
-0.1867187567  
0.525908024  
1.088495079  
0.8408870069  
1.053990661  
1.501694038  
2.295192628  
0.7271083058  
0.7601679375  
0.2902721781  
1.665620842  
1.137823069  
0.6029926444  
0.8840467543  
1.159215149  
2.468090198  
1.349639462  
0.6440458033  
0.3617584611  
-0.5306302178  
-0.5364933764  
0.07878344334  
-0.9490947288  
-1.590685195  
-1.428534057  
-0.8173841765  
0.2671595763  
-0.5126701851  
-1.154431147  
-0.9869749863  
0.09286839599  
-1.144777933  
-0.4720827212  
-1.256616246  
-0.9522048762  
-0.538527318  
0.2369764113  
-0.02588404609  
-0.4250710501  
-0.4614628595  
-1.003237802  
-0.4462560216  
-0.4490754838  
-0.002547298532  
-0.0926576727  
0.8348041111  
-0.5825597623  
-0.1877783621  
0.123119182  
1.072991812  
-0.2892921839  
0.04404250121  
0.2332376991  
-0.05908329738  
-0.145079248  
-0.7931327806  
-0.2022774436  
0.6067228648  
0.5569402653  
0.4607497675  
1.549968262  
0.7889706552  
0.1288686594  
-0.7417465089  
-0.7595447564  
0.2129460442  
-0.7444118244  
-0.7333809383  
-0.9888952543  
0.2318950317  
-1.12112809  
-0.7906366058  
0.01462109529  
-0.5896215903  
-0.9649086365  
0.7076581055  
-0.7118263362  
-0.03670436035  
-0.3153218366  
0.3092636376  
0.419546086  
-0.3491335355  
-0.767473971  
-0.08441581994  
-0.3431739778  
-0.03607731593  
0.8795534882  
0.6737971687  
0.4629804558  
0.7048853322  
0.005226850811  
1.440913829  
0.7525123266  
0.2618461795  
1.634905267  
0.91308153  
1.88609298  
0.09272099715  
0.3615882916  
-0.1575012979  
-0.08579458919  
-0.05442240778  
0.1925371057  
-0.854030865  
-0.4657999686  
-0.4939476295  
-0.6114067686  
-0.6748435549  
-0.2382417059  
-0.2174308386  
-0.07441717917  
-0.6264500037  
-0.5691756299  
0.261414133  
-0.09450800391  
-0.996408501  
0.06789091366  
1.20974389  
1.26082063  
1.581308282  
2.368230969  
1.693718553  
0.5248192143  
1.354792856  
1.856956284  
2.061040914  
0.2742249884  
-0.7680522427  
-1.42170071  
-0.8678032415  
-0.7304542587  
-1.546775072  
-1.843321571  
-1.17401166  
-0.5145493241  
0.2694227545  
1.397657184  
-1.119813205  
-0.9817149038  
-1.381113082  
-1.249950483  
-1.784567633  
-0.4693624362  
0.2156760897  
-0.2980049931  
-0.2974234069  
-0.2994234325  
2.010771762  
-0.04752468614  
0.1734303972  
-2.017582767  
-1.0800169  
-0.600092482  
-0.151423444  
-0.7895057151  
-0.5078605129  
-1.013728639  
-0.3958554275  
-0.004224109621  
0.2113924136  
-0.7646689363  
0.8937786953  
1.026225151  
0.7673305217  
0.1746415083  
1.606812207  
1.160049189  
2.092122354  
0.4799931877  
1.120881576  
0.1019293548  
2.369317415  
0.6380170656  
0.4761156291  
-0.2047311075  
-0.4474291802  
-0.2973096483  
-0.2811288196  
-2.203529823  
-0.609426023  
-0.7006378779  
0.7425227055  
-1.123972255  
-1.282871713  
-2.705965044  
-0.3335755978  
-0.9032330604  
0.007076226699  
0.3704485461  
0.4785450675  
0.428991141  
0.4068760152  
0.3353509791  
0.5249141359  
0.7171460402  
0.1527060259  
-0.1999958527  
-0.06410011028  
0.805024149  
-0.454929767  
-0.8733432535  
0.6825816314  
1.26775395  
-0.2292936255  
0.2693515879  
1.094738222  
1.548215323  
-0.3558903938  
0.2046739734  
-0.03277978549  
0.2882846929  
-0.1938799656  
-1.963747877  
-0.3322087729  
-0.7428448887  
0.3282210134  
-0.486039069  
-0.6965523284  
-0.489861439  
0.2582318834  
0.1385020167  
0.3397597008  
0.5921830946  
1.166487649  
-0.6025159949  
1.392780466  
1.188075  
-0.2900235789  
1.610153677  
-0.8008280534  
-0.1445228444  
0.2693122203  
0.5208624274  
0.3009859937  
0.02003129938  
-0.5252134519  
-0.1328135241  
-1.020730351  
-1.274813503  
-1.418912141  
-0.9145044128  
-1.289046786  
-0.3666443042  
0.1284625541  
0.1533840681  
1.221428481  
0.2750152385  
0.5472510008  
-0.412230571  
-0.5126473356  
-1.332666294  
-0.2408881846  
-0.1940555359  
-0.3999407142  
-0.5142475637  
0.7416659428  
-0.5143491257  
0.5874809399  
0.3737728453  
-0.3563925673  
0.7685472436  
0.6257375221  
0.6881875281  
1.558288936  
2.242127546  
1.38359788  
1.032501309  
1.372426732  
0.7882185741  
1.564043149  
-0.04009434951  
0.4010759781  
-0.1190054399  
-0.3697016929  
0.6393270476  
-0.5900423922  
0.7712305567  
-1.232600982  
-1.175217597  
-0.8748051911  
-0.2419000776  
-2.607152463  
-1.013873459  
-0.548729301  
0.004015501212  
-0.3338625669  
0.1106664776  
-1.204722404  
-1.908019727  
-1.415122698  
-1.99316626  
-0.9485837423  
-0.4713733736  
-0.5094038679  
-0.2715743963  
0.4517325569  
0.4665881916  
0.3265381362  
-1.047433358  
-0.9042490858  
-0.9185853985  
-0.3561347248  
0.5575380698  
0.1296337811  
1.005837021  
0.4493782746  
0.4958881708  
-0.1373351467  
1.861572862  
1.374103023  
2.834899403  
1.287088087  
0.702277284  
1.002556252  
0.8336449437  
-0.5524038295  
-0.01549338646  
-1.214354515  
-0.3870460431  
-0.3734421828  
0.4738828196  
1.146275496  
0.5452087444  
-0.4463171556  
0.2679189366  
-0.1419738215  
0.8402672305  
0.1804556781  
0.03958256922  
-0.3377100446  
-0.8138994768  
-0.5448266443  
0.8570589739  
1.51078599  
0.2547528691  
0.9077448508  
0.8981896452  
1.355994388  
-0.4387897173  
-0.9811767771  
0.05621805041  
-0.4875476457  
-0.4393561042  
-0.5014722923  
0.6840800422  
1.489666941  
0.1862569181  
-0.6722862174  
0.2259959678  
-0.7145094267  
1.145893372  
0.9790048161  
-0.4696096623  
-1.379754732  
-1.922961393  
-0.6269800244  
-0.4816006428  
-0.4998197645  
-0.3513816141  
-0.5425997644  
-2.308236287  
-1.093414842  
-0.1996589525  
-0.4741968773  
-0.2450177253  
0.1059877262  
-0.9297633601  
-0.7821552206  
-0.6689631765  
-1.015029585  
1.558623927  
0.8718584961  
0.2330094244  
-0.02642795606  
-0.2130242734  
-1.540179505  
-0.08839310295  
-1.412051332  
-0.8928725596  
-0.4710791313  
-1.674116051  
-0.6041550547  
-0.9117808621  
-0.1278393257  
1.210151393  
1.720723037  
0.2844649226  
0.364902772  
1.721015586  
0.2461670141  
-0.4531509884  
1.04538971  
-0.9598634013  
-1.277454175  
0.4105896132  
-0.8508551428  
-1.026278562  
0.03150226302  
-1.437182732  
-0.2207073425  
-1.360420121  
-1.557724183  
-0.923168248  
1.037269825  
0.4838194449  
-1.048222294  
-1.146605967  
-1.458577062  
-1.356800007  
-1.284329807  
0.6060699665  
1.026611771  
1.748367289  
-0.487581346  
0.7257323171  
-0.4338470393  
1.242847198  
-0.2985985009  
0.2252393409  
-0.3538364615  
1.300982356  
0.8009803429  
1.266774154  
-0.04779598689  
1.500420339  
1.92333231  
0.7997196322  
0.6210922019  
1.166240768  
0.3359204786  
-0.1376322068  
0.5346564308  
0.5752165109  
0.4926149947  
-1.915988374  
-1.335277599  
-0.2514259095  
0.01790361976  
0.7792653467  
-0.4377056618  
0.3949845022  
0.727418931  
1.303283868  
0.6462249107  
-0.1974404789  
-0.6458114591  
-0.3716583531  
-0.135347  
1.087252965  
0.06973275201  
-1.002838576  
-1.23999776  
-0.08488631085  
0.5671719227  
0.1186889925  
1.224558181  
-0.1942377449  
1.735852157  
0.2200948093  
0.3504195405  
0.7313577129  
0.5079914353  
0.3775516802  
-1.162913742  
-0.4339489213  
0.009016292973  
-0.2602872591  
-0.4688390329  
-1.790518734  
