1.639891311  
2.640034865  
-1.992722853  
-1.095352898  
1.61860019  
-0.2346045917  
0.2246342306  
0.3969403738  
-0.5359037503  
-0.4586142031  
-0.1502595481  
-0.423080897  
0.8392953599  
-0.7243537767  
-0.2874596312  
0.004891625406  
-0.3583627436  
-1.328217316  
-0.1855290532  
-0.8394857189  
0.4110310173  
-0.09186156483  
1.169089723  
0.5968021036  
-1.105979283  
-0.6619260085  
-0.2626098287  
0.7285747082  
-0.1300841243  
-1.870906713  
1.594051321  
0.1309334304  
-1.365307565  
-0.5629407019  
-1.079038872  
-0.9455433164  
1.21992111  
-1.195463429  
0.2574891896  
-0.3395915499  
-0.03022425413  
0.5556331152  
0.3783586095  
0.4467273987  
0.3543994597  
0.5540944371  
-0.8849339351  
1.771775558  
-0.150912451  
0.6761950259  
1.327587253  
0.3454952319  
0.8251375628  
0.7554700135  
0.9089650975  
-0.2021540328  
1.052512885  
0.3266461428  
-2.109953223  
1.930628781  
-1.286363341  
-3.128710319  
0.3453231561  
-0.04321873798  
2.118918787  
0.7218494846  
1.181682117  
0.4252490064  
-0.5562257473  
1.359889755  
-1.821080581  
-1.369496338  
2.675721424  
-0.1183626372  
-1.447071925  
0.08548593648  
-0.4628424111  
-0.4692969761  
0.02831332005  
0.285880075  
1.468812715  
-0.1465284873  
-1.075770388  
-1.641492651  
-1.582044584  
-1.492656696  
1.245382553  
1.423012282  
0.3387227179  
-1.474910365  
-0.4216576342  
-0.04404113182  
-0.7882706369  
-0.04239952553  
1.741780411  
-0.08040138635  
1.32486856  
-0.6903093476  
-0.4930587269  
-2.200290425  
0.1769953389  
0.406406789  
-0.3948169784  
0.464750546  
-1.250105885  
-0.9800531138  
2.075574596  
-0.4337133672  
-0.2447521612  
-1.207701216  
-0.8057256939  
-0.8110555633  
0.1882761749  
1.495205991  
-0.3590562227  
0.4531576991  
0.6871137694  
0.8028644743  
0.3794701183  
-1.778390541  
-1.969775642  
0.2671416485  
-1.87476994  
0.6253343734  
-0.1811835287  
1.306241549  
0.5052403166  
1.710575303  
-1.163685751  
1.11699107  
-0.02267983475  
0.5976481507  
1.619196448  
1.46928196  
3.982341686  
-0.6990586357  
-0.6185748211  
-0.4524731158  
1.369238277  
-1.544640222  
1.328811541  
2.008163199  
1.110447152  
-0.07747132295  
-0.5959661041  
-0.760294868  
-1.627988681  
-1.224785083  
-0.1435258579  
-0.04592839941  
0.8918199348  
-0.9779696004  
1.071507275  
-1.301082681  
0.7827583133  
0.6004548444  
-1.544323617  
0.6540743924  
0.2345963507  
-1.454373436  
-1.31111014  
-1.379040889  
-1.25561563  
-0.206487531  
-0.3223804612  
-0.8766714488  
0.6713191545  
-1.21541371  
-1.445959689  
0.4827535799  
1.197861388  
0.5769081193  
-1.159894239  
-0.2116976752  
0.4678799783  
1.902426736  
-0.921347735  
-0.01656074616  
0.9831917416  
-1.946385084  
0.4210920167  
-0.1062176686  
0.5069298572  
-0.6188114338  
0.2269150829  
-2.4126236  
-1.009003594  
-0.5007813099  
-0.1702960342  
-0.5764197732  
0.2532245874  
1.955752496  
1.870494126  
3.585729201  
1.572008699  
1.538314207  
2.319198592  
3.097340242  
0.3532754439  
-0.116184107  
0.6225139523  
-0.1960605731  
-0.05816686993  
-0.4491421638  
-0.4556292983  
3.308140073  
2.759246482  
-0.1417650577  
-1.531678482  
-1.422807846  
-2.316951321  
-2.998027956  
0.1291551305  
-1.158924787  
-0.04430871887  
-0.4125202966  
-0.9686993499  
0.04038805616  
-0.6749715782  
0.2658925971  
0.7322220656  
-1.458151088  
1.212420559  
0.8007854071  
0.6985676712  
0.3208210994  
-0.2695221206  
0.4813151661  
-1.37710242  
-0.05180043361  
-1.912438694  
0.1993725532  
-0.4618476939  
0.02443023164  
0.08714753487  
-0.2677015775  
-0.5075213211  
-0.6669913397  
1.478762653  
0.2965251872  
0.3742247112  
0.04842594311  
-0.4179606934  
-2.078415283  
0.2360266517  
0.2643828644  
-0.4151800245  
-0.2868882403  
-1.536355895  
0.4479290361  
1.061625298  
0.4460113297  
1.102662492  
-2.138363615  
1.180105816  
0.1914166655  
0.06395956132  
-0.3413663639  
-0.5433069407  
-0.9465060677  
-0.3890187335  
-0.17989402  
-0.8670869158  
-0.9284614515  
1.580698139  
-0.8169715368  
-3.200645107  
-0.3420217772  
-1.046936451  
-0.1197180198  
-0.1603077504  
2.241987968  
-0.5682845374  
-0.1118328502  
-0.3883441095  
0.7313109182  
-0.6623696512  
0.8341975998  
1.047004686  
1.019660236  
0.06145997149  
0.9730559973  
1.094303238  
0.3990650512  
2.042335719  
0.4040309045  
1.158557071  
-0.05400390112  
1.76177581  
-1.058159434  
-0.925972485  
-0.5601376374  
-0.4656686112  
0.1091180562  
1.800069699  
0.4121210573  
0.107443599  
-1.144185612  
-0.1666801104  
0.3014717275  
-2.072652889  
1.29721161  
1.194623709  
2.362934944  
0.2131673701  
-1.450580518  
-0.8154844908  
-1.267022461  
1.087071961  
1.838543002  
1.128183273  
-0.2243538887  
-0.6528331215  
0.4387259471  
-0.05310959531  
1.406875214  
-0.01322637647  
1.59563952  
-1.53105511  
-0.354544313  
-1.005518629  
-1.029586231  
-1.662157514  
1.013534625  
-0.8766095703  
1.366489366  
-1.804483027  
0.9323761061  
0.1129615933  
-1.157088633  
-1.100702214  
-0.3115944544  
-2.63694105  
-0.1779184241  
-1.131190446  
-0.2869622644  
-0.4039659351  
-0.03192305097  
1.184893506  
1.300228789  
1.009590705  
-0.3774403445  
-0.619871379  
-0.2575959082  
1.084431297  
-0.4461309127  
-1.225443963  
-1.146247469  
1.10584366  
-0.8201475509  
0.5792321801  
1.107394965  
-0.2639656382  
1.46426212  
0.7602177025  
-1.0260199  
-0.2771318986  
1.448136056  
0.02366561303  
-0.9636726548  
-1.203980181  
0.6484637097  
1.196656387  
-0.8106826211  
-1.29881579  
-0.5202665464  
-2.645829871  
0.1529206794  
-0.3789080916  
1.33556634  
1.084677526  
1.281343201  
0.6186797981  
0.3006250412  
-0.8571815142  
-0.7365447205  
-1.238036469  
-0.6577586828  
-1.574278838  
2.034903086  
2.21219157  
-0.35080172  
-1.584840727  
-1.276919647  
0.6688523313  
0.1318574534  
-0.1915754574  
1.149453815  
-0.4375112188  
-0.3616022572  
-1.127734187  
0.9890167616  
-0.3535479426  
-0.5087833809  
1.87708846  
0.4868453279  
0.8782960373  
-0.2204504066  
0.3576220808  
-0.9178432019  
1.404993511  
0.6117957541  
-0.1788437338  
0.4514050542  
2.496461807  
0.2191337459  
1.261138956  
-0.6083388937  
-0.5515452832  
-0.8654942391  
-1.461193344  
-1.912038591  
-0.734077065  
-1.322745895  
-0.07014460189  
-0.6809119949  
0.9539634094  
-0.3714497311  
1.255162557  
-1.431728139  
-1.383753348  
-0.6464048822  
1.820172796  
0.9826733684  
0.2079837074  
-0.3958233626  
-0.05327330943  
0.9937837717  
-1.067388429  
-0.1448534119  
0.2352766549  
0.05794625344  
-1.066805507  
0.1083844609  
0.7483486058  
0.991315331  
0.9617523846  
0.3153820971  
1.396165894  
0.2769194291  
2.649127635  
-0.8996891421  
-0.006031966556  
-0.5161606696  
1.030172877  
0.9229974883  
0.1793700313  
-1.272828767  
0.3401902315  
1.019619553  
1.294934579  
0.4312303952  
-0.7184576409  
-0.4979251469  
-0.5300252673  
-0.8387457203  
-0.5358460131  
0.2100434659  
1.391865675  
-0.8061651004  
-1.128537523  
-0.8116132049  
0.2652652791  
1.185040389  
-0.2947715157  
0.2579558459  
0.3927948525  
1.220157859  
-0.7342822935  
2.266554442  
-0.5178166824  
0.1246992944  
-0.6634946037  
-0.3360214062  
-0.2225810646  
-0.6223968803  
-1.67482712  
-0.1068251786  
0.4902627959  
-1.307754732  
-0.1837863632  
-0.7270662695  
0.5139741231  
0.8256712409  
0.913580213  
-1.482745059  
0.7447145161  
-1.173541816  
0.2425415497  
1.798157154  
0.5662863664  
1.49009381  
-0.3518001978  
-0.3024838953  
-1.591658767  
1.414467754  
0.5164223785  
1.829521039  
-1.154972847  
-0.2560543678  
0.368797728  
-0.05069087906  
-1.320872731  
-0.08383581867  
-0.5024842323  
0.136702672  
-0.430822352  
-1.592581753  
-1.721948502  
-1.276902081  
1.394295933  
1.832384046  
0.48321067  
0.5036954705  
-0.4896692015  
0.2088438427  
-0.7343612292  
0.3822007618  
0.486999512  
0.08756616334  
-0.5003019113  
-0.4842194364  
0.6213562402  
1.494798065  
0.08011270847  
1.079349317  
-0.9385276933  
0.4703755316  
-0.6718659858  
-1.436079014  
0.30958936  
-0.7864434371  
-0.7099225733  
-0.6052179621  
0.5479589455  
-0.6898004854  
1.063854658  
-0.3311563561  
-0.2163684365  
0.05874663703  
0.8401009838  
1.501617576  
-1.588477122  
-0.603401917  
-0.6888898065  
-1.17694401  
-1.052797329  
1.795531555  
-0.704144168  
-0.02131237502  
0.6737449224  
-1.141790687  
1.799171208  
-2.10175155  
0.3870776515  
-0.3908034123  
-0.8165571282  
-0.2896220788  
1.069280069  
-1.090798852  
0.1521935705  
0.5716150829  
-0.0404378677  
0.5972977397  
0.534513448  
1.066871077  
0.1900405787  
0.9901631677  
0.6148185294  
0.5038961096  
-0.2841178805  
0.8604329155  
0.00501023079  
-0.7567798559  
0.6062798727  
-0.08046060871  
-0.23945793  
-0.6943808211  
-0.5527486922  
0.2400199284  
0.8069630595  
-0.2518288344  
0.2999140695  
-0.364062546  
-1.039913533  
0.04485311719  
-1.393402591  
1.336554955  
-0.40122335  
-0.8647514179  
-1.149392261  
1.078437313  
0.7936954451  
0.1776626705  
-0.5213380938  
0.5244293303  
1.61452907  
0.5124444238  
-0.4126145192  
0.1531793312  
1.018644965  
2.383138521  
-1.580611588  
-0.6715780377  
-0.6517173898  
0.1038840676  
0.05356161228  
0.1946206771  
-1.110527563  
-0.582672806  
0.666205322  
-1.017426793  
-0.5116788098  
-0.4372996584  
1.272522221  
-0.6898137422  
0.5768603268  
-0.05344764396  
0.3917329971  
1.227656086  
-0.8330948138  
-0.6751710545  
-0.3132607737  
-0.07112559411  
-0.7762970202  
1.292870331  
0.2913108953  
-0.6554075148  
-0.585596868  
-0.07551368424  
0.4188708947  
-0.5255597433  
-0.7759773035  
-0.536789019  
-0.3238735244  
0.8645232894  
0.8398674954  
1.280424774  
1.626105255  
0.5547543065  
-0.6147302602  
0.3783781108  
-0.4159121116  
-0.8550114079  
0.06300652795  
0.2387782661  
-0.9087130997  
-0.08680666272  
0.1528413485  
0.05742649687  
0.174976935  
-0.3335082333  
0.04610664096  
-1.158769964  
0.6240595714  
0.8386590316  
0.7910938044  
-0.06428777388  
-1.513810724  
-0.776404535  
-0.2621224228  
0.2602566344  
0.9827319642  
1.401611313  
-0.6695535152  
-0.5557698083  
-0.7963385967  
-0.06322985462  
0.4220826624  
0.6008842386  
0.8163642433  
-0.02661130931  
-1.064949694  
-0.613736672  
1.982547289  
-0.1194527859  
0.9766924326  
-1.084117288  
-0.4667899249  
1.459650298  
1.47726276  
1.173580485  
0.9093219176  
0.3473710526  
0.665132078  
-0.5097824414  
-0.4622512987  
-0.600695181  
0.07107821763  
-0.05422145426  
1.176695138  
0.7371637052  
-0.8994693782  
0.2600162636  
-0.489498296  
-0.1960147738  
-0.7343031173  
-0.267467205  
-0.4776607369  
-0.7578847012  
-0.405074466  
-0.164773489  
0.3123039647  
0.2287221436  
0.415817732  
-0.06486115844  
0.6825309811  
-0.03617234121  
-0.5814124948  
-0.4183070071  
-1.366569597  
0.7715226182  
-0.4062310858  
0.1391729481  
0.6027750883  
-0.7974698097  
0.4221891409  
0.2985183735  
1.467573489  
-1.442393029  
-1.890236501  
0.7614327966  
-1.087057262  
-1.308057264  
-0.05598782377  
0.2643649257  
-1.44698802  
0.7113742209  
0.9210661044  
-0.9105492409  
-1.315810174  
-0.2984509012  
-0.5576125946  
0.2742065339  
-0.2417588106  
1.243234092  
1.631096796  
-0.3792129283  
-0.6943729889  
-0.7716906301  
1.419114461  
1.042735669  
0.8373855688  
0.353125964  
0.2706980928  
1.472635807  
0.2081859328  
-0.3901278031  
0.07434572977  
-0.2623747088  
0.4910653569  
0.3007258322  
-0.09021762424  
-0.2399297188  
0.03974727325  
0.8441381096  
-0.8746226708  
-0.06650855929  
-0.7505923869  
1.156706014  
0.4941245664  
-0.6653481775  
0.8084900312  
-0.5155788129  
-0.3618084531  
-0.5766200437  
-0.3295636458  
-0.08483021146  
0.4816013649  
0.7230377195  
0.08975606497  
-0.2347494818  
-1.899065239  
-1.17176368  
-1.049751592  
0.1191871995  
-1.15084914  
-0.01539166512  
-0.8017414537  
1.289260997  
0.05461685648  
1.399878927  
0.4920526009  
0.1096311066  
-0.5622285264  
-0.280878158  
-0.3992416154  
-0.0441803736  
0.3703110414  
0.7822942745  
-0.004693453105  
1.153935063  
-0.4497459788  
-0.7458886171  
0.8654864068  
-0.8416567888  
0.5075376314  
-1.006665416  
-1.098706202  
-1.518000564  
0.1409180361  
-0.3788708439  
1.007591849  
-0.5360895319  
1.602811923  
-0.8404168101  
2.107688695  
1.260752052  
0.1043662597  
0.3372581154  
-0.492461391  
-0.9782026872  
0.8646512828  
-0.3147585721  
0.1705726828  
1.561046213  
0.1968119273  
1.431952536  
0.6336858809  
-0.5351846027  
-1.322770587  
-1.026074473  
-0.5797305027  
0.03636692191  
0.135434146  
0.6417964761  
0.9637952187  
0.2735897654  
-0.744299769  
0.3458113948  
1.526866709  
-0.06801369075  
-0.90613908  
0.9976381959  
-0.3855307608  
-1.259400982  
-0.6118324543  
-1.000028394  
-1.057220082  
0.2139801858  
-0.1127965759  
-1.2960797  
-0.3886084796  
0.1876519866  
0.4665081439  
0.5213805489  
-0.1005225397  
0.2990331556  
0.4170172284  
-0.1940564938  
-0.313737325  
-0.07628604504  
0.04875103345  
0.3782645617  
0.9392478303  
0.3931554453  
0.7101696606  
1.104832118  
1.326521646  
0.2810780866  
1.249915628  
-1.056821401  
0.5831787891  
1.618554625  
1.949117567  
1.818544121  
0.6415893606  
0.7502604235  
0.1222540565  
-1.272682782  
-0.9972041314  
-1.122500299  
0.1874214764  
-0.3902148501  
0.2215504519  
0.6963069747  
-0.140146964  
-0.2123084966  
-1.460199958  
0.8355970037  
1.794924362  
-0.3929194861  
-0.5387023173  
-0.1531311074  
-0.9102439543  
-0.4699187539  
-0.6255806957  
-1.7250604  
0.4018906178  
-0.2474273424  
-0.3527896627  
0.5715592891  
-0.985230452  
-1.836114179  
-0.324379474  
0.638253958  
-0.8503847899  
-1.362616829  
-1.870274671  
0.6476227266  
-0.09672839452  
0.005372915104  
0.3388272575  
0.03334764767  
0.1478557684  
-0.3380098368  
0.2698186595  
1.139418985  
-0.2969814752  
0.618584723  
-0.7591355497  
-0.3527358089  
-0.2477660012  
-0.2162930631  
0.8206958988  
0.4896036705  
0.4825895138  
0.4320109326  
-0.9174293714  
-0.2855759737  
1.327096221  
-0.8072881661  
0.8205117891  
0.1630999979  
0.7032185652  
0.4103583464  
1.475748302  
0.0128739888  
-0.5682562841  
0.09190394108  
0.1646630458  
-1.612278194  
0.055507032  
-0.1746192238  
0.1395084081  
0.5638811213  
0.8032406944  
1.518940389  
0.7039271446  
0.2064264167  
0.1480063976  
1.802025549  
1.05748458  
0.4073769946  
-0.2964137772  
1.635865198  
0.5253094534  
-1.3006729  
-0.2452960243  
0.3163381604  
0.3019523266  
-1.364369849  
-0.7286136621  
-0.5239642354  
-0.06192275255  
-0.5083340409  
-0.4880087349  
-0.7914431148  
-0.5083424301  
1.312056011  
-2.507481375  
-0.7410645733  
-0.6608806503  
0.1468436564  
-1.434414082  
-2.650967235  
-1.79551865  
-0.8861451302  
-1.867554664  
-1.445234488  
-0.8379053685  
-0.4470416147  
-1.66082951  
-0.2438161337  
0.1484972727  
-0.4588367299  
-1.097990529  
-1.071774729  
0.2394566526  
-1.3014068  
0.9148427214  
0.2624019027  
-0.4258879828  
-1.397853248  
-0.9874614639  
0.1297411661  
-1.436567198  
1.304422473  
-0.9197467316  
-0.9086437581  
0.04386956164  
1.573382554  
0.9330646473  
0.685838162  
1.118007309  
1.271547152  
-0.3768382604  
-0.30669006  
1.004202296  
2.957514269  
0.5452343544  
-0.8244450672  
1.482742759  
-0.04088445854  
0.2270226738  
-1.269054357  
1.52651382  
-0.3714936122  
2.758553072  
0.5792678719  
0.6067348924  
-0.2741872647  
0.1352300697  
0.08184118066  
-0.4752379783  
-0.6579863997  
0.5395238821  
0.4096478087  
1.769568657  
0.9514253075  
-0.2255734338  
-2.399175133  
-0.3228823495  
-1.410293444  
-1.041032495  
0.9252243653  
-0.002797807822  
-0.1560401106  
-0.3843327302  
0.03299160468  
1.851634363  
-0.2147448308  
2.068481352  
-2.178790793  
1.183603188  
1.421554917  
-0.2376457755  
-0.6175130067  
-2.082026696  
-1.105704049  
1.005128474  
