2.839142124  
-1.560229117  
-2.476962159  
1.461638701  
-1.536940364  
1.253627674  
1.736001538  
0.1915032221  
1.370079281  
-0.03902078143  
0.6881176986  
-0.848328157  
0.8348159481  
0.666884283  
-0.483935706  
0.7226544162  
-1.097680473  
0.09681400196  
-1.240737963  
1.248074137  
-0.1003662602  
-2.620971179  
0.07460083663  
-2.20000559  
0.1785280557  
-0.5555392478  
0.594998061  
1.098187453  
-1.257523481  
-0.2630775269  
-2.815418113  
-2.633651981  
-0.3588131023  
-3.525883231  
-1.190844712  
-0.4648326567  
-2.377162718  
1.902709095  
-4.098214512  
2.404149969  
3.565051955  
0.8627168241  
3.335993261  
1.431789739  
2.356125138  
1.33786609  
2.712563515  
1.886527555  
2.501419227  
2.805840465  
1.048961288  
2.624448788  
0.1490438465  
-2.504116588  
1.160504025  
-3.539674015  
1.882087921  
-0.5119586577  
-1.770112212  
-4.482196092  
-2.758178639  
-0.7320455045  
-2.028504279  
1.266380641  
0.7696910384  
-1.441616975  
2.318424885  
-1.546567835  
1.046280296  
-0.4652213541  
-0.8595184879  
1.698901299  
-3.536603884  
1.364252086  
1.223425763  
-1.542658213  
1.47924109  
-0.7765758573  
-0.4332540404  
0.6114872949  
0.2773196292  
0.7819534463  
-0.4736464573  
0.5961265754  
0.03144218239  
0.5112367475  
0.781294661  
-1.150013008  
0.6312092043  
-0.7292927856  
-0.0238385579  
-0.7660456685  
0.4061025942  
0.3332702515  
-0.8382516319  
0.828654296  
-1.481104358  
0.1113282714  
-0.719364073  
-0.9705403436  
-0.003446313979  
-0.6235115046  
0.6391144288  
-0.9531078373  
-1.244713718  
1.960694791  
0.1862164021  
0.531345304  
0.3240132688  
1.748593965  
0.2352929994  
-0.5752928677  
0.5839401285  
-0.4090467188  
-0.1334300378  
0.3034747355  
1.172627419  
0.07872380485  
-4.785821508  
-0.1004123852  
-3.287798051  
2.16692211  
1.97201569  
-2.083075735  
2.900173849  
-0.5540454913  
0.750569197  
1.345993712  
-0.3129775962  
1.735919912  
-1.165450795  
1.640075448  
0.4828037088  
-0.1210143842  
3.796991264  
-0.9773071212  
0.7621150554  
-1.378875344  
-2.410694265  
1.094482273  
-2.41750986  
0.836082032  
0.3195453553  
-2.06851208  
0.1497318361  
-4.549206512  
0.9493722432  
-0.101964777  
-0.6478131907  
0.2293113401  
-2.092927906  
0.8228293135  
-0.9632000504  
0.5936298357  
-0.444407816  
-0.04923707908  
1.237337245  
-0.2655701961  
0.6410357575  
-0.7136901486  
0.01355907965  
-0.1646192604  
0.4421411607  
-0.1367271324  
-4.407409754  
0.9358323679  
0.530923623  
0.1858588834  
0.472457292  
0.2865010331  
1.59306821  
0.5052606575  
0.2828843833  
-0.06609535165  
-0.4337496768  
0.06203907161  
-0.8510804371  
0.2975582324  
-1.140535568  
-0.3759362797  
-0.238535696  
-0.4684283291  
0.07065784833  
-0.5323675431  
-0.246832742  
-0.297978306  
-0.006571266331  
-0.6217572463  
-2.400520943  
2.88242049  
3.796345355  
2.205289975  
3.974757474  
1.713793054  
3.26616938  
1.823094259  
2.566312806  
3.39524764  
1.036700379  
0.3616902761  
1.14817134  
-2.520858177  
-0.5883482697  
-2.562985696  
-1.405915554  
-0.3391382834  
-5.115800714  
-0.5894451914  
-2.585003024  
-1.544454811  
0.2485031643  
-2.333126413  
1.801803973  
-2.264719908  
0.3796857283  
1.039803319  
-2.195656701  
1.162741085  
-1.62316964  
-0.4360657886  
0.4668714429  
-0.946995334  
2.490946687  
-1.937354676  
4.440073489  
0.0577686965  
-0.7904515242  
0.6284293078  
-1.396086004  
0.5781852434  
0.0136659605  
-0.2649488136  
-0.5526739784  
-0.3519669608  
-0.6593374542  
-1.493553305  
-0.2087946416  
-0.2805434993  
-0.2175315612  
-0.20416818  
0.3258079514  
1.557298595  
0.8345639593  
2.098915658  
0.7479606772  
0.2575804567  
0.6078093854  
0.5867037605  
-0.6720783632  
-1.583216412  
1.397505937  
0.0237421244  
-0.02733507943  
0.3185656095  
-0.2999523816  
0.41291018  
-1.450357708  
0.003085568285  
1.181560855  
-0.9290024274  
-0.2002266705  
-0.8377150464  
-0.5558407833  
-0.4202173531  
-1.179453316  
-0.5269937588  
-1.085230419  
-0.3770473759  
-0.5713111353  
-2.530064941  
2.495658357  
-2.1169608  
0.2404870364  
0.07068213877  
-0.08230456779  
1.355152206  
-0.9610404645  
2.023628726  
2.797567801  
-1.050770843  
2.089486741  
1.736391725  
5.025882198  
0.4746236229  
-0.09204792211  
2.706675562  
-1.230439835  
1.110547131  
-2.243335811  
0.458901598  
1.370857169  
-1.757295167  
0.7050540691  
-1.267126837  
-0.3068982591  
0.3614677746  
-2.960588915  
0.6249656682  
-1.143039172  
1.041896419  
0.5804542542  
-2.86019329  
-1.505285871  
-2.957020715  
-1.899097366  
0.1048886939  
-0.7855085207  
0.1093481942  
-1.211917609  
0.6674152846  
2.189129827  
-0.3629986996  
0.1341394391  
0.04815178813  
0.2465400325  
0.2449505279  
-0.144853809  
-0.162848987  
-0.1744910367  
0.338140667  
0.2310731836  
-0.03067808602  
0.3024873475  
0.40692581  
0.1123924915  
-0.07309093246  
0.6867900307  
0.5991867309  
-0.5302521168  
0.3924083926  
0.05797475262  
0.2021694234  
0.09995837715  
0.3494703662  
0.3572690948  
0.2734678014  
-0.03413918871  
-0.3731589123  
-0.5868590117  
-1.151685062  
-0.2248467954  
-0.06934900541  
-0.5488039922  
-0.03201852058  
0.2375209556  
-0.2123487162  
-0.2190174375  
-0.6546856613  
-0.7223724541  
0.1127239661  
-0.8091769782  
-0.5882052823  
-0.3270146287  
0.4503330097  
-0.4719294543  
-0.7752428645  
0.2461471126  
0.5364974053  
-0.1552173309  
-0.0460650359  
-0.08232482428  
0.4213352989  
0.06576403571  
0.3585548514  
0.1961236648  
0.2799367547  
0.2686268015  
-0.1894758336  
0.3155746981  
0.4447999615  
0.6248721321  
0.03495972935  
0.1647547746  
0.08395936865  
-0.2161689725  
-0.4124756833  
-0.3355401204  
-0.2728401201  
-0.1249139447  
-0.2322064394  
0.3681753195  
0.3935198673  
-0.2727092272  
-0.07287575216  
-0.2546632847  
0.2611622922  
0.07810295982  
-0.4466770202  
-0.2204349299  
-0.04442152453  
-0.6815813931  
-0.2366625997  
0.03613331159  
-0.2974282455  
-0.7229157406  
-0.8742407487  
0.2637221376  
-0.03028803838  
0.1238373492  
-0.4077759399  
-0.3555829224  
-0.4858400225  
-0.01339475545  
-0.1759289888  
-0.3740281148  
-0.1807154536  
-0.2110402769  
-0.04004914189  
-0.1105640431  
-0.03517089813  
-0.3855090762  
0.182653374  
-0.1179401912  
-0.6124294459  
-0.3284731702  
0.02682986656  
0.05928210792  
-0.4524010034  
-0.1047675795  
-0.04926461375  
0.394238031  
0.3496570326  
0.8077103013  
-0.1307636932  
-0.1652962492  
0.4755403032  
0.6585008047  
0.3829413049  
-0.1550298475  
-0.2866374527  
0.4021444929  
0.05214168165  
0.355504217  
-0.3860114601  
-0.8408846509  
0.07723919732  
-0.3072949761  
-0.5418366075  
-0.8000531773  
0.1989846129  
-1.016847598  
-0.9910084692  
-0.6347044816  
-1.299158402  
-0.7013458626  
-1.769020425  
-0.6772437135  
-0.01654639093  
0.05209887019  
0.6554609332  
0.84210155  
0.6078613756  
0.03982241552  
-0.05842894357  
0.483573447  
0.1285319989  
0.290606907  
0.4039475727  
0.4185297696  
0.830550671  
0.2786072305  
0.5068651628  
-0.05271193415  
0.9006706971  
0.2102840238  
-0.03286136584  
0.5104761083  
0.1046089375  
0.05536923118  
0.2151102091  
0.7631924298  
0.09947762119  
0.0668726063  
0.474221727  
0.09555597527  
0.59006269  
0.7136066674  
0.3012836739  
0.3131483766  
-0.1587615255  
0.4746285504  
1.153515449  
0.1466516012  
-0.04446447227  
-0.2138279766  
-0.9050443163  
-0.4529252499  
-0.1012947579  
-0.2854439156  
0.8778518419  
0.7128789077  
0.7522219566  
0.2924066487  
0.3619638581  
-0.5605964136  
-0.1421649748  
0.4045777065  
-0.03425772277  
0.1491411407  
-0.2222519853  
0.1103251211  
-0.2084076411  
0.2072326203  
-0.2013769624  
0.2997125757  
0.330163925  
0.2781856799  
0.4323462889  
-0.2663688587  
0.6502556382  
0.431959829  
-0.2556036926  
-0.06349959488  
0.07565383503  
-0.4963332816  
-0.01647675708  
0.1037583041  
0.08681612049  
-0.3490984966  
0.6278793728  
-0.004405360657  
-0.3912639515  
0.1339648449  
0.3690694216  
0.4876868814  
-0.3546637894  
-0.1238838762  
-0.3604334618  
-0.7854396978  
-0.07737915176  
0.1297519612  
0.3039356429  
-0.1887127207  
-0.1103819435  
-0.09005158453  
0.1916132749  
-0.1338386779  
0.3192067651  
0.6008804593  
0.4361019975  
-0.3654913907  
-0.6648789111  
-0.07098193984  
-0.5205876016  
-0.4456450196  
-0.134383894  
0.04421600234  
0.001795103607  
-1.042397306  
-0.8400407002  
-0.4615251441  
-0.4197962863  
-0.2130586369  
-0.15057179  
0.2594135978  
0.07922252597  
0.4873419603  
0.1046430597  
0.3144551256  
0.2816325125  
0.1663875666  
-0.06787626151  
0.4231918786  
0.3652335689  
-0.03405539016  
-0.2444785023  
0.02593742454  
-0.2286679285  
0.1497518114  
0.09590981609  
0.2062178123  
-0.006620969893  
-0.4634530293  
-0.2464974112  
-0.4283609881  
-0.1355870636  
-0.1736589573  
0.1613662347  
0.1738969371  
0.3965624462  
0.5374830278  
0.2635121411  
-0.2529119137  
0.3372787928  
-0.01554499918  
0.1907676329  
0.3620023285  
0.2763658578  
-0.1994011337  
-0.01162668211  
0.3320162391  
0.3403340009  
-0.2033816452  
0.03103203655  
-0.2449966366  
0.1343017555  
0.4119404667  
-0.1139090608  
-0.6127778888  
-0.05103600901  
-0.1756037491  
0.1969795604  
-0.0363101662  
0.2532591584  
0.3840901583  
-0.1005277565  
0.9397344914  
-0.1765257819  
0.2041466946  
0.1141300025  
0.1490592846  
0.1944485844  
-0.02945958998  
0.1012241527  
0.1062053833  
0.1229422374  
0.1782865543  
0.1580890107  
0.3055355294  
0.7534869258  
0.2090188217  
-0.001529150104  
-0.12975264  
0.1245566296  
0.2090118041  
-0.4739467449  
0.02050972497  
0.4733127279  
0.2994620503  
-0.006179799099  
0.8969965883  
0.2656401823  
0.5826184019  
0.3978678133  
0.3501224314  
-0.1229921228  
0.1341891288  
-0.5559034918  
-0.09089443646  
-0.3331346585  
0.03426914836  
-1.928290207  
-1.288132137  
-1.199249128  
-0.8545378067  
-0.6339535325  
-0.06276508945  
0.3101869427  
0.00544682604  
0.4228307469  
-0.3030610314  
0.1653521077  
0.2303912537  
-0.08419913603  
0.04056480181  
-0.2342128041  
-0.3089729707  
0.5547357555  
-0.4249599785  
0.005665320775  
-0.4762411392  
-0.8010787191  
0.2553901718  
-0.4328905395  
-0.8645901483  
0.3876630308  
-0.3962337782  
-0.06659676118  
-0.2083162484  
-0.06672761481  
-0.278889751  
-0.3451341472  
0.1808955305  
-0.2441437389  
0.4795718708  
0.3900571221  
0.4121990599  
-0.5490353477  
0.4156768037  
0.1972371178  
-0.3045841284  
0.3208861913  
0.4356185431  
0.1866842927  
0.8437661176  
0.1729627258  
0.9427566047  
0.439283553  
0.1450318496  
0.882173275  
0.003528473082  
-0.1922568163  
-0.3283616763  
-0.435047026  
0.339868543  
-0.08721375633  
0.3266949524  
0.2558868982  
0.02116469141  
0.1550775766  
0.1809185596  
-0.3783198399  
-0.1237093415  
-0.1104083623  
-0.1299579586  
0.1525942588  
-0.3420431631  
-0.5074048661  
-0.5972430942  
0.09687168259  
-0.3057895533  
-0.1846015043  
-0.1923572882  
-0.682808231  
-0.0233642984  
0.08987698554  
-0.175776562  
0.2749553496  
0.069902131  
-0.5335552548  
-0.08283630622  
0.109509303  
0.1004645515  
-0.2457092454  
0.5386683925  
-0.3398379669  
-0.2153260959  
0.6117590344  
0.02560719154  
-0.2343839113  
0.3977402589  
0.3857940203  
0.07990195003  
0.0008866069755  
-0.04486859852  
-0.2754321167  
0.4113164498  
0.3483721902  
0.874032651  
0.4007229767  
0.7792109002  
0.1216031005  
-0.1476101568  
0.4575438892  
0.1803589064  
0.2555692995  
-0.2352835141  
-0.09081459996  
0.3370066089  
0.4297610318  
-0.2244305188  
0.161263687  
-1.431157891  
-0.8322672216  
-0.4337037955  
0.2589552677  
-0.02509659791  
-0.2192469998  
-0.1582746689  
-0.2490190888  
0.06803399275  
0.2577081875  
0.4609513673  
0.5224958179  
0.1687251704  
0.04614164692  
0.1316740531  
-0.004554428482  
0.1435196214  
0.2944982354  
-0.3097776753  
-0.3646714516  
0.2370945633  
0.5843323891  
0.2162641452  
-0.4849186382  
0.05357773322  
0.4055477173  
-0.7886571809  
0.3156042455  
-0.0700497093  
0.135031666  
0.4958879927  
-0.1500801539  
-0.3785077205  
0.02462602164  
-0.296665611  
0.3409728118  
0.3762517328  
-0.0768826041  
0.08854883636  
0.0357414556  
-0.450195306  
-0.6555736569  
-0.1878649846  
0.4135284556  
0.1722881356  
0.2180066197  
-0.3096457488  
-0.5149164462  
-0.3986145774  
0.3000907913  
-0.4056390871  
-0.675356276  
-0.4947097205  
0.08111572143  
0.04741237398  
-0.7866353848  
0.06445927794  
-0.4748623226  
-0.4065464236  
-0.3588887934  
-0.3161206969  
-0.2407429807  
-0.1257227292  
-0.225601779  
0.2291045527  
0.5079530308  
-0.1032243227  
0.404823589  
0.06601218082  
-0.04530516036  
-0.5895072748  
0.4658405652  
0.8085148949  
0.5942576811  
0.2358346196  
0.4286237572  
0.2957245925  
-0.02933342474  
0.4016367138  
0.002764817057  
-0.2114996114  
-0.6337156966  
-0.08609827998  
0.6233389355  
0.04714423384  
-0.08999018792  
-0.4192677778  
0.4885029846  
-0.296660807  
-0.6639887515  
-0.06710407038  
0.006406772078  
-0.05663023923  
-0.9536826859  
-0.7249472446  
-0.3548532658  
0.921331113  
-0.5091989032  
0.6271080501  
-0.5146616134  
0.6384800148  
0.5889374437  
-0.4465546655  
-0.2239777455  
0.02400943338  
0.01411156236  
-0.1578415022  
-0.3105470841  
0.4100823004  
0.307458335  
-0.0844288387  
-0.0828519085  
0.2854361195  
-0.1450855981  
0.1840669382  
0.2176411752  
-0.783127644  
0.5571884454  
-0.7425812533  
-0.543547851  
-0.2643351772  
-0.4777167807  
-0.1575794374  
-0.6347745421  
0.3746876109  
-0.2337008028  
0.3565862408  
0.05119636915  
-1.685517093  
0.307832292  
0.7119957173  
0.2708445129  
0.5657342711  
0.7097178853  
0.6671368754  
-0.1079094233  
-0.4359586715  
0.660688283  
0.5808434086  
0.3469405122  
0.6377510309  
0.7871549691  
0.3763948581  
0.2013691327  
0.008725608791  
-0.2000355571  
-0.2876080624  
0.1044914708  
0.242964329  
0.5713699677  
-0.3617849895  
-0.365673155  
-0.18125688  
-0.02616235889  
0.1205280361  
-0.9470826468  
-0.8432533519  
-0.2614309024  
-0.05646273254  
-0.4527451818  
0.06568735647  
-0.07159321937  
-0.2364435637  
-0.1469482784  
0.2478933434  
0.2089089025  
0.4282291931  
0.1532644853  
-0.08665117953  
-0.5610871822  
0.04660116159  
-0.2745507061  
-0.03261680957  
0.3418446914  
0.7317513609  
-0.2090697526  
0.0543177287  
-0.1557223137  
0.02218744863  
-0.1077462591  
0.1506707033  
0.05270066551  
0.1695787486  
0.130227081  
-0.3060625431  
-0.1398643029  
0.09621928277  
0.01542259646  
0.5493123302  
-0.1765057644  
-0.4441345421  
-0.3055448686  
-0.4292230385  
-0.1413713945  
-0.6462442093  
-0.9020956188  
-0.4596679066  
0.1370261768  
-0.02048823413  
-0.3307088591  
0.1921910937  
-0.3069007995  
-0.1818165658  
0.1872144295  
0.2242489996  
-0.4203287795  
-0.0732888191  
0.05029217321  
0.1587028789  
1.140672226  
0.3868343657  
0.6620303996  
0.6337868543  
0.2236703435  
0.4381777158  
0.8937594814  
0.3365571529  
0.2172521461  
0.3435320536  
0.4823428714  
1.067718618  
0.7430536856  
1.782435209  
2.134274968  
0.4958493752  
1.176708023  
0.3846732921  
0.769939973  
1.401792862  
2.017942042  
2.056417904  
1.077422326  
1.440090737  
1.022083735  
-0.1584015712  
0.8230510941  
0.4969476883  
1.122503076  
-1.386098764  
-1.069904307  
-1.404400996  
-0.001984613982  
-0.3714902133  
-0.9221383714  
0.7770350616  
-1.856221589  
-0.7730392662  
-0.367859961  
-1.50480444  
-0.3528250563  
-1.065932033  
-1.773331188  
-1.293413277  
-1.643203122  
-2.707117974  
0.1349025843  
-1.615049114  
1.654232351  
-1.709979538  
0.09282033729  
2.449474473  
-0.871932311  
1.649553471  
-0.156852392  
0.1536673888  
-0.08674792775  
-1.040384275  
0.2748379633  
0.8835130742  
2.541097  
0.4123975092  
2.659029179  
2.086762019  
-0.9285992832  
0.4293229607  
-1.448760089  
0.9911963743  
-0.4326455415  
-0.63408642  
-0.4630457961  
-3.021574236  
0.2186402701  
-0.837819699  
-0.723035643  
0.630020233  
0.4244463993  
-0.0003529171089  
0.2975778938  
0.4567848651  
