-1.276429662  
-1.272586829  
-1.16502174  
-0.5091222387  
0.02448124651  
1.071842681  
1.183282082  
0.7110561626  
-0.2319865699  
-0.5574389075  
0.7195365298  
0.8103909337  
1.387097625  
0.5729331515  
0.606993244  
0.5847707343  
0.5716109279  
0.007459747017  
-0.3997308014  
-0.0500362422  
-0.1092501142  
-0.05913983854  
0.07802076234  
0.1148759641  
-1.243788238  
-0.4563375751  
-1.118525882  
-1.128050034  
0.2295151362  
0.2714623368  
-0.05222854117  
-0.1578632821  
-0.8480277272  
-0.5055330195  
-0.2817251929  
-0.3261066758  
-0.1082066561  
-0.1721950857  
0.5844746433  
-0.729382602  
-0.1072136616  
0.06903027012  
-0.6528045035  
-0.04231041284  
0.4691706806  
0.9287764211  
-0.9956610552  
1.117976423  
1.004780284  
-0.400308438  
0.04181042632  
-0.4142360097  
-0.427039296  
-0.0832046184  
0.693404503  
1.903954653  
-1.435196519  
-0.1921324413  
-0.9694521102  
-0.7069653868  
-0.3867764098  
-0.2269137058  
-1.190899554  
0.06684719303  
0.09389990322  
1.438280235  
0.5259281395  
-0.5537127255  
-0.5757234312  
-0.8062803725  
-0.6735447229  
2.353018067  
0.9334876398  
-0.1574784415  
-0.1955357686  
-0.05725545263  
-0.2668092856  
-0.4063452723  
0.8269215641  
-0.899516788  
-0.570714758  
0.1976361245  
-1.145862211  
-1.018135135  
-1.601000903  
-0.3509239739  
-0.1818542645  
-0.9086647242  
-1.257189826  
-0.5999317117  
-0.03904957402  
-0.7786774917  
-1.196254473  
2.44901841  
2.245834254  
0.9975713405  
0.5020105598  
-0.7545276229  
-0.9841725038  
0.5662023123  
-0.8022025154  
1.09209938  
0.03233571664  
0.5396876506  
1.38833115  
1.255333737  
-0.7500483742  
-0.1568285617  
-0.6717432021  
-1.402304391  
0.4982927098  
-0.9688815754  
0.06430829947  
2.193096942  
0.7020425128  
-0.627059777  
-0.5573975255  
0.3514590417  
1.585229031  
-0.173620116  
0.3276238715  
0.8710531733  
0.2755779592  
0.3178198547  
0.2361087491  
-0.005914307855  
-0.7840811289  
1.249817805  
0.9324922296  
-1.52962344  
0.4042910089  
0.02605747279  
2.804279158  
2.543965312  
0.3870665216  
0.3861929051  
0.5363239459  
2.44072785  
2.939102081  
-0.003351305518  
-0.4415517613  
-0.04336276638  
0.3673091111  
0.4122076429  
-0.6954412621  
-0.2467076868  
-0.08326143095  
-0.09154121397  
-0.6615082066  
-0.002919863829  
-1.538455913  
-0.5794617361  
-1.287432979  
-0.744627931  
-0.3276945777  
-0.8190932831  
-1.065521082  
-0.1533266303  
0.1958139308  
-0.7902825172  
-0.6540757245  
-0.2299667974  
-1.121813402  
-0.1900114905  
-1.110893964  
-0.1732971136  
-0.4371384639  
-0.01742026336  
-0.2430534943  
0.0258997021  
-0.6759563297  
0.5348377968  
-0.5703138061  
-0.0724812639  
0.6104139835  
0.6371179217  
-0.2136783201  
0.5894109025  
-0.05486318952  
-0.4754332065  
-0.01751322445  
-0.8870238881  
-0.2240750167  
-0.4394016475  
-0.8392106916  
-0.6005558958  
0.2799384889  
-1.056719333  
2.646206144  
-0.3185551169  
-0.380337925  
1.617384088  
0.4195629383  
-0.07719546747  
0.6696751905  
0.7672122435  
-1.506054294  
-0.6981290054  
-0.7426255567  
-0.8308539105  
-0.4655580169  
-0.8515512956  
-1.386221865  
0.193451772  
-1.12406835  
-0.9980360582  
-0.8393464107  
-0.9430966825  
0.2237252163  
0.304975077  
-0.5125740553  
-0.9562203735  
-1.776049558  
-0.4065614027  
-0.34065274  
-0.2795344272  
-0.397612658  
-1.318233914  
-1.579110673  
1.089121633  
1.937805376  
2.1880031  
-0.1569359359  
2.798588921  
2.867078346  
0.3960911299  
1.505886268  
0.569432714  
0.2880601873  
0.2005359893  
1.018519176  
0.05497279331  
2.224290497  
0.5868937458  
-0.02500093317  
1.996473214  
1.403693764  
1.986871174  
1.9959773  
0.1753221842  
-0.4159714884  
-1.274020826  
-0.0122287883  
-1.094417711  
-1.219101161  
-0.8722659589  
-0.8325703689  
-0.4363330828  
-1.043080338  
-1.635137781  
-0.966301527  
0.294178762  
0.3787013712  
0.3216194251  
-1.187279987  
-1.018442353  
-0.2287825677  
0.8586447617  
-0.2028436509  
-0.8628827848  
2.579112641  
1.383893768  
2.637533521  
-0.4662321454  
-0.4855210261  
-0.867677942  
3.492113876  
0.6614497613  
2.585030261  
1.078566999  
0.4118910208  
-0.2978096934  
-0.4866792128  
-0.1352928161  
-1.844012468  
0.09327192525  
-1.271166634  
-0.1656053521  
-0.4726813488  
0.2909211767  
1.124264736  
-0.715618859  
0.3935895567  
-0.6178821375  
-1.369767269  
-1.240262769  
-1.382395254  
-0.734318786  
-0.5658369374  
-0.1606216585  
-0.667220969  
-0.693283921  
0.619162479  
-0.3030985046  
-0.8750685296  
0.8241541903  
-1.027459887  
-0.5494370311  
-0.6933219815  
-0.5321654026  
-0.238061556  
-1.396066928  
-0.8533190697  
-0.1827825362  
-0.7267773229  
-0.09864731505  
-0.8436537222  
-0.5348617615  
-0.4608007857  
-1.048127045  
-1.734275698  
-1.1509568  
-0.175640912  
-0.4744688978  
0.844553165  
1.805201969  
1.298228906  
0.6233549638  
-0.205628714  
1.094036455  
1.414571056  
0.4188538192  
-0.9792523876  
1.050847137  
1.599824063  
2.110386663  
1.256675444  
0.4563662607  
0.3312495182  
1.50734732  
1.47236723  
1.699412531  
0.6176399206  
-0.4793778084  
0.5381329996  
-0.8131431442  
1.090172532  
1.207634394  
-0.01136752298  
-0.1845006497  
-0.2284301603  
0.4911339316  
-0.04938497766  
-1.534439722  
-1.166157503  
-0.87356462  
0.1202669714  
-0.1632171776  
-1.068369471  
-0.7043338219  
-0.3014655284  
0.4839038181  
0.2525599093  
-0.5394295043  
-1.040711561  
-1.725978018  
-0.3376890919  
-0.2840532281  
-1.151516216  
-0.7233659063  
-1.270286488  
-0.2754861278  
-0.4253888043  
1.187358537  
0.07595063606  
-0.394607978  
0.6619763045  
-0.1091840791  
1.006059094  
-0.5581135185  
-0.6890192348  
-1.149553144  
-1.833211298  
-0.7738040898  
-0.3652001149  
0.1947837195  
2.606033609  
1.551613894  
0.5807626629  
1.455683834  
1.760226261  
2.507764835  
-0.2768293158  
2.621829722  
1.080202614  
0.3121717489  
-0.2198679442  
-0.1560908066  
0.8140978936  
-0.2811189956  
-1.072844663  
-1.308721465  
0.1431376482  
-0.9319797583  
0.8049701603  
-0.3223470874  
-0.2361092112  
0.0343871508  
-0.1766613627  
0.8318955969  
0.6520500742  
0.02450671226  
-0.9105081495  
0.1772720661  
-0.4718976162  
0.6881897442  
-0.2151801459  
0.1892635061  
0.8074074311  
-0.1538159558  
1.112537207  
-0.1153006995  
0.2713748706  
0.2503555599  
0.9065047716  
1.086392842  
-2.01791804  
-1.293333961  
-1.084968099  
-0.7431642087  
0.7574552213  
-1.028090416  
-1.802813524  
-0.1679535433  
-0.3383116598  
0.9061749162  
-0.02147598447  
-1.080739074  
-0.9190001075  
-0.8909679638  
0.08039983828  
-1.027600346  
-0.6352467703  
-0.6783743813  
1.527430162  
0.7216380157  
0.71982172  
0.477609534  
0.8649993368  
0.626517828  
-0.1089342415  
-0.0203037074  
-1.211534311  
0.2898331152  
0.2380405289  
0.2290383254  
0.3983412362  
0.6299027332  
1.069687037  
0.9406180132  
1.195925463  
0.4588081731  
-0.06357404499  
0.002284975168  
0.3332490423  
0.6044264271  
0.8923257144  
-0.7263834701  
-0.4741831478  
-2.024637475  
-0.2254449873  
-1.272284396  
-1.137645742  
-1.063218552  
0.02865747466  
-0.3255323727  
-2.043906233  
-0.4387672966  
-0.7029157424  
-0.8237325054  
-0.7989775965  
-0.1551168097  
-0.808235316  
-0.522310239  
-1.080229311  
1.239206727  
1.434011152  
-0.4872836745  
0.4794763152  
0.8796009378  
0.4854435347  
1.264808676  
1.787820842  
0.6514342797  
1.887833318  
1.475376384  
2.25419323  
0.3327257641  
1.370444785  
-1.381936452  
-0.7183115154  
-0.6362221859  
-0.7172084228  
-0.9413374081  
-0.3629355627  
-0.672694399  
-1.721981361  
-0.02234531758  
-0.8405894004  
-0.4543897685  
-0.7696021433  
0.7589395125  
-0.9187177382  
-0.2114206465  
-1.451874577  
-0.4192571245  
-0.6271477038  
-1.031601282  
-0.6679371583  
-1.226416533  
-0.4223733933  
-0.9894441704  
-0.7839162847  
-1.713406698  
-1.152203704  
-1.208126589  
-0.7426858802  
-1.425629569  
-0.9664267928  
-0.5162891082  
1.26840597  
-1.021092597  
-0.8434021634  
-0.3012998898  
0.4472718887  
2.255255553  
2.60887323  
3.30947146  
3.167020761  
1.325960302  
0.6221007349  
0.548526034  
-0.7811963734  
0.3937289315  
0.5127605886  
1.677790479  
0.3856565431  
2.128447535  
1.517118706  
1.156336447  
-0.1940191608  
1.366055287  
-0.6776666299  
0.3558160659  
0.1799069428  
0.6742198318  
-0.6825889361  
-0.5198602545  
-0.5795847091  
-0.7133548871  
-2.190250764  
-1.479955503  
-1.330202139  
-0.69467413  
-0.0258296273  
-0.9462791813  
-0.9539088784  
-0.5535148991  
-1.060978915  
-0.6395491522  
1.393059786  
0.6887129635  
-0.8388883259  
-0.6749983009  
-0.9569653631  
-0.3034881715  
0.6443937794  
-0.7817167023  
-0.2168271742  
0.01667347661  
0.955674475  
0.5546908509  
0.3709158128  
-0.3179765824  
-0.9945888999  
0.3971666859  
-0.2797780769  
-0.5811519605  
-0.1799905771  
0.2896406944  
0.4455420205  
2.857563888  
1.865583934  
-0.3423338295  
0.1931989552  
-0.4076958592  
0.3659621146  
0.1511789686  
-2.051389741  
-1.059015779  
0.2462413724  
-0.4057469471  
-0.09455204435  
0.003237443916  
0.434257056  
1.287235895  
0.2803932268  
0.07592505216  
0.5044238983  
-0.4225114021  
0.6058843263  
0.3103348228  
-0.2200946697  
-0.02820349978  
-1.799289368  
-0.304252776  
-0.1570016265  
0.5574018472  
2.097729634  
1.154611718  
-1.566083465  
2.494338453  
0.8778356324  
1.089762644  
0.2758675122  
0.08181949955  
-0.3156621876  
-1.526906147  
-0.1768714135  
0.1970242246  
0.04828035081  
1.018645036  
2.633643833  
-0.6377543426  
-0.6918977964  
0.4246083615  
1.886947051  
0.0400619572  
-0.2925166992  
-0.2752156063  
0.515183137  
0.3271870734  
0.7808970767  
-0.03904633563  
1.65755238  
0.9105679942  
-1.014461843  
-1.045681972  
-0.3502420525  
-0.5366701179  
-0.1939732763  
-1.280918282  
-0.9250122388  
1.699236928  
0.1727919437  
-0.5405665942  
-0.03316272894  
-1.118093618  
0.01670426744  
