0.7905653922  
0.0602164753  
0.9623899836  
-0.03430526729  
-0.8016336852  
0.5701510145  
-0.5946226177  
0.7471404459  
0.02078329506  
0.03125399712  
-0.3435861349  
-0.2162014671  
0.05078020504  
-0.5371307753  
-1.065598048  
0.3635324254  
0.1573457673  
-0.5948632501  
0.1340671408  
-0.408498945  
0.05792903159  
-0.4082976886  
-0.4408028487  
-0.5226194267  
1.069888873  
0.2727421126  
-0.4735522536  
0.1439160388  
-0.7714787237  
0.258222563  
-0.04058811971  
0.6448828954  
-0.09569249275  
0.6152296326  
-0.484351666  
0.03509835602  
-0.1386026265  
-0.3390020541  
-0.1834270311  
0.4863136257  
0.7492861142  
0.6010858432  
-0.1780016923  
-0.05664372115  
-0.7417903159  
-0.907987277  
-0.7903027785  
-0.8621672404  
0.077566916  
-0.1212348067  
0.2436746578  
0.3405419341  
0.3210112364  
0.623243258  
-0.4714918469  
0.06913236759  
-0.4457348763  
0.2187668098  
0.2501362284  
0.05501933796  
0.04881055619  
-0.3125797483  
-0.03793894402  
0.2949903967  
-0.1228248309  
-0.2361113865  
-0.2515278057  
-0.08165051039  
0.7647032865  
-0.3136298056  
0.3683842599  
0.5218259985  
0.2816602349  
0.4285192539  
-0.2328267807  
1.216163944  
-0.3921125305  
-0.06891446206  
0.1446736851  
1.08720312  
-0.1353917002  
-0.8045281522  
0.4684420113  
0.6583431568  
-0.3454266404  
-0.4599669459  
0.474730703  
0.9253146467  
0.8394629002  
0.4815342877  
0.7346080021  
0.5236392601  
0.3834537819  
1.283488584  
-0.06725850176  
-1.448819902  
0.7005705254  
-0.964334398  
0.7063855039  
0.6807939948  
-0.6925869419  
0.5682460463  
-1.845678497  
-0.6813704265  
-0.8349138601  
-1.292126294  
-0.1320955322  
-0.2744490442  
0.3871659261  
0.1620282447  
-0.3533265236  
0.2008922905  
-1.138829412  
-0.6923153734  
-1.373956115  
-0.8984159671  
-0.4310036271  
-0.1000732217  
-0.3601134977  
1.063293136  
0.9886467361  
-1.108713791  
1.116066372  
-0.5292671009  
-0.2898342156  
0.2100675189  
0.04108903427  
-0.6437786338  
0.3896549951  
-0.06931686741  
0.4670358058  
0.09710901642  
0.8259935302  
0.01006120197  
0.07665693917  
0.7562808229  
-0.7593041414  
-0.4717423337  
0.07225595585  
1.005569824  
0.4275873137  
0.1613849025  
-1.115777652  
-0.4909732893  
0.1237922159  
-0.03848082119  
-0.3690179073  
0.8818038957  
0.9550148468  
1.095244666  
0.6510185951  
-0.2609953945  
-0.167197794  
0.3334893854  
1.34755759  
0.2227349937  
-0.145282512  
0.4644424272  
-0.09042813516  
0.5742161536  
0.3234735364  
0.5123703409  
-0.7345772912  
0.3360811375  
-0.8722021682  
-0.845688479  
0.5396344516  
-1.367491898  
0.7426431468  
-0.4605089888  
-0.09585439746  
0.1346555434  
0.4734004276  
-0.6769809532  
0.1259216273  
0.3644539786  
-0.3680356298  
-0.1745899833  
-0.1233916481  
-0.5266265817  
-0.7715973648  
-0.07945377245  
0.5048947427  
-1.054618534  
-0.7595808845  
0.3649250246  
-0.734845435  
-0.9420593932  
1.275694177  
-0.2926459977  
-0.1267158856  
1.310838086  
0.05072037919  
-0.3098057918  
0.5405656526  
-0.2863337104  
0.060435137  
-0.3768021238  
-0.02668989384  
-0.4152567805  
-0.414502337  
0.07480202559  
0.3929237102  
0.434038939  
0.04311456199  
-0.3398414742  
-0.2957565394  
-0.2355144858  
0.432430404  
1.006635547  
-0.2307068455  
-0.5781329587  
0.5265602576  
0.08880645329  
0.6594810963  
-0.2830148813  
-0.1248109439  
0.8008468031  
1.113013562  
-0.09964400766  
0.1489943704  
-0.02889393818  
-0.8966870113  
0.2002236485  
0.08163444727  
-1.426465607  
-1.356288422  
-0.4883863951  
-0.3053919561  
-0.2123724013  
-1.77163877  
-0.6754269604  
0.7014706142  
-0.8206503798  
-1.357971198  
-0.5237530473  
0.6757524175  
-0.4293944751  
-1.411462426  
0.2086333839  
0.7659646658  
0.06193191647  
0.07806150233  
0.01190703656  
-0.05411776011  
-0.5020451096  
-0.02067364244  
1.947413175  
0.5594525356  
0.2046724396  
0.3630394776  
0.4033617576  
1.306641387  
-0.4209060094  
-0.2192460527  
-0.3117758775  
-0.3463994336  
0.5787994183  
1.516480525  
1.778919555  
0.1813344229  
-0.7524298242  
0.675829566  
2.174917253  
1.40882809  
0.197047228  
-0.08513596918  
0.009333770279  
0.7070532051  
1.376532108  
-0.1950670114  
1.113830182  
0.6443076374  
-1.409323384  
-0.8211086096  
-0.3477022162  
-1.138769422  
-1.218155705  
-0.5668133094  
-0.7077656229  
-0.9199871129  
-1.091346123  
-1.044111165  
-0.2979994275  
-0.2140406487  
-0.7027715506  
0.4638146826  
-0.01624983008  
-0.3963671852  
-0.6055431167  
-0.5713683824  
-0.1072843871  
0.3048365721  
-0.1398546059  
0.1924269352  
0.6382620487  
0.1180947391  
0.4216705082  
0.257468267  
0.3965219786  
0.5807827715  
0.5796599037  
1.365111527  
0.6073668627  
0.2894886624  
0.6266742846  
-0.001572883408  
0.2389058152  
0.4776547819  
0.1516167193  
-0.175294691  
-0.001460990635  
-0.6266555844  
-0.6935934006  
-0.2757549974  
-0.6571703  
-0.6681053027  
0.02489210573  
0.6443996905  
1.703439892  
1.626202371  
-0.2664026748  
-0.1417643614  
-0.5579637902  
1.376492033  
-0.06195917647  
-0.655372622  
-0.6960317863  
-1.35479923  
-0.550063456  
0.8437573895  
-0.8998339475  
-1.134159843  
-1.508809753  
-1.176609719  
-1.468506202  
-1.217999073  
-0.8663126654  
-0.9904723518  
-1.681388283  
-0.218644684  
0.3039068388  
-1.033388158  
0.1723206268  
0.9302676987  
0.7483492432  
0.456569803  
1.01915364  
1.130809325  
-0.3245509559  
-0.1192752516  
0.164146786  
0.7734270995  
0.7638502652  
0.4799390221  
0.04017428477  
0.1067774815  
0.5512283942  
0.04670637515  
0.748015955  
-0.2863056737  
-0.08403173523  
0.7537992096  
-0.03966271972  
0.2060623804  
0.1437601974  
-1.336793705  
0.08947370862  
0.4321226149  
0.1777204065  
0.2188713638  
0.5937611856  
0.3047221455  
0.8454585234  
-0.8796067806  
-2.130146028  
-0.0505849327  
-0.04451089566  
-1.573102168  
-1.357274982  
-1.764554479  
-1.019631518  
-1.02861393  
0.1325333259  
-1.195987847  
-0.3859427087  
-0.7193892345  
-0.5957087868  
-1.091260152  
-0.3868429426  
0.1043982507  
-0.02130208937  
-0.8551937497  
-0.4234338768  
-0.9423401377  
-0.8002988931  
-1.724095783  
-0.8037628369  
-0.9788342383  
-0.3812691289  
-1.076164093  
-1.473452498  
-1.414533193  
-1.869353679  
-1.585789769  
-1.68572958  
-3.176111202  
-1.981037051  
-2.663661474  
-2.184988453  
-2.6974349  
-4.114860435  
-1.933665916  
-1.119178686  
-4.103537969  
-0.05342550879  
2.335812916  
1.914345276  
3.697060807  
3.452510622  
1.85601407  
2.158510732  
0.4752676259  
2.272589325  
2.400693855  
2.827781465  
2.284514531  
3.14952089  
2.085403392  
2.206970296  
3.333432527  
1.381717695  
1.74577721  
0.7658774896  
2.224094546  
0.9901758678  
2.013567004  
0.6187004502  
-0.07098370754  
2.813952793  
-1.077903146  
0.1772457886  
2.810659788  
1.662450324  
-0.6347357273  
0.6959060777  
2.118035643  
2.516026834  
-0.1960387753  
-1.402399103  
0.3882484684  
0.02469514799  
-0.2629426231  
-2.053706587  
-1.542242291  
-0.3926745298  
1.013036668  
0.06515681372  
0.2845520729  
-1.118874982  
1.356189121  
0.6518948155  
-0.08180365318  
0.5452260727  
0.621357515  
0.8270969693  
-0.0136594266  
-0.3748433598  
-0.1268432575  
-0.4371270528  
-0.6096059273  
-0.1567985837  
-2.169830431  
-1.481084635  
-2.415866611  
0.6020522418  
0.5167578238  
-2.398334385  
-1.54107864  
-1.878903042  
-0.7474727326  
-0.9045650985  
2.049257176  
-0.9025699918  
0.1662568868  
0.6894413288  
0.5456555587  
0.1514543046  
0.03590113485  
-0.09638406771  
0.2908224042  
0.3931636426  
0.03040917609  
2.197180232  
1.607597102  
1.561637991  
1.295912339  
0.7896739462  
1.849537834  
2.052839147  
1.637646297  
1.145106423  
1.035174871  
0.2613526586  
1.313124123  
0.3429690984  
0.4159997965  
0.0235117452  
1.42040919  
-1.015520758  
-1.863643012  
-1.053083972  
-1.803736509  
-1.268114365  
-2.0182566  
-1.796569053  
0.3565549104  
-0.9523151331  
-1.174839992  
0.287228257  
0.3866881583  
1.388441152  
-2.041192151  
-2.095732564  
0.09456172251  
-0.3502183241  
2.219061221  
0.3502384483  
-0.7408021025  
-1.141033801  
0.3419125331  
0.0817844529  
1.217362764  
-0.8063766303  
-0.1710989213  
1.058730529  
0.9356811616  
-1.040497842  
-0.3970227287  
0.0369120055  
-0.7344222404  
-0.06408863981  
0.9688043681  
0.9888893586  
-1.428053514  
-0.3128349366  
0.3468446886  
-0.234138092  
-1.334227777  
0.1159818815  
-0.9197116543  
0.4971646707  
0.2454230367  
-1.167641895  
1.569004594  
-0.8778611954  
-1.57779252  
-0.6270204667  
0.4982896429  
1.111218796  
1.237266191  
0.06442573557  
1.581771636  
1.470306379  
1.096818791  
0.006423857955  
-0.6682528542  
0.9669988362  
-0.9226527583  
-0.4408928436  
-0.6008520648  
-1.110455019  
-0.09803566146  
1.079171574  
1.529531617  
1.011589154  
-0.3566661537  
0.4390882849  
1.241347782  
2.316700663  
1.703638996  
1.435003225  
1.49185406  
0.5905007189  
-1.336331409  
-1.808755528  
-0.9118566474  
-0.6326008999  
-2.366579855  
-0.5994614894  
-0.5729977362  
0.1760855135  
0.1575661499  
-0.05496596716  
0.8465525078  
-0.8907872131  
-0.3108176831  
-0.7528043518  
-0.7312721595  
0.5393938879  
-0.04535518197  
0.4101706106  
0.5131669234  
-0.8910132169  
0.01997920877  
0.3455119753  
0.262327174  
-0.8072283998  
-0.2378918147  
0.6096142928  
-0.4907121682  
1.356964923  
-0.2352661094  
0.9299143727  
0.8438874591  
-0.5787473635  
-1.401915265  
-0.3612336757  
-0.5262065965  
-0.2479972369  
0.6459368822  
-0.4565951655  
0.9627414191  
-0.3777984103  
1.656015412  
-1.395988308  
-1.285269911  
-0.8360268338  
-0.9744654386  
-0.09358664962  
0.5973822045  
-0.3981835418  
1.192776782  
1.970617571  
0.9308305403  
1.342662163  
-0.3293591079  
-0.2242240801  
-0.3909201407  
0.4079230942  
1.412818501  
0.1809534879  
0.4450879462  
0.2483435212  
-0.7575753648  
-1.437364152  
-0.6767016573  
-1.045800513  
-0.1712219502  
