-1.006902954  
0.2645772212  
-0.6951403052  
-0.05138285913  
-0.1058021857  
0.1379922991  
-0.1650176599  
0.245617734  
0.6425375401  
-0.3130711353  
0.1587429776  
0.4029807292  
-0.7982672191  
0.03782543681  
0.5139006699  
1.132808713  
0.4927808313  
0.7282456602  
0.1836545083  
-0.08691394202  
-0.001764875255  
0.134958771  
-0.9368775331  
0.1308585653  
-0.1914272645  
-0.9514507833  
0.1299236852  
0.08845980939  
0.7851445764  
0.05240088499  
0.421216578  
-0.6120895965  
-0.2049805687  
-0.08326450922  
-0.1133118961  
0.06324504972  
-0.2987212984  
-0.4337561744  
0.3277168524  
-0.3241940781  
0.8886094603  
-0.9359371413  
0.06156021176  
-0.9923316435  
-0.9806692551  
-0.5074213177  
0.08164526907  
0.4747377339  
-0.08787493417  
1.438321671  
-0.3476546516  
-0.1046010112  
-1.849405004  
0.1716026988  
-1.332856449  
-0.08733878763  
0.9374882901  
0.7060012034  
-0.01729799348  
-1.385027218  
1.019633567  
0.1817093401  
0.9079620209  
-0.2198811363  
-0.3013036138  
0.0460379736  
-0.8835526677  
0.3109763795  
-0.9020760711  
-0.02815275403  
0.6680259538  
-0.0643086079  
-0.5855751697  
0.1343969041  
-0.458845743  
0.8200775827  
0.2239857233  
0.05136730262  
0.06897185309  
-0.6447841584  
0.6626654336  
-0.2378041397  
-1.067017376  
-0.7287670463  
0.7164993416  
-0.702687516  
0.631889975  
-0.08224158683  
0.2294047726  
-0.6497516749  
0.7421940395  
-0.4237998923  
0.5556801379  
-0.7163138215  
-0.2461781144  
-1.147760521  
-0.8413357342  
0.4865681788  
1.311211753  
-0.8710875788  
0.3121254101  
0.9388879942  
0.1680594177  
0.2524557666  
1.883604165  
-1.033401678  
0.1204530833  
0.4749287717  
0.8527486954  
0.800236369  
0.2900725198  
1.318423572  
1.372939223  
0.5420745528  
-0.2845927787  
0.475810407  
0.4016368832  
-0.09058760196  
-0.3701206129  
0.6814565467  
-0.5564511622  
-0.1888297261  
1.405841042  
-0.8452458026  
0.1540545615  
0.1619338345  
-0.6902961704  
0.1233338236  
0.59596774  
-0.06224310827  
-0.06564993996  
-1.116376418  
-0.6682143532  
0.8318664946  
-1.388204388  
-1.115557426  
-1.073286459  
-0.7966763066  
-0.8432318455  
-0.2342941699  
0.1662476952  
-0.9072838784  
0.6062319388  
-1.117969346  
-0.3077302009  
0.1745305262  
0.9558496348  
0.7476268882  
0.1336933703  
0.1720797454  
-0.4764589828  
-0.01867473678  
0.7314375162  
-1.276542131  
-0.6362788222  
1.415465889  
1.031141668  
0.2349578451  
0.5744911446  
1.147841248  
0.619143647  
0.9510138342  
-0.3392100582  
0.4851796188  
1.213438393  
-0.3616262651  
0.2045066465  
-0.001300638429  
-1.127958342  
0.164501422  
0.01317189688  
-1.326254829  
1.124114847  
0.07081567877  
-0.6072894737  
0.7884086028  
1.758892402  
0.1764950558  
-0.6927225726  
-0.7549243506  
-0.006799817306  
-0.298355867  
-1.311998202  
-0.6798256028  
0.1156324909  
-1.036072322  
0.02519401007  
0.3395545226  
-1.234217616  
0.09871617914  
-0.2898462919  
0.8178042288  
-0.1527981829  
0.1116413131  
0.6727205596  
0.7032107668  
0.5549100386  
0.8082055396  
-0.9188715938  
-0.1704465279  
-0.4848948429  
-1.956762982  
-1.104746304  
-0.7076053637  
0.09957702574  
-1.100787188  
0.211756879  
-1.110795804  
-0.4470964486  
-0.2983340939  
0.4709924963  
0.5521614884  
-0.588104151  
-1.315101685  
-0.9514928822  
-0.2359226458  
0.2927410525  
0.3299105143  
-0.9032989744  
-0.2607627963  
-0.01522766626  
1.235101919  
-0.6467064909  
0.1432874732  
0.7131787058  
1.091718517  
0.06506089436  
-0.3342481906  
0.6593979159  
0.4246731242  
0.7408251078  
0.789714639  
-0.2445490352  
0.255613566  
1.018898924  
1.117531966  
1.022144674  
1.136774378  
2.099435268  
-0.7056824338  
0.8726591939  
0.6397949954  
0.5510287245  
0.196796563  
0.1475766561  
1.393752502  
0.5450209096  
-0.9684288551  
1.004062789  
-0.07953373327  
-0.8744015233  
-0.9014110369  
0.8889809366  
1.0731276  
-0.237894203  
-0.01732026934  
-0.6571208225  
-0.6522360351  
-0.8963505302  
-0.3583474089  
0.7300170936  
-0.7503298862  
-0.1591907175  
-0.6069648925  
-1.23486407  
-0.9228889756  
0.3769193405  
-1.534389911  
-0.8437555293  
-1.312148512  
0.2943759942  
1.460677038  
0.1753177689  
-0.2906808641  
-0.9792337793  
0.1554837208  
-0.7067094298  
0.04487668324  
-0.2251218735  
0.3627354032  
-1.251839546  
1.115210868  
1.047770227  
-0.4667393125  
-0.005733815879  
-0.7423757585  
-0.7446281516  
-1.212970783  
0.6146673071  
0.5389636619  
-0.3609128019  
-0.4630974434  
0.08756393409  
-0.4782533571  
0.2039683495  
0.2104495093  
0.3119911938  
-0.7724353972  
-0.7431652805  
-0.8107241005  
0.5734223635  
-0.6043673472  
-0.5183854423  
-0.05560023653  
0.3398588698  
0.3657078367  
0.1786750114  
0.06139699273  
0.4236665236  
-2.121430984  
0.2017026441  
0.5913572222  
0.4556524274  
0.2710208751  
1.490239627  
0.9907304904  
0.8359311551  
-0.1828584413  
-0.280811714  
0.8992363853  
0.4342538475  
1.756113068  
-0.5803353459  
0.3844547477  
0.3449091211  
-1.144702805  
-1.465987065  
-0.5665854796  
-0.02798809927  
0.195102375  
1.839786825  
-0.5453183496  
1.116677894  
1.186388994  
-0.1703803496  
0.266864694  
0.8841309307  
0.8481738168  
0.891501258  
-0.1883639252  
0.2567800866  
-1.457127191  
-1.208932794  
0.01787610522  
-1.37089234  
-0.8721434283  
-0.04859532465  
0.6186824166  
-0.1279484166  
0.5885273271  
0.225945653  
1.515476026  
-0.730705835  
-0.3538052944  
-0.5483393888  
-1.355881383  
-0.8036630804  
-1.143694736  
-1.465397466  
-1.157616144  
-0.3346764515  
0.05939045952  
0.4269355962  
-0.5699409738  
-0.1292782966  
0.1416429777  
-0.961839297  
1.101026784  
-0.4286019933  
2.664672734  
2.012240795  
1.74040663  
0.07919444588  
0.6458589244  
-0.7256431767  
-0.4074309164  
0.1806620267  
1.483295615  
0.6224718305  
-1.024341649  
1.294845085  
0.03849414484  
-0.8343290233  
-0.2895927275  
-0.0339918633  
-0.9835105458  
-0.4371225256  
0.7166057297  
2.145510044  
1.058102014  
0.7895092007  
0.1196577992  
2.181066699  
1.304661984  
2.054884563  
1.899997634  
2.126969987  
2.329454958  
2.116487701  
2.51196437  
2.330236862  
1.301822624  
3.052567073  
2.790170516  
2.981646689  
2.718067668  
3.0502904  
0.3242932826  
4.18675052  
1.474139802  
1.087692882  
1.465450121  
1.906546418  
0.932817555  
3.043950997  
-0.8853343756  
-2.54829428  
-1.619569222  
-3.660423652  
-2.940959575  
-2.903696648  
-3.387642199  
-2.406522093  
-1.200575205  
-1.176044813  
-1.373851652  
0.2237356732  
-1.180016127  
-1.986258236  
-3.072765366  
-4.217267771  
-2.53602896  
-1.645413954  
-0.8499993103  
-0.6107201341  
-1.325538608  
-1.820524923  
-1.937826665  
0.4061205242  
-0.527603322  
-1.51627838  
-0.7813090007  
-1.150612842  
-1.548024402  
-0.4529979087  
-0.2466713351  
-0.6322710752  
-1.322935814  
-1.360872478  
-0.02951221848  
-0.2313496195  
-0.5980799511  
-1.558922982  
-0.9009723562  
-1.490136426  
-0.3949653372  
0.07691565369  
0.3799377116  
1.901880496  
0.7819903888  
-1.268060731  
-0.6722230568  
-0.2380014564  
1.283332558  
0.06567572149  
1.006133245  
0.1588570319  
0.4575024134  
0.5264240746  
0.9148070709  
1.759584317  
-0.09993023111  
0.8159099324  
0.925160525  
0.4163718048  
0.2901853884  
0.3878639879  
0.8523155358  
0.5025918714  
-0.37298959  
0.07566081827  
0.05638226207  
1.390352567  
0.7549604972  
-0.9417570665  
-0.3128562605  
-0.4129638428  
-1.235812925  
-2.69025414  
-1.178657929  
0.04666923553  
-1.302440967  
-1.094742708  
-1.257061452  
0.03067288689  
-0.8135749979  
-1.357983853  
-0.5635299375  
0.9456073568  
-0.6165587215  
0.1716424082  
0.3739456581  
0.3345794645  
0.292929916  
-0.917872738  
-0.3460924689  
0.06677561474  
0.08463473118  
-0.1302127443  
-0.3980367618  
-0.3712124449  
0.6947629659  
0.7235451652  
-0.6659893549  
-0.9184559477  
-0.84327534  
-0.7724347345  
0.259710695  
0.1341050276  
-1.107135938  
-1.292839842  
1.871028244  
0.1427275323  
0.009965001672  
-0.7795726443  
1.224166128  
-0.1200694004  
-0.1030081802  
1.514261377  
1.326606932  
-0.1564340203  
-0.3687715739  
1.371991621  
2.554252948  
1.739871334  
0.2228238852  
-0.0781671234  
1.048694294  
1.471345031  
-0.009709592141  
1.74715892  
-0.5936443534  
-0.05430499885  
-0.5661568674  
-0.006471828013  
-1.454551648  
-0.4834007029  
-0.9020146663  
-0.2166146587  
-0.5092116008  
0.05188457864  
0.147878856  
-0.341322519  
0.08961076335  
0.05898963585  
-0.1942631326  
0.04788682026  
-0.2945115846  
0.5054364044  
-0.3675702277  
-0.2671225637  
-0.8750340521  
-1.086685286  
-1.331630583  
-1.042490782  
-1.260129469  
-0.8247253286  
-0.305273638  
0.8661954135  
0.9897288452  
1.450435396  
1.31360644  
-1.146098392  
0.02589279144  
-0.3682102581  
-1.250538716  
-0.8250675252  
-1.508225536  
-1.159915433  
-0.4365037936  
-1.252599927  
-0.1850579214  
0.3170809862  
0.3688072308  
1.04796722  
0.8769611983  
1.776540659  
0.1982341427  
0.6302753153  
0.5453751398  
0.7482961335  
-0.7274276946  
-1.397121987  
0.3787326381  
1.193602051  
-1.579432213  
-1.353030653  
0.6277075699  
0.4498610805  
-0.1215467283  
2.04228101  
0.806633513  
0.9234187309  
-0.09137752101  
0.8410606917  
1.101450744  
0.8146219042  
-0.3650987229  
1.545334371  
-0.4994240642  
0.8498328529  
-1.390107062  
0.2193624084  
1.504438011  
-1.330929241  
-0.7627354118  
0.6025259736  
-0.7772791347  
0.1024083678  
1.700069603  
0.08485673831  
0.1615921611  
-1.163110721  
0.8852910941  
-0.5897261853  
0.3099033991  
-0.9377076477  
1.273813203  
1.073658456  
-0.4680216421  
0.9247811371  
1.457633131  
-1.054772857  
-1.496841902  
0.9591588625  
0.8221610618  
0.5165441564  
0.1426674286  
-0.7986312555  
-1.123507945  
-0.5945626817  
-0.790664487  
0.228659963  
-0.2637747131  
0.3866689006  
-0.2178038223  
0.3550196631  
-0.4290327363  
0.5961310817  
