-0.03691659904  
-0.5760326235  
-0.9818558865  
-0.8697836811  
-0.9347787516  
-1.159217012  
-1.3558476  
0.1925676177  
1.905988332  
-0.3779933914  
-0.4919853994  
0.3545765266  
0.2563028616  
1.072152886  
0.6620387942  
0.2556821903  
1.63933961  
0.1168208349  
-0.3401311535  
0.5540936364  
0.4478772271  
0.9963586693  
0.8111785056  
1.470942606  
-0.943632813  
-0.2861562482  
0.3267705166  
-0.01353625936  
-0.4562991545  
0.1617169046  
0.9611564018  
0.07969004279  
0.483214991  
0.4356979874  
0.153787565  
0.1065868746  
0.4094377803  
-0.9072891755  
-0.8211151347  
0.3811236979  
0.6383324674  
1.177415401  
0.398434338  
-0.4638880722  
-1.191846083  
-0.662898244  
0.1969406222  
0.01881892604  
0.8949558906  
-0.6161783312  
-1.121751411  
-1.485633206  
-0.3899212879  
-2.416247167  
0.1209399735  
-1.254829887  
0.5084438448  
-1.307854421  
0.5030396697  
0.04271141084  
-0.4078386619  
-0.2537306562  
-1.048952581  
1.201150724  
0.1325152762  
-0.01886990977  
0.2787463893  
0.7095145741  
1.185653799  
0.05807357741  
-0.0611860405  
-0.7415063045  
-0.6184359635  
-0.8664582521  
-1.313494848  
1.919691938  
0.5106009548  
0.7403587804  
-0.5058838336  
0.1056778335  
0.4576469226  
1.148697645  
0.3926147192  
0.4687590489  
-0.7188754296  
-0.5354769613  
-1.022426654  
-1.113608628  
0.8591580846  
0.2453210456  
-0.457335159  
-1.411738648  
0.4729631268  
-1.045629189  
-0.1543252593  
-1.620586973  
-0.2271335755  
0.283862017  
0.5661097471  
0.2195681984  
-0.2614716019  
1.273872323  
1.099028429  
0.7750731788  
-0.720227521  
-0.2617017018  
0.4972284739  
1.184245635  
-0.05436761081  
2.301251318  
0.3720027416  
-0.9493687458  
0.3338798069  
-0.07349494613  
-1.429662664  
-1.164636022  
-0.6294688374  
-3.746471615  
-0.9169074992  
0.4196102538  
-0.5114230408  
-0.6016035742  
1.466469582  
1.074806255  
-2.404360569  
-0.7618620119  
1.91088141  
-1.754292718  
-0.3814091072  
-0.5602127159  
0.3236648735  
2.109750672  
1.243046712  
-0.01298507781  
0.3230893079  
-0.3819710707  
1.919985313  
2.030336908  
0.5708334166  
1.465330124  
-1.59725701  
1.865568175  
0.8176882508  
-0.2634799492  
-0.9044318053  
-0.6644189507  
1.905719991  
-1.246575353  
-0.5426435619  
-0.7858711432  
0.265453413  
1.495275604  
1.629418255  
-0.1565495464  
-0.1338369864  
-0.614870772  
-0.3788396741  
0.150154421  
-1.716011321  
0.2979157927  
-0.2829307275  
-0.7103744207  
1.272743919  
-0.3830077506  
0.5903654003  
0.3603545558  
0.1707165784  
-0.09031717289  
0.2345966857  
0.8410180321  
0.8262490727  
-1.152659332  
0.8999791482  
-0.7305918144  
1.799624547  
-0.4577579862  
1.46905191  
-0.910762229  
0.6001285901  
-0.4697252203  
-0.282777337  
-1.561651934  
-2.087853103  
-1.620240762  
1.460530935  
-0.511093725  
1.862860372  
-1.165079072  
-1.425858967  
0.4670725656  
-0.5779506536  
-1.045070725  
-0.4235832531  
1.258087435  
0.7098913227  
1.634381124  
0.9671455379  
1.580551666  
1.101779638  
-1.26908131  
-0.5255000177  
-0.375953218  
-0.07104798093  
0.730652832  
-1.155281078  
-0.7280936335  
-1.632814804  
-0.2346165075  
0.4526571148  
-0.7032284543  
1.010243175  
-0.4145659529  
-1.815099435  
-0.1005981511  
0.0617792325  
0.392888716  
0.02418259977  
0.03626631084  
1.602187512  
-0.6978546234  
-1.264590024  
0.4730573579  
-0.2829398186  
-0.678539177  
-0.6949574712  
-0.9519176383  
0.275383659  
-0.6714435436  
0.07566823427  
-0.6504149991  
0.04466437288  
0.1063584266  
0.1287322709  
-0.3153459897  
0.620969267  
-0.9454918431  
1.7092037  
-0.2969834916  
-1.320171087  
0.6774554124  
0.1165684579  
0.03538861593  
-0.9723950298  
-0.5079873823  
0.6355493453  
-0.5018516338  
1.995081093  
-0.3163596803  
0.1662940282  
-0.1369714627  
1.175527322  
1.349863713  
0.7890861997  
-0.7449210403  
-0.6971162288  
0.1807050125  
0.6491288501  
0.01610454424  
-0.3935491235  
0.4733036731  
0.3601692516  
1.667786928  
-2.257285336  
-1.712463  
-1.567870047  
0.3189007433  
0.6955690269  
-1.788390046  
0.3639587665  
1.821727109  
-0.3168932133  
0.6934096985  
0.08836098929  
1.988502159  
-0.452528543  
0.3609464869  
0.637352583  
0.2569384612  
-1.64341636  
0.7042872777  
1.124843362  
0.8378175276  
1.461402445  
0.617294847  
-1.755305316  
-0.5945461462  
-0.4382515127  
-1.442347745  
1.233529086  
1.01073365  
0.1346146792  
-0.2218152727  
0.9518392431  
-0.3407530737  
-1.735381501  
0.07587771106  
1.55949725  
0.7053565761  
0.06907430366  
1.218793803  
0.691008041  
1.171216691  
-0.7514516159  
-0.5648149825  
0.3346654801  
-0.3446259393  
0.2535323848  
0.4309816491  
-1.376351707  
-1.035690639  
0.1539220331  
-0.0009133702552  
0.3606015625  
-1.018480358  
-0.9317046047  
-2.004712743  
-0.713576355  
1.760364774  
1.996689785  
-1.008626295  
-1.771057306  
-0.5425036585  
0.3735571963  
-1.267324545  
0.4940226372  
1.321818747  
1.186901868  
1.58187047  
-0.06099901289  
0.7833103788  
-1.268450527  
-1.146993675  
-0.7400532224  
-0.7990762879  
0.1200846094  
0.9875189881  
-1.186421445  
-1.001427359  
0.0963432512  
-0.1107316352  
-1.718127451  
0.504606758  
1.436492965  
-0.2432157825  
-0.36628809  
0.1510101658  
-1.362589683  
2.017719496  
0.9399032673  
0.7901940355  
0.8031190551  
0.7368213344  
-0.2924211872  
0.07319990684  
-0.2138076439  
-1.376936318  
-1.656533499  
-1.766075225  
-0.2664086554  
-0.5335934494  
0.2086307168  
-0.9463008324  
0.467417131  
-1.532004502  
0.3033207793  
1.158123992  
1.404848511  
-0.744223301  
0.5459620329  
-0.4063042304  
1.907057982  
1.084299901  
1.663429355  
-1.331559975  
-0.872669259  
-1.824329491  
-1.558640769  
-0.2288642937  
0.9713758808  
0.4627853783  
-0.3699026814  
-0.6408118987  
1.559595039  
0.2254374756  
-2.011561499  
-1.723653588  
-0.6307984744  
0.2069494569  
1.708289186  
1.757803357  
0.009860672345  
0.0112312208  
1.010640702  
0.5168082005  
-0.9163244366  
-0.4050019795  
0.2803375566  
1.444255753  
0.6400345103  
1.405199465  
-0.1447092101  
0.8046198822  
0.6090231926  
1.055524076  
0.6482823592  
0.9586734437  
2.907273255  
-2.023404111  
-0.8388349501  
0.03781494063  
0.8105464469  
-0.4618852436  
-2.831854717  
-2.170305861  
-1.861955864  
-1.31606269  
-1.56280702  
-0.8995299991  
-1.196336994  
0.2843954479  
0.6429438149  
0.2614705839  
0.1970428266  
0.7881593574  
0.7363122834  
0.4928825949  
0.9850169975  
-1.230560878  
-0.7979965659  
-0.1181909837  
2.023102517  
-0.7345945562  
-1.329151105  
1.91109375  
0.5037893657  
-0.3531082244  
0.07260403836  
0.1450374144  
1.843441914  
1.190307263  
0.5715059947  
-0.2164584465  
0.09212005675  
1.333994383  
-0.1739698347  
-0.8742035579  
-2.220006809  
-0.135052966  
1.632675654  
1.089987658  
0.5916894789  
0.08521001719  
-0.9396751361  
-0.955330374  
0.25966506  
0.8962241782  
0.1312957458  
0.1681695297  
-0.05263120925  
-0.49446218  
-0.4745883292  
0.1034385095  
0.006116900338  
0.7340588458  
0.6882242631  
0.2096152911  
0.06923251836  
-0.8293923088  
-0.9231842398  
0.4374958489  
0.4630997817  
0.2188211823  
-0.5501425156  
-0.4975329035  
-0.8180840399  
-0.4319692263  
1.163844108  
0.1286981199  
-0.4073520335  
0.09831943615  
0.4218118662  
-0.8374109967  
0.1682386471  
0.3702236291  
-0.6864291604  
-2.003610014  
-2.007410897  
1.34204713  
1.59415042  
0.3916724901  
1.107477268  
0.4395909386  
2.014784261  
-0.2806020884  
-0.8722982177  
0.4754180717  
0.6827560297  
1.229682303  
1.029183056  
-0.328829017  
-0.6711751103  
0.8372983708  
0.4456699794  
-0.508432945  
-0.9516816828  
-0.2360136784  
-1.049397129  
-0.6695701493  
-0.3976020652  
-1.066224319  
0.08959486771  
-0.08174635297  
-2.105422355  
0.03453470222  
0.9383758055  
-0.5487809406  
0.5114168049  
-0.3985924858  
-0.1262029835  
-0.6283923025  
0.7099469247  
-1.08568943  
1.131617552  
0.4174893551  
-1.267040305  
-1.44633787  
-1.201624712  
0.7328021342  
-0.8773056622  
-1.303794485  
0.6843497952  
0.7168030571  
0.3494473804  
-0.7655547317  
1.51844135  
0.4509090131  
0.97323211  
-0.1816205248  
-1.871795579  
0.08571811391  
-0.8721484059  
0.188154987  
-0.459210748  
0.195630581  
2.296286935  
2.383895769  
0.3391425203  
-0.3389750307  
-0.1643138933  
-0.7686895821  
-1.24831218  
0.1197012661  
-0.03226673017  
0.9410313359  
-0.2161237799  
0.8873239164  
1.156332615  
0.9453120132  
-0.1501712367  
-0.9585250358  
1.014623089  
-1.110745477  
-0.7956036612  
0.09499539336  
0.3234579356  
2.130496013  
-0.6577269743  
-1.564150061  
-0.09340118797  
0.7138353344  
0.3877779062  
-0.1420699458  
-0.2919769734  
0.4860180583  
-0.3503294431  
0.5775442617  
-1.016178578  
-0.4658985301  
-0.1477499454  
-2.316321015  
1.219359394  
1.882659031  
-1.15624584  
-0.3691222744  
1.457767052  
-0.1982724563  
1.031508045  
1.259279253  
-0.4435540364  
0.3045378598  
-0.4361296505  
-0.1858048952  
-0.2397883381  
0.1950689554  
0.2158810701  
2.91761865  
-0.5425881105  
-0.4492696267  
-0.7727308268  
-0.4559734028  
-1.904346218  
-0.7571819727  
1.235423541  
-0.05781334735  
0.2562705473  
0.8479428616  
-0.05384300538  
1.071827605  
-1.013776489  
0.1781956831  
0.3488419357  
1.05519663  
-1.028187707  
-0.8886776847  
-0.4636695124  
-0.7858539415  
0.9325667203  
0.1521367775  
-0.8889431504  
-0.8644180864  
0.4654159515  
0.1347150056  
0.1606671149  
-1.92164349  
2.403023744  
0.2697726669  
0.1158978467  
-0.2675084335  
-0.9254730254  
0.1126495261  
-0.01420568331  
-1.487157133  
0.8929502194  
1.204601705  
-1.493677268  
-0.006825448692  
0.7415466969  
2.191191698  
-1.970373968  
-0.1845565546  
1.715401242  
0.7352275875  
1.546187275  
-1.110251961  
0.5632741704  
-0.3131038704  
-0.7737107262  
0.1552254634  
-1.611742011  
