-0.5674226309  
-0.004025802041  
-0.6497421553  
-1.007327208  
1.027894721  
-0.8173992111  
0.5965521458  
1.251337371  
0.1268792813  
0.0454681922  
-0.2330576794  
1.025898309  
1.25739224  
0.5861184818  
0.5837651639  
-1.09324927  
-0.1597701054  
0.3546514619  
-0.287604852  
0.553387623  
-0.5928703326  
0.132606839  
-0.4595464137  
-0.3809756146  
-0.319065782  
-0.1439055129  
0.3668886318  
-0.2515343479  
-1.288573886  
-0.8992468668  
-0.03753216494  
-0.28193738  
-0.9185804102  
-0.6083275552  
-0.1087280909  
-0.03590951338  
0.6549139569  
-0.6490011083  
-0.8368453631  
-0.9641378014  
-1.267898377  
-0.3928583002  
0.6397692711  
-1.498448347  
0.3624034468  
1.462825152  
0.7534622547  
1.76603751  
0.7470630873  
-0.9237612374  
-0.8064482769  
-1.390387166  
-1.297250857  
-1.322681818  
2.480986448  
1.51713672  
0.1003803344  
-0.05203303664  
0.03879365297  
0.2325336226  
0.1473483376  
-1.142502217  
-0.9316888999  
-0.1537926045  
-0.4936607719  
0.5802616207  
1.067357741  
0.4609927204  
-0.1601024684  
0.4833745093  
-0.524598339  
0.8084550498  
1.038026707  
0.5879308076  
0.5377031631  
-0.3218878597  
0.5148744016  
0.5740058749  
-0.1620274604  
-0.9611051312  
-0.9920402709  
-1.305789485  
-0.7582363903  
-0.09370555916  
-0.1509264863  
-0.06948835062  
-0.6814275311  
-0.6919490637  
-0.5478299248  
-0.5383618964  
-0.4119556072  
-1.455009065  
-0.9315291461  
1.546671386  
1.075371914  
0.6517017712  
0.1824648739  
1.712417173  
-0.5574371064  
0.3987693606  
0.4555837335  
-1.835506924  
-1.652321169  
-0.9871097689  
-3.203424323  
1.057600254  
0.9585598776  
0.8882475667  
-0.6523085253  
-1.073292251  
1.224560656  
-1.390987432  
0.1462961307  
1.284001677  
1.134483079  
1.303870202  
0.4190396021  
1.463570244  
1.462439047  
0.9039596937  
0.4225379888  
0.7058829503  
1.284219175  
0.2865702773  
-0.1381344198  
0.06777290715  
0.2394141777  
1.849944631  
1.41058408  
-0.7409654746  
-0.7752201596  
0.03695164676  
2.298431587  
1.004507332  
-0.4386890996  
0.07986245209  
0.4136883994  
1.483745861  
1.308681487  
-0.1848535313  
0.25013706  
0.6914015157  
0.6447437684  
-0.6105033069  
0.6012807288  
1.28808311  
1.111319998  
-0.6734646256  
-0.8917263008  
-1.782745293  
-0.9941967253  
-0.6113050097  
-0.1956104366  
-1.13222279  
-1.330138872  
-0.1087236431  
-0.88173321  
-0.01208246915  
-0.3184735518  
0.3166361158  
-0.5408872677  
-0.1358608786  
-0.1950305525  
-0.3593985156  
0.1547865936  
-0.6675728897  
-0.1763738842  
0.1567037822  
-0.6896328223  
-0.4442198419  
-0.7559197335  
-0.4813990599  
0.3805568968  
0.1093993427  
0.4895465822  
1.38071155  
-0.06172652056  
-0.2881423922  
-0.7653016465  
-0.3801967481  
-0.3463132555  
-0.8233655296  
-1.848360981  
-0.874431318  
-0.8947360245  
0.4771213796  
-0.03053446703  
-0.4343036583  
1.286343744  
0.1846979633  
1.00437306  
0.3695289463  
-0.174322956  
1.680848853  
-0.4860088354  
1.024976942  
-2.396999828  
-0.00118052941  
-2.304476007  
-2.106132336  
-1.80623568  
-0.9168884651  
-1.135615176  
0.7553139227  
0.07198869395  
0.1240410595  
-0.2503199081  
-0.3330232758  
0.1415283594  
0.3184972362  
-0.6033404959  
0.3792416376  
-0.7471541409  
-1.167757519  
-2.233398261  
-1.748570471  
0.3839561406  
-0.3940050336  
-1.244204008  
-0.1037051871  
1.804844625  
1.693691888  
0.9210414816  
2.272066895  
1.581341211  
1.443336706  
1.42090983  
1.243650908  
0.2421462589  
0.5927108252  
1.257246444  
1.362052529  
0.8940238586  
0.6250737901  
0.917271357  
1.490607207  
1.298141037  
1.417820691  
1.564614695  
0.5235539647  
-0.3691666519  
-0.3437229195  
0.04268309518  
-0.6038472771  
0.7142703994  
-1.307384955  
-1.646265022  
-0.1284209824  
-0.3555188927  
0.1413734997  
-0.2217292606  
1.15985675  
0.3086282698  
-1.067174107  
-1.002214816  
-0.7208928342  
-0.08427780988  
0.1031463817  
0.1544615228  
0.04756470611  
0.8534105664  
1.374693639  
1.106774596  
0.0575153938  
0.1712788143  
0.437547896  
1.713340449  
-0.5098030837  
0.7070967617  
0.7856578591  
1.326160092  
0.1476439866  
0.4717370133  
-0.1050258577  
-0.187684685  
0.01312740077  
-0.5999075357  
-0.6298289973  
-0.2711951504  
-0.4302609547  
-0.1346234676  
-2.062254318  
-0.4426675341  
0.3956987955  
0.7488379865  
0.08178436787  
-1.725673223  
-0.678483655  
-1.049033992  
-1.615120799  
-1.388062972  
-1.550822618  
-1.43271184  
-1.867332235  
-1.43037814  
-1.248102839  
-0.970348629  
-1.862126838  
-1.288531585  
-0.4605916908  
-1.128912129  
-1.198678447  
-0.7285507639  
0.5104144667  
-0.4753070094  
-0.2501573068  
-0.4546478259  
-1.027404565  
0.1805784624  
1.219316823  
0.7262317519  
-0.8059542317  
-0.6702842022  
1.853710672  
1.871949487  
1.893028858  
1.895521138  
1.144554348  
0.4069271049  
1.32338428  
1.49831749  
-0.0344787454  
-0.9905779509  
1.241413874  
1.512016159  
0.8341845461  
-0.1801718734  
-0.4837943147  
-0.5458446285  
0.5760818172  
0.6995356655  
0.1718644116  
0.9755220365  
1.38390013  
-0.1015808333  
0.7093807526  
0.3720679816  
1.073060094  
0.7845393271  
0.1529147505  
-0.9784728185  
-1.565731017  
-0.1193209771  
0.6792351725  
0.2408418282  
0.1704013022  
-0.08208803325  
-0.3028394631  
-0.457135062  
0.3902834692  
-1.058841525  
-0.9457345492  
-0.6702731399  
0.8260793636  
0.8473559277  
1.05922073  
0.7739376704  
0.3708714012  
-0.2145599869  
-0.1548435851  
-1.865539888  
-1.075629553  
-1.540140289  
0.3049731682  
-0.02252022643  
-1.864222491  
1.517844643  
0.1174008706  
0.9313037906  
-1.413494715  
-1.176596937  
-1.242167118  
-1.807524885  
-1.059906868  
1.346232989  
0.9550555782  
2.28365487  
2.440120133  
1.12880046  
1.218841884  
2.749573727  
1.911577457  
-1.686581354  
2.282656861  
0.7029915011  
-0.8787915811  
0.6479258287  
0.685380372  
-0.2589634308  
0.0964949242  
0.02045673196  
-0.7898255509  
-0.6516276597  
-0.7367783282  
-1.628962345  
-1.960458335  
-1.347605124  
-1.445654501  
-1.806950103  
-1.201602583  
-1.606271608  
-1.501985978  
-0.7364820905  
-1.9088912  
-2.392733171  
-1.28072465  
-1.032228455  
-1.479023554  
-0.2581948683  
0.9658942206  
1.939747895  
0.482623005  
-0.1988511917  
0.1686470857  
0.4337181031  
1.306988396  
0.1398280975  
0.2646923548  
-0.262761955  
-0.3520613481  
1.150592784  
1.550538674  
-0.08499255943  
0.810246238  
0.826950541  
1.373516501  
1.091996623  
0.1750565177  
0.2427446238  
0.0938442348  
-1.670305234  
0.9420349767  
0.09170565311  
0.3712316676  
2.411492496  
2.126058949  
-0.6804058148  
-0.1903735924  
-1.486918822  
-0.8261167326  
-0.9828745037  
-0.6466074423  
-0.2372909275  
-0.4877599332  
0.9594779644  
1.770459086  
-0.4480291049  
-0.2248254387  
0.7431245569  
1.034379843  
2.42075036  
0.04074301184  
-0.6648781479  
0.1218355331  
0.5918898035  
1.009557035  
1.010386609  
-0.05366168607  
-0.1869300898  
-0.04988198871  
0.8127769642  
-0.5794727332  
-0.1831309745  
-0.2796386555  
-0.608295642  
-0.8609760926  
-0.9581937441  
-1.985516461  
-1.930878065  
-0.7157683639  
-1.273639743  
-1.97042091  
-0.6900964081  
-1.358401641  
-0.4955525525  
0.539992264  
1.078058992  
-0.07498369685  
0.7857873315  
1.373254878  
-0.3340989025  
0.5274006034  
2.071798835  
1.208951454  
1.36655931  
0.2547448779  
0.2981672029  
0.3387335222  
0.0220665963  
-0.5663287568  
0.8334680064  
0.7413780445  
0.6205734396  
0.5969554577  
-0.3771286495  
-0.6156614182  
-0.09505446159  
0.3945511002  
0.2784982856  
0.0783029388  
0.09792574243  
0.1880031782  
-0.2161509861  
-0.4363489161  
-0.45333458  
-0.4835535493  
-0.6617979486  
-0.4680576604  
-0.4125834124  
-0.7126232212  
-1.079184031  
-0.7255052816  
-0.6769893895  
-0.4477997937  
-0.9757376059  
-1.021581784  
-0.8859161419  
-1.58785976  
-2.33160034  
-2.64740917  
-0.06629377133  
-0.1376981735  
-1.2541869  
-1.618528092  
-0.07107225888  
1.606272766  
2.168725317  
2.576424899  
1.528121973  
1.429439914  
1.580233004  
0.2757498772  
-0.8479692029  
0.9243947866  
1.147363801  
1.592322567  
1.539201994  
2.163935447  
1.888987254  
1.810910339  
-0.2670570651  
0.4229108278  
-0.1042337537  
0.3237395211  
0.02215221292  
-0.0698755977  
0.02857175375  
-0.2054178076  
-0.465756631  
-0.6195655869  
-0.1013374417  
-0.52239951  
-0.8654590574  
-1.276738052  
-1.463662305  
-0.8764020121  
-0.665486568  
0.4929425176  
-1.567904114  
-1.645095127  
1.541425298  
0.2589946928  
0.2261887307  
-0.2812772857  
-1.230999241  
-0.1593176854  
-1.010462301  
-0.1542202193  
-0.1222176542  
-0.5407638253  
0.4621950489  
-0.001948559109  
-0.2777840174  
0.6264266654  
-0.6981897278  
0.1030206755  
-0.4929712035  
-1.090055046  
-1.319519685  
-0.8535792276  
0.3891952254  
1.953123162  
0.9170642002  
-1.361655662  
-0.7255682286  
-0.3675949118  
1.082697727  
0.2980301324  
-0.980797033  
-0.9034324313  
0.3085186125  
0.7578396241  
0.9770263426  
0.5910666521  
0.2400295331  
0.706664954  
0.1880884707  
-0.03126933788  
-0.6092971199  
-0.07788170562  
0.9277038607  
1.364151765  
0.4437443228  
-0.05878514989  
-0.355394471  
0.09881327932  
-0.8531701106  
-0.2111697714  
1.276906816  
1.404058951  
-1.319489525  
0.5718315349  
1.464350622  
1.434384898  
1.105716047  
0.1215820417  
0.637177686  
-0.07188082639  
0.2465993379  
0.9319195494  
-1.128816998  
0.1882074134  
0.6603649257  
0.6402256818  
0.2163890497  
-1.195772343  
-0.07720846757  
0.3691597384  
-0.408549339  
-1.112060579  
-1.054678462  
0.8846032058  
0.5885144353  
0.7171506725  
0.9750028968  
1.241277502  
-1.022331492  
-1.747935611  
-0.7093080925  
-0.08884459343  
0.8000994751  
-0.4372760035  
-1.225490344  
0.7747646031  
0.827360331  
0.2906393349  
-0.59379375  
0.03123161658  
-0.08957199624  
