-1.207464213  
0.9758827451  
-0.6098221108  
0.4286230153  
-0.8774414843  
0.5125955761  
0.4559349271  
-1.265505463  
-0.5837335526  
-1.526691871  
-1.162227117  
0.4222596848  
-0.1214493045  
-0.1078676047  
-1.551486146  
1.711859266  
3.51733865  
-0.1404156955  
1.731657093  
-0.1393901048  
-0.5358180318  
0.4670450052  
0.2366341062  
-0.04622565534  
-1.210435474  
0.4361415846  
0.06347054147  
0.743440273  
1.194137005  
-0.9696098602  
2.389550725  
1.058537759  
1.09013631  
0.4124433948  
0.6837190811  
0.6595073529  
-0.9931550906  
0.2373711814  
-0.1216588934  
0.5868253948  
-0.9136102616  
-0.9086705809  
-0.8617068567  
-1.450074745  
1.047181763  
-1.752789938  
-0.2840936441  
1.540633929  
0.1378578272  
2.036204796  
1.173859379  
-0.9793044289  
0.2961659765  
-1.938966555  
3.573007368  
-0.6451281004  
1.201564868  
-0.04661381013  
-0.3152998793  
0.8629594682  
0.2662027766  
0.3259762245  
-1.628503311  
-1.170007777  
-1.651716689  
-1.283582489  
-0.003796141947  
-0.3176689151  
0.7774290476  
-1.099720198  
-0.6145721972  
-1.00380382  
1.158565909  
-0.4886922842  
-0.8743526629  
0.5956383085  
0.9358087499  
0.2207077361  
-0.6915940002  
0.2182278377  
-0.3488021677  
1.483723204  
0.7664480037  
0.2601775025  
1.127558429  
-0.3870204191  
-0.4656750671  
0.9927744405  
1.28056742  
0.2951190953  
0.239800182  
-0.116724697  
1.019390511  
0.6101984467  
0.4350127509  
1.457481738  
0.252401031  
-0.9052920309  
0.0473418552  
-0.07460552596  
-0.9905411152  
0.7822539986  
0.4936433831  
0.2586932041  
0.6763068401  
-0.3700366003  
1.091718395  
-0.9208318378  
-0.547259993  
-0.5208887378  
-0.368146129  
0.2036318384  
-0.2430229514  
1.169727115  
1.520124077  
-1.924248442  
-1.649350615  
0.04104280046  
-1.680946638  
0.09338150842  
-0.6812607576  
0.5204481971  
0.530835074  
-0.5387747749  
-0.9191288074  
-0.6103379257  
-0.7773736372  
0.2906877462  
-0.8755995402  
-0.4638690245  
0.8444283729  
0.7597764699  
0.5969815225  
-0.561622069  
0.3056944295  
0.3423464837  
-1.275935013  
0.5005367194  
-0.635874419  
-0.05842796153  
0.2018958901  
0.5485836485  
1.543563799  
0.5090327748  
-0.2902974626  
0.4795962471  
-0.8546850987  
-0.3811799259  
0.5543687711  
0.5291103092  
-0.02864039125  
1.156147904  
1.301276747  
-0.5169742266  
-0.2054155201  
-1.149519793  
-0.4241596492  
-1.98052019  
-0.9739963617  
0.2438589858  
-1.980733859  
0.1159459361  
1.485989025  
0.6057984011  
1.591214338  
0.8921994125  
-0.684189978  
0.8387208902  
-0.8441990469  
-0.08813780712  
0.5003359812  
0.2325276092  
-0.1819020298  
0.4102335967  
1.453028736  
0.7128173184  
1.214654017  
0.3716036321  
0.3386548703  
-0.3646413585  
1.129099557  
0.1446230437  
-0.2551881063  
0.9524922256  
-0.5628020231  
0.8318777688  
-0.1905606048  
0.19899393  
0.5357915572  
0.7007998213  
0.2049208549  
-0.01196248604  
0.04696124104  
1.733878256  
-0.4370458609  
-0.04519743882  
0.9476901531  
-0.8132960541  
-1.977845109  
-1.413748511  
-0.3939582124  
0.2383945246  
-1.081028083  
-0.4447026613  
0.4035570888  
0.9592865717  
-0.02227781772  
-0.3150647903  
0.4144802668  
-0.9621404207  
0.4684773211  
-0.8588728439  
0.9704403222  
1.679817218  
0.606396214  
0.4949332814  
-0.5027217912  
0.4646882736  
-1.838743176  
-2.010486034  
-1.36982188  
-1.478503538  
-0.5076119776  
0.2661463394  
-0.9681085634  
-0.3946051787  
-1.724801347  
0.1045948242  
-1.413116974  
-1.554335646  
0.2629475842  
0.05396167146  
-0.3704763493  
0.1681081293  
0.5377157079  
-0.7606840438  
0.8782578964  
-1.675818325  
0.008243622874  
0.3526754995  
0.500438993  
-1.655580155  
0.5976594201  
0.2581069417  
2.156673123  
-0.5118480038  
-0.9593258502  
-0.4757302267  
0.8485698294  
0.03858328074  
0.6181722336  
-1.018806908  
-0.662866164  
-0.8880024688  
0.7139912676  
0.05913361595  
0.1571446974  
-0.5096996552  
0.8694118874  
0.8848289403  
1.502026115  
-1.25803157  
-0.8370225601  
-0.4171998947  
-0.1485637539  
0.1830088583  
0.6000099835  
-0.4663866533  
-0.006301992686  
-0.7141618378  
1.31569238  
-0.2645654922  
0.6272663595  
-0.5717293154  
-0.2678819587  
-0.3340851743  
0.2464520959  
-0.8997652533  
-0.3409254847  
-0.6688990607  
1.315544883  
0.9815152335  
0.4541923611  
0.7032513172  
-0.8815809391  
0.3424597027  
-0.6128331393  
0.6376405188  
-0.3404191584  
0.3101371362  
0.7159965572  
0.4381423579  
-0.1754550771  
-0.5138823869  
-0.483334273  
-1.836784507  
-1.489177198  
0.4626336825  
-0.1217072545  
0.07037191233  
0.5810219929  
0.8666914336  
-0.5923668828  
0.09211569527  
-0.9945926675  
-0.5041736732  
-0.2414068867  
0.517670928  
-0.02284103017  
0.1307405052  
-0.5873159348  
-0.9518847696  
0.08586186352  
0.3275456946  
0.284674146  
-0.8639828694  
0.3187557767  
1.890907484  
1.232866699  
0.369517421  
-0.06064263432  
-0.4523232865  
-0.4683378258  
-0.01371450239  
-0.5616249618  
-0.5114565221  
-0.1189605471  
0.5903116212  
1.212167262  
1.774034039  
-0.2439172004  
-0.7359838484  
-0.9227365823  
0.2720215067  
0.4220661448  
0.6720082603  
0.02720815618  
-0.5983404943  
0.03211385058  
0.3353199256  
-0.4417817633  
-0.08671901171  
0.2253934969  
0.5409405746  
0.5909831413  
3.220170549  
0.03654388514  
1.010349493  
1.149265721  
1.861193906  
0.5952798433  
-1.379350464  
-0.9434177365  
-0.07706236711  
-0.2748055043  
-0.4033277917  
0.4430819133  
0.1926841161  
-1.671497623  
-1.010525018  
-0.00942792645  
0.278073226  
-0.2491588636  
0.3224038967  
2.026687476  
-0.08688354353  
-0.982985661  
-0.3013314216  
-1.138463555  
-1.09896373  
-1.617965112  
-1.153818657  
-1.525060239  
-1.484339607  
-1.346221013  
-1.327737364  
-0.7776163737  
-0.7186971625  
-0.6151004288  
-0.5912928162  
-0.6706332846  
-1.23088345  
0.9906920501  
0.2769746562  
-0.08250267173  
0.4545061283  
-0.400517431  
0.8127660324  
-1.089249089  
0.9747353511  
0.6987480167  
1.144324168  
0.8060831003  
0.1502685796  
2.514706764  
0.5009136192  
-1.127108695  
0.7074963561  
0.1153582418  
-0.5482440348  
-0.9297582478  
1.183051837  
1.149688197  
1.046317331  
0.5295880519  
1.232401401  
1.396848591  
0.5268977287  
0.4214809832  
-1.091310443  
-0.3032212367  
-1.086502138  
0.2108982452  
-0.6905667161  
-0.3970268458  
-0.04829819054  
-0.5157409517  
-0.6694880549  
-0.5702338058  
0.02820304875  
-0.3438954695  
-0.2016008712  
-1.120823365  
-0.803132855  
-0.5235393227  
-1.589014088  
-0.8361619022  
-0.8969719241  
0.1263297212  
-0.3267041205  
0.3818103545  
0.4516226987  
0.3888011069  
1.743020171  
-0.09878707936  
-1.197676661  
0.8771042112  
0.6742025161  
-0.2046267364  
1.635443474  
1.411240914  
1.010327527  
-0.1173126532  
0.8402683172  
1.53834836  
2.515044322  
1.303164668  
0.5599614042  
-0.5605966434  
0.4603467478  
0.4980210297  
-0.8014975861  
0.955395081  
-1.257202114  
-2.760755838  
-1.224440493  
-0.6368118493  
-0.4166175215  
0.8643314716  
-0.173020693  
0.5379631606  
0.7033397542  
0.5918289251  
-0.3958295642  
-0.6780736486  
0.4098568382  
-0.1904153546  
0.8267426046  
-0.03344220545  
0.87825719  
0.8395342414  
1.46620532  
2.03824357  
2.30534508  
-1.004491207  
0.3241299759  
1.116762033  
0.462820791  
1.080474993  
-1.203270783  
-1.794626721  
-0.155222201  
0.3199977161  
-1.085089379  
-0.03808472708  
1.505934106  
-0.8729511684  
-0.1134548729  
-0.5673600526  
-0.585580288  
-2.076264085  
-1.72450152  
-2.269227089  
-1.213349044  
-0.5212503936  
-1.58152647  
-0.6567278651  
-0.6178005019  
-0.719543066  
-1.431925092  
-1.307477336  
-1.043267613  
-0.6640594482  
-1.285689421  
-2.028271659  
-0.8148281033  
0.06566825389  
0.2255663978  
-0.3860544544  
1.263729148  
0.8320092373  
1.421962331  
0.5813553701  
-1.123431048  
1.456924101  
0.841092362  
2.771026841  
1.466573953  
2.352502391  
0.4096361104  
-0.5078234712  
0.7792507454  
0.7786067072  
0.3048187814  
1.570280377  
2.4008905  
0.8584505055  
1.176261996  
0.4961189874  
1.426175357  
-0.3741013558  
2.745734412  
0.4478586416  
1.70510731  
0.3296354865  
1.376952229  
1.758672798  
0.370438812  
-1.527271849  
-0.9465431843  
0.2851990823  
0.9961306613  
-0.2860960624  
-0.4471721686  
-1.017208398  
1.087639451  
0.9119205548  
0.4113162076  
0.376921487  
0.1104171189  
1.078428688  
0.07235904747  
1.644023961  
-1.257531678  
-0.3029479833  
-0.6950286594  
-1.843764665  
-2.265880508  
-0.1950685985  
-0.6846384165  
0.03598159233  
-1.22035776  
-0.7499326618  
-1.1384142  
-0.5997289067  
-2.152854409  
-0.4147242689  
-0.4794650158  
-1.542790905  
-0.4894483438  
-0.607707549  
-1.844482707  
-1.289804076  
-1.429684419  
-1.416389665  
-1.322706342  
-0.7406019078  
-1.235931886  
0.1732074724  
-1.46683593  
-0.4512523512  
0.6719636319  
0.5765319318  
0.6889583739  
-0.4215671835  
1.249789961  
-0.160805687  
0.1343079573  
-1.187763092  
-0.8744910224  
-0.9049153053  
-0.008348148162  
-0.915815731  
-1.036776241  
0.22708753  
0.4110754311  
-0.323148111  
0.4469690805  
0.4489341216  
-0.1528328226  
-0.8008611719  
-0.2312926845  
-0.1757530155  
-1.428268483  
-0.8611047708  
1.184844196  
1.347526336  
-0.4700561844  
-0.09398637326  
0.8835397762  
0.2961636892  
1.708674928  
0.8075171291  
0.8014243652  
1.35453901  
1.069976828  
0.2261530762  
0.909967725  
-1.378889847  
-1.154409634  
-0.5825661028  
0.6176272284  
0.4089726909  
0.9790560649  
0.6665433587  
-0.06813241508  
-0.08396532427  
-0.3984164515  
-0.8265521976  
-0.4076695113  
-1.579694788  
1.504116594  
-0.7758248793  
0.9020902691  
-0.5013482539  
0.4409885218  
1.013603207  
0.6254338498  
-0.9636954986  
-0.757318327  
-1.45784823  
1.330946881  
-0.5410359526  
-1.488750399  
1.19960922  
-1.019934548  
0.03396611395  
-0.6927349839  
-0.2633502679  
0.1974332229  
-0.2366782727  
1.611519611  
-0.6540296606  
0.2342207418  
0.8195099053  
-0.4843445429  
-0.08753838594  
-1.420744069  
1.037915543  
0.2455690195  
-0.451123608  
0.6096861259  
0.1409586455  
0.2707380021  
0.1139414126  
0.1607361828  
2.039163259  
0.7814770481  
1.299112951  
0.4669057931  
0.06521205247  
-0.07025790456  
-0.02298676023  
0.7130780047  
-0.3291021075  
1.795299496  
-1.411216742  
0.9891260525  
0.2385904727  
-0.8588844832  
0.4932826009  
1.265753039  
1.102747506  
2.074536977  
2.791568896  
-0.1393859544  
-0.2536574575  
-1.411281752  
-0.4521832148  
1.178188324  
-0.9355543206  
0.1438310662  
0.8702730024  
0.7178748743  
0.9800985823  
0.5066982005  
-1.457651664  
-0.3827104097  
-0.072748268  
0.2295877353  
-1.240823813  
0.4311137742  
-0.7947741665  
-1.48389974  
-1.055965345  
-0.8063617166  
-0.1221898277  
-1.136823824  
0.839597904  
-1.728536194  
0.7276120451  
0.2241553816  
-0.8653739655  
-0.6054693414  
-1.319737774  
-0.7556431993  
-0.7197404493  
1.80854936  
0.5483242347  
0.1399901929  
1.236004635  
-0.4708436091  
1.218680631  
0.4324088224  
1.155158069  
-0.3978207265  
-0.2307646943  
-1.938033736  
-0.4957059043  
0.5891590218  
0.3141931611  
-1.048284688  
0.03577176034  
-0.7668055521  
-0.5418230185  
-0.6109356912  
-1.281411408  
0.645656451  
-2.81069795  
-2.201931562  
2.287845219  
-0.7021507294  
1.419358252  
0.908692002  
1.107528928  
0.4255368043  
0.5269409108  
-0.9320788999  
0.5271113103  
0.4805618847  
-0.17369076  
0.5506755058  
0.6306728746  
1.274319639  
1.938653  
1.981119601  
-0.3158986271  
0.6093433425  
1.53913734  
0.006701074227  
-0.3122029464  
-0.2105557919  
0.5216751706  
0.1803233697  
-2.926883591  
1.030184375  
-0.09318886172  
1.138699926  
0.9507756966  
0.172249281  
0.6281163282  
1.227222106  
-1.091947845  
1.607811423  
0.4192457996  
0.5125675906  
-0.03399514677  
-0.4933054106  
-2.304109797  
-1.213786919  
0.2151031365  
0.1638637889  
0.4540166864  
-1.092969283  
-1.182862494  
0.319745644  
-0.8376747651  
-1.304878092  
-0.5939431259  
0.03853055933  
-1.550264784  
-1.864187825  
-0.1266824338  
0.4517696184  
0.3435782486  
0.9844976249  
-0.2190734328  
0.8708957424  
0.1625186276  
-0.7400218293  
0.2526311565  
-0.9806077256  
0.368922401  
1.104041847  
0.1548953898  
0.6749379309  
-1.149093194  
-1.108152181  
1.021223362  
-0.939176476  
0.6351838544  
-1.104109065  
-0.979504532  
-0.5424695822  
-0.4510048584  
-0.8452222063  
-0.8915599686  
-0.3740690249  
3.05702828  
-0.7680586274  
-1.518513228  
0.3231648344  
-1.841237704  
-1.219596237  
-1.105861302  
-1.579466938  
-0.1809784889  
-0.9401148874  
0.7441046753  
-0.5559242672  
-0.06988677168  
-0.6292251887  
0.4733589135  
0.5683212663  
-0.5958161342  
0.9477617539  
-1.070036777  
0.008771794296  
-0.3320285352  
0.708964201  
-0.2106386771  
-1.12036869  
-0.04378570806  
0.5822352913  
0.08718866759  
-0.4966570067  
-0.06591271777  
0.1504000204  
1.383236907  
1.625113698  
-0.7071744599  
0.3871068182  
0.4866826627  
0.4222628215  
0.5260861197  
-0.3088056526  
1.172375276  
0.2371213499  
0.07317119262  
0.08365886667  
-0.724727266  
0.4008564799  
0.9659035854  
1.424165421  
1.110820865  
0.6828344685  
-0.3967814267  
-0.2577871366  
-0.4331660913  
-0.7260085437  
-0.6569447058  
0.946187663  
0.09764359311  
0.5752403288  
-0.3873544029  
-0.2353320989  
0.4805459375  
0.1993383599  
0.3297785081  
0.6030288236  
-1.614185123  
0.5292009511  
-2.123084457  
2.204475998  
0.8349942422  
-0.6168786631  
1.116555727  
-0.5864665756  
2.550660194  
-0.1972143413  
1.064725397  
0.003360773873  
-0.3097674239  
-0.3500020054  
0.6479067473  
-0.6184283465  
0.01519963987  
2.332829495  
1.007113531  
-0.6751087551  
-1.174761554  
-1.155374327  
-0.7974943744  
-0.7295750926  
-0.4241445921  
0.2013131367  
-1.250391731  
1.19322429  
0.8519559162  
-0.16173455  
1.732749128  
0.5326539836  
3.886702306  
-0.04589436526  
0.1574904899  
0.1480980011  
0.7686923817  
-0.5478188931  
0.3842521169  
0.5319749875  
-0.3081669288  
0.4547839455  
1.768520346  
0.2393699399  
-0.9878496965  
0.8488618164  
1.13782561  
-0.9005978028  
-1.36263715  
0.4045962656  
-1.404360025  
-0.01546568885  
-1.355297475  
-0.2982521548  
-2.273980639  
0.1635899129  
-0.149659223  
-0.03341293584  
-0.6717829889  
-0.06756435212  
-0.4139085482  
-1.584480268  
-0.9185477617  
-2.655262508  
-1.195828957  
-0.8387642457  
-0.6746185949  
-0.7067327547  
-2.707079919  
0.3007288229  
-0.007749838832  
-0.3119471751  
-1.129548925  
1.635775781  
-0.7579111715  
0.4846994008  
0.3583618265  
0.8916103774  
-0.8248680565  
0.1538102322  
-0.1148475152  
-0.1349601713  
-0.4449382995  
1.50556164  
1.1079181  
-0.35838471  
-0.2216158214  
0.3639890641  
1.182348763  
0.2623827596  
0.1575918297  
0.9328360349  
0.8691849851  
1.661964519  
-0.0203350566  
-0.05658432931  
-0.7444035319  
0.1516309043  
1.370396917  
-0.5025127649  
-1.709076837  
-0.5331233561  
-0.8147735381  
1.791013069  
0.1341638118  
1.045823231  
-2.208490093  
1.743473361  
-0.5666086438  
-1.664815129  
1.516552209  
1.581646182  
0.8481017166  
-0.2752561925  
-0.9726879008  
0.3240560811  
-0.6373557415  
1.077337991  
-0.07692124913  
-1.395565098  
1.212514931  
0.07193418264  
-0.4653414543  
-2.345069194  
-2.182649076  
1.151118819  
0.8280333986  
-0.4022389228  
-2.250161477  
1.594139005  
1.193891087  
0.5144056112  
-1.21577844  
-0.6573029095  
0.9075762029  
1.978165103  
1.935325569  
0.3242698423  
0.2757015367  
1.126269991  
-2.057528199  
1.98385542  
-0.655289188  
-0.6751851364  
-0.4451933967  
-0.03672043965  
-0.2340341616  
-2.598811063  
0.8380697984  
-1.194344574  
-1.084275371  
0.1660235599  
-0.7088277125  
0.6623043878  
-0.2624558017  
-0.2187524364  
-1.211109708  
1.593749505  
-0.6592176992  
0.3786136149  
1.975896451  
-0.4864048952  
0.7293323442  
0.0227822662  
0.5122260699  
0.2679142983  
0.05385393834  
-1.640305945  
0.00560959259  
0.6147385573  
0.1337938531  
-0.1182875871  
-0.2547215606  
-0.4957602892  
-0.2448004273  
1.295360716  
0.5164129672  
1.630022828  
-0.03109926703  
1.602540404  
0.03736989366  
-1.162066343  
0.3927454744  
0.1910814333  
-0.395483625  
-0.4113056129  
-0.235315164  
-0.2438988834  
3.684554214  
2.100089486  
0.97559785  
-0.8485063004  
0.5406314938  
0.3578649936  
-0.7115137392  
-1.197012588  
-0.3497260623  
0.4924479369  
0.7796419117  
-1.132174164  
-1.086674435  
0.8660805984  
-1.232301807  
-0.959111681  
-2.031574765  
-0.5341489797  
-1.347386188  
-1.010103807  
-0.5005638077  
-1.374275529  
-0.6905470837  
-0.06783061179  
-0.599446514  
-1.038246709  
-1.157250011  
-1.782920272  
-1.281864454  
-0.5193061161  
1.074696337  
1.785668413  
1.240630337  
1.207627714  
1.137996385  
1.148981095  
1.305697388  
0.3688329994  
0.5829541212  
-0.5670465096  
2.139732966  
-0.4824158859  
2.030589666  
-0.1021784907  
0.8605152923  
0.4683544325  
0.2511929936  
-0.06398558638  
-1.491244526  
1.127223411  
-0.5832364198  
-0.07820477405  
1.128155268  
-0.7726492888  
0.05837289644  
-0.8501098204  
-1.40081969  
-1.856166776  
-1.002713157  
-1.181891974  
0.7447801477  
-0.04111841286  
-0.6068391202  
1.039967775  
-0.3251394984  
0.9639500493  
0.7949475014  
0.1708382462  
