1.101638989  
-0.8638524114  
-0.104377591  
0.3204498006  
-1.006224929  
1.140258937  
-0.9047666375  
0.03114593926  
1.12295052  
-0.09309046483  
1.03065825  
-0.5724565683  
-0.2470696362  
-1.130043966  
-1.346968959  
1.150337148  
1.160948759  
-0.6688962506  
-1.136323486  
-0.4342646501  
-0.1508923583  
-0.3927417538  
-0.2879817948  
0.7254929995  
0.4490256228  
0.6933697741  
1.90373587  
1.201343859  
-0.5517030717  
-2.000743708  
0.4392431479  
0.796367761  
1.389621204  
-1.181840177  
0.008233394542  
0.05455634107  
0.272782974  
0.1809972985  
-1.515324638  
1.052498716  
0.517048149  
-1.992673505  
-0.6813305415  
-0.9785089123  
0.2302983297  
0.2961557002  
-1.631151772  
-0.007193352063  
-1.26902672  
1.923063206  
2.102346715  
1.094730035  
1.103054315  
0.2585078304  
2.533450585  
1.145534844  
1.3569206  
2.512747055  
0.7938723447  
-1.015833611  
1.313509884  
-0.3257213058  
0.5064860114  
-0.3786026796  
-0.5031977113  
-0.43604876  
-2.441346318  
-0.9268266114  
-1.495297736  
-2.15734391  
-2.438201176  
-1.98067741  
-1.279746501  
0.01126324969  
-0.4418025366  
-1.242680837  
-0.03341376192  
-0.344102696  
-0.4254909165  
0.07839894175  
-0.2483838407  
0.2917448371  
0.2773953537  
-0.1778458675  
0.3943285538  
-0.2957450396  
1.042213395  
0.9887568256  
0.8030915604  
0.8061275107  
0.3755580057  
1.398960409  
0.6993069137  
-1.248858471  
-0.7995459176  
-0.4155309929  
0.6476202374  
0.7244791606  
0.3342668411  
-0.5213631151  
-0.1426212555  
0.4893342684  
-0.8927096042  
-1.740755132  
-0.4440012159  
-1.043105365  
1.512364784  
-0.03513797145  
-1.450578541  
0.4034950711  
0.5615707371  
0.2343061612  
-0.330667604  
-0.140845302  
0.2208571007  
1.328684766  
-0.2756051994  
-0.07649311999  
0.2259609744  
0.9904015379  
0.4701409562  
-0.5240633454  
0.6378097524  
0.9507243577  
0.9199666351  
0.1289313542  
1.074926111  
0.5616834774  
0.1756190623  
1.069078801  
-0.8083236083  
-0.728728883  
0.3999968053  
0.2395657424  
1.113004481  
-0.3156955266  
1.117197093  
0.2184235381  
-1.038221625  
-0.6639702741  
0.5195436266  
0.3733966862  
-1.364403698  
-0.0801389796  
-0.685305393  
-0.3233066935  
0.3439413878  
-0.6950631668  
-0.3828510711  
0.9755849722  
0.6701698184  
0.1594353417  
-1.160746718  
0.1065807759  
-0.01492572913  
-0.2291903902  
-0.981560864  
0.03161323621  
-0.7942598773  
0.05013513439  
1.30585109  
0.2267715553  
0.2680608564  
-0.7798775569  
0.9955086589  
0.04802951858  
0.978465065  
0.2175464223  
0.2033021322  
0.3655036856  
2.074792024  
0.5191850864  
-0.8103255996  
0.7910478078  
-0.6431800568  
-0.3942562226  
-1.283814663  
0.2974620061  
0.008240818841  
0.624527542  
0.7055556932  
0.1659780381  
-1.305629072  
-0.7344472069  
-0.4908238484  
0.4020085406  
-0.3121959039  
-0.5069705661  
-0.3473667536  
1.744317916  
0.2945316317  
1.097444151  
-1.742406049  
-0.3567101227  
-0.03036667138  
-0.6829347214  
1.474098927  
-1.16390072  
-1.669326232  
-1.237679218  
-0.7332661063  
-1.091871584  
-0.1730685162  
-0.4835610579  
-0.3768807886  
-0.1604438502  
-0.6801809858  
0.168446636  
-0.5510451278  
-0.560696866  
0.6170018946  
0.9801146267  
-0.2123611307  
-1.714424823  
1.094524861  
3.207960657  
2.108069961  
3.099605624  
0.5000946228  
0.5548030374  
-0.5392318652  
-0.5692507388  
-0.344969156  
-0.4465504925  
-0.9514598598  
-0.2789068689  
-1.715050561  
0.2325847566  
-1.368412421  
-0.678755  
0.2067820916  
-0.3945505185  
0.05483694086  
1.498690263  
0.8121929999  
-1.977384193  
0.1788744472  
1.284172032  
-0.0240705183  
-0.03784253691  
-0.04158748354  
-0.2073550941  
-1.150917228  
0.5882569088  
-0.4046793403  
0.7817730667  
-0.9897938687  
-1.014231865  
-0.975275879  
0.1080536168  
-0.3345598251  
-0.913314107  
0.0620534239  
0.6600826476  
0.01246940708  
-2.111757517  
1.539057247  
0.07809882491  
-0.5628030549  
-0.4151147314  
0.2533270583  
1.351583195  
1.381930939  
-1.040913739  
0.3324001893  
0.5136837914  
-0.5645409637  
-0.09997481097  
2.376512917  
-0.7393086051  
-1.687068504  
0.6825595181  
-0.218129496  
0.4689715539  
-0.5345576652  
1.178633461  
0.3040163651  
-1.778919923  
0.8965570412  
-0.8139550644  
-1.758551111  
-0.3595761288  
0.6153955585  
0.0653224717  
0.4565324606  
-0.445069647  
-0.6856218057  
-0.01432833746  
-0.4833329359  
1.261503104  
1.631622948  
0.7559163852  
-0.4818890132  
-0.4055221401  
-0.1696828135  
0.5659741186  
-1.036006149  
-0.08712659312  
-0.4499015951  
-0.475963864  
0.2746160082  
-0.1183431759  
0.5107019  
0.5480737498  
-0.6764052801  
-0.2260917122  
0.5141270043  
0.281245811  
-1.269011899  
-0.5867212793  
-0.6781900127  
0.1850102064  
-0.1690375704  
-0.7745711547  
0.4461088753  
-0.1410252717  
0.7714921794  
0.5133619336  
-0.09655065454  
-1.355007182  
0.01630302157  
0.2186726507  
-0.03316803293  
-1.634421679  
0.690338779  
0.0008313145406  
1.080246032  
-0.7394710537  
-0.9976651272  
0.5497469455  
-0.2982736755  
1.20908499  
0.6101002943  
0.06742993131  
0.1863863515  
1.503061076  
-0.03350204584  
0.981545202  
-1.535751538  
-0.328658645  
-0.01741754491  
0.8246835295  
-0.07245178257  
-0.6381371407  
1.307855046  
0.3691820592  
-1.664542518  
-0.1536551847  
-0.7256603265  
-1.092404948  
0.09843182447  
-0.1774768436  
-0.007927556182  
1.867937709  
-0.4548610181  
-0.935907878  
0.5143279958  
-0.2647673222  
1.841545673  
0.4665740317  
-0.4004234131  
-1.034360781  
2.559616633  
0.1427666116  
1.231839275  
0.7199487134  
1.005467983  
0.3285523648  
1.734488804  
-0.05612137947  
0.2612973085  
-0.2709110118  
0.7283582438  
0.1570566618  
0.3222688748  
0.6767193408  
0.4404390178  
-0.7232583837  
-0.4023761239  
-0.06851479183  
-0.8656402617  
-0.9906841836  
-0.3157934023  
-0.6443262105  
-0.9439934003  
-0.8654808348  
0.3650092055  
0.03166218371  
-1.097168381  
0.2276874908  
-0.4242360232  
-0.3069334042  
-0.03032521274  
1.964132062  
0.4519879272  
-0.841576351  
0.4464229782  
0.0370801798  
-0.06846312678  
-1.335625716  
-0.3909571774  
-0.1905973892  
-0.2036749973  
-0.05924348362  
-1.589836115  
-0.9768341214  
-0.3672782846  
-0.3661899315  
0.2595549133  
0.1636028636  
-0.2533417637  
-1.414705025  
1.166591455  
1.576229747  
0.4715980899  
-0.642309995  
0.2842380427  
-0.1032210895  
0.09290530615  
0.4133436139  
1.04907187  
0.0199506203  
-0.8828999421  
-0.1557788651  
1.326693086  
1.76041353  
1.534712398  
1.343287952  
0.574524011  
-0.6105105903  
-0.481548967  
-1.635645352  
0.6324652933  
-0.4356044814  
-0.01024384015  
0.2927996886  
-0.1618532472  
1.260524593  
0.02563588941  
-0.3372442224  
0.1996547066  
-0.09946278712  
1.200748677  
-1.293453876  
-0.03704854583  
-0.3735833606  
-1.219735284  
-1.546920876  
-0.7147695027  
0.02036018854  
-0.5001737752  
-1.59032924  
-0.4554617751  
-0.3527324999  
0.5987871428  
-1.253995019  
-1.09175711  
0.9016665991  
-0.7364693051  
0.06647521772  
1.830142941  
-0.8421405058  
-0.103956144  
0.9989951672  
0.2459538262  
-1.911771687  
-0.1611851134  
-0.3664159401  
1.245080269  
1.460315683  
1.807647632  
-0.2440344009  
0.3913373412  
-0.178369746  
0.5976877039  
-0.02014921975  
0.3748956943  
-1.246337096  
1.538096275  
-0.4942153259  
-1.515873607  
-0.6399960945  
-0.7207311018  
-0.3593058355  
0.2437206903  
0.08095221745  
0.7954253646  
2.186580164  
1.862213511  
1.296516245  
-0.3632315179  
0.2034552376  
0.0935475574  
-1.046051434  
-0.1623217787  
-1.021094054  
0.5494852905  
-0.04822472097  
0.4899706548  
-1.294526695  
-0.5508417799  
-1.477455078  
0.8400163509  
0.2664097611  
0.8041981409  
-0.6969462677  
-0.7627221166  
-0.590779466  
-0.3290166473  
0.8088985045  
-0.5836092941  
0.08301158101  
-0.02474882024  
-0.4238860134  
0.3574847639  
0.132452964  
0.7373016165  
0.3961139757  
0.5873101229  
1.030801518  
2.096480922  
-0.2264234846  
0.002649966613  
-0.03757262674  
-0.008202961008  
-0.07202721871  
-0.9628805131  
0.05614485773  
-0.03773274665  
0.06943980065  
0.4996672604  
-0.2038902327  
-1.036544258  
-1.050511796  
-2.188557488  
-0.5305265806  
-0.1687149332  
0.4618121493  
0.1572582475  
0.7078339989  
0.08856454405  
-0.2897449583  
-0.04356628831  
1.825716214  
1.542507027  
0.2977246779  
0.3611767914  
0.3127565246  
-0.4186209694  
0.09233098719  
1.547303878  
1.114561072  
-0.210557904  
2.056223538  
-0.1165689372  
0.4903955599  
0.363093508  
-0.08729418913  
0.3069387816  
-0.2057425085  
-1.808122618  
-0.2775578336  
1.016126812  
-0.2307811362  
-0.4165497222  
0.4304838145  
-0.3985147088  
-0.08167172346  
0.3843011469  
0.361083099  
-0.2789631097  
-0.3199855687  
-0.6768231262  
-0.3246871115  
-1.352374983  
-0.4970134391  
-0.04025997139  
-1.353137381  
0.04075990236  
-0.05961546805  
0.02211510259  
-1.058715734  
-0.004465302269  
0.7071989018  
-0.2057931366  
0.6201959365  
0.7063430116  
0.3629545291  
-0.9459675383  
-0.7860301425  
0.4331818104  
-1.316573812  
-0.1716810693  
0.003748144753  
0.5775217085  
0.6244227522  
1.157441471  
1.550338366  
0.9142945741  
0.9823079738  
0.01352611889  
-0.6416981202  
-1.787184084  
-0.7583613613  
0.5649487271  
0.03806948843  
-0.5029307355  
-0.1517477397  
-0.5887717772  
0.07784238785  
0.1805612683  
0.9292328787  
-1.135000563  
1.188157442  
-0.34612171  
0.05664888932  
-0.5238055144  
-0.5611602223  
-0.3906750733  
-1.160058115  
-0.4720103503  
-0.4264151058  
-0.8935331301  
0.4679639331  
-0.9429939874  
0.2951940352  
-0.1519322907  
-1.049379436  
-0.8598435449  
-0.2213906716  
0.8135956643  
1.201798826  
-0.4647047751  
0.9463081943  
-0.1702175092  
-0.6488459629  
0.8224644432  
1.78797213  
1.313347653  
-0.7797710941  
0.0540186341  
-0.3946512679  
-0.6268470075  
0.5204234853  
0.7146036643  
1.625797302  
-0.1269617961  
-0.8184280444  
-0.9754389306  
-1.281093737  
0.2896167836  
0.2225394221  
0.1642187058  
0.5791907618  
1.027995189  
0.2418860486  
0.1198683797  
0.4184679556  
-0.3873064659  
-0.275879768  
0.4587916524  
-1.088750733  
-0.4129995289  
0.5305959692  
-0.0111492925  
1.704193567  
0.3276483174  
-0.5445097339  
1.382794401  
0.1496372957  
0.7767456434  
0.5288007722  
-1.558133164  
-1.746203417  
-1.465365144  
-0.8589367984  
0.5260298878  
0.75127968  
0.9546274712  
-1.094948666  
-1.108406015  
0.002109842945  
-0.7229043146  
-0.5125524384  
-0.3485796821  
-0.9141995103  
-1.358750323  
-0.1077526097  
-1.627707618  
-1.065244471  
-0.9502691423  
-1.496022027  
0.02819631709  
-0.195669685  
-0.581941614  
-1.451386384  
-1.560045142  
-0.5092394625  
-0.1493483109  
-0.2102942333  
-0.4459260537  
-0.583831945  
0.3639570158  
-0.7208902886  
0.07810090862  
-0.2805824362  
0.005447691008  
0.2754761843  
-0.08838235535  
0.3448744337  
2.696148264  
1.59648411  
0.8677105191  
1.011187158  
0.2686124753  
-0.9689605386  
-0.5039797989  
3.719424872  
0.7965747899  
-0.3418250563  
2.26352551  
2.222860305  
0.6446209806  
0.449073486  
-0.415177127  
0.390402913  
-0.4406089355  
-2.072867896  
-1.588182967  
-1.109935562  
-0.4884024131  
-1.361293344  
0.008139669488  
-0.6513819571  
0.5670354218  
-0.02546355814  
-0.9558688049  
-0.6097454222  
-0.2596934816  
-1.771130331  
2.878606644  
-0.1103636949  
0.7290746677  
-1.035561956  
1.574299023  
-0.7173866701  
0.09704047685  
-1.045821124  
0.1045455664  
1.700389243  
1.126384186  
1.955534334  
1.113624055  
0.9250271906  
0.05326879072  
0.7544507516  
0.3242834031  
-0.1091908394  
-1.424131337  
-0.05826912357  
0.3644029254  
-0.5167128779  
0.5250878598  
-0.6676543845  
0.6097778475  
1.84434771  
0.6445639159  
1.619156953  
-0.3286833091  
-0.09734571074  
2.446701436  
2.183687876  
1.663555738  
0.2428979857  
-0.5574190451  
1.586187331  
0.7071535238  
-0.8040790319  
0.4403468194  
0.3280956381  
-0.5822282361  
-1.669310407  
0.34920502  
-0.52614344  
-2.354193984  
-2.370930321  
-1.484798999  
-0.2842058424  
-0.04560274469  
-0.1403320656  
-0.4512517482  
-1.305656157  
0.05222074468  
-0.4732128775  
1.084088651  
0.8022800765  
0.7111474802  
2.110905001  
0.6155084857  
2.228336179  
-0.001213498443  
2.058078092  
0.1680940831  
-0.9785316475  
-1.061556454  
-1.750005742  
0.7875769753  
-0.3561139074  
1.158153416  
-0.237232761  
-0.8517303263  
-3.081119905  
-1.190614427  
-1.565811889  
-0.2739346318  
-1.267055229  
-0.3313980713  
-0.4214232643  
-1.948253977  
-1.673443075  
-1.574031104  
-0.9018938499  
0.4507412983  
-0.2736765593  
-1.407273131  
0.1945062076  
-0.3908736963  
0.2211028889  
-0.2235784266  
0.6130831099  
0.5610380941  
0.7205806274  
1.57764067  
1.745113421  
1.570091739  
0.6914565767  
2.202257569  
1.571147235  
-1.325990324  
1.687159696  
-0.5978567309  
0.001046100359  
-1.146855586  
0.9880531152  
0.1991147135  
-1.328308205  
0.8380957887  
-0.1884856345  
2.639158662  
0.7955544031  
-0.4970725929  
-0.9205653877  
-1.072895915  
0.9549554526  
-0.327576452  
0.6105466815  
-0.2596970856  
-1.865634385  
1.556747165  
-1.722739963  
-0.5500729455  
-0.3178937457  
-0.6218422456  
0.5463959697  
-0.436639064  
1.853493828  
-0.0285066509  
2.023867623  
0.6715708769  
0.3655875911  
-0.02468549436  
-0.807268053  
-0.4344180396  
-0.883447643  
0.8552348989  
0.939508286  
0.4366246703  
0.2441988775  
0.495198691  
1.446939636  
1.50125327  
-1.151636989  
0.6278643622  
-1.183864083  
-2.183082895  
-2.468842271  
-0.154859447  
-2.494568998  
-0.2772792134  
-0.4969935957  
-2.423459472  
-0.4252202265  
-0.9875093616  
0.9711708458  
0.3325426957  
0.01663179849  
0.9014085126  
1.718585747  
-0.4594935612  
0.4824702429  
-0.780230501  
0.9017636228  
1.027613533  
1.169412301  
1.34991431  
0.8453329554  
1.375844698  
0.6994903863  
0.4765172158  
1.894138853  
0.07970789362  
0.02195126832  
2.066704569  
0.4206167167  
-0.3676213094  
0.9128876154  
1.070163112  
-0.01046568991  
0.6402180051  
2.433880387  
-0.2167790515  
0.3033866996  
-0.3332103111  
1.54595781  
0.1300275134  
-1.454916923  
0.3250725983  
1.023862929  
-0.1125812037  
-2.351927936  
-2.996952482  
-1.301371711  
-1.427058731  
-1.491321775  
0.003786265349  
-0.8931956111  
-0.6607188971  
0.2403273968  
-1.207785745  
0.07101966309  
1.206154825  
-1.706709643  
-1.38942947  
-0.1360701878  
-0.4269818602  
-1.556120346  
-1.192684773  
-1.578889398  
-3.060225886  
-0.891165354  
-0.1861660798  
0.6399631069  
0.02821362568  
0.1249952734  
2.13187031  
0.7120581971  
1.382718905  
0.4312067229  
-0.3728349128  
0.5678156045  
1.005154569  
0.2305153753  
0.07822293349  
1.389671818  
0.7235408593  
-0.01764381772  
1.056289004  
1.654794209  
1.007215126  
-0.5424440896  
1.308173543  
-0.1273741424  
0.6925299985  
-0.208447421  
1.927408817  
0.004244966291  
-0.08433892281  
-0.3495321054  
-1.743577307  
-1.822448719  
0.9897614637  
-0.3092981034  
0.3173019151  
-0.7826182485  
-0.5474060664  
-1.039119705  
-1.441869213  
0.1724397863  
-0.1970051176  
1.090930703  
0.6126208807  
0.350275842  
-0.07019159068  
0.02918411275  
-0.02832180178  
0.02095577939  
-0.1802688603  
-0.001706186034  
-0.6832647003  
-0.09249001261  
-0.868333841  
0.8619774072  
0.6842199867  
-2.578428561  
0.3166125643  
-1.248927947  
0.7594866691  
-0.6045813491  
-1.523687165  
2.630227567  
-0.7182495229  
0.5605046362  
0.1379209286  
-0.09062618988  
0.2903468309  
-1.247411719  
3.243390593  
-0.2091367758  
2.076142388  
0.6210800127  
-0.4855498565  
0.02197359322  
0.1876329399  
-0.64247392  
-0.2815662168  
-0.9204816296  
-0.6118348745  
-0.8039642118  
-0.6875432791  
-1.00545129  
-1.028535533  
-0.9384463576  
-1.080294163  
-0.5036674058  
-0.2371909749  
-0.4061308299  
-0.09733037005  
1.292723785  
-0.36547338  
0.1851736275  
0.4234427607  
0.20872411  
0.6098686047  
-0.3310414947  
0.7327569521  
0.8935543274  
0.4609292499  
2.259616879  
-1.079111758  
-0.53531224  
0.3072317408  
0.487638349  
2.554346177  
0.6267632465  
0.9758987535  
-0.1159244736  
-0.685902268  
0.7887532673  
0.594326977  
0.6522406928  
1.260827174  
1.801437799  
1.536641871  
0.8203012532  
1.753882337  
-0.2176764237  
-0.1369693744  
-0.2213060833  
-1.02989975  
1.687801153  
-0.6388025554  
-0.210218362  
0.9237992107  
-1.240017502  
-0.3155897547  
-2.027175994  
-0.06618527011  
-1.138838547  
1.710118605  
-0.6766918798  
-1.889315956  
-0.06179631584  
-0.8867004467  
0.3653759434  
-0.9776025843  
-1.828850223  
-1.718654595  
-0.8347203447  
-2.262155565  
-0.8858712201  
-1.900139757  
-0.5941557456  
-2.084672899  
-2.29572336  
-1.438134124  
-0.383945901  
-1.532879186  
-1.613997235  
-0.05100865403  
0.8423620555  
1.403295089  
0.5529092691  
0.6702827985  
0.2123070336  
1.788145827  
0.4767553375  
0.4483202782  
0.7418719581  
-0.3251121652  
-0.08711688042  
1.198529905  
1.584715029  
2.962798626  
-0.3861730125  
2.848793445  
0.08023809776  
-0.3465785375  
1.369308612  
-0.5987426086  
3.028474867  
1.848720745  
0.1476558423  
0.4705966852  
-0.2496519481  
-0.5436951372  
-0.2702961016  
-0.5167230613  
-2.501958565  
-0.7995559334  
-1.680593906  
-0.7285967407  
-0.8031939779  
1.268421551  
-0.004824576218  
-0.1915561924  
-1.380618724  
