-0.1698921437  
-0.1539571141  
-0.09291761818  
-0.110956764  
-1.30895323  
0.377949589  
0.1799107621  
-1.198209618  
1.260351809  
-0.9349536524  
0.1351943256  
1.367473527  
-0.9546449507  
0.2721863428  
-1.245367184  
-0.1975885725  
1.162255706  
0.06721831361  
-0.386887775  
0.2019488585  
0.1042165834  
-0.2768084446  
0.6883203939  
-0.7057583608  
0.1142797604  
0.8730514979  
1.12863588  
0.1459414641  
0.9033744632  
-0.3164389825  
1.60049931  
1.660782801  
0.6589011641  
-0.8578529631  
1.622988025  
-0.0302458411  
0.4018204359  
0.1052573324  
0.4667717711  
0.2638272848  
-0.9481407433  
-0.263870581  
-0.5213272043  
0.08068521933  
0.8207760981  
-0.5076193834  
-1.268329688  
-1.067215606  
-1.813588447  
-0.3545564443  
-0.9762533311  
-0.223162461  
-0.4489843142  
1.033122255  
-0.253792722  
0.6909361686  
1.917154939  
-1.279346839  
0.5758272176  
1.568404755  
1.319256835  
0.9895810345  
-0.4087807057  
-0.4953016431  
-0.7662344343  
-1.183462969  
-0.08481212635  
-0.8196251664  
-1.676144566  
-0.8309007499  
-0.9839543968  
-0.4279131263  
-0.434091808  
-0.1886090469  
-0.3217086852  
-1.380726835  
0.3134382539  
2.187286415  
-0.122768135  
-0.3650317564  
1.239691517  
0.1062057449  
-0.6929982569  
-0.4354010184  
-0.9138281949  
0.4440663429  
-0.9199571433  
1.971647452  
0.4063619643  
-1.065030073  
1.284120339  
1.629342253  
0.6185714649  
0.6093127494  
0.590732452  
0.08939924572  
0.7186536489  
0.8785279479  
0.5690631007  
1.026291399  
0.3538811059  
-0.4112590982  
0.344572462  
-0.7501084856  
0.8199340911  
1.146394684  
-0.9584755229  
0.5266919993  
-1.935704325  
0.7794801516  
-0.1162794562  
-1.463406538  
-0.08863973962  
-0.225300247  
-0.2747748765  
0.2770436264  
-0.9694382372  
1.3682751  
0.4830018716  
-0.0625707305  
-0.04974061908  
1.575163573  
-0.8695856362  
-0.455930459  
-0.1284112249  
-0.4994967932  
-1.257494115  
-0.7355661449  
0.8082247187  
1.516051571  
0.09667534099  
-0.7394245108  
0.2054280781  
-1.129937607  
0.9567497115  
0.3275053269  
1.254930583  
-0.3041500633  
-0.3972543343  
-2.367305892  
-0.7498529266  
0.3396246541  
1.229774365  
-1.530118719  
-0.309001698  
0.03549860467  
1.045712554  
0.4998903988  
-0.702212993  
0.5665269853  
-1.481300605  
0.1108437615  
0.6008045116  
0.1480714142  
1.552331554  
-0.7329025066  
0.3100768129  
0.4713937664  
1.586565234  
-0.2302794105  
-0.6600444774  
-1.281785145  
0.2814501839  
0.04241412384  
-0.07704130534  
0.6339654787  
-1.441601749  
-0.5088536554  
-0.08795039885  
0.604766234  
0.7283160715  
-1.135033882  
-1.283711244  
-1.727226286  
-0.6968958705  
0.8133755699  
-0.6586412184  
-0.6396467885  
0.8611831033  
0.6875761213  
-1.436451424  
-1.14744065  
-0.9322351378  
0.4811772694  
-0.1937730742  
0.4804737708  
-0.7805588711  
1.292127447  
0.6417643829  
0.06718852548  
0.620867625  
0.6037725244  
-0.526957904  
0.7563275032  
1.024907477  
0.2587105946  
1.891364815  
0.2965934388  
0.8900752757  
1.081721701  
1.235411178  
0.2001887535  
-0.6246334538  
-0.557139967  
1.8946837  
-0.7623492392  
0.05624905605  
-0.9538592826  
-1.151539031  
0.5681049221  
-0.2680964519  
0.6483363941  
0.3196591224  
-0.1341775118  
1.386413742  
0.3204564353  
-0.8505743859  
-0.5590585228  
-0.3876165428  
-1.063299232  
-0.03883400804  
-1.090636162  
-0.2426184674  
0.8953673404  
-2.425399748  
1.313486141  
0.4809378294  
0.9876659574  
-1.172269451  
-1.082067565  
-1.840460577  
0.1962414664  
-0.7690932971  
1.6641366  
-0.5649113151  
0.2616056629  
-0.2127023481  
0.8145334837  
-0.8119945313  
-1.351743024  
0.4770829803  
-0.6092391686  
0.3836792289  
0.3248922237  
0.1482744933  
1.263576689  
-0.3313764846  
0.3449903438  
1.856050936  
2.198525685  
0.1820641244  
0.5609205264  
-0.949034722  
-1.653694873  
0.4881739423  
-0.2927538721  
2.145262998  
0.3123692862  
0.7431003836  
-0.3717156062  
-2.412021033  
-0.8272223894  
-1.368667883  
1.697137042  
0.8545843184  
-0.1410824017  
-0.6770627105  
0.04356065414  
-0.2228906837  
-0.8715236912  
-0.2387842023  
0.06892041104  
-1.139390187  
-0.339657359  
-2.065056418  
-0.01132408456  
-0.357341747  
0.1243217903  
1.042574711  
-0.381230925  
0.5350199834  
-1.168703787  
-0.3487695589  
0.01108576542  
2.223999067  
0.7394082947  
-0.4666503751  
1.081405182  
1.786546643  
0.07448447508  
0.7989587279  
-0.2320724062  
-0.3170683853  
-1.842281898  
-0.732089325  
-0.6530327115  
-0.1695477933  
0.3762547718  
0.9854301987  
0.750644931  
0.1705736052  
-1.526125727  
-0.363864216  
-0.7598005502  
-0.02421319836  
0.2696348821  
0.1183140215  
0.5125926912  
1.397300596  
0.6208569436  
-0.1718644836  
0.1381695112  
0.5901457094  
-0.220122097  
-0.6166198382  
-0.9027674298  
-0.05830741653  
1.193689908  
0.2316436048  
-0.4645200182  
0.4840990664  
-0.09231177159  
-1.947444978  
1.481637127  
0.1079638553  
-0.5266970071  
0.5639832607  
-0.4488496283  
1.775761081  
-0.06377369423  
1.232697828  
0.1430856778  
1.588986574  
0.5116678434  
1.000045423  
1.193796068  
-0.009910945601  
-0.06758228672  
0.7549171798  
-1.840861832  
-1.476324978  
-0.3971480776  
0.4166362548  
-0.08611697021  
-0.2493257543  
-0.5547440433  
0.2529704464  
0.3703278285  
-0.5066512413  
0.08339829151  
-0.7129596567  
-0.2586062384  
-0.3799453553  
-0.9188213051  
-1.109806492  
1.264582229  
0.8779675709  
-0.6510556667  
0.8480283026  
-0.04986215838  
-0.5204494147  
-0.3442325325  
1.391340406  
-0.08161720141  
0.786721237  
-1.375347845  
-1.894958269  
-1.515707338  
-0.4735542335  
-1.274384322  
-1.070086716  
0.1428211428  
-0.386021806  
-1.541217055  
-1.651860193  
-1.555982546  
0.6166533175  
-0.7962322398  
-1.262268469  
2.023289478  
-0.07397696463  
1.015879204  
0.7071588806  
1.230276313  
-1.990223423  
-0.215743183  
1.030228443  
0.4310437418  
0.2981874504  
0.7125480845  
-0.2340550068  
0.1385435053  
-0.4010035742  
0.6459756594  
1.016800387  
-0.01585563835  
1.298362388  
-0.3548212567  
0.4408361143  
1.750876403  
2.840747776  
1.298512978  
-0.1331213065  
-0.346254248  
-0.1041691033  
0.8625079621  
-0.1293883358  
1.233424886  
0.04848837816  
0.1375931719  
0.2061287284  
0.6197944172  
-0.6909474114  
-0.389759409  
-0.2235936105  
-0.984168783  
-1.809720482  
-0.03198395814  
0.4232351847  
0.7559914103  
0.1289078548  
0.8528706991  
1.092409693  
-1.067488062  
-0.5941284754  
-0.7300742742  
-0.2260164482  
0.8926878853  
0.8626304072  
-0.2096402367  
0.06049567568  
0.3481910637  
-1.010225944  
-0.8252832631  
0.3798560573  
-0.07046794789  
-0.6473738273  
0.1188623968  
0.8803030263  
0.7275940195  
0.9050188323  
0.1554901221  
-0.8133509183  
-0.8834702918  
0.5760195647  
0.1176310986  
-0.4460405968  
-0.8379733693  
-0.8541358561  
-1.83174994  
-0.4825119264  
0.1351754106  
1.210202646  
-0.6990563134  
-1.280527236  
0.5755999884  
-0.5751088332  
-1.010281486  
1.117299357  
0.5816832855  
-0.04454427476  
1.926534836  
1.156070628  
-1.032782887  
-0.02452183632  
-1.167737603  
-0.4199711712  
0.9626624759  
0.3999883164  
-1.278389794  
0.6400096175  
0.4770930814  
-0.5604258689  
-0.3194464317  
-0.3018163299  
-2.214204857  
-0.0684455307  
1.015662706  
0.9154554211  
0.819227016  
-0.1401243254  
0.9802455503  
0.2353906191  
-0.047199723  
-0.3076577746  
-0.7724809724  
-0.6634501587  
-1.425800519  
0.7972774605  
-0.1370902359  
0.004028830291  
-0.4651580246  
-0.2263165684  
0.2402670309  
-0.4466121875  
-0.3104214052  
-0.8302411252  
0.331051913  
-0.3718656928  
-0.7577147683  
-1.402012914  
0.8946333751  
-0.1087742975  
0.3311629701  
0.1943358476  
1.685966121  
2.418379733  
-0.0003563298665  
0.2204518755  
-0.1965971458  
-0.3124770386  
0.01996366325  
-1.387007232  
-1.815204271  
1.370656052  
0.3129900789  
1.200875674  
-0.01730497191  
-0.6284575034  
-0.5042397477  
-0.5205875025  
-0.88991183  
0.5185289697  
0.5085073985  
0.8969800615  
1.118102434  
0.4341987494  
0.466590288  
0.3659225471  
0.008749150481  
0.3182104278  
0.7577246304  
0.2980628661  
-1.281412062  
1.054734191  
2.381403601  
0.7533373286  
-0.4258746614  
-0.4151504918  
0.5233284747  
1.959973959  
0.9791796869  
-0.5202420028  
-0.3757699744  
-0.2914929116  
0.8885083858  
-0.358142184  
1.691263242  
1.549952736  
-0.6778070177  
0.4544096371  
0.2109865635  
1.233519801  
-0.3295174224  
-1.039112599  
-0.2009509035  
-0.3020378525  
-1.748671207  
-0.368178466  
-1.377555692  
-0.03550228906  
-0.4980427751  
-0.04966738436  
-1.007786725  
-0.483492013  
0.5998090361  
0.1815046792  
0.2234449739  
-0.4713704759  
-0.58608149  
0.473292667  
-1.971743126  
-0.3408877141  
-0.07356617467  
0.6929927324  
0.6239782472  
-0.8762260923  
-1.342208482  
0.4618040335  
0.1140251488  
-0.9227169591  
0.3022575134  
-0.3501744794  
0.6657492503  
-0.4190065517  
-0.3714561827  
-0.2811215426  
-1.278524082  
-0.4116258833  
-1.488423627  
0.9102001916  
-0.5211364531  
-0.954176689  
-0.5945319781  
0.8256819575  
0.7679840152  
0.6824966758  
0.6690681993  
-0.6742322119  
0.05316943051  
-1.536134169  
-0.7466071659  
-0.2209870024  
-1.202386326  
1.144036993  
0.2117370272  
1.040389533  
0.4423488183  
-1.466934252  
-0.3985754218  
0.9247455786  
-0.1136090867  
-1.371410616  
-0.2973464598  
1.20461079  
-0.04957082125  
-1.003398222  
-0.6785142337  
-1.085586103  
0.1347119729  
-0.6739962042  
1.16031585  
0.7691580597  
1.081234941  
-0.5823273474  
1.002556739  
0.9504280337  
1.667875089  
1.169339465  
0.3848237787  
1.955236822  
0.8773435989  
-0.01205179579  
1.107104488  
1.798881876  
-0.4450235344  
-0.7396642627  
-0.2108553458  
0.4770043004  
-0.1948561323  
-0.5681059361  
0.5843296421  
-0.4776327578  
0.2193843276  
-0.335760455  
-0.7705306921  
0.4737699136  
-0.9318779219  
0.2082022733  
0.01179692417  
-1.114475709  
-0.8555011295  
-0.9149959022  
-0.2671459634  
0.2451881461  
-0.4300560118  
0.05627795189  
-0.4954725697  
-0.2611155563  
-0.02958050093  
1.193038474  
1.868677313  
0.3729389909  
-0.8807858441  
-0.1215556492  
-1.757275122  
1.260446981  
0.9986181398  
0.6415950202  
-1.010184964  
-0.4895511562  
0.363702544  
0.1967876104  
0.3491861222  
0.9215902195  
-0.5695639672  
-0.6787964362  
-0.1466671657  
1.063120627  
0.3558212119  
-0.8182791922  
-0.4142102075  
-0.5110611336  
-0.9937067232  
-0.004449819835  
1.238183151  
0.3753528666  
0.5129187053  
-0.5072577657  
-1.906154072  
-0.7822957753  
0.1439042428  
-1.223329725  
0.05722108098  
0.6941692668  
-0.2971509749  
0.5735266552  
-0.7616848955  
0.3576769026  
0.04240068796  
-1.109795858  
-0.07283479995  
-0.8321626286  
-0.2104106026  
-0.2807186811  
-0.652030889  
-1.273187633  
-0.410221329  
0.1884523482  
-1.02007501  
-0.8476798  
0.5585024817  
0.3750253723  
-1.44813099  
-1.232259853  
-0.7962939303  
-2.185470389  
1.939156069  
0.8505949716  
1.392786195  
1.593946056  
0.1679753357  
-0.04586076292  
1.266675773  
-0.8305602557  
1.819937248  
0.2950012453  
0.7857959368  
0.7102081407  
1.669447466  
0.3401710743  
-1.596158273  
-1.175540577  
-0.5108182054  
-1.253492042  
-0.8736162413  
-1.517741901  
-3.250181285  
-1.775701709  
-1.565907116  
1.121324242  
-0.2111576101  
3.354073799  
0.8959416186  
1.197029781  
1.584965468  
0.765136468  
1.548950217  
1.404871215  
1.688970742  
-0.03796147686  
-0.07519490556  
0.1183793157  
0.7775199147  
1.290812775  
-0.7883704206  
0.3576805449  
0.187635869  
0.8656977694  
1.250402423  
0.8486116338  
-0.9671166093  
1.099001843  
-1.684987091  
-0.9916411687  
1.03028903  
-1.708070693  
0.003692529521  
1.270284373  
0.3882607298  
0.9919493217  
-1.290304186  
-0.3348726329  
1.597632589  
0.7796442484  
-0.9664606128  
-0.4045048344  
0.3153885918  
0.2728667103  
1.275466572  
0.3688207748  
1.617075254  
1.718257853  
0.4352366491  
-1.673319608  
-0.1402418948  
-1.400511809  
0.3279353257  
-1.297526577  
-1.644537147  
-1.200205835  
-1.07818041  
-1.063321507  
-0.7658508701  
-1.079593694  
0.4302605895  
-2.447927497  
0.02556065414  
1.283648971  
-0.03184722795  
0.2495782544  
0.9110357097  
0.109662407  
1.274016576  
0.4271169389  
-0.09997297702  
-0.5957696218  
1.385041178  
-1.175250941  
0.6968636409  
0.8736280216  
0.4655555993  
0.5064035697  
0.3016423137  
0.3024488602  
-0.1500460651  
1.126469904  
-0.07925553772  
0.0252709771  
-1.029944679  
-0.4019202144  
-0.4529058093  
-0.165860647  
-1.684977877  
-2.355990591  
-2.454024816  
-2.362417557  
-1.71026324  
-1.422701077  
-1.129172748  
-1.228365916  
-0.8554018345  
0.7860549584  
1.717012018  
0.01909247991  
1.138958152  
0.7652144152  
0.5711101318  
1.158613058  
1.333366724  
1.000518007  
0.4425107471  
0.9032554995  
0.9979311349  
1.705435242  
0.32855049  
0.9231948602  
2.521222471  
1.43079685  
-0.8528325799  
-0.888360482  
0.1773153252  
-0.4502353465  
-0.8783894093  
-0.4786135366  
-1.072807164  
-0.4754533014  
1.713105847  
0.1098430029  
0.8288499561  
-1.738519279  
0.5468918427  
-0.4246444634  
0.8873135878  
-0.5079771264  
-0.07523926562  
0.4578565775  
-1.672382278  
0.6082600049  
1.372713112  
1.090146747  
-0.3249004432  
-0.8499033232  
-0.7229730748  
0.7857809923  
-0.4182914263  
-0.3046776234  
0.5033828232  
1.132971046  
0.4776095844  
0.2504925863  
-0.6516502939  
-0.0826390626  
0.2007775131  
-1.216709101  
-1.158910152  
-0.7273436767  
0.1727568213  
-1.73870048  
-3.133803463  
0.2356909288  
-0.4277790332  
-0.1213163015  
0.2694564316  
-0.09570808736  
-1.522634128  
0.716239671  
0.7070462316  
0.2722828942  
0.4339559146  
0.7378881051  
0.1431232317  
0.9417831866  
0.7818614903  
0.4161486564  
1.440277426  
0.6243166668  
0.8977777554  
0.8079030575  
-0.5345298024  
1.125157337  
0.5656410279  
1.583268679  
-1.504391774  
1.027905515  
-1.313876221  
0.1006193356  
0.1534895394  
1.607382451  
-1.508672524  
-0.07747715661  
2.735363718  
0.2209321906  
-1.266292631  
1.023194434  
0.9946716272  
0.1487929171  
0.06724054826  
0.9077485567  
1.005975001  
-0.2138675988  
1.363038988  
-1.280640184  
-1.428347545  
-1.828830212  
-1.809698158  
-4.294615129  
-1.231383477  
-1.709821713  
-1.358709418  
0.5495930448  
-3.08521935  
0.1774549728  
-0.4008902407  
-1.848146004  
-1.143126705  
-2.95948032  
-2.605348276  
-1.112398084  
0.1954057367  
1.126929415  
0.5253894756  
2.382639168  
-0.2007854329  
0.1195552952  
1.103994654  
-0.7139739019  
2.956992669  
1.222239635  
1.566466851  
0.6276661173  
1.138033655  
0.1682004681  
-0.01277429417  
0.4469761596  
0.7423072875  
0.2646917387  
1.698936644  
1.370034304  
0.3596792138  
2.060996949  
1.565957944  
1.488687585  
-0.02288578053  
-0.412444437  
2.042525071  
-0.07328377681  
-0.2377743766  
0.6824016604  
-0.8160827923  
0.5890300864  
-0.3243916867  
-0.2019818228  
-1.345540548  
-1.819286243  
-0.1567331173  
-0.9092705309  
-0.7501794855  
-1.083398367  
-2.503168236  
1.757972325  
-0.1662475622  
-0.8711509418  
0.2574820926  
0.4346900742  
-0.1191815391  
1.060856618  
-2.106169188  
-1.423271334  
-0.9334092006  
0.08148093092  
0.1195379791  
1.134144305  
-1.506745837  
-0.8913323412  
-0.4787540724  
-0.1760692953  
0.3507401111  
-1.177323091  
1.116381413  
-0.3631573942  
1.55064425  
0.9330720314  
-0.3532298187  
0.05587932459  
-0.5865067302  
2.207322686  
0.4677810696  
1.325282814  
0.6079295802  
-1.263388859  
0.155179312  
-1.150669601  
0.4008330422  
-0.2123531606  
0.003013829875  
-0.2844496121  
-0.5770479638  
0.4412952965  
-2.273370335  
-0.611774624  
-1.201423997  
-1.081239115  
-1.270740232  
-0.6207371592  
-1.076392828  
-0.5186978819  
-0.6508825062  
-1.825929907  
2.510621373  
-0.04165969135  
0.2036074765  
2.134534749  
0.5972457352  
2.305515806  
2.151517302  
1.200143611  
-1.561305656  
1.177293021  
-0.5661464518  
0.1146424935  
1.240436567  
1.476076364  
2.515574639  
0.3946474503  
0.40645625  
0.464776624  
0.1495209086  
0.4639560532  
0.7600559908  
0.6371927789  
0.584616457  
0.477927764  
1.152245343  
0.3656484819  
1.255027011  
1.743785209  
2.09828798  
0.9600775555  
-0.9608674658  
-1.388041801  
-0.9920127924  
-1.459658822  
-1.050361023  
-1.476647935  
-0.8682477926  
-1.779873744  
0.004033604426  
-1.076719132  
-1.128369981  
-0.6244057606  
-1.681932757  
0.1513506107  
-0.3532717149  
-0.584523737  
-0.380601944  
0.9487296572  
-0.2992775173  
0.1350394832  
-0.6159019404  
-1.630892569  
-1.175670783  
-0.663271578  
-1.218487109  
-1.306364772  
-0.8893351226  
-1.121787941  
-2.228067329  
1.202199367  
1.273428711  
1.930749146  
-0.6979516864  
0.9009320534  
0.7579394407  
0.2483745164  
-0.3596862425  
0.8695507271  
-1.46760539  
1.942914634  
0.6865458804  
-0.3003254704  
-0.007846181524  
2.107451967  
0.1466387362  
-0.4914401822  
-0.07468593553  
1.096156623  
-0.4165630419  
-0.9815434294  
0.05483644217  
2.077665015  
0.2535369337  
0.8234205743  
-0.05788767837  
0.1735698916  
0.9682575629  
-1.18894395  
0.2512987195  
0.1880318581  
0.2398217324  
-1.484846877  
0.8351391992  
-1.360813218  
-1.123034545  
-0.3631795591  
-0.3775577323  
