0.5358081908  
0.00660467374  
-0.3575318227  
0.3255768125  
0.2118624073  
0.3441881683  
-0.2784402671  
-0.06656353571  
0.7064108899  
0.7464432872  
0.6140591714  
0.3366537239  
0.07509206333  
-0.01740356872  
-0.3548855305  
-2.218061503  
-1.811187907  
-0.3812183098  
0.5516588271  
-0.2816298961  
0.1919379541  
-0.8017352684  
-0.1212116554  
0.7353167098  
0.02406773588  
-0.3238909116  
-0.1093979157  
-0.07952546001  
0.5468894258  
-0.1878168092  
0.007935138718  
0.6805937842  
0.844805078  
-0.3813303183  
0.8373449821  
-0.3609531788  
-0.3127305484  
0.6083378249  
-0.6033072012  
-0.3457239493  
0.108198296  
-0.2361658861  
0.1380844841  
1.080824826  
-0.4879584848  
-0.9300387884  
-0.06286535296  
-1.31575208  
0.568205161  
-1.153584058  
-0.004687346079  
0.9631396094  
0.5112624274  
0.37215096  
-1.784949498  
-0.2185648197  
-1.551422393  
-0.6225860718  
0.3522132572  
0.3694555124  
0.3655356762  
-0.5041141454  
-0.7190016791  
0.5409939312  
0.3822790267  
-0.0240967601  
0.3758089143  
-0.08031826877  
-0.3015839342  
-0.6885788017  
-1.011068281  
-0.5628390486  
-0.09609411152  
-0.04602968692  
-0.1078372596  
-0.5247672594  
-0.2579079005  
-0.2630159809  
-0.4436940973  
-0.4840374513  
0.5595586433  
0.1662240402  
0.4564461605  
-0.09753086568  
-0.4403168882  
-0.4694261908  
-0.2707592227  
0.3121661729  
-0.03834157277  
0.05978119552  
0.1934578436  
-0.7573985346  
-0.826990494  
-1.266926187  
0.1771675713  
0.7092676871  
0.3519823717  
-0.495850984  
0.3606782573  
0.2433288037  
0.9753842377  
0.2295690654  
0.9437809083  
0.3123913154  
0.4806800824  
-0.2189350415  
-0.2315313782  
0.5675255637  
0.1898264626  
0.2542789356  
-0.03005085333  
-0.1469842074  
0.01019281883  
-0.9828095912  
-0.4526547851  
-0.5289073527  
-0.8892706071  
-0.6693507226  
-0.4035747801  
0.14987296  
-0.3241978416  
0.1708405288  
1.060529867  
0.6344903775  
0.4725785971  
-0.259141121  
-0.668371965  
-0.08684109481  
-0.04417090604  
-0.1572121636  
0.1232748798  
0.3111368193  
0.1124568448  
0.8893710908  
0.9770148984  
0.7090401603  
0.5015312192  
-0.04609942213  
1.735124171  
-0.264195057  
-0.1131412618  
-0.3647604738  
-0.555369056  
0.28323507  
-0.8944024818  
-0.05876549257  
-0.5120530204  
-0.6843333783  
0.1241362737  
-0.1672025159  
-0.5777077878  
0.05325104263  
-0.3542713816  
-0.8870588843  
0.6647452207  
0.4864031876  
0.3526867676  
0.9047862046  
0.9110050789  
-0.04406529818  
-0.6419446928  
-0.4142108914  
-0.03120390775  
0.5203351188  
-0.4197292498  
-0.07327627775  
-0.03774218753  
-0.2682955157  
-0.6257011625  
0.4508384528  
-0.3773058002  
0.185822903  
-0.4115234624  
0.06058795944  
0.5755263569  
-0.5835707698  
0.03776465289  
0.1866042181  
0.1498470683  
-0.1754761897  
0.2417244115  
0.3054023066  
-0.0904709433  
-0.6499782759  
-0.2669622931  
0.27272986  
-0.1836047047  
-0.3923825359  
0.3196442284  
-0.3699357156  
0.2082364407  
0.4577089913  
-0.1225404972  
0.3059637482  
0.2748465662  
0.8430775282  
0.9843574615  
1.157292113  
1.199425355  
0.851346491  
0.01619586111  
0.9414874059  
0.9474149747  
0.529014636  
0.2109579244  
-0.01081261034  
1.303134102  
0.1160669315  
-0.7996208043  
-0.3156114095  
-0.2372077725  
-0.3735847492  
-0.2092661248  
0.1644816472  
0.3814852803  
-0.3260232247  
-1.249510735  
-1.403956904  
-0.001208583316  
-0.1563335492  
-1.082935154  
0.333479266  
0.1477907007  
1.256280814  
0.2703281983  
0.117826799  
-0.1963542857  
-0.1401257146  
0.2223281104  
0.3843142779  
-0.2215293754  
0.8102780336  
-0.0771551983  
0.2495746227  
0.5448081159  
-0.5282292466  
-0.1415339394  
-0.3606541883  
-0.08092028768  
0.8368081634  
0.4561775449  
-0.65804914  
-0.4696435051  
-0.3992834248  
-0.5202774677  
-0.06624381681  
0.3692260028  
-0.5460815292  
-0.001824690225  
0.1343631219  
-0.5787823664  
0.214819403  
0.1699566414  
-0.1407000557  
-0.5829365454  
-0.3482457615  
-0.1825615305  
0.6942699193  
0.06964576987  
0.5542165604  
0.1906469454  
0.4107946728  
0.09559793866  
0.4499068728  
0.1804933519  
0.1923398743  
0.6926348343  
-0.1618104849  
0.2257284963  
0.5241692985  
-0.2591234905  
-0.4345500877  
-0.5969426986  
-0.4063834001  
-0.3557020699  
0.1297794488  
-0.2363615569  
-0.5767319206  
0.08501839467  
0.6082678858  
0.5659781304  
-0.6633981248  
-0.5869524229  
-0.3814492288  
0.2376522034  
0.6710053928  
-0.5776268774  
-0.5705565669  
0.1406152327  
-1.055675057  
0.2127533387  
0.2879339296  
0.7675038837  
0.4508087217  
-0.01758311882  
0.3143648103  
-0.3090487422  
-0.4076089507  
0.3729305731  
-0.2646202372  
0.8796623075  
0.077074025  
0.03708495837  
-0.09822897412  
0.3677676588  
-0.4022959813  
0.3793989808  
0.4746559824  
-0.4811858785  
-0.7517601263  
-0.3720612141  
0.4039774046  
-0.2136575329  
0.3313090913  
0.05029001698  
-0.1366915211  
-0.5120566395  
0.1317069354  
0.3577027803  
-0.1970524503  
-0.4772387157  
0.002419779834  
0.6981233219  
0.8690044497  
0.454891925  
0.3596817332  
-0.3995021555  
-0.5737014464  
-0.2874404494  
-0.05716551376  
-0.2607693971  
-0.1935882256  
0.1312882389  
0.3996445618  
0.3686346289  
-0.4373657205  
0.1840230807  
0.15714334  
-0.2485425293  
0.2877652935  
0.3968786593  
-0.7543339034  
-0.6293051641  
-0.3734652915  
0.1286019411  
-0.432791183  
-0.1033691959  
0.09796757767  
0.2190091765  
-0.2067885972  
-0.5039414624  
0.4588329496  
0.8511695107  
0.4885566118  
-0.7659738729  
0.2654534491  
0.566284225  
-0.3545048763  
0.8445380535  
0.7445126049  
0.7575359536  
0.773723958  
0.08153988538  
-0.008326034167  
-0.004428228348  
0.7943526543  
-1.793712519  
0.04686249284  
0.583651107  
-0.2122510943  
0.2347173548  
-0.0755796469  
0.3300945204  
0.6028021144  
0.7523094452  
-0.3761270904  
0.2222998139  
-0.05088980125  
-0.04679650757  
-0.2412643038  
0.09136389642  
-0.06833041473  
-0.1037213308  
-0.9968836461  
-0.1082470716  
0.666577908  
0.07628526342  
-0.03860065785  
-0.09624162116  
-0.2775366915  
0.1726981532  
-0.3373039921  
-0.6290504569  
-0.6626047178  
-0.3208888348  
0.354172506  
-0.5034959847  
0.0817306701  
-0.5297797139  
0.3511695207  
0.3927330722  
-0.9197255827  
-0.3037633547  
0.3717626369  
0.09801288002  
0.01221564938  
0.01085600948  
0.7277906738  
0.6259676657  
0.4737484957  
0.2560102842  
0.0567170005  
0.7001564843  
0.2893958017  
0.4714692887  
-0.0643801493  
-0.524715816  
-0.7024299634  
0.09116836848  
-0.09807439866  
-1.489127257  
0.2968137074  
-0.2148615655  
0.9440049478  
0.5432784366  
0.07583571842  
0.2628933092  
0.06479149026  
0.2972596509  
0.1319720064  
-0.7579021297  
-0.6533284923  
-0.3266396493  
-0.3189321411  
0.6792764383  
0.3708418432  
0.7272238733  
-0.8415339651  
-0.1262255598  
-0.7300948242  
-0.3091587796  
-1.043390383  
0.1675244653  
-0.182105817  
-0.1016501922  
-0.08054812513  
-0.2305555229  
0.4207766085  
-0.3646077652  
-0.8061392161  
-0.1699760928  
0.3260430498  
0.289950653  
1.323142904  
-0.2948679896  
0.02494524747  
0.8573089104  
0.1576992269  
0.2906729144  
0.075765338  
0.2589272766  
0.4504603381  
0.2240606839  
0.2846037823  
0.8086614471  
0.221765327  
0.3329924816  
-0.5156826587  
-0.4700605916  
-0.04051457126  
-0.3886914531  
0.2489939936  
-0.3941390636  
0.053703036  
0.1342908869  
-0.6050964433  
-0.7777922588  
0.04447821348  
0.08686738779  
-0.3971646897  
-0.3975944552  
-0.5343184  
-0.1469073568  
0.08720302166  
-0.06142502179  
0.3894190448  
0.1659607381  
-0.4764047277  
1.191235769  
0.09932542377  
0.6906060102  
0.07779987461  
0.6445367579  
-0.1004266683  
0.6324968241  
0.495399913  
0.7963186215  
-0.4666101784  
0.4831409935  
-0.1222479853  
0.3621535569  
-0.2114033308  
-0.6018928897  
0.7789128538  
0.2044163136  
0.2084401192  
-0.04033048749  
-0.3247331685  
-0.4768162422  
-0.2390214376  
0.02310868542  
-0.5070046672  
-0.3853323439  
0.2466851303  
-0.400632101  
-0.7799781149  
-0.1409512343  
-0.8136835753  
0.02074591562  
0.90309234  
0.2869596246  
-0.03224753948  
-1.028928737  
0.2581726394  
0.09756336882  
-0.0166205135  
-0.6326523861  
0.6101503134  
0.2157033025  
-0.7777638151  
0.674488557  
1.141246589  
0.5880205435  
0.005010317172  
0.3428796674  
0.1165501364  
-0.2398316792  
-0.5340888919  
-0.6053786784  
-0.6008513052  
0.3341246113  
-0.9448716575  
-0.3512154862  
-0.03724329185  
-0.285271283  
-0.6076796712  
-0.1198666973  
0.6647910818  
0.2926596551  
-0.7867913013  
0.1444517543  
-0.1814270552  
-4.498116716  
-1.108057844  
0.2100939129  
-0.008861338951  
-0.2673393385  
0.02884639971  
-0.211419116  
0.1817156217  
0.3631120947  
0.7052833217  
0.02689654986  
1.154162068  
1.12368656  
0.1975693011  
0.2457811162  
1.049431511  
0.1306542963  
0.2332625733  
-0.06535301743  
0.9895757566  
0.4485493907  
-0.01611371798  
-0.4172397755  
-0.3309989971  
-0.01484308313  
0.2636830427  
0.5938724886  
-0.2909278785  
0.5413070394  
0.1166948814  
0.01693125838  
0.3305613145  
-0.02248010658  
-0.3893893475  
0.2837074825  
0.802103369  
-0.284994937  
-0.4277797715  
0.05350961096  
-0.3170553204  
-0.1818390342  
-0.1779466654  
-0.07009495343  
0.1233278135  
0.03388730438  
0.06917986618  
-1.059656555  
0.5922221774  
1.081685485  
-0.2887233586  
-0.09063167527  
-0.03580614136  
0.5196030643  
0.7382932538  
0.5667142485  
0.6983794186  
-0.1699408177  
0.306799224  
0.1830670141  
-0.1065357524  
-0.1398010563  
-0.5722558662  
-0.8337693048  
-1.154086081  
-0.1562544877  
0.08612828539  
0.1273426483  
-0.4300970323  
0.2057114125  
0.3175825064  
0.3112602559  
-0.439612277  
-0.1266602918  
0.04842281468  
-0.08354412062  
0.06619642418  
-0.3588073116  
0.4431138814  
-0.002924694554  
0.3340886005  
0.06157059599  
-0.2203955283  
-0.2728033514  
0.2783219876  
-0.2299126854  
1.24839489  
0.3442256557  
-0.1670294867  
0.3037201535  
-1.051768765  
-0.2444965013  
-0.6609970857  
0.03236751571  
-0.02752013826  
0.1583507921  
-0.6322257779  
-0.4857904821  
0.6074103298  
0.7926081128  
0.3571695757  
0.06314672569  
0.06167732756  
-0.2289031903  
-0.08275656675  
0.3292308454  
-0.3051156447  
0.5079137758  
0.4100318809  
0.2162475299  
0.6499924978  
0.2902552339  
0.3742687775  
-0.09967878071  
-0.0763824594  
-0.01861673493  
0.4345876781  
-0.08712686612  
-0.2155525193  
-0.3749075613  
-0.6126989988  
0.09451092233  
-0.01469762448  
-0.2986143794  
-0.312927891  
-0.01412897344  
-0.3211767166  
-0.4810669179  
0.1815722765  
0.2577050576  
0.4604415365  
-0.04794466679  
0.2796580417  
0.5272577762  
1.123438163  
0.4588411245  
0.8990251464  
0.2356961685  
0.3542293652  
0.4118133038  
0.3016527943  
0.616448198  
-0.0317416385  
0.4143993771  
0.7078609177  
1.149339517  
0.4831960748  
0.7252520729  
1.733707761  
1.648969814  
1.736081735  
1.483606416  
2.074209764  
1.576858248  
-0.4081692782  
1.228947018  
-1.086008946  
-0.9712145998  
0.3461890144  
0.1613293494  
0.2177296016  
1.056701675  
0.9355934099  
1.426250707  
1.380083784  
2.028292179  
-3.829160435  
-3.249245572  
-1.862011679  
-0.6409337502  
-0.9641620863  
-0.9451528804  
-0.9846094846  
-0.8971995208  
-1.538964649  
-1.856723302  
-1.891599677  
-1.509505687  
-2.577395463  
0.4368043474  
3.169865679  
0.6118279856  
3.965999004  
1.828259411  
1.900576087  
3.570722867  
3.779744787  
4.331692086  
3.326453485  
-2.488538493  
-2.10258751  
-1.526152975  
-2.655740261  
-0.2315925386  
-1.529065025  
-1.655293276  
-0.8674878707  
-1.595332144  
-0.9854537195  
-1.180169924  
-0.6395846589  
-2.072507344  
-1.270719921  
-1.97069091  
0.2347097089  
-0.4999822622  
-1.767692956  
-1.236585461  
-0.3750328543  
-0.5102531376  
-1.107879495  
-3.2063335  
3.510259664  
1.204576419  
-0.3857070513  
-0.7762472073  
-1.004840258  
-0.5244478432  
-1.048824333  
-0.6981794081  
-1.670918837  
-0.7791881081  
-0.9657674003  
-0.5124550431  
0.02432391566  
-0.1589715933  
-0.4548789508  
0.4821572438  
-0.2559092867  
-1.183473485  
-1.715700115  
-2.462493154  
3.453537905  
3.829839742  
-0.3627139201  
3.004262067  
1.365079684  
0.4356548641  
0.8376688224  
0.1565862479  
2.310505504  
0.5791252242  
1.139835685  
1.015438621  
-0.4868917313  
0.8422197098  
-2.034036218  
-1.25771765  
-1.04201885  
-0.59902408  
-1.404061801  
-1.021062233  
0.4341496777  
0.3201371515  
-0.3579447099  
-0.459416157  
-0.6654066318  
-1.094916629  
-0.5092815702  
-1.314742209  
-1.124190671  
-0.315025929  
-0.9495021297  
-1.147212425  
-0.6543788529  
-1.012896908  
-0.6046306268  
-1.285715915  
4.390856445  
1.71930937  
1.74724853  
2.23350062  
1.179559361  
1.900421203  
0.7061182162  
1.954416699  
-0.2267390996  
0.6381082871  
1.379385994  
0.3788135174  
3.293633516  
-0.3225551044  
-0.7759699741  
-0.05595684055  
-1.21757168  
-0.4751207295  
-1.550647941  
-1.248375408  
-1.981014769  
-1.822368739  
-1.465795497  
-1.091944481  
-0.120464019  
-0.9561322655  
-1.242692862  
-0.9074907172  
-1.74790479  
-1.09404592  
3.869559288  
4.021287288  
2.594347032  
-0.3441741273  
0.1968618652  
-1.039444118  
-1.117587181  
-0.7195714897  
-0.168809422  
-0.5714006385  
-0.339499975  
-0.2930051102  
0.325907688  
-0.5973453134  
0.007279196188  
0.6566860422  
-0.4333213086  
-0.5151616618  
0.555252595  
-0.05375332784  
0.4543086085  
-0.2195806847  
0.09871054533  
-0.4696900086  
-0.6670873917  
-0.5007465827  
-0.6145292294  
-1.072428183  
-0.3823203385  
-0.557624662  
-0.1372672801  
-0.5281043462  
0.2372292421  
0.1698634473  
-0.894025476  
2.880112497  
1.292401982  
2.666199282  
1.130546957  
0.5957689751  
2.049118247  
-0.6086071956  
2.109132194  
1.417611018  
1.262829495  
1.928525341  
-0.08820146177  
1.946253929  
-0.369390089  
-1.108997862  
-0.3862050088  
-0.9194076104  
-0.7123469679  
-2.639763344  
-1.032881961  
-1.049552691  
-2.182605679  
-0.8499408684  
-0.6831945084  
0.6261423703  
-2.193709405  
-2.108417719  
-0.2321726704  
-2.805948653  
0.3297349078  
-0.7892596723  
-0.1584852799  
1.614125592  
-1.238959472  
-1.009972072  
-0.6955264887  
-0.9943129656  
-0.5480997406  
-0.3490784745  
1.460946425  
0.6198933077  
-0.7863152292  
-0.6830159909  
-0.7565364885  
-1.21391404  
0.008638986309  
-0.4856554143  
-0.7688985216  
-2.629823409  
0.6276515603  
4.251165958  
2.140100534  
2.229329035  
0.4521387283  
2.379083524  
3.117789275  
0.5095260021  
2.11926301  
2.506334483  
2.529674717  
2.227546601  
1.978794062  
1.631730098  
1.976627526  
1.979783794  
-1.328434669  
-1.076285325  
-0.7873268358  
-1.351426688  
-1.334101412  
-0.7459547788  
-0.2367349594  
-1.488487764  
-0.6755983509  
-1.044882717  
-1.205338973  
-0.9330998412  
-0.3180094667  
-1.389233436  
-0.8965710177  
-0.8085836161  
-0.1522403963  
-0.9199866705  
-0.576134046  
-1.27452184  
-1.779979933  
-0.8780476278  
-1.662100401  
-1.373965026  
-1.120634008  
0.0818279863  
-0.5395010436  
-0.9918136177  
-0.8214546959  
-0.04123654671  
1.393012989  
-0.7273088011  
2.200499843  
0.995787596  
0.02350642322  
2.13227202  
-0.4164430775  
2.676799584  
-0.1031596128  
1.874493783  
2.556455159  
-2.375231069  
-0.4695686789  
-0.1745388069  
-0.4607047494  
-0.6340816466  
-1.068610137  
0.6031660962  
1.151757161  
3.106849143  
1.401028871  
-0.03216600841  
-0.4126167806  
-3.047214857  
3.728497852  
1.496951584  
0.3021624779  
0.37209402  
-0.4931756927  
2.176584768  
-1.617981044  
-0.1249291101  
-0.4593779477  
-0.7999164483  
-0.6591727043  
-0.5845855061  
-0.7865366687  
-1.400115337  
-1.478966003  
-2.123048831  
2.184197406  
4.486750668  
-1.35513599  
3.643653811  
1.719835367  
-0.7986219087  
-0.4415133975  
-0.7035665585  
-2.079470302  
0.373745615  
2.783482514  
0.206893591  
0.2180316183  
-0.3857560389  
0.1476565919  
0.7530788882  
0.7933039258  
1.502700147  
-2.505892345  
2.585937653  
-0.2624423566  
-0.840060657  
0.3014527373  
-0.003873898182  
-0.9081589257  
-0.9015614604  
-0.9838799059  
-0.6067806363  
-0.6791660691  
-0.9028470858  
1.398758252  
0.07152967411  
-0.44909131  
-0.02824298217  
-1.081366606  
-1.16640227  
-1.128289088  
-0.9146686686  
-0.7574913296  
-0.4656995854  
-0.6260666386  
-1.203554263  
-0.5165316913  
-0.2269831197  
-0.6245729584  
-1.289430378  
0.04958516454  
-0.4312878557  
0.5594049155  
1.31613337  
-2.411928113  
2.203807273  
1.18457826  
1.7953931  
2.668570264  
2.551794009  
-0.3553496181  
0.6205500106  
-0.3167410165  
1.168675463  
0.09904737233  
-0.4863750719  
0.03758529858  
-0.5180818619  
-0.3328043753  
-0.06162511303  
-0.2351653303  
-0.3856665224  
0.1415665013  
0.1500271065  
0.4853738588  
0.3338203664  
-0.7917221781  
-0.05554002826  
-0.01195704513  
-0.02643224838  
0.3649204409  
0.4443122671  
0.4119363971  
-1.370180779  
-0.05933836803  
0.2770311796  
-0.7261600249  
0.1968064504  
-0.1689876836  
0.8858988718  
-0.3890708458  
-0.4351309231  
-1.54646609  
0.5032464599  
0.5090994135  
0.02675198044  
-0.4413749885  
-1.366480413  
-0.8803308103  
-2.510936973  
-0.8637137998  
-1.279922906  
-0.8593484981  
-0.9545646458  
-1.172674969  
-0.5502894732  
-0.4537919374  
0.5633356005  
-0.07478016228  
-0.588322185  
0.4940287195  
0.06551142048  
-0.6479422221  
-0.5975259506  
3.831749662  
2.076534124  
0.7511577625  
-0.3774899167  
0.4073459385  
0.3640480197  
0.2479216241  
