1.345224918  
1.087806993  
1.183016684  
0.5585126474  
-1.680812531  
-1.247393663  
0.235677182  
0.3769722027  
-0.2079943577  
0.8066290433  
0.6340726367  
0.8246649818  
0.5463563946  
0.3306224978  
0.4510405933  
0.08939955766  
-2.035958605  
-1.277421713  
-2.274649394  
-0.1758756715  
-0.2240096312  
0.08014767682  
0.06102850555  
-0.548914713  
0.1844070859  
-2.062070341  
-1.257288506  
1.296656841  
-0.1419839735  
-0.02453259981  
-1.318124469  
-0.3862763595  
-0.7532868501  
0.8357046442  
-0.1992658651  
0.9195225106  
0.8687131304  
0.3181405645  
-1.38385764  
-0.5266324496  
0.2269615844  
0.7567523634  
-0.6139956579  
-0.7912665763  
-1.998761656  
-0.222627493  
1.587914132  
0.494768477  
-0.8656621303  
-0.2452823228  
-0.1584446401  
-0.2068574682  
-0.1823141366  
-0.1025431234  
-0.1014773733  
-0.542536554  
-1.275307809  
-1.775816378  
-1.171250539  
-0.610056314  
1.169338624  
-0.1475535007  
0.4977842319  
-1.562512159  
0.4190873305  
0.6590648662  
-0.5566763964  
-0.0264637945  
-1.842568857  
-0.8865605113  
-0.6942842162  
-0.2280841073  
-1.090091822  
0.02958632804  
-0.448731655  
1.083499372  
1.547395917  
1.558431017  
0.5644827092  
-0.443320469  
-0.08816740863  
0.2233697998  
-0.2647021729  
-0.2020076892  
0.4652929777  
0.9692850567  
-0.5121487382  
-0.2396055639  
-0.6082416959  
-1.007246685  
0.7684102802  
0.3245258687  
0.5862492084  
1.013154901  
0.7757876503  
-0.3207015932  
-0.00333244307  
1.271847546  
0.8794454422  
-0.186988836  
0.1286706491  
-0.9503181493  
0.5975397712  
0.4696221632  
0.8725738282  
0.4405261129  
0.5901300067  
-0.8533354036  
-0.3663060023  
0.2038639383  
0.1371509581  
-1.750445614  
-0.4355935033  
0.4225459681  
1.036720838  
0.976981109  
0.3455251852  
-1.458537347  
-0.468154147  
-1.343586517  
0.3615253862  
-0.1089383585  
0.7385499989  
0.330513572  
0.5357053799  
1.324554894  
1.889775146  
0.9330753322  
-0.286225815  
0.8388528132  
-0.1111672452  
1.4838262  
1.249049565  
1.180753895  
2.206146683  
1.142083971  
0.9637086637  
0.8974272216  
0.2962673082  
-0.4984116409  
-0.317571107  
-0.1108551122  
-0.4160028521  
-0.7345796256  
0.3448032072  
-0.1906747407  
-2.269554207  
-0.9896588323  
-1.842743953  
-1.668648883  
-1.445811911  
0.2214671158  
-1.319601583  
0.8298760218  
0.3060545743  
-1.194629815  
0.09775187077  
1.257180676  
-1.199446858  
-0.2162425364  
-1.151618796  
-1.096953912  
-0.02403624518  
0.48683847  
-0.7166500081  
-0.1532230388  
-1.499157181  
-0.3354962444  
1.697115593  
0.4514014371  
0.4795861264  
0.009091223468  
-0.5266557486  
-0.1349748423  
-0.8694140056  
0.4300487966  
0.5597419249  
-0.5220366447  
-0.7832149968  
0.06723758135  
-0.6832464513  
0.2163353939  
-0.01388261193  
0.7647124445  
0.2019367832  
0.4224312592  
0.1535559297  
-0.495495773  
-1.140699364  
-0.1752846021  
0.7717825717  
0.321711563  
0.5294485127  
0.3059243312  
-0.6111025862  
0.8451150417  
0.5497414813  
-0.1844660597  
-0.5596705429  
-0.2326599151  
-0.5698840132  
-0.3234411128  
-0.003952987384  
0.4775558431  
0.9258004132  
2.001302221  
0.9190863027  
1.073092686  
1.650767383  
1.851138508  
0.6485753651  
0.1213258619  
1.432521723  
-1.295255511  
-0.1092931988  
0.6976710144  
0.9840783659  
-1.763166972  
-0.313414302  
-1.414011507  
-0.03205842085  
0.5799135593  
2.386229916  
-0.5243171791  
0.01959144495  
-0.2454280208  
-0.7612186064  
1.171235618  
1.720284618  
1.018236763  
-0.7292158645  
-5.767046026  
-1.08939334  
-0.8726331129  
-0.2244286782  
0.3815402825  
-0.4303347812  
-1.670273267  
-0.7958984019  
0.5398951664  
-0.6547838241  
-1.431414954  
-0.2905950256  
-0.06643018594  
0.2748227391  
0.2610381781  
-0.7276973676  
0.2091470215  
0.3681366377  
-0.03545402547  
0.4763407246  
-0.3022103552  
-0.5884942829  
0.2614762204  
0.1599312115  
1.346506153  
0.6039519126  
0.2092319622  
1.570793901  
0.2792994522  
0.6772346082  
0.2936976677  
0.2456912243  
-0.01266182701  
-0.7525801955  
-0.5428151965  
-1.664836245  
-0.9207683109  
0.09211795636  
-0.7469324397  
-0.7199004737  
-1.476037793  
0.3651204426  
-0.04544211136  
0.2959753273  
0.6796962034  
-0.254381025  
0.6521526218  
-0.1160353494  
0.9167772909  
-0.2171937816  
-0.4424974951  
0.7362260377  
1.067212032  
0.8446933823  
0.8944162813  
-0.2416506918  
0.4121423081  
0.6606952808  
0.087349896  
0.2154550458  
1.040684897  
-0.02095752073  
-1.452577273  
-0.6174186561  
-0.4756607198  
-1.537257056  
-0.8598804918  
-1.17045791  
-0.3211753816  
0.2036930163  
0.3245018837  
0.1282076435  
0.4289713313  
-0.4192831592  
-0.04838886821  
0.05753770861  
-1.452689589  
-1.013223425  
0.07471598204  
-0.4832820454  
-0.04454454921  
-0.2177042937  
-0.4028771542  
-1.247690481  
-0.2705932671  
-0.4416776931  
0.5043805559  
0.7309388822  
0.931917988  
0.03703356933  
-0.2003610992  
-0.1867574047  
1.150380164  
0.8078054769  
0.0866072179  
1.449957685  
0.3478836506  
0.3809392276  
0.4251224924  
0.3443324271  
0.4574529003  
-0.3247712918  
-0.3703075485  
0.5053332272  
-0.5415430941  
0.5758400578  
0.72203996  
0.8597318196  
-0.6119364927  
0.6827317317  
0.7804476897  
-0.7026658383  
-0.9011439779  
-0.3292272594  
-0.3058729684  
-0.9102676393  
-0.7736783126  
-0.6000619048  
0.01637915043  
-1.084053639  
0.2830926323  
-0.8795752469  
0.09961448327  
0.7688247244  
0.4337350871  
0.1094370295  
-0.02718050231  
0.7157535241  
0.9528659935  
0.9714118394  
0.8035639537  
0.4817854446  
-1.100840933  
-0.2662149892  
-0.6360209162  
-0.05748995088  
-0.8509064417  
0.160260475  
0.6140120447  
0.8134737017  
0.7013760608  
0.4203568516  
-0.3502588967  
-0.9063612557  
-0.08114940844  
0.6812688312  
-0.1180449872  
-0.04357977181  
0.5159481908  
0.3613205464  
0.5435637951  
0.9461129581  
0.7818818468  
0.6308517795  
0.9310317489  
-1.00055051  
0.3851587975  
0.09886600329  
1.244963891  
0.9422013578  
0.2940064353  
0.2001650621  
0.2109436364  
-1.701104143  
-3.270114731  
-1.206618132  
-0.4875990028  
-0.7845908885  
-0.5050825484  
-1.989253307  
-1.332018112  
-1.386326042  
-0.4026799579  
-0.484409693  
-0.3026731743  
-0.7542384106  
0.448612824  
0.6860452458  
1.276687593  
0.3131353328  
0.01800391994  
-0.1994415145  
-0.7221198695  
-0.6251400579  
0.4842087291  
-0.2302695926  
0.6217396945  
0.5434666917  
0.5267042971  
0.8715260792  
-0.193622926  
1.548427803  
1.461277502  
0.79662003  
1.922852081  
0.04045284209  
-0.5006154055  
0.003301477722  
0.9598654582  
0.3828958403  
0.4270258516  
0.8404349556  
-0.2909237668  
-0.9691923318  
-0.1394982386  
-0.9967416419  
-1.885322977  
-1.424283814  
-1.145743783  
-0.8529658233  
-1.654356452  
-0.1654539202  
1.023152372  
-0.1936706826  
-0.08609791554  
-0.2644071656  
0.3424836051  
0.7116509754  
0.8325284607  
0.555712352  
-0.8923807242  
-0.6722806586  
0.4282595826  
0.5871816634  
0.8108438237  
0.1507851433  
-1.203562667  
-0.4677158235  
0.4875955778  
0.9244001684  
-0.7038686266  
-0.04548661165  
-0.3787939891  
-0.06632259916  
0.3714044783  
-0.1565921702  
0.1687031937  
1.231912056  
0.6477930525  
-0.8887222377  
-0.6021151728  
-0.4316596265  
0.3760635794  
-0.04665605931  
0.3825186241  
0.2849398128  
0.7928078051  
0.322232629  
-0.02590513232  
-0.4200006888  
-0.2732334337  
-0.6818943721  
-0.04255957823  
0.2374864565  
-1.361748758  
0.8955249933  
0.2518924323  
1.895310044  
0.8218064576  
0.932932567  
-0.6425793364  
-0.2955308936  
0.2209992111  
0.8736767936  
0.03167029692  
-0.4397726665  
0.5731195967  
0.3966220018  
-0.4527162836  
0.9336082424  
0.947827724  
0.6543063444  
0.8967469404  
0.6781442774  
0.3099344397  
1.355629955  
-0.2647070466  
-0.6029539264  
-1.260883766  
-2.050308274  
-2.775644533  
-0.9888284318  
-0.7013636182  
-0.1111351538  
0.1353373721  
-1.177573458  
-0.5497068526  
0.7286679097  
0.4991264142  
1.135314401  
0.1025555278  
-0.2759127669  
1.374690705  
0.3349726243  
-0.5711367867  
0.4738141094  
0.8660830945  
0.1260302696  
-0.3001958494  
0.3109903101  
1.208246463  
1.126258238  
0.3023674871  
0.3633405884  
0.6893398216  
-0.003057315015  
-0.0524858286  
0.6535234082  
0.6610096741  
-1.19577462  
-1.674181052  
-0.4065037329  
-0.5528023165  
-0.08081846987  
-1.248703139  
-2.065912626  
-0.7906514576  
0.5487140223  
-2.014407263  
-0.255878649  
-1.151171199  
0.57714366  
-0.104480829  
-0.538071088  
-1.618412057  
0.01760547578  
1.072354921  
0.1284424704  
-0.09389278173  
0.8347000205  
-0.1175730498  
-0.2673707783  
-0.1040697709  
1.296440035  
0.6016082532  
0.06577714639  
-0.04611307602  
0.8789269158  
-0.7515987181  
-0.3262248488  
-0.8283086052  
-0.5604508956  
-0.6864619154  
-0.3654901259  
0.4742871062  
0.3736074824  
0.5642607663  
0.7687646758  
1.126464932  
0.09597419607  
0.3361270799  
0.4338851926  
1.104564986  
-0.3321075025  
0.03057499638  
0.6960516649  
-0.2309432507  
0.4702350524  
0.01551490116  
0.6737515534  
-0.4410266352  
-1.004275909  
0.5183922701  
0.2768914668  
-1.237472197  
-1.34607097  
0.2099928896  
-0.8596508139  
0.1541918141  
-1.982632694  
0.5068735777  
-0.5139458458  
-1.008118944  
-1.27865923  
-1.253595658  
-2.794336663  
-3.349608803  
-1.752139717  
-0.3623947438  
-0.4790610068  
-1.090119976  
0.005894104551  
0.568655698  
1.586020328  
1.131389434  
0.8876332379  
0.4422776358  
-0.2116344432  
0.6213405671  
2.305957447  
2.050443648  
0.01225282396  
2.458472135  
1.673584388  
0.8883335164  
0.433192364  
1.298753023  
1.015662506  
-1.246924039  
-0.553641737  
-1.826380296  
-0.1142211702  
1.366130447  
0.289783572  
-0.0573599128  
1.231108687  
0.8871976207  
0.5851824379  
-0.8775696144  
-0.5330889078  
-1.241031728  
-0.153802218  
-0.0258083091  
-0.3473054501  
-1.408493669  
-0.6686398204  
0.5512642757  
-0.0878886046  
0.1085907068  
-0.3412279207  
-0.1788179159  
0.9256416685  
0.08038527772  
0.8149098647  
1.46727694  
0.3419970983  
1.183357669  
2.673246754  
1.353831659  
2.603003966  
1.940407395  
0.3376653939  
1.007795298  
-0.2309161515  
-0.8753658453  
-0.7858958344  
-0.2108082799  
-0.1893970563  
0.3661295957  
-0.4294283596  
-0.4989926235  
0.0227846522  
0.6027271574  
-0.9782509921  
-0.408796608  
-0.7583043838  
-0.4587769992  
-0.7562173623  
-0.9510052243  
0.7840464869  
-1.243203705  
1.068959335  
1.507199798  
2.051368924  
-0.2393384829  
0.482775333  
0.6466457766  
-0.1202298155  
1.846787126  
1.357913139  
2.137559802  
1.514191311  
-0.6073587708  
0.3701957801  
-3.591487847  
-1.623317066  
-0.8333013874  
-0.3080029154  
-0.8610425959  
-0.8343747655  
-0.3051296803  
0.7861100673  
0.2888964877  
-0.3445573144  
-0.2310454395  
0.8094087705  
1.015856932  
0.1973996028  
-1.152169478  
-0.5261505418  
-1.163782945  
-1.069252965  
-0.9181377657  
-0.2687885204  
0.3930452741  
0.2646880542  
0.2607471615  
0.4017089779  
-1.353434378  
0.6671976275  
1.443362245  
0.1197847442  
-0.4509621507  
0.1189507622  
-1.362361469  
-0.1387021174  
1.105274962  
-0.07041180442  
0.4315358307  
-0.2882576661  
0.7146011285  
-0.2287156205  
-1.132180948  
-0.4897251026  
0.04575904027  
-1.065288176  
-0.2637227376  
0.05686946756  
0.4978941041  
-1.121582142  
1.366791092  
-1.04355451  
-0.2760612836  
-1.184637914  
-0.01734829454  
0.388944754  
0.6721996875  
0.414282545  
0.6733266266  
0.8769707335  
-0.5347308658  
-1.267351988  
-0.2562242845  
-0.165725978  
-0.6197162342  
-2.218206046  
-0.8187117617  
-0.1890341747  
0.1976753763  
-0.5743383175  
-0.6927486628  
-0.6529411843  
-0.6325532601  
-0.05109721923  
0.5060408724  
-0.3667226691  
-0.5043131069  
0.3465075427  
-0.001824303169  
-0.18501127  
0.5940805077  
0.8973960578  
-1.169035699  
0.3835715413  
0.03358685294  
0.8847849233  
0.2644601524  
-0.5680363707  
-2.069152317  
-1.251574291  
-4.726270741  
-0.5711266797  
-0.2969103082  
2.650910227  
1.516488951  
1.752134169  
0.9339105637  
1.382699971  
0.9219289994  
1.149272414  
0.360332997  
0.2938006668  
-0.4386147571  
0.03642538213  
-1.209863161  
-1.518998319  
-1.574455611  
0.3614389565  
0.02559818932  
-0.9564832557  
-0.6643439931  
0.5863368639  
-0.213897424  
-1.468322229  
-0.6590876246  
-0.4656962479  
0.06712678077  
-0.04593901259  
-0.3468068636  
-0.8655588255  
0.06201068038  
-1.799575214  
-1.204926608  
-0.2898053688  
3.331221051  
-0.1597320525  
1.194212337  
1.07537538  
0.9966753619  
0.6074058439  
0.4194249468  
-1.134091965  
-0.3574746566  
-0.6684313776  
0.6852629186  
1.365471387  
1.187217758  
1.805030568  
0.788471261  
1.107110339  
1.075918548  
1.364809074  
0.9514381209  
0.2320709472  
-0.05393376462  
1.033835123  
-0.4757634742  
-0.4144251796  
0.20228222  
0.8733530573  
-0.512744146  
-0.6961831706  
-1.192700849  
-1.180845826  
1.052697554  
1.311207276  
1.368175998  
-0.5673425281  
0.5234977426  
-0.3894414892  
-0.8325331423  
-0.7497964768  
0.2334076675  
0.4542714954  
-0.6059775392  
-0.9145689858  
-0.5794854077  
-1.29493574  
-0.2846127975  
0.4521824696  
-0.9352781325  
-0.3572930535  
-0.1322954455  
-0.2490736635  
0.4297934965  
1.357328669  
0.4907765312  
0.1107392854  
-0.9818366374  
-0.9492045212  
-0.9662090529  
-0.02388058872  
0.05215197227  
0.8924857389  
0.1455462824  
0.009760956879  
1.048759068  
-0.04907509214  
0.8493904524  
-0.7717794929  
0.03942910306  
0.1503731498  
0.4544090649  
0.7527068831  
0.9308866876  
0.9427765205  
0.8058825378  
0.4526945565  
-0.211939276  
-0.2107114892  
0.05451628949  
-1.650294101  
-0.3247101532  
-0.2184906891  
0.01421947348  
-0.02100684682  
0.2347229701  
0.5011562794  
-0.06227179924  
-0.1065475961  
-0.4147838552  
0.5448272601  
-0.9150500724  
0.9809252658  
-0.2867163787  
0.1039759051  
-0.641798111  
-0.5796400867  
-0.1681239384  
0.1883393127  
0.1838617328  
-0.2439813759  
0.3207212498  
-0.6489484253  
-0.1330770187  
0.189729563  
-0.4339382844  
0.1093441293  
-0.7622701901  
-0.1080358743  
-0.7566800953  
-0.705714167  
-0.09543682963  
0.2983484362  
-0.7143024843  
1.004027661  
1.731129379  
1.031523044  
0.4058081963  
0.2892665375  
1.03081597  
0.5521734171  
0.7226555652  
1.401252283  
-0.7187744926  
1.014999479  
0.7305629483  
1.161991941  
1.828979937  
0.8619950299  
-0.5261019476  
-0.2120961269  
-1.04661794  
-0.5380822402  
-0.9330028021  
-0.294087646  
-1.312410462  
-1.396518746  
-1.651392449  
-1.518634352  
0.04054006424  
1.328574598  
1.488643826  
0.3408818977  
1.09778097  
0.1291630827  
-0.3403755101  
0.6469404174  
1.475628201  
0.4082326284  
0.5157355295  
0.2321942619  
0.7197628257  
2.235873004  
0.4247992043  
1.697440166  
0.8585088989  
1.6042631  
0.4647121514  
0.6696634752  
0.8324646971  
0.7048958813  
1.788470325  
0.4391815044  
0.363546722  
1.727996705  
0.2233416525  
0.4446426807  
1.040361915  
0.7392909462  
0.08226119972  
0.4637428782  
0.8136316263  
-5.670503426  
-4.108407591  
-3.426238522  
-1.278336542  
-0.4695031166  
-0.4051854765  
-0.7191294763  
-0.8737097386  
0.617831281  
0.3844153907  
-0.4765442091  
-0.05886580892  
-0.775581647  
0.4238535662  
-0.956925002  
-0.4621148766  
-0.7368764628  
-0.7018799768  
-0.1955828934  
-0.4417861076  
-0.3283729589  
-0.1616527757  
-0.5459587196  
-0.7232913844  
-1.374172023  
0.008918720961  
0.2027147327  
0.5891672465  
-0.3906839712  
-0.3062073612  
-0.1548887983  
-0.5061850295  
0.6080444056  
-0.3097049788  
0.6793949943  
-0.2073654275  
-0.4097263753  
-1.104487713  
0.5116645962  
0.3391105565  
-0.03790324754  
0.5522088124  
-0.7093587556  
-0.7154557502  
0.149179191  
0.6734787274  
-0.1826918207  
-0.1924630564  
0.03261078587  
-1.462851673  
0.6731187913  
0.2493008281  
-0.0558030434  
-0.4299920677  
0.9326349816  
-0.03744951038  
-0.01522487487  
0.5298758397  
0.3414621602  
-0.584149397  
-1.166910339  
-0.4301348426  
-1.212738859  
0.2807118209  
-0.0202758985  
-0.2142171814  
-0.3420033703  
0.2912183111  
-0.1573710361  
0.678361548  
1.299262276  
1.07718615  
1.213084941  
0.5549770842  
-0.5834845266  
0.5944532584  
1.346136025  
1.442630694  
-0.3354973605  
-0.07366233851  
-0.5554592119  
0.9203491634  
-0.1131836733  
-0.7016816831  
-0.3911046902  
-0.01344679578  
-0.4254511175  
-1.88470057  
1.274141571  
0.3347225346  
0.4679588329  
0.2311561937  
-0.05547776931  
-1.305812644  
0.005964230402  
-0.4426698212  
-1.176855337  
-0.3036007422  
-1.353985983  
-1.39697556  
-1.412270319  
0.4361541598  
0.1707851264  
-0.7550133529  
0.8686023813  
0.554143535  
-0.6486857173  
0.5614505995  
1.235266526  
0.8315252876  
-1.019635655  
-0.6992273007  
-0.5235868401  
-1.149093697  
0.4701120736  
0.7279884105  
0.4411069278  
-1.096197771  
0.1795137763  
-1.377294052  
-0.286769779  
-0.353839001  
-0.8761644654  
-1.301232309  
-0.5873697836  
-0.4592294691  
0.9027801989  
0.7467049361  
0.8047103318  
-0.1922666466  
0.4477078696  
1.412886219  
-0.111157281  
1.855455692  
2.391990988  
1.680799117  
0.02294260209  
0.7726715371  
0.1232612096  
0.6760312385  
0.5859311416  
1.188761809  
0.3329749927  
-0.2466764199  
-1.522869359  
2.035139748  
0.6239792669  
0.2629238041  
-0.2881898498  
-0.8595443657  
-0.03512763284  
-1.448256696  
-0.5776338649  
-0.2101710416  
0.8600619039  
0.3927970493  
0.4990922963  
-0.2433271401  
0.9243348618  
1.719260438  
0.304450384  
0.2556534249  
0.4561223371  
-0.1651613228  
0.1608150225  
-0.8703002922  
0.3382914656  
-2.274312942  
-1.066543558  
-2.295773676  
-0.2685092389  
-0.3484438614  
-1.074569164  
-0.2989752338  
-0.05666281414  
-1.118562909  
1.097633569  
-0.3394036669  
0.7447737668  
0.1936958693  
-0.6425385633  
-1.216154407  
-0.7539279888  
0.1654371565  
1.481778999  
1.003522526  
-0.1827613382  
0.2466724447  
-0.3281938663  
-0.2182893007  
0.3905290981  
-0.4767047868  
1.151896848  
-1.251506813  
-0.3773494379  
-0.1296970784  
-0.9070225466  
-0.5447344415  
-0.2181101126  
0.6462556022  
-1.521011941  
0.2319123085  
1.29176128  
0.6740275557  
-0.5881569975  
0.1936282607  
-1.109454564  
-0.7730718124  
-0.6923647431  
0.8737054343  
0.0009841164797  
0.2515421666  
0.1270320134  
-0.2370240825  
-0.3654561557  
-0.5989728949  
1.555300652  
-0.09550986113  
-0.002438563681  
-0.5165958048  
0.5262722095  
0.9137674084  
0.2099122299  
-0.8170909308  
0.08186589764  
-0.9422141415  
-0.2534259861  
0.2775706137  
-0.05943356921  
0.1630421084  
1.410032945  
1.142041738  
0.2529925392  
0.4644585467  
0.5224848231  
1.614389075  
0.5717077247  
0.08182087728  
-0.7265329721  
0.6552248764  
-0.03520553204  
-0.0491632846  
-0.5433611402  
0.3208809346  
-2.003698943  
1.233325758  
0.948110189  
0.06235439755  
1.067602566  
0.8653630632  
0.1149415614  
0.6688177416  
-1.550695248  
-0.4834235762  
-0.2692234782  
0.1819752261  
0.6739817054  
-0.4173903318  
0.8921380722  
-1.134367978  
1.26622744  
0.2365530976  
-0.1837708849  
-0.7532628506  
-0.5090068349  
0.4046008379  
-0.8749537808  
-1.864133437  
0.4186241154  
-1.478153581  
-0.6394002763  
-3.244215471  
-1.486310735  
-1.644025921  
-0.6668954984  
-1.156620182  
-1.589112727  
-1.234687091  
-0.5851510935  
-1.26437565  
-0.443692313  
1.306825551  
-0.3989652428  
-0.6430984287  
-0.4001135578  
-1.823698738  
-0.2184960311  
-0.1790337896  
0.7185816737  
0.858542043  
0.4377154116  
1.493851781  
1.090201289  
1.327089811  
1.726614722  
-0.1090753342  
1.588158956  
1.383176431  
1.291045826  
0.06130054247  
2.10489169  
1.011030062  
1.057984288  
1.06195109  
1.691095631  
1.834211429  
-0.5510316895  
-0.7922217471  
-0.3760004504  
0.05290604553  
0.2614196674  
-1.052365762  
-1.391607285  
0.3711872952  
0.8658940625  
-1.231801027  
1.472588293  
0.9976520069  
0.721546128  
0.06356403895  
-1.044381794  
-0.3430023516  
-1.561365532  
0.2148238855  
0.5589994978  
-2.963846008  
0.1399889189  
0.9236357666  
-0.1237508778  
1.034025232  
0.8715380446  
0.2453855672  
1.128801142  
0.9507817509  
-0.2617303936  
1.400988956  
0.5270981316  
1.888474794  
2.416455835  
0.9069488041  
0.5767656803  
0.350680214  
0.01123192527  
1.973887691  
1.576364267  
0.08933400217  
-0.4173977315  
0.3153423579  
-0.2398095161  
-1.118051178  
0.2540872792  
0.2408962225  
-3.460200815  
-0.4634776658  
-0.4639454465  
0.7327995909  
0.7245429261  
-0.8738336626  
0.268775119  
-0.3367145644  
-0.145673957  
-0.9739453749  
0.5102794646  
-0.07519363261  
-0.3140267673  
-0.07307803642  
-0.9446908897  
-0.2634751737  
-0.9214972797  
-0.4233084618  
-0.425683776  
-1.451310634  
-0.8616359802  
-0.2939701575  
-1.249123813  
-1.162996464  
0.3596471168  
0.382271581  
0.08225580129  
-0.6066553111  
1.13144269  
0.4126684751  
0.140632375  
0.173361831  
-0.4236524319  
-1.169654577  
0.1837470859  
1.882806007  
-0.001058694201  
1.538572103  
-0.3263367479  
-0.4417932446  
0.0003416507519  
0.1741874523  
0.2944092145  
0.3276660701  
0.3393661268  
0.2389427071  
0.04492391612  
-0.2396673245  
0.01057929994  
1.294973457  
-0.1462582723  
0.9357731698  
-5.692273657  
-7.476353096  
-2.822052637  
-0.4619753674  
0.7556760823  
-0.1340671471  
2.31190725  
0.5212016704  
-0.9307034826  
-0.09686744249  
1.053159361  
1.251699621  
0.988062104  
0.4168556636  
0.04205278906  
0.9660674663  
0.1022474536  
1.321067121  
0.1875929643  
1.723671619  
0.1891333303  
0.5303244203  
1.937169767  
1.942602236  
-3.022730893  
-1.436005583  
-1.695912307  
-1.246989889  
-0.2107645639  
1.380005987  
-0.01205076435  
1.307074244  
0.7414230898  
1.868091477  
0.7486077701  
0.8018158537  
0.08846579814  
0.2395478947  
-0.7389126327  
-2.271630637  
1.163605252  
-0.381271531  
-0.4027451705  
-3.494370304  
-1.668999168  
-0.9650742814  
0.4917586855  
-0.5873493569  
-0.1610140997  
-0.5849393679  
-0.347178125  
-0.416924331  
0.4962423686  
-1.081522922  
-3.512236737  
0.08042392558  
-0.4469040597  
-1.366627362  
0.2643870467  
1.583934947  
-0.6049257429  
-0.3779694445  
-2.610387244  
-4.517313583  
0.3860757761  
1.786917126  
1.075854553  
1.58400596  
0.2873580781  
1.162085889  
0.4341902582  
0.4908264006  
1.04271122  
-0.7489137648  
0.1306049556  
1.562217157  
1.33323485  
0.7793182228  
0.4931418386  
0.6430252209  
1.008243864  
1.251129983  
0.6678567908  
0.4667499878  
-0.02608328981  
0.04536460215  
-0.1289027051  
0.5002552345  
-0.5307359744  
-0.3268843204  
1.000076959  
-0.1779439496  
0.474636803  
1.897236747  
0.4912059756  
0.02030435574  
2.036485671  
-0.7088385906  
-0.4135577409  
1.428087489  
1.415027355  
0.09994129494  
0.08388710176  
0.2319679997  
0.5570875313  
1.998309788  
0.3788420255  
-1.150609124  
2.485580611  
0.6835167594  
0.4880581304  
1.023720485  
2.022158624  
0.8197807768  
1.309123107  
-2.354501899  
-0.672384437  
-0.06217658273  
-0.5548670994  
-0.9037178045  
-0.2184719732  
-0.8474813428  
-0.9038163043  
-0.08564813778  
-1.133425898  
-0.3548509782  
-0.8762556001  
-0.4118819458  
-0.3887749574  
-1.784092749  
-0.8245976661  
-1.075582665  
-0.4552552185  
-0.5395566563  
-0.9807137191  
-0.6161880083  
-0.7425142946  
0.1662935934  
1.132066006  
-0.1073945874  
1.159262059  
0.9012804073  
-0.3000036382  
1.36992112  
1.127480887  
1.320655372  
-0.6761851973  
0.170258128  
0.08574631651  
-0.6896184814  
0.02414872153  
-0.7118682586  
-2.128635194  
0.3562888033  
0.04308134955  
-0.6228236659  
0.1431254023  
-0.3991558074  
-0.5224080616  
0.4700602021  
0.5813193406  
-0.3890181509  
0.6036525699  
0.926407972  
1.139700155  
0.5671830858  
0.1144083533  
-0.9884865009  
0.513213519  
1.452241392  
0.2586770824  
-0.241806827  
-0.6727503822  
1.36600833  
-0.5416362865  
0.2845380966  
0.05493479039  
-0.4642499232  
-0.034370612  
-2.196056846  
-2.187008823  
-0.40452375  
0.2581204921  
-0.2748899178  
0.6835003857  
1.134797164  
-0.1541201999  
0.9375105168  
-0.2271480118  
0.9205803425  
0.5380793023  
0.7352903603  
0.9538922238  
0.4294795729  
-0.1946339079  
-0.005020712994  
0.6713451654  
-0.7769914968  
1.895906426  
0.2322538396  
1.170466202  
1.169988327  
1.45289719  
0.4971310644  
-1.630679948  
-0.8136824269  
-1.736928277  
-0.676943216  
-1.324333086  
-0.4007996705  
-0.9938565703  
-1.720383886  
-1.118475831  
-1.443621399  
-0.2785479007  
0.08081916878  
-0.4022950977  
-0.7416977548  
-0.8531356422  
-1.293983013  
-0.8876969949  
-0.404748305  
-0.2916652265  
0.1524856348  
0.07609514153  
-0.3004165337  
0.07386707089  
-0.4962534958  
0.319906091  
0.1072886329  
-0.5573036585  
-0.1474872181  
0.06411650302  
-0.7245514386  
-0.5953886186  
-0.5051511532  
-1.041715703  
-1.549464305  
-0.4807688053  
-0.06575126243  
0.09478757769  
-0.7411123464  
-0.4611645375  
-0.5952952374  
-0.5158814182  
0.3342072307  
-0.07048744677  
-0.5436195169  
-0.3273183289  
-0.2556955406  
-0.4155172307  
1.416250565  
-1.257164535  
0.564261877  
-0.1076816778  
-0.2457568511  
-1.026725504  
-0.4412150683  
0.8413871962  
0.7065992631  
0.01081903367  
0.355701673  
0.5080822857  
-0.1684611114  
0.7916680725  
1.288033104  
-0.2867545905  
1.01224255  
0.3249648469  
1.224304716  
1.192028533  
0.4552800997  
0.5805442089  
0.2315127299  
-0.7408086004  
0.2677434586  
0.5442377621  
-0.3424466864  
0.1789551921  
-0.6856344062  
0.1397106929  
0.5287313445  
1.053656196  
1.035803988  
0.7725658382  
0.3525657059  
0.259438822  
1.274085799  
1.363159643  
0.3186729688  
-0.3506344153  
0.05796479526  
-0.813355599  
0.1398843797  
1.263385541  
0.59401288  
-0.3124990083  
-0.3006656424  
-0.189961754  
-0.4068154261  
-0.01792449894  
0.2118343766  
0.7334866573  
-0.8276616203  
0.236993902  
-0.4294610977  
-0.6801199855  
0.5443497254  
-0.4432507991  
-0.1628846681  
0.2525978303  
0.03091786809  
0.4952057732  
0.5383416876  
-0.2694174309  
0.07124746074  
-0.6408203039  
-0.2439880355  
0.2038486933  
0.9697355855  
0.2558571465  
0.7207824094  
0.185148579  
-0.1861457387  
-0.07104082964  
-0.701415241  
1.795069045  
0.9379957011  
-0.05583741605  
0.6896359928  
-0.3543478079  
-1.037476396  
0.3762186747  
-0.1288626732  
0.1598083814  
0.8134313756  
-0.4485507399  
0.4729916937  
0.6723074872  
-0.5203952115  
-0.4885304936  
0.810448487  
0.3474004254  
-0.5698843809  
0.2012853124  
0.6625530407  
0.1583405888  
-0.6817096427  
0.8641807141  
0.489215488  
-0.08086093402  
0.001113155333  
-1.624409616  
-1.614207878  
-0.4054114377  
-1.024582983  
-1.199561046  
0.1163439014  
-1.088211065  
1.115668181  
-0.5657155723  
1.198425947  
-0.2660421311  
-0.6523526462  
-0.7177522514  
-0.0649555006  
-1.02547237  
-0.3188287748  
1.183680395  
-0.7484086169  
-0.2682610653  
1.398660006  
-0.6561374057  
-0.3673608841  
-1.522444786  
-1.2736173  
-0.8813741441  
-1.519408355  
-0.7854908176  
0.4292575121  
0.4854308352  
1.607864469  
1.455281984  
0.3991364877  
0.8856465481  
0.5441750873  
1.116628666  
1.285150792  
0.8746318035  
2.261477924  
0.4558639493  
0.4755129255  
-0.9140191619  
-0.01721567916  
0.1275075653  
2.024034017  
2.002054938  
1.296314302  
0.9814924561  
1.820533871  
0.9257273886  
0.1960771289  
-1.399582995  
-5.241926699  
0.4990167998  
1.116095242  
-0.2726547625  
-1.470023822  
-1.175750227  
-1.217140546  
-0.003968113841  
-4.984793243  
-0.5460950449  
-1.324336083  
-0.4622085638  
2.858960529  
4.73927139  
3.159054106  
-1.727534387  
-1.282396373  
-3.404431045  
-4.45885394  
0.1874296392  
1.273844577  
-0.1643829171  
0.1113253806  
-0.5698831254  
-0.2118705519  
0.7344203447  
0.3949543541  
0.4665007362  
1.040323472  
1.243295315  
0.8154121904  
-0.3909027987  
0.5560418655  
0.2374800179  
