-2.421852285  
0.2354149264  
0.9960498937  
-2.356938958  
2.729640072  
0.8927481115  
0.528985311  
0.4953067147  
-0.05757925865  
-0.4618928799  
0.0358116532  
1.268134129  
0.09639985755  
0.1466735762  
0.755209412  
0.01011124271  
1.312873454  
-3.330550271  
-0.01811503054  
-1.295917956  
-1.142529134  
-0.665752531  
0.5279694011  
0.01409343482  
0.453168866  
-0.359822996  
-0.476621115  
-0.3756206514  
-0.3656894821  
0.6622146703  
0.153091158  
1.10341646  
-0.3507256847  
0.8495001251  
-0.1332366955  
1.830626986  
0.2812188603  
0.5797122217  
1.209083592  
1.775054075  
0.7102359311  
-1.467730948  
-2.510022565  
0.04802664607  
0.2189393811  
-0.3227613751  
0.009188640044  
-0.1089936323  
0.3404690321  
-0.91807128  
-0.8069931966  
0.9110256626  
0.03066434343  
0.06591886816  
0.3026295412  
1.043904091  
1.456692289  
0.5701338558  
1.075276621  
0.2617431463  
0.7916479034  
0.5193551703  
0.5467689913  
-0.09917712118  
1.297749066  
1.338949927  
0.7516142703  
-1.674818889  
-0.3577160865  
-0.1465891371  
-0.527051459  
0.4272778227  
-1.0352601  
-1.099912468  
0.1022283744  
1.190410917  
-0.2771736242  
-1.298671986  
-0.6821190561  
-0.8211413254  
-0.3270484155  
-0.9332733338  
-1.03642027  
-0.4409747757  
-0.0909776078  
-1.185924375  
-0.593541624  
-0.6805907075  
-2.045429748  
-0.8120885871  
-0.05570104709  
-0.2597898948  
-1.285919262  
-0.4958515328  
-1.764217373  
-0.02767156967  
-0.6697334068  
-0.3189517379  
-0.5357364125  
-0.6541295816  
-0.4678899035  
-1.168599747  
0.07996575554  
-1.278227365  
-1.211076759  
0.1964704868  
-1.347191625  
0.4786872613  
0.4189136466  
0.0009183039748  
0.3579988255  
0.3252912476  
0.7449740048  
-2.255038527  
-3.204964846  
0.3764646327  
0.6705482198  
0.900270622  
1.040874489  
0.5458511854  
0.8006353563  
0.4278461162  
1.549321362  
0.5843830712  
0.732827774  
0.5728918446  
0.03021335098  
0.6012474573  
0.6465181997  
1.172712563  
1.084128468  
2.337242  
1.3791099  
0.1715005283  
0.3501871704  
0.7352551345  
1.936291847  
2.014901257  
0.132242173  
-0.2378536847  
1.40082543  
1.541124747  
0.7594483381  
1.79367704  
-0.9752528311  
2.704577213  
1.360739485  
1.856378438  
1.430353816  
1.44142728  
1.288471282  
0.352796771  
0.4898448428  
1.878971793  
1.603948241  
-0.1578560179  
-0.9698143541  
-1.988421534  
-0.4397001805  
-0.7522374382  
-1.0503545  
-0.6004159015  
-1.088433624  
-0.1276988987  
-1.017271291  
-0.7207064456  
1.218041062  
0.1924998038  
1.479244414  
-0.361558822  
-1.31982121  
-0.4977833055  
-1.619535578  
-1.278166692  
-1.721899777  
-0.1808227385  
-1.657851663  
-1.932852609  
-2.148032292  
-1.009978243  
-2.039322283  
-0.3226154497  
-1.324443708  
-1.900785641  
-0.3367543332  
-0.5604571455  
-0.7098126707  
-1.175491585  
-0.5580559136  
0.2676434464  
-1.252134217  
-0.223934678  
1.895879547  
1.040234721  
0.6333520589  
-2.349702562  
-0.2007514114  
0.7618501069  
-2.058400569  
0.9864442757  
-1.385446525  
-1.766837662  
-0.8636909487  
-2.183774839  
-2.171832702  
-0.7601876808  
-0.1204640268  
0.7504288473  
0.6050392967  
1.020717332  
2.403841311  
1.252743765  
0.4791186924  
1.442285169  
1.944944367  
1.237879749  
1.740403785  
0.07196314158  
1.400247603  
0.3712676948  
0.1756521149  
0.1210975471  
1.24605301  
2.664148049  
2.081754094  
1.374559267  
1.061657253  
1.426361715  
1.73234251  
2.15082248  
0.6177891102  
0.3800081437  
1.112309186  
-0.9028260644  
-3.312839354  
-1.964579419  
-0.4220089367  
-1.02112833  
0.5320550045  
-0.5283403798  
0.2353137019  
1.287342895  
0.7216087124  
1.062456009  
0.2935449931  
0.2091613717  
0.01457354074  
-0.3881125989  
1.131611368  
-0.002229705259  
1.565474632  
-1.164912737  
-1.363133057  
0.4137530156  
-2.291230679  
-2.004017512  
-1.399932102  
-1.402982983  
0.2346795067  
-0.8186283275  
-1.974625432  
-2.049762829  
0.1202277792  
-1.373679351  
-1.768174597  
1.040031747  
-0.3332220569  
0.6133045134  
-0.5169558073  
0.3932177406  
0.3626595491  
-0.02320189358  
-0.4692149204  
-0.0216739312  
0.4821540351  
0.2629622641  
-0.33216685  
0.8716654134  
-0.716389835  
-1.253345767  
0.4504253369  
-1.066310139  
0.05732660292  
0.1390386744  
0.6205909315  
-0.39176753  
-0.3546691305  
-0.02430135947  
-0.5011355509  
1.294587865  
0.2024406238  
0.3217068346  
-1.079883868  
-2.301395729  
-0.102855891  
-0.226573456  
0.5219847731  
0.2442569512  
0.4044955471  
1.130688538  
-0.307244903  
1.762332309  
0.1306133215  
0.9371242625  
1.014860074  
1.057485758  
0.8192888977  
0.5674793984  
0.3295536981  
-1.162811327  
-1.588545435  
0.1913133295  
-0.2432346423  
0.9638187905  
-0.3759690555  
-0.5539639862  
0.4806787499  
0.145914616  
0.736408824  
-0.7835370335  
0.01430358112  
-0.4080471923  
0.3520062436  
-0.08542055903  
1.214939799  
-0.8915837063  
0.3521590126  
1.46322099  
0.4505907007  
-0.2729133683  
0.1360546245  
-0.8670331053  
-1.382838888  
0.974498507  
0.3936220655  
0.1285900099  
0.2366851674  
0.9250095409  
1.272167287  
1.450669542  
0.7463231284  
0.3336215831  
0.04013082938  
-1.487558084  
-0.6381632697  
-1.348489275  
-0.4601158073  
1.120082396  
0.5863784019  
0.6202069264  
0.6313969614  
1.287040176  
0.1461352871  
-0.0417167332  
0.3159345935  
-0.4688480898  
0.6926068689  
0.0522577671  
0.1084014931  
1.068437179  
1.116657411  
0.6828188011  
-1.394031572  
1.594301894  
-1.45845423  
-1.726217605  
1.171240834  
0.9558082783  
0.8738923062  
-2.132442915  
1.152518771  
0.4448629503  
-0.8044390565  
0.001900251001  
-0.102701225  
0.5749224037  
-0.4893148226  
-1.816997087  
-1.264328785  
-0.4925616845  
0.5449641817  
-0.674783962  
0.1349302493  
0.9338599644  
0.2020430068  
-0.3173859725  
-1.35226391  
0.6610519133  
-0.9369272557  
0.1951667544  
-0.6926013537  
-1.555239143  
-1.541688167  
-1.511308462  
0.04050564232  
-1.731311027  
-0.3898670822  
0.01710929171  
-0.1096480931  
0.4257131192  
0.6237561026  
1.104524032  
0.1707570338  
0.4189226684  
0.2894759605  
0.1964224966  
-0.05032932955  
0.7027677076  
-0.5846792124  
1.027576046  
1.00898387  
1.190115766  
-0.7572249129  
1.855597613  
1.221021926  
-1.489850224  
-2.609868151  
-0.9951978608  
-1.185085525  
-1.655267866  
-0.1557831734  
-0.08040629796  
0.4987088432  
-0.03226460204  
0.5418630709  
0.5657784144  
0.4201828323  
0.7759009457  
0.08886294402  
0.5488986  
-0.9766445584  
-1.126649606  
0.05307114031  
0.07802864549  
-0.6090196168  
-0.3385715109  
-3.175164761  
-0.8077092843  
-0.4166579694  
-1.233946682  
-1.643327585  
-0.2615615682  
0.6989145597  
-0.3035639019  
1.029341048  
-0.1630073739  
-0.9648281647  
0.1418673804  
2.488863923  
1.471800297  
-0.6276073035  
-1.340716302  
-0.07392066192  
1.75993482  
-1.05731806  
-0.2130858278  
0.3930950302  
0.996814352  
0.83668205  
2.441997905  
1.100740108  
2.360210118  
1.01244453  
1.032634131  
1.037547991  
-1.285264044  
0.3627259234  
0.3027878858  
0.4228246217  
0.265293079  
0.5376839869  
0.9915118493  
0.8216945491  
1.007636537  
0.5227491886  
0.9752123051  
-0.07459882728  
-0.5953659693  
-0.4357279817  
-1.560100088  
0.88922336  
-0.1581731036  
-0.5332736438  
0.6187505831  
0.04184786647  
-1.62487357  
-1.074803224  
-0.3426043156  
-0.1856076072  
0.5912633826  
0.1950764094  
-1.602100452  
-1.584034616  
-0.3417758071  
-1.445376794  
-1.318990908  
-0.4005183464  
-1.24317395  
1.023737141  
-1.545364516  
-1.658217424  
1.811835372  
0.9769922598  
1.05663045  
0.9714057194  
0.8732634605  
2.012457624  
-0.7277648619  
-0.06452447978  
1.2918095  
0.8255692361  
0.1279389503  
-0.2641251234  
0.753111748  
-0.297918177  
1.565959362  
0.384119436  
-1.294787459  
-1.276420241  
0.3549352866  
-0.2935058554  
-0.5711873406  
-1.360755261  
0.3194789251  
-0.302764936  
0.8409169787  
0.2688218194  
0.4383070898  
0.2086859519  
0.7347144046  
0.1727805592  
-0.3274680859  
0.2117285441  
-0.6537290381  
-0.6259500855  
0.06675188888  
-0.3778031396  
-0.1192758637  
-0.4599725671  
0.7126808255  
0.6038885991  
-1.03310754  
-0.03889662961  
0.7902941398  
-0.6264400204  
-0.1888614902  
-0.03303185348  
-1.021651397  
0.6755685851  
-0.2661351847  
-0.03113952555  
0.6349865677  
-0.849483418  
0.1270953104  
-0.1889493625  
0.1538357052  
-0.3138344468  
1.372070872  
0.06260433434  
0.02366459237  
1.341105588  
-0.3194501618  
-0.4550432638  
1.544893699  
0.06904576168  
0.2316836151  
-1.924115105  
-2.321913077  
-0.3482465669  
-1.927561342  
-0.008882791606  
-0.5186466512  
0.1673218019  
0.08666236071  
-1.191906086  
-0.8238130632  
-0.9971648352  
0.703609718  
0.9966514898  
-1.444803665  
0.2887075971  
0.09809447896  
0.7170238629  
1.338560574  
0.6230206321  
1.852364494  
1.581164701  
-1.074809207  
-0.27927962  
0.6075197612  
-0.3009214199  
0.8278335818  
-0.2302518481  
-0.4498964526  
0.1918036094  
-0.7151684581  
0.3286921622  
0.8599822949  
-0.1118513143  
-0.7508736363  
0.2552829872  
-0.3959990317  
0.3228055961  
0.206920582  
0.8344591127  
-0.7346089868  
0.4039208486  
1.086943724  
-0.5989210105  
0.4590169812  
0.5511802466  
-0.7702590966  
-0.9571080449  
-1.511668799  
-0.02662048996  
-0.1100759962  
0.143918691  
-1.480448726  
0.8522710648  
0.09658116185  
0.1702832731  
-0.3152348646  
0.1738309782  
0.6350216484  
-0.08213917219  
-0.03320833872  
0.01850672667  
-0.7924486916  
0.3245968256  
0.8930874901  
0.2120201638  
-1.235887091  
-0.9959326928  
0.1237967128  
0.2673636285  
-0.6053064061  
-1.133815059  
-0.6140167275  
0.6337825633  
-0.3635828989  
-0.6907873149  
0.8534554371  
1.423674609  
0.3413793871  
0.2575109726  
-0.3012671864  
-0.5793174904  
1.158920759  
-2.015307704  
-0.2881865311  
-0.4060016458  
-0.4956927281  
1.012396521  
-0.2788091168  
-1.250965562  
0.01909136115  
0.219893197  
0.005336082528  
1.037210314  
-0.3335037548  
-0.4058487228  
1.179660049  
0.3313800548  
1.599408976  
0.06547148336  
0.2166566032  
0.07034164097  
1.179607527  
0.07839991656  
-0.08822404024  
0.03111191445  
-0.366268157  
0.1000378446  
-0.2666266258  
-0.3360482467  
-0.3648762233  
-0.5065463472  
0.1259860385  
0.230693674  
-0.08082329525  
0.1344490768  
0.4094340727  
0.1520939233  
0.8582748907  
-0.4004149776  
-0.3534436528  
-1.084191294  
-1.634678335  
-0.6377821  
0.5548214654  
-0.5020532671  
0.6274724812  
1.201970927  
0.6289785209  
0.06959225372  
0.2704091619  
0.09490047477  
-0.05106587983  
0.02804738686  
-0.4883542537  
