-2.402889777  
-2.13133018  
-1.010284363  
1.260832885  
0.2668848657  
0.09626666214  
1.080260657  
1.077439442  
0.2987193177  
1.207311842  
0.5587616005  
1.017895168  
1.271241692  
0.7517527543  
0.1558058049  
-0.5515025668  
-0.926402541  
-0.7057007314  
-1.092771347  
-2.209476496  
-1.788725405  
0.05170932046  
0.2281410823  
0.2442055325  
0.9273783909  
0.5425750278  
0.7807597842  
0.4837750696  
0.5867834323  
0.5188622329  
0.5709330608  
0.5164434532  
-0.1541718671  
0.3717752102  
1.707457055  
-0.6061051166  
1.585717737  
0.6109407009  
-0.2934171506  
-0.6793553564  
-0.7599483385  
-1.394408593  
-1.378967914  
1.172726062  
0.1043655314  
0.4374577845  
1.400134708  
0.6410921027  
0.8256936677  
-0.3448841507  
-0.7024471578  
1.821126121  
-0.2920747155  
0.7468690952  
0.7022650162  
-0.3400032512  
0.7800535157  
0.346623916  
1.213403015  
0.7057666145  
-0.1259092284  
0.2346524274  
-0.4740425422  
0.5637653282  
-0.3756737819  
-0.6905653591  
-0.9039453561  
-2.267325998  
-0.8489267647  
-0.05066112867  
-1.134464411  
-0.6954015655  
0.7813858347  
-0.7096386424  
0.9055982587  
0.3313041273  
0.6832599362  
-0.8211722144  
-0.2565385149  
-0.7983574673  
-0.9072038416  
0.4869036182  
0.2532483042  
0.3438646705  
0.3856916422  
-1.104032573  
-1.086966411  
-0.1234196751  
0.128826596  
-0.4107678608  
0.03712376693  
-0.9018823544  
0.673984783  
0.3797546559  
-0.9979363283  
0.03934176347  
-0.6436870281  
-0.3266222254  
-0.3356426907  
-0.8203939549  
0.02133737747  
-0.4799814668  
-0.9169933294  
0.635528153  
0.1288025153  
0.08931228252  
-0.906347787  
1.10476986  
0.129530674  
0.3007492683  
-0.1103803167  
-0.2940975726  
-1.065474302  
-0.5968187279  
-1.173871524  
0.8169325243  
-0.6195134621  
0.4052556237  
0.7986506159  
0.9270604416  
1.768169948  
0.7042073177  
0.6097960112  
0.9903149783  
1.322243783  
1.23748606  
-0.4219375455  
0.6104333952  
0.1867680838  
0.9949234775  
0.574469471  
0.2172935632  
2.439254552  
-0.06005979676  
-0.01920496856  
2.055563048  
0.1245095006  
1.745955931  
0.4287381462  
0.4221456317  
1.010259506  
0.0472520183  
2.027774097  
0.02340425351  
2.211927013  
1.243130099  
-0.2905240382  
0.3090392672  
-0.2344998207  
1.693267707  
0.3649844419  
0.08149916018  
-0.241818368  
-1.228118638  
-0.1452720919  
-0.8431042926  
-1.267866519  
-2.915069974  
-2.658072415  
-2.410422791  
-1.960306654  
-2.076812342  
-1.84021587  
-2.118810535  
-1.420254009  
-1.606159492  
-0.4216901462  
0.01794828989  
0.3219208877  
-0.09784108744  
-1.284420998  
-0.4271863017  
-0.1231406174  
0.2393825597  
0.5424322223  
-0.311559379  
-0.4945702224  
1.155954451  
1.38324968  
1.341665854  
-0.6184151886  
-1.043791955  
-0.08622840058  
-1.360984268  
-0.4710047306  
-0.9382808827  
0.6942277426  
-0.09984463123  
-0.3336397885  
0.1144976806  
-1.027463946  
-0.4272188385  
0.3373834937  
0.5589971218  
-0.5350932528  
-0.0511854254  
-0.1043859502  
-0.3234273406  
0.0992894701  
0.1668541728  
0.08460655184  
-1.186493903  
2.206235171  
0.1723886932  
-1.36693309  
0.9978434657  
-1.133812233  
-0.1650270841  
0.9584069013  
2.098393511  
2.960935661  
0.8312804579  
0.7376760394  
1.650783249  
-0.09130852332  
-0.1917451746  
-0.7945015529  
-0.8354025009  
-1.045669624  
0.134788748  
0.2151847158  
0.7213599762  
-0.695771368  
0.1584066974  
0.6107515428  
-0.1734719721  
-0.3294451302  
1.592283414  
-0.1003360724  
-0.7535361983  
-0.03774401243  
-0.45680405  
1.425152041  
0.05451505061  
1.279838509  
0.9066072314  
-0.7800045334  
0.6017853837  
1.178479813  
1.336371049  
1.739151559  
-0.4038505803  
1.485321268  
0.9252774489  
-0.0604054073  
0.2978839111  
-0.7641410459  
-0.6271852085  
2.102236088  
1.069688386  
1.097112478  
1.189631845  
1.632790414  
-1.155713441  
-0.2810517649  
-1.780467715  
-0.1857345438  
-0.01993392229  
-0.901818869  
-0.07837887579  
0.1017388768  
-0.9028358192  
-0.4867080314  
-0.2382146353  
-1.296190547  
0.09408028918  
-1.622141944  
-1.206786914  
-0.3594435536  
-0.2775972664  
-0.8736264126  
-0.4146356946  
0.4058356601  
-0.1890868646  
-0.0689363762  
0.5538413029  
-0.6522265285  
0.1302957609  
0.6672577508  
0.3003993385  
0.2024664766  
-0.1447468044  
-0.5271461463  
0.8039794014  
-0.8332835515  
-0.8594465024  
0.02496051174  
-0.4417825274  
-0.7413643485  
1.488854508  
0.2110732418  
1.383440064  
-0.4211801849  
0.4228434684  
0.9152081461  
-0.7069885536  
0.111145934  
0.2078247036  
1.092261966  
-0.01050648413  
-0.1569528597  
0.9932999004  
0.7683839173  
-0.7048071153  
-1.61309414  
-1.578622321  
-1.22513274  
-2.005980949  
-3.036074118  
-1.600827144  
-1.730126966  
-0.5926648952  
-0.1683036782  
2.433938774  
0.2994621068  
-0.6182213118  
0.7431802561  
0.5180935629  
0.5895409174  
0.5801920616  
-0.7092954525  
-0.3145177456  
0.2332410986  
-0.5258877512  
0.4352058831  
-0.6569473668  
0.02723324838  
-0.2771351024  
-0.322711352  
-0.04105202456  
0.3416834288  
-0.001269446976  
0.5633701059  
-0.05684242893  
-0.7669352048  
1.775420207  
0.004156121802  
0.932154938  
1.893008667  
0.6313707208  
0.1883469293  
1.066473634  
0.3005822479  
1.139393953  
2.615081268  
1.404072294  
1.671823688  
-0.7060206537  
-0.06243666348  
-1.27747174  
-1.935967419  
-1.264997534  
-1.204781384  
-0.4732015994  
0.0567153897  
-0.5385336304  
0.7198762305  
1.229229737  
0.9359803756  
1.506320977  
0.1485285543  
-1.030866463  
-0.2760998567  
1.884145728  
0.01803472523  
0.1377814942  
-0.1362979475  
-1.430229325  
-1.443000058  
-2.200828799  
-1.674560946  
-1.007478357  
0.4253012768  
0.2112131319  
0.331789989  
-0.01291228332  
1.013940556  
1.219803934  
-0.0728021535  
0.796080951  
-1.03429342  
-0.3928781178  
-1.781438088  
-1.84204401  
-2.458253125  
-1.200212868  
0.04837747053  
0.3090295071  
-0.6708361754  
0.3973449509  
0.964071074  
-0.20465619  
0.7555442354  
-0.7596586447  
-2.258386  
-0.4939596208  
-0.1379941931  
0.167263845  
0.6371079616  
0.4962695928  
0.009357068715  
0.09815654467  
2.361539676  
1.341431947  
1.875451517  
1.78476025  
1.172059789  
0.6290139447  
0.786182326  
1.435018784  
0.7773189059  
1.115989976  
1.119396479  
0.3836648617  
-0.7133231108  
-0.623611575  
0.3117744858  
0.25457257  
0.4000573623  
-0.4711075053  
0.5136496188  
-0.8479977195  
0.9095791951  
-1.475353846  
-1.987004336  
-2.25173703  
-1.048611408  
-1.608764488  
-2.025509607  
-1.256025415  
-0.7827689482  
-0.6961672867  
-0.4432295947  
-0.577902628  
0.9249150657  
-0.8261934314  
-0.2935673239  
1.785347148  
-0.389147002  
-0.4589626076  
-1.159080392  
0.9675034629  
0.5576163567  
-1.177182334  
-0.1169160083  
0.4788954732  
-0.9227606573  
-0.4061458245  
0.8815345973  
0.950317323  
-1.009941793  
-1.207410538  
-0.1354245682  
-0.7913398394  
0.135258782  
0.2131157014  
2.666811114  
1.048287376  
1.356139575  
3.30478687  
1.602436531  
0.001893949978  
0.9860583693  
0.6689319642  
0.4508308764  
-0.1986188422  
-0.3905102343  
-0.583545029  
-0.2936466348  
-1.255213825  
-1.400011907  
-3.167899602  
-1.764265122  
-2.429407648  
-2.548464064  
-2.09952736  
-0.8520432846  
-0.9197410358  
-1.071859766  
-1.842716547  
-0.03747322615  
0.1123245317  
0.2726439514  
0.261623014  
1.046107109  
0.9738206659  
1.370599197  
0.1563403955  
0.4795340477  
0.7727895315  
1.656559338  
1.559438551  
1.559964828  
0.6427398451  
-0.5881642978  
0.4460868005  
0.2747135073  
1.195323188  
-0.2220217522  
-0.2937776848  
1.28893234  
1.297464087  
0.8623777072  
1.590821584  
1.621578412  
1.691780372  
0.9721091198  
0.1154878908  
3.076543682  
0.6313379299  
0.6265811227  
1.024064056  
2.122378499  
0.7562529421  
-0.8263589448  
-0.9284003519  
0.2350451921  
-1.425885046  
-2.423035381  
-0.8812694037  
-0.05024829228  
-0.9975415377  
-0.8722660958  
-1.709918458  
-1.000858125  
-0.4172566457  
-1.177311899  
-0.2442065919  
0.6505454644  
-0.156010942  
0.2348635558  
-0.2238540536  
-0.5275365036  
-0.5829157778  
-0.4094637282  
-0.6617948905  
0.5310297274  
-1.407495942  
-0.6169589237  
0.5633777717  
-0.331949672  
-1.450793722  
-0.4261521936  
-1.332273493  
-0.4677364732  
0.5450959622  
0.09303980064  
-2.174431579  
0.01311664261  
0.2782670993  
0.4041194018  
0.33736987  
0.2088856209  
0.6335334466  
0.2383643131  
-0.1583943633  
0.3682702347  
1.688056217  
1.453155212  
0.6167865779  
0.6347648256  
0.3291346837  
-0.3597158748  
-0.06970190774  
-0.4114753777  
-0.009917714096  
1.930401353  
0.9398277016  
1.089057311  
0.9310314414  
1.598628245  
0.8175732558  
0.8900177792  
0.3517642227  
1.479228974  
-0.1992963915  
0.841570666  
-0.1791078074  
-0.4246856513  
-0.4672489439  
0.6391376536  
0.5518979951  
-0.2921082985  
-1.237537101  
-0.7312192001  
-1.45278417  
-0.937070574  
-0.6713208957  
0.9215515722  
-1.57278742  
0.5645777864  
0.4900639408  
0.07623125632  
-0.6840976881  
-0.9772553416  
-0.4782086467  
0.871027591  
-0.3077592922  
0.1865295481  
-0.7185213658  
-1.07094165  
-1.699338548  
-0.6942008883  
-0.3951344981  
-0.245709663  
-1.157008277  
-1.008134113  
-0.1542263228  
-0.6884379541  
-0.4558152792  
-0.9914831286  
-0.8391923165  
-0.976256794  
-0.4851191557  
-0.4600925604  
-0.8282241805  
-0.07729874867  
-0.4522133123  
-0.2542880126  
0.64345389  
0.6305172421  
-0.3305791308  
-0.09292366699  
-0.08566014098  
0.5506045162  
0.4338258491  
1.182198669  
0.5062520988  
1.006734557  
-0.3420359595  
-0.6321859583  
-0.2658492747  
2.064623097  
0.3953175528  
0.198336679  
0.4735268165  
-0.1795889915  
0.4408281117  
-1.139400591  
-0.1228533716  
1.003728207  
0.8066558332  
0.7257813913  
0.420153627  
0.0163683338  
-0.7393902652  
1.664462988  
-1.012144244  
-0.06926434383  
-0.8511871739  
-0.1553010266  
-0.5969965189  
-0.465752324  
-0.4563799169  
-0.1105624211  
-0.2146647924  
-1.101626111  
-0.3516176197  
0.6062939495  
-0.184745471  
0.6666208902  
0.2187645086  
1.219934936  
0.25093265  
-0.03039834666  
0.2540257324  
-0.6731793993  
-0.4353030807  
-0.04524653508  
-0.5520100709  
0.4186247986  
0.1342187809  
1.278727157  
0.5356493633  
1.424818015  
0.07089487793  
0.6974531174  
0.1729658949  
-0.1564121119  
1.209869059  
0.9601030408  
-0.4639012107  
-1.061386756  
-1.807667898  
-1.726559391  
-1.547891865  
-0.8648468581  
-1.091327333  
1.279857436  
0.7233834218  
0.9063821509  
1.051566289  
0.9297226439  
0.08555819563  
1.282840178  
0.06194794677  
-0.3419205482  
-0.9177805735  
-1.243907981  
0.205257601  
