-0.7688086907  
-1.534071806  
-0.5033579815  
0.9678021785  
-0.9531601585  
-0.7054577976  
-0.3626809189  
2.268750087  
0.4646698177  
2.139885201  
0.8529075484  
0.09242491218  
0.4373133182  
0.358489178  
-0.2357227682  
-0.5134745555  
0.7091465048  
1.426718485  
-0.8758090516  
-0.6924128179  
-1.419258648  
-1.127369181  
-0.7393230914  
-0.4116863789  
-0.1720655779  
0.3361374055  
-0.2122879403  
0.3884900426  
0.449844776  
0.5917108931  
-0.351282785  
-0.2339262783  
-0.240754607  
-0.02778037235  
-0.2512540585  
-0.06165893067  
-0.543175045  
0.4190005978  
-0.268395869  
-0.1288673078  
-0.7366805892  
-0.1861342273  
-0.6423595814  
-0.07647059959  
0.4130484559  
-0.5654907237  
1.518103727  
0.2475473835  
0.6266053068  
-0.08293687265  
-1.130187865  
-0.1457453953  
0.4959283277  
0.1237648062  
-0.1117813244  
-0.7926714379  
0.8438129355  
0.5075656492  
0.5675582554  
0.7005337063  
0.2588996725  
0.5640751332  
-0.2916168938  
0.347530023  
-0.2479077378  
-0.9249324864  
-0.5709126991  
0.2725081201  
-0.7710183865  
-0.7094246841  
-0.0603208701  
0.09566231884  
0.4063634488  
-0.6848073678  
1.037048434  
0.004826130264  
0.130398665  
0.2011738713  
-0.5496915377  
-0.1851600942  
-0.2647786231  
-0.4396673033  
0.02207475979  
0.2884225759  
0.5175373148  
0.3340819371  
-0.6704628715  
-0.817592869  
0.2496641802  
-1.03390203  
-0.5370779199  
-0.04020173769  
0.5636118975  
0.1073996048  
-0.1738555696  
-0.4154807779  
-0.640711534  
-0.6595153986  
-0.1679419773  
-0.7198791909  
-0.1916413258  
-0.07962918346  
-0.176080223  
-0.4283552279  
-0.07703181185  
-0.454580266  
-0.7946071553  
-0.3125320093  
0.09917842233  
-0.4614484017  
0.3212984402  
0.8150984486  
-0.3808596006  
-0.9184760731  
-0.5851314186  
0.7637776241  
0.3661335218  
1.248287846  
1.555936804  
1.154794791  
1.269266605  
1.149573923  
0.5692936257  
0.427102947  
0.144420592  
0.3839051175  
-0.2057064626  
0.4504976445  
1.001910405  
0.3284028289  
1.62905672  
0.637696335  
0.8648589565  
0.1143458997  
0.3874887366  
-0.3399858408  
-0.1428220909  
-0.8540490798  
-0.1901880764  
-0.01935715515  
-0.2976170799  
0.1852672555  
-0.554520261  
0.3556657175  
2.265678837  
0.6710964312  
-0.5466383336  
-0.3248607469  
0.1072797545  
-0.6777233053  
-0.1398783191  
0.8832291841  
-0.06416464745  
-0.3793235144  
-0.028731676  
-1.621803401  
-0.3721020385  
-0.5844469768  
-1.292129628  
-1.134421962  
-1.63590425  
-0.6515107854  
-0.7974774126  
-1.10390376  
-1.078958762  
-0.3417470779  
-0.8051650969  
-0.2775466403  
-0.1945969855  
-0.6256148783  
-0.2564211337  
0.05322148409  
-0.5354512555  
-1.448638585  
-0.006166793916  
-0.4863165799  
-0.6279696178  
2.961396351  
2.454338797  
3.56063921  
1.223292608  
-0.5775514408  
0.04087933691  
0.7286713232  
-1.055719389  
-1.185233828  
-0.4969260435  
-0.1986147286  
-1.515957178  
0.01188536548  
-0.8641777788  
-0.1873305898  
0.0007507219174  
-0.2802550284  
-0.5364601248  
1.678090569  
0.689315349  
-0.3705483935  
1.401446204  
1.331744758  
-0.6579171755  
-1.024024299  
2.290846455  
2.670660336  
-0.02038091377  
1.585526691  
-1.803088216  
-0.7871625023  
0.5334363745  
1.656627484  
0.1784782998  
0.4997834143  
-0.5165542866  
-0.9200339  
-0.2426958311  
-0.2818564882  
-0.3234634579  
-1.392622968  
-0.5000501649  
-0.6533107109  
-1.210300835  
0.3900360348  
-0.270930771  
-0.1127713182  
0.3169723797  
-0.2961562107  
-1.224436653  
-0.1509893002  
-0.1305606157  
-0.8549680052  
-1.006341412  
-0.8814169013  
-1.057344917  
-0.255880888  
2.080100834  
1.009446378  
-0.661248692  
2.06222957  
2.876384143  
2.264111485  
1.115162488  
-0.5759260346  
-1.456658146  
0.166013004  
-0.8096659535  
-0.6220947683  
-1.369573718  
-1.084239054  
0.3451106252  
0.9761275993  
2.16535915  
2.132521253  
1.017238048  
1.239763138  
1.217367072  
0.1577004998  
1.479695544  
1.671192229  
0.1637421442  
0.9370493609  
1.002047156  
1.952295064  
-0.2307878141  
1.320262807  
0.8770792524  
-0.920801658  
-1.047642234  
-0.2039945271  
-0.5450585258  
-1.229953976  
-0.7256828072  
-0.8947844562  
-0.1268159342  
-0.9734909668  
-0.9444635064  
-0.1959237676  
-0.8235104688  
-0.7867348451  
-0.4305374158  
-0.4493065807  
0.08131304019  
-0.736098877  
-1.105003605  
-0.1979268251  
-0.4178309269  
-1.054535452  
-0.04690247729  
-0.1431312919  
-1.088763072  
-0.3528237187  
-0.0202203694  
0.5227319067  
1.6210326  
0.6068155148  
1.052731473  
0.9991407791  
-0.1713596727  
-0.2301597594  
-0.2410700622  
0.25470112  
0.374942625  
-0.2940153867  
0.1429460416  
-0.5586257057  
-0.08912870811  
-0.3970018341  
0.2218526299  
-0.2715952971  
0.2910227845  
-0.5588960818  
-0.5950671119  
-0.3326788039  
-0.3313137525  
-0.3184018187  
-0.7566700061  
-0.128096751  
0.7928130812  
0.3996419192  
0.207892259  
0.5859678149  
-0.4389470045  
-1.120562469  
-0.08038815123  
-0.5140516158  
-0.4357660222  
-0.7439772991  
-1.336161066  
-0.3826519578  
0.02587573126  
-0.7483219486  
-0.4845223324  
-0.2100603312  
0.3345748254  
-0.3589183927  
-0.7266403761  
-0.8131804928  
-0.1203093548  
-0.1312433436  
0.07356555933  
-0.9163052677  
-0.9140330327  
0.04648986309  
0.1882167836  
0.9114311727  
2.835648028  
2.397648235  
3.219610534  
0.6577552578  
-0.1662424466  
-0.7382114207  
-0.4712891825  
0.4305934113  
0.04858073774  
-0.2888215406  
0.7306762787  
-0.8614624412  
-0.1221030293  
-0.4252605088  
-0.7161734214  
-0.2516003506  
0.02489574901  
-0.5310957386  
-1.076082369  
-0.7355740575  
-0.5029148781  
-0.6257462686  
-0.3212337491  
-0.2039264122  
-1.215996583  
-1.240425933  
-1.13268121  
-1.086849788  
2.310523005  
-1.220923516  
-0.5080925327  
-0.9171934486  
-0.7422818981  
0.3936599594  
0.5532029085  
-0.6685736291  
-1.30020554  
1.102054675  
-0.8146459618  
-1.451902701  
-1.857027319  
-1.017178121  
0.1717499046  
1.148870641  
0.1592927244  
0.06123284951  
2.003424127  
1.404635466  
2.100156267  
0.820381052  
0.8709922166  
0.4566616137  
0.6847299775  
0.2526845475  
-0.7582142599  
-0.1288024198  
-1.185297602  
-1.160870919  
2.588171448  
2.831778577  
3.008687854  
1.80072242  
1.565451279  
3.114976494  
3.103244934  
3.22733154  
2.665712527  
1.52400477  
0.7812567464  
-0.8877944028  
-2.016887755  
-0.5037250384  
0.1227654707  
0.5315657011  
0.8921852189  
0.7920641129  
2.040899772  
0.1776106919  
0.1181334818  
-0.8916132555  
-2.804556205  
-2.523724395  
-1.831933  
-1.27845243  
-2.066059611  
-1.833842982  
0.3640722621  
-0.601133685  
0.7901688572  
0.8381603711  
0.4425690323  
-0.0001794988247  
1.177802166  
1.118952825  
-0.4311581159  
-1.077341249  
-1.334152757  
-0.1426248725  
-0.4628249628  
-0.8163894926  
-1.059856106  
0.3810120135  
-0.4556735306  
-1.190004877  
-0.2433522408  
-0.6192255748  
-0.8195943982  
-1.330150173  
0.5374454323  
-0.8028693099  
-0.7310848288  
-1.079992084  
0.7725584929  
0.7525813812  
0.275663509  
-0.499011031  
0.6910623663  
-0.09183395187  
0.4087122898  
0.2714454786  
-0.4934680797  
0.448365451  
0.6841508774  
-0.319964988  
-0.2056789243  
-0.297487935  
-0.6803057983  
-1.445521804  
-1.56752919  
-0.3129870345  
-0.7273294625  
-2.323080315  
-1.647849489  
0.217271359  
-1.062347868  
-0.7606359929  
-0.5530365388  
0.06893630232  
-1.049129289  
-0.1589685097  
-0.4177546404  
0.0487349291  
1.239814116  
-0.1467736096  
0.4296532369  
0.196112047  
0.5719407846  
2.422446854  
3.516539376  
2.301796671  
0.08763729156  
2.05449099  
2.941565178  
1.344336921  
-1.11499142  
0.8797811117  
0.01512685574  
0.4976850691  
-0.9055458843  
0.5121808612  
0.4834490138  
-0.1210515598  
0.4501524387  
-0.5368675934  
-0.6094877893  
0.01070529265  
-0.3995123655  
-0.4607241843  
3.060046065  
1.074732318  
-0.8243949214  
-0.5773357417  
-1.47143946  
-1.558683228  
-1.967422671  
0.08260128471  
0.3467453402  
-0.3234971011  
0.5318656021  
-0.3644194296  
-0.8376491804  
-0.4495572236  
0.4484649853  
-0.3408370174  
0.100752304  
1.104518565  
-0.6157746621  
-1.187241348  
-0.6704470348  
-0.7215151046  
-1.115650668  
-0.9450063964  
0.2044828965  
-1.062885976  
-1.324303467  
-1.125111544  
-0.6530431261  
-0.3862609821  
-0.2351951279  
-0.7596432001  
1.494833829  
1.51773355  
-0.178210834  
-1.828172391  
0.1693901498  
0.8735185623  
1.179556446  
0.3791288477  
0.1922224445  
-0.5689300218  
-0.711858704  
-0.4016250283  
-0.129051485  
-0.5268045612  
0.2068365502  
0.1225590204  
0.3379384501  
0.4108919165  
-0.6088776466  
-0.4392918658  
-0.2586162184  
0.3891597434  
2.471226588  
1.928680044  
2.828970857  
3.322110505  
0.4570822381  
1.229423247  
1.536404676  
0.06149305201  
1.373115435  
-1.416085808  
2.329247886  
0.02083716976  
0.625170582  
0.5000595954  
0.8863228763  
-0.1778372528  
0.1707052232  
-0.02570531523  
0.1530733216  
0.8833951544  
-0.4841076479  
0.4549468082  
1.354668907  
-0.9509138007  
-0.2614566965  
-0.2957437608  
-0.06865124618  
-0.1046743266  
-0.5701612041  
-0.6175676513  
1.134691632  
0.4181950424  
0.5076654138  
-1.27767614  
0.4571381566  
-0.6011105003  
-0.4994537789  
-0.2871286061  
0.5802667925  
-0.9119807146  
-1.787539573  
-0.7706311909  
-0.6564110628  
-0.7979085051  
-1.706802987  
-0.8661415069  
-1.665208004  
-0.2437344346  
-0.8380510821  
-0.9622317224  
-0.5894769253  
-1.626905966  
0.204040471  
-0.8160325706  
-0.7234597924  
-0.2702511324  
-0.3104708886  
-1.232402981  
-0.3370289525  
0.03465710775  
-0.1513314625  
-1.23346907  
0.2508849651  
0.210964109  
-0.2266383427  
1.058022238  
0.9111179867  
0.1411120006  
-0.08196741602  
0.02415636988  
-0.4785358222  
-0.6422210351  
-0.3134040977  
-0.4170370177  
0.822523177  
0.858399207  
0.3089334579  
0.3235205783  
-1.37163045  
0.7757359608  
2.880995276  
0.2924952947  
2.265932729  
-0.4351546824  
1.236810463  
0.671571411  
-1.15449033  
-0.9294347177  
-0.7689377957  
-1.099971011  
-0.9276143442  
-1.010559368  
-0.1877501815  
0.1741002649  
-0.2044413182  
-0.5870983899  
0.979771479  
0.2982468724  
0.9801647806  
0.1194819837  
-0.2250812478  
0.05643396658  
0.4310249711  
0.6385612657  
0.9602277409  
0.2550267343  
1.518012161  
1.9576495  
-0.05301837514  
-0.1971630024  
1.20933445  
-0.5630826685  
-0.8474269759  
0.5749811997  
0.2042602551  
-0.4526557634  
-0.7143410139  
-1.631436552  
-1.233986605  
-0.8598808414  
-0.7710812652  
-0.4938283362  
0.980669038  
0.1682280829  
-0.1977701213  
1.153247428  
0.3563625846  
-0.0008401381064  
0.9840687641  
1.305463329  
0.9944893792  
-1.084748015  
-1.652386831  
-0.1152041183  
