2.41176787  
-0.08521147014  
0.04932039665  
-0.5109536099  
-0.3353965949  
0.7301294622  
0.02216166195  
-1.520532409  
0.6982484915  
-2.287702196  
0.07683819365  
-0.09693065171  
-0.5232351124  
0.1796329109  
-0.7303041242  
-0.7565274506  
-0.2570830456  
-0.8583260178  
0.8075132309  
0.1093105021  
1.696668889  
1.38047636  
-0.003463795184  
0.4421834242  
0.7121280865  
0.0974836421  
0.9549607204  
0.07188802657  
-1.05340706  
0.7215831424  
-0.6898550606  
0.8710213282  
-1.507260743  
-0.0208043418  
-0.7403347619  
-0.05293341744  
-1.716720729  
-1.13835513  
0.7018457646  
-0.6796785774  
1.118314552  
0.5047333535  
0.4704413334  
1.983758551  
-0.2727844674  
0.04831326586  
0.6953171632  
-0.9501361848  
-0.70325534  
0.4251776772  
1.12568546  
1.118956717  
-0.05833286428  
-0.4426546205  
-0.5145049201  
0.1183874817  
-1.723708699  
-0.2939576492  
0.3192556824  
-0.8207578204  
-0.5830541735  
-1.423766579  
0.769432811  
0.05499829332  
-0.7884502871  
-0.3654209755  
-0.2787021462  
-0.1458696083  
0.2817427396  
1.026141321  
-0.1677413549  
1.084748632  
-2.123992301  
0.6850699457  
-0.6716841273  
-0.05408679858  
0.2083097599  
0.02032626629  
0.3667075668  
1.028234448  
0.2749998721  
0.1577393824  
-0.406022765  
0.2419675181  
0.163839213  
1.393023756  
1.286089992  
1.279489555  
1.255592954  
0.4619687  
0.7809691217  
0.7071245841  
-0.6659951975  
1.091295449  
-0.2701696572  
1.00830474  
0.4570178194  
1.125687456  
-0.150455498  
1.538934117  
0.5377051112  
0.2172344474  
2.586958815  
-0.4278195882  
0.808442546  
1.130406673  
0.05658325844  
2.7370611  
-1.463827287  
-1.235645148  
-1.194459069  
-1.356243222  
-2.099001521  
1.653874471  
1.658965812  
-0.9031194452  
-1.321402092  
-1.320178173  
-1.255652483  
-2.156810451  
-1.978555666  
0.1221163961  
-1.249554503  
-0.885706307  
0.643778355  
-0.1754668113  
0.3544485203  
-0.1069423444  
-0.5483580887  
-1.075930209  
-1.013328618  
-0.6128069239  
-1.077813573  
-1.600405839  
-1.436894164  
0.4457637992  
-0.8464011005  
0.4530453102  
-0.5995004324  
-1.064804318  
0.4833291019  
-0.009176640595  
0.6758473929  
-0.6824999187  
-2.922536378  
-0.1865132645  
-0.4286470625  
-0.4445740939  
0.4878692377  
-1.431560069  
-0.6486494819  
1.063426678  
0.01818472977  
-0.3996861555  
-0.1699191244  
-0.5469877388  
1.364118605  
0.7023062545  
1.47411357  
2.210608634  
0.9965338685  
3.152266609  
0.6477012246  
1.616759246  
-0.2357536768  
1.686966459  
1.554583311  
-0.01592702332  
-0.6384124026  
-0.1735325489  
0.6156462008  
2.139115417  
0.3928823334  
1.101302343  
0.1593263811  
0.6588604148  
1.486919707  
-1.645442552  
-0.651617864  
-2.017117601  
-0.4133541629  
1.649855919  
-0.8247703002  
-0.4285604671  
0.5672262591  
1.131722525  
0.7118916002  
-0.3328394778  
1.065682899  
0.4452159314  
0.8951434928  
1.247155034  
-2.580873839  
0.4412215952  
0.5053533338  
-2.458652488  
-0.3113403861  
-0.9364544404  
-1.193989928  
0.2026580069  
0.7353741854  
0.3019865372  
-0.3403941176  
0.2533417967  
0.5898432527  
-3.404687138  
1.413744202  
-0.7676305535  
-0.3432048023  
0.2958227353  
1.184019871  
-0.115397303  
0.402508237  
-0.04981620231  
-0.5463234448  
-0.3464945533  
0.08204720484  
-0.3310340748  
-1.393642982  
-0.5862158913  
1.288851646  
0.7325004903  
-0.1391077711  
-1.183232181  
0.2871047147  
-0.09569680046  
-0.7222484115  
0.2865738607  
-0.03549822321  
-0.4264866442  
0.4466127322  
0.3308869205  
1.666864206  
-0.07559096803  
-1.492331925  
0.2737917391  
0.6302552975  
-0.8704619997  
-1.575290012  
-0.196303454  
0.3509877823  
0.3487438566  
1.147170302  
0.403835312  
-0.6079124428  
0.414779615  
1.764566901  
0.2305151196  
-0.1099290732  
-0.9793934543  
-2.664945349  
-1.480014096  
-1.005953515  
-1.751775686  
-0.2759047837  
-0.6681377413  
-1.380198232  
-1.139497133  
-2.278485466  
-1.550806449  
-0.6221437701  
0.3217901784  
0.3334851711  
0.05476134793  
-1.200470405  
1.811959108  
1.460623201  
1.321002038  
0.3283372025  
0.1473143605  
1.143913345  
0.7316119892  
-0.4501247736  
1.09051115  
0.3930622063  
0.4350393777  
0.3939262546  
1.179393418  
1.382149576  
0.1993649435  
0.5135641931  
0.8078767857  
0.6938730672  
1.93667098  
0.5690535009  
0.7876181028  
0.3325571797  
0.07109376513  
-0.07482358308  
-0.04375914809  
0.04042570663  
1.531197302  
-1.547521287  
-1.252404019  
-0.1361325501  
-1.127164176  
-0.02818638434  
-0.6789413354  
-0.3248215265  
-0.9472326181  
-0.07585796454  
-1.161876952  
0.2533144349  
-0.5589949416  
-0.3664298978  
-0.1121727524  
-2.130547036  
0.05063903833  
1.267216824  
2.054717256  
1.390324114  
-1.01962398  
0.4345991639  
1.883548973  
-0.04179472588  
-0.5814091428  
-0.09189402859  
0.5019917987  
0.2672525505  
0.3623312107  
-0.008360775988  
0.1005817184  
0.04471686218  
0.974844593  
-0.05048179935  
-0.323169554  
0.5026241902  
-1.227125673  
1.385775512  
-1.232310571  
-0.4345942004  
-0.4592420801  
0.6930791154  
0.01766462495  
-0.1281042892  
1.25144717  
-0.02724290305  
-0.6895106283  
0.2720040344  
0.1181479258  
-0.3357817441  
-0.004629239517  
-0.7747253856  
-2.262928565  
-1.930698318  
-2.149656525  
-1.453360375  
-1.261436591  
0.1214098551  
-0.5619378261  
0.8105757762  
1.217561701  
0.3498892182  
1.865817251  
0.2622575505  
1.332315053  
-2.148945356  
0.5749976964  
-0.2146343592  
0.01620719097  
-0.4743105846  
0.9099857737  
0.789367823  
1.820387752  
0.4693281123  
1.917532487  
0.7562100526  
1.496151445  
0.5749647008  
1.668336878  
-0.8574751471  
0.2247271688  
-1.501775532  
1.690908898  
1.088484651  
0.8694897308  
0.05655873364  
-1.57389958  
0.5792255902  
0.1050029875  
1.726685946  
-1.581592041  
1.441238348  
-0.8773005654  
2.398698377  
0.7470972878  
-0.9148579813  
-1.017262604  
-0.954948732  
1.002135912  
0.0555232688  
-0.2869857947  
-0.7977723537  
-0.2985724365  
-0.2677068321  
-0.7409419313  
-0.3435820125  
-0.1747219045  
-0.3942085802  
-0.5098359514  
-0.4960349476  
0.235134808  
-0.9046413398  
-1.10178658  
0.09638927563  
-0.786360238  
0.2189679442  
-1.595488368  
-0.8630726818  
-1.514434504  
-1.00247908  
-1.400533303  
-1.82665778  
-0.5198411059  
0.06328035675  
-0.3053142739  
-0.4970337177  
-1.36624866  
-1.072970149  
-1.458059592  
-1.577847554  
-0.3724675608  
-0.4084687085  
1.743326571  
1.771256107  
1.802076047  
2.575061033  
1.992897598  
1.802643071  
-0.3706594491  
-0.06544887681  
-0.2989878168  
0.1944113787  
0.04894733066  
-0.6764464109  
-0.3847479577  
-1.746587962  
0.2127935617  
0.2757213924  
1.313501371  
0.8466355258  
0.2970165868  
-1.797104439  
-1.333199701  
1.047272968  
-0.02373443226  
0.6323198549  
-0.4818292912  
-0.4442652689  
0.3260016779  
1.038450625  
0.5223777452  
0.3017114767  
1.412006816  
0.661754819  
0.5198443528  
0.6055696105  
-0.8146064211  
0.04311969358  
-0.2731748903  
-0.6663443674  
0.4634661251  
0.08005528647  
-0.300877637  
0.0943941265  
-0.6956489784  
-1.651968413  
0.2580531389  
0.07135110455  
-1.19407017  
1.636626573  
1.186408338  
0.2852256923  
0.3632457462  
0.6813781131  
0.2153784563  
-0.2239438075  
0.4798895235  
1.219841994  
1.87451625  
1.561446021  
0.9026224513  
1.25396863  
-0.288801206  
0.2464742117  
1.658185813  
-0.5314040628  
0.05319029365  
-0.7045156286  
0.2437537474  
-0.7829268208  
-1.592356174  
-2.016697983  
-0.4611772396  
-1.114569565  
-0.7268215588  
-4.618146922  
-0.6113525464  
0.230041533  
-0.9951676856  
0.8402926885  
-1.064857477  
-0.05235268845  
0.4039249386  
0.4618964594  
-0.3264579063  
0.9259162069  
0.03261809285  
1.705683062  
-0.03066179285  
-0.2652845177  
0.3203753606  
-2.305248777  
-1.160585566  
0.3481169553  
0.4732463724  
-1.305793866  
-0.8163979861  
0.6596728613  
-1.256723636  
0.6778035708  
-0.6879360392  
-1.483827052  
-0.007527055232  
0.8829186544  
-0.5987140149  
0.7352543897  
0.4956296483  
1.310543875  
1.537507778  
-0.1183197129  
0.3957959268  
0.01497938893  
1.238481345  
1.546186473  
0.5587022301  
0.1576813087  
-0.8379256211  
0.05128415801  
0.1828359073  
0.5476739905  
1.297512944  
-0.5783141939  
-0.349430817  
-1.165847619  
0.8285836905  
0.4128720072  
0.3134258751  
2.008081241  
-0.6521212883  
-0.6434258398  
-0.2886123414  
0.04981019854  
-0.01834426123  
0.5742526175  
-0.07050704174  
1.421628253  
1.19852995  
0.7930709066  
-0.8803834452  
-1.776714227  
0.6395356254  
1.696534538  
-0.7580687122  
1.466242549  
0.2280390056  
-2.952386403  
-1.319769848  
0.6347439688  
-2.068335249  
-0.1124453341  
-1.340730252  
0.2615442673  
0.6728095851  
-0.01020954595  
0.3380263286  
-1.224199534  
-0.1928785777  
-0.1658008434  
-0.04764605044  
-0.3668800827  
0.3066533894  
0.1570805437  
1.081201889  
1.571284377  
0.23633246  
-1.377313276  
0.2230979161  
-1.60521072  
0.2602720204  
0.3464548926  
-0.08649716956  
0.5047566945  
0.1636051914  
0.642049784  
0.5352622045  
0.1137903234  
-1.038972745  
-0.02530017559  
0.1755324393  
0.184377766  
0.605577966  
-0.431560412  
0.0247576516  
-0.02526795314  
-0.03576491374  
-1.040909921  
-0.9502397628  
0.8482462499  
0.003855699246  
-0.7379841489  
0.5346949985  
0.2879362353  
-0.1257736435  
0.8301407477  
-1.019601631  
-0.1912872345  
-1.077728899  
0.3730250115  
0.425002216  
0.3180780921  
-0.0750692317  
-0.5055469801  
7.305188012e-05  
0.7298598687  
0.3950210936  
-0.2841264042  
0.4429558322  
0.2737917587  
0.9710142902  
0.4654658399  
-0.0597629572  
-0.3827020631  
0.02717176338  
-0.3791578271  
0.5350739431  
1.37475917  
0.7172494377  
0.1310652114  
1.407025775  
-0.9918382955  
1.291003193  
-0.4004127596  
0.2277687693  
-0.4029850562  
-0.9501663964  
-2.771653449  
-0.5968423307  
-1.950005386  
0.7818265886  
-1.096696827  
0.05993422768  
1.161922665  
1.399720373  
0.5327771849  
0.5196579439  
-0.03464169384  
0.6626555372  
1.439246015  
0.9666509887  
0.7274525509  
0.2539637734  
0.7057896877  
-0.9256339409  
-1.769027879  
0.09095791532  
-0.2105018583  
-0.08236787247  
0.04250372975  
-1.094345051  
-1.651949257  
-1.404958986  
-2.324248054  
-0.8026070062  
-1.553968994  
-0.2761292938  
0.7565719374  
0.4430008247  
-0.02231596804  
0.2214649372  
-0.3217377848  
0.4900202641  
-0.3528394252  
1.134568878  
-0.2606483855  
0.1257608606  
-0.6565585233  
0.003072673704  
0.1870738287  
0.6854342907  
0.4641016081  
0.5657090801  
0.001214412108  
0.1832760648  
0.66818313  
0.6710528191  
0.3858433063  
-0.3950692204  
-0.8041437813  
-0.3396838149  
