-2.266152052  
2.12799553  
0.4515693863  
0.1595920338  
1.632590655  
-0.5034801387  
-1.241045901  
0.337773066  
-0.04899734346  
-0.4432902316  
-0.1122697739  
-0.4222649884  
-0.4020391722  
0.6134293838  
-0.7023613187  
0.1032736935  
0.42657735  
0.142655263  
0.09689290898  
-0.0449610655  
-0.1249049237  
-1.15426869  
-0.7192334887  
0.9477773794  
0.957375681  
-0.05558194405  
0.4069804638  
1.344108106  
-0.2370140122  
-0.5103854956  
-1.244692862  
0.8224621401  
0.6888848458  
-0.5706002144  
1.615653695  
-0.1837921095  
0.7263461797  
0.08756588685  
-0.5064617239  
1.341143221  
0.6830812827  
-0.7492152044  
-1.779881192  
-1.159985567  
-0.5224464757  
-1.814581272  
0.009497927785  
-0.5855859636  
0.358212598  
-1.238497131  
-0.4855595473  
-0.1226923819  
-0.2671457047  
-0.3107384265  
-0.8660082056  
-1.883433542  
0.6168029038  
1.094344487  
1.11270999  
0.2233398816  
1.358620004  
0.7452013806  
-0.3715119381  
1.275766774  
-0.6225123818  
-0.3656554388  
-0.7488983512  
-1.59362267  
-1.225968088  
1.087694875  
-3.311816972  
-1.016955745  
-1.252635931  
0.8974888825  
-0.2965011951  
1.6265865  
0.4392532734  
1.472259836  
-0.8483439724  
-1.619284391  
1.643375009  
0.3797259332  
1.237090323  
0.3362518781  
0.157284794  
0.2633156578  
-1.497084173  
-1.2427304  
0.8825015265  
0.1418516163  
-0.4449010304  
0.3228969968  
-0.7410411233  
-0.8683800156  
0.574723654  
-0.571864439  
-0.1667031758  
-0.08817911132  
1.88475454  
1.069626181  
-0.3897186268  
-0.4470682529  
0.6543543427  
0.3316737199  
-0.1239894765  
-0.5917923997  
0.6398961505  
0.602017681  
1.635423302  
-0.06511702044  
1.653038252  
-0.1552521857  
-0.2641316088  
-0.4705929921  
0.0699871173  
0.7462906341  
1.225275709  
0.1118824002  
0.441343762  
-0.642084135  
-1.008175875  
-1.193177244  
-0.5083847995  
-0.5178643968  
0.2042340929  
-0.3116046629  
-0.156868836  
-0.7320797143  
-1.024500012  
-0.08253222816  
-1.260933126  
-1.529754919  
0.9514227169  
-1.221438908  
3.754669951  
1.322209784  
0.5282803178  
1.223806304  
-0.6556169287  
1.601333224  
-1.282299961  
-0.07022008535  
1.307001283  
1.264594473  
0.8289893449  
0.7997306036  
0.5158923107  
-0.5402784389  
-1.002456859  
0.7112002237  
0.3183774167  
1.4465937  
-0.3281645503  
-0.5303902428  
-0.450049515  
0.1081412284  
0.1559527816  
1.635256211  
0.6286634513  
-0.4485113673  
-0.2911454019  
-0.5953846742  
0.908435343  
-0.5298588702  
-0.84170613  
0.09647143131  
-0.3678557105  
-1.021406718  
-1.570199107  
-0.9009407078  
0.05151626022  
-0.2694583884  
0.2026338876  
0.2232859759  
0.7852347892  
0.6543646678  
0.2289114057  
0.8336845173  
0.2902007787  
-0.9209198941  
0.7143546184  
0.6103418086  
0.1565671486  
0.3278262052  
-0.6881954271  
0.1934205235  
0.2429813283  
-2.673599515  
-1.252204164  
-0.4841580997  
-0.7883238362  
-1.029482297  
-0.6721329064  
1.039537664  
-0.9339920451  
0.8442037242  
-0.3488870138  
1.570105361  
-0.8581717192  
0.2757714295  
0.3258813814  
0.8521013253  
-0.365599489  
-0.7594540354  
-0.5014632765  
-1.355442318  
0.2425481232  
0.3452462288  
0.3285641106  
-0.1594783178  
1.223959061  
1.096522273  
0.2338626271  
-1.190151231  
0.5698458158  
-1.03382556  
-0.7049725679  
1.149815257  
1.288193507  
-3.388628876  
1.088385879  
-1.517193577  
1.419697895  
-0.5005816573  
1.193024219  
-0.3898803785  
0.643618817  
1.529976695  
0.1101849838  
-0.5975709511  
0.09819161412  
1.056608515  
1.693446715  
-3.126117002  
0.2662246521  
-0.9736782202  
0.5890654943  
0.2822615143  
-0.3163966686  
1.830930392  
1.139999319  
-0.7300298238  
0.7394003683  
0.02826577123  
-0.5298818109  
-0.1656833824  
0.2740311785  
-0.2922868108  
0.4829981942  
-1.916253398  
-0.5663886949  
-1.24700002  
1.043036894  
0.07715729342  
-0.0160675667  
-1.107420824  
0.5588992864  
-0.2297324579  
-0.4431171145  
-1.047127383  
-1.351259302  
-0.7867880419  
0.6911368981  
0.1635711164  
-0.9639297933  
-0.03433351444  
-0.8977329621  
0.05281465671  
0.6617356194  
-0.3609260065  
-0.563320631  
0.8566644437  
-0.2938570944  
0.2208414315  
0.005914411581  
0.8000474372  
0.9549091017  
0.5850854925  
1.172050458  
0.8258712178  
-0.4265928271  
0.6624074234  
-0.02228288959  
0.6793909533  
1.295136054  
1.172507862  
1.236686189  
-0.0753524983  
1.506036178  
0.09191233339  
0.2477697386  
-0.2525144207  
-0.06879057822  
-0.7180357153  
-0.4296343177  
1.091098933  
0.1662356914  
0.005509014339  
0.6421564014  
0.9981977925  
0.1282749665  
-1.025681678  
0.8321950792  
1.274797403  
-0.1092852729  
0.3760801614  
-0.3432783589  
-0.4642812778  
-2.686281473  
-0.6672776689  
1.016787199  
0.05702401998  
1.734865427  
-0.4668165034  
-0.08230318059  
0.2167946179  
0.954117941  
-0.536669824  
0.978009537  
-1.787122944  
0.5011586264  
0.4001018238  
0.5125304284  
-1.77695056  
-2.054225578  
0.08174827574  
-0.09293736319  
-3.615598457  
-0.1404573257  
-0.6597814409  
-1.249440522  
0.06899341438  
0.8457501494  
-0.1602546146  
-2.192533246  
0.5138829473  
0.7915628221  
0.7181784774  
0.5804671967  
0.3415329424  
0.5755922281  
0.4738877424  
1.058430836  
-0.6363801253  
-0.156400835  
0.2988289772  
0.9352128255  
0.4631596102  
1.032326824  
0.04900047987  
-0.4937715643  
-1.129961673  
-0.3806597786  
0.5742656586  
-0.361597096  
-1.28853607  
-0.3654042068  
-1.725891816  
0.62395163  
1.701794612  
-0.5758661868  
1.21579866  
-0.1272508982  
-0.6517797724  
-0.1883953901  
1.097777549  
-1.371449121  
0.4107078898  
0.8094397722  
-0.1461877106  
-0.2232349011  
1.048971261  
-0.5047366556  
0.3332435053  
0.9015040987  
0.2280268405  
-0.415139253  
-1.331017047  
-1.009424958  
0.5055761969  
-0.01411100565  
-0.103221925  
0.8076300098  
1.221631714  
0.2703269146  
0.1943713275  
0.9586558402  
0.9746174539  
0.7727206019  
0.3098627835  
-0.8690218077  
0.00582629071  
-0.02827752606  
1.318284732  
-0.510201835  
1.379841458  
-2.990213447  
-0.7133510065  
-0.9339032431  
-0.3647338628  
-0.08137865523  
-1.876936165  
-0.4616382169  
0.4334495852  
-0.5834353034  
0.8631132547  
0.04904795922  
1.277709849  
-0.4868503789  
-1.920466353  
-0.3373646839  
0.847711823  
1.461074599  
2.574017325  
-2.483873066  
-0.08390790743  
-0.7147682397  
-0.01834795547  
1.456701416  
0.9489951597  
0.08800456599  
0.9195316221  
2.117300565  
-1.783866385  
-0.0106080184  
-1.66091889  
-2.284324565  
-0.0255366426  
-0.5546044742  
1.550764431  
0.7293970335  
-2.275799937  
0.07594163522  
-0.7507734694  
-0.6173228184  
0.1830132966  
1.487610905  
-1.059135155  
-0.8370200499  
1.712599328  
-1.649166442  
0.7034844622  
0.7549045702  
-2.107414835  
0.9893253575  
-0.298506404  
0.4098476933  
1.827049146  
1.035954941  
1.099032117  
-1.932353981  
