1.394104  
2.236596403  
-2.62401333  
-1.87744658  
-2.129127524  
-0.8698715267  
1.256336141  
0.2865721982  
0.2516694823  
-1.087780407  
0.3758919513  
2.39958147  
0.2055907338  
-0.1370064735  
1.371409447  
0.639075418  
-1.254817583  
1.830100459  
0.9222718464  
-0.4736570169  
1.016602115  
-0.2406472338  
-2.704696233  
-0.88417804  
-1.727045272  
0.471368883  
0.2145360058  
0.5314485912  
0.9896103351  
-0.9340034923  
1.140816639  
-1.329066969  
-1.525784956  
-0.9562737441  
0.7896634042  
0.7137430791  
0.8036150828  
1.889284083  
-0.4203601601  
0.5474175615  
2.306250436  
1.378635445  
-1.061046755  
-1.799895024  
-0.7165752667  
-0.1311573769  
-0.5502857742  
0.7188064515  
0.9040062208  
-1.625070052  
0.2337173162  
-1.828486343  
0.1828136744  
-1.419707107  
0.7147598574  
-0.2670405744  
-0.6275795218  
-1.987882983  
-2.547513846  
0.2203727814  
0.6481166145  
0.5320313407  
-0.6861716794  
1.054786279  
-1.113368225  
0.2494185163  
-0.492361486  
-0.06299193791  
-0.8523005873  
0.4463353232  
-0.5934548658  
1.215633261  
0.3179406527  
-0.3808390391  
1.443795257  
-1.150211317  
2.180677437  
1.521231208  
-0.8915648649  
-1.185245327  
1.070642903  
-0.9885523201  
-1.72982873  
1.387317362  
2.512887499  
1.370757488  
0.760150015  
-1.643225614  
-0.1323257299  
0.8067694535  
1.698005336  
0.4977558186  
-1.842143207  
-0.4640096918  
-0.1959451275  
0.04677094156  
-1.156822716  
-1.045954194  
-1.213274557  
-0.5815921382  
1.074171975  
-0.4729025434  
0.805634825  
0.2829225279  
1.149704434  
-0.3135904365  
1.310184103  
1.649957005  
-0.5008052949  
1.067073221  
1.018535698  
0.8487384162  
1.131967332  
1.142528002  
1.236050991  
0.7896569208  
-0.3565379955  
-0.4306622847  
-2.920031607  
-0.7335910509  
-0.6850300878  
-1.43164691  
-0.8310984452  
-0.3704777509  
0.2923905138  
-0.4610471752  
0.7271856586  
0.1700290452  
-0.6133556418  
0.2287969792  
1.308176736  
1.738249064  
-0.05747752518  
0.8456469431  
-1.721543567  
0.1326882447  
-0.5672310229  
-1.825706068  
1.083243574  
0.4187336584  
-1.29180775  
-1.017021639  
0.7702885503  
-0.3533632912  
-0.1848781834  
0.7383864156  
-1.434955341  
-0.9420215701  
-0.7943605458  
0.7612358946  
-0.9379380591  
-1.507522074  
-1.020049539  
0.5252666407  
0.5514622892  
-1.200688418  
1.392746919  
-0.3450573398  
-0.9378406304  
-0.4043141911  
1.396393096  
0.1318114643  
0.1437676229  
-0.3078193932  
0.683262141  
-0.395983571  
0.1781865022  
-0.2005368443  
-0.04966618353  
1.1598798  
-0.176239435  
0.004127471225  
-0.8365251456  
-1.322554155  
-0.2108478176  
1.279627449  
1.054709398  
-0.231159291  
0.4445095386  
1.382937161  
-0.5315011737  
-0.08364831812  
-0.5069559056  
0.05008979131  
0.8532551111  
-0.8564022894  
-1.144163411  
-0.885228028  
0.005569413896  
-0.1746969492  
1.833732213  
0.4390794158  
-0.05527561329  
0.5073333621  
0.08739555671  
-1.344892866  
0.7448829422  
2.523563841  
0.4110026133  
-1.220987571  
-0.9920579031  
-0.572424521  
-1.018295383  
1.696683429  
0.5219433165  
-0.3903431535  
0.9494497153  
0.0902659711  
0.2903731934  
-0.6699248782  
0.6053427088  
1.497856292  
1.214123098  
-1.051613145  
-0.104663242  
-0.4525740068  
0.06448380858  
-1.675254828  
-1.146589267  
0.05496188349  
-0.2810179085  
1.018167848  
-0.2122220052  
0.2543028083  
0.507732168  
-0.2931260015  
0.4083765045  
-0.06521468826  
-0.644234059  
-0.5128862064  
-0.09498427036  
-1.068139108  
1.47692545  
-0.3429866299  
0.04023231279  
1.245013976  
-0.7631599073  
-0.3216009402  
-1.581614163  
0.5570198485  
0.7597164889  
-0.7498611565  
-1.032566603  
0.01953243242  
-0.2843194531  
0.2630895065  
0.7488518707  
0.2239527662  
-0.577449608  
-0.2054046787  
0.1423029961  
1.853886519  
-0.9879276384  
0.9870697648  
0.3046097858  
0.6877454121  
-0.2252716905  
0.4906686447  
1.487787271  
0.3756866993  
-1.144830229  
0.6048331585  
-1.086658249  
0.1196082875  
-0.367244346  
-1.865201791  
0.1960771538  
-0.541786265  
1.129367132  
0.6295131716  
0.9538798372  
-1.276965795  
-0.2449193165  
0.1186471663  
-0.6074175274  
-0.7532528203  
-0.7967140318  
1.304563839  
-0.2088675502  
0.1153979309  
-2.64765774  
1.713824549  
1.180742015  
0.0765291616  
-0.6256075493  
0.279385221  
-0.4115676519  
-0.3756035548  
1.914711306  
-0.1633651683  
0.6061744239  
0.5289219718  
-0.07543279173  
1.112021711  
-0.3957409996  
-1.988367235  
-2.299529918  
1.315804681  
0.5440788731  
-0.2471800302  
-0.3223790974  
-0.2858707421  
-0.4436947508  
0.7783967842  
0.2004461601  
0.6389021174  
0.8536698193  
0.7980196366  
0.1738783017  
-2.462033948  
0.4587836137  
1.695285276  
1.445437654  
-0.1768627854  
0.1526372202  
-0.5344577203  
0.0974693281  
1.52283779  
-0.08671595681  
-0.34326204  
-0.4486050632  
0.7510900406  
-2.408801502  
-1.494250154  
-2.542760816  
1.102265661  
0.4060377053  
1.626182604  
-2.541316164  
0.199054609  
1.368012719  
-0.5963236912  
0.4272315581  
-1.016053503  
0.8862317134  
0.3577304532  
-0.5560173279  
0.3487162788  
1.32544643  
0.7246174532  
-0.4257208147  
1.226411506  
0.1738057315  
-0.3671251898  
1.058184983  
1.418685696  
-0.8625802691  
0.5575995461  
0.2068995821  
-0.6677446885  
0.2558252148  
-0.2931749712  
0.522359415  
-0.4555757319  
-0.8633535964  
-0.8014966291  
-0.4254658281  
0.2207572684  
0.9593890992  
0.8214482027  
-0.4996704896  
1.020327326  
0.438656368  
0.2946370889  
-1.142001394  
-0.854404366  
-1.796156855  
0.6535031187  
1.555152521  
-0.4050937464  
-0.6051075219  
-1.056839503  
0.7716642804  
1.614116521  
-0.6999469114  
-0.7565997143  
0.8302552695  
-0.06117073729  
1.486570059  
0.7429594301  
-1.196842415  
-0.5422910111  
-0.3821489047  
-0.2037605088  
0.8142800187  
-0.1430874382  
-0.4433733412  
-0.1320644073  
-0.1150201543  
-0.2988741275  
-1.291773337  
-0.9087945296  
-1.029990508  
-0.1095257106  
1.236621688  
0.5321031052  
1.08981323  
0.5503486141  
0.3926557027  
-1.245479993  
-0.1701017875  
-0.2112757368  
-0.3828892222  
-1.28038924  
-1.763316739  
1.006555117  
1.235431516  
0.8490354283  
0.1030428689  
1.161750454  
0.2455976206  
-0.06411244273  
0.338103154  
0.8393481614  
-1.395549439  
0.1918401698  
0.8738460954  
-0.923390383  
-1.293507542  
-0.1903202737  
-0.6501482849  
1.065976412  
0.3981396286  
0.1069056816  
0.9152400857  
0.7900946824  
-0.2203227392  
0.4786810985  
0.6156026919  
-0.2549752639  
-0.3925658462  
1.445394222  
-0.425609035  
-0.4745188408  
-1.555726299  
-0.8652491388  
-0.4402876167  
-0.229907433  
-0.6488129464  
0.4688200896  
1.149812981  
0.1292568339  
0.729120483  
1.101283891  
-0.6955198957  
0.1282143555  
-1.48353331  
-0.4243088732  
-1.250038053  
1.694169691  
0.4781433533  
