0.05586350618  
-1.18014859  
0.3089013657  
-0.04528669489  
-1.589094498  
0.7117925989  
0.500456497  
0.9912573028  
-2.809522285  
0.2614735259  
1.034097107  
-1.118117873  
0.2960185361  
0.06227354174  
0.9916230241  
0.4547755668  
0.08106499598  
0.7301446291  
0.1702728155  
1.911997905  
0.8199299787  
-1.120217026  
-1.713781195  
-1.045916148  
0.1458113082  
0.1542864795  
0.2856840496  
1.052204551  
-0.1969947417  
1.157595826  
-0.05874237988  
-0.3724590663  
0.8944785585  
-1.67182116  
1.092848587  
0.4341603682  
1.008801974  
1.307228228  
0.06907918445  
1.436743892  
1.465011636  
-1.109052817  
-0.6887685455  
-1.181807442  
-0.2385562591  
-0.3096965715  
-0.3769619532  
-0.455725297  
-0.8653935017  
0.4165139427  
0.08515873672  
0.1656710239  
-1.030503781  
0.05401764978  
-0.08096497918  
-0.5469981351  
0.4624426001  
0.01485497245  
-0.2249422192  
-0.8124693497  
-0.06531552214  
0.1287246687  
-2.233769596  
0.3318696509  
0.8047870792  
-1.030430148  
-0.2848533057  
-1.731573575  
-0.4583528066  
-0.7402750131  
-0.9859098883  
0.2920507862  
-1.292380542  
-0.25177098  
0.4956961613  
-0.1918117799  
1.247451649  
-1.14921429  
-0.9978494009  
-0.6730772099  
-0.6108749407  
0.9077780178  
-0.1320839617  
1.012118005  
0.4137039203  
-1.228464671  
0.3540360012  
-0.8915493794  
0.8530087724  
0.8065448853  
-2.08940053  
0.3326579836  
0.01548312387  
0.9845921775  
0.4740256819  
-1.342330458  
0.1333666823  
-0.2928592173  
-0.7169535636  
0.9251973803  
-1.447733419  
1.392376499  
1.205182043  
0.1365544904  
1.641693145  
0.5847844884  
1.16706377  
-0.1952209852  
1.407661382  
1.205484295  
-0.9089935063  
0.3932998017  
0.2656484798  
1.058323381  
0.8366100201  
0.4589928718  
1.409198403  
0.04690836893  
-0.1118157065  
1.640731318  
0.8167704834  
-0.272979481  
0.2674415347  
-0.7425524619  
0.9669940488  
0.4908539085  
-2.504211113  
-0.5760798231  
-0.5461832013  
-0.1321519084  
-0.2593772042  
-0.3204041144  
0.6370570002  
-0.6394438617  
-0.7011540634  
-0.6284095797  
-0.4926473551  
-0.1217378393  
-1.317951908  
-0.05752271328  
-0.5519435832  
0.5197150541  
-0.3751737799  
0.1701147513  
0.07879491426  
-0.7973841154  
-0.6031758523  
-0.6153614615  
-0.2357410455  
0.02105035239  
-0.9805730893  
0.2476719481  
-1.315816812  
0.2876751621  
-0.2911208152  
-0.3430655912  
-0.1548993575  
-1.790780387  
0.5330171944  
-1.209645179  
0.2007196754  
-0.2293930927  
-1.021266215  
0.2024270317  
-0.7493748075  
-1.050705423  
0.01078146625  
-0.8958710275  
0.06493295991  
-0.7986252164  
0.1381969243  
-0.3896749532  
-0.2903457043  
1.982001528  
1.677856425  
1.268217682  
1.373393496  
0.38695057  
1.585506021  
-1.212872662  
1.536797806  
1.906428016  
1.36215181  
1.32739738  
-0.3876721689  
1.153374844  
1.927078311  
0.1347414967  
-0.6789663534  
-0.9690321633  
-0.6381992336  
0.9445393796  
1.134997298  
0.2548953084  
-0.2922902689  
-2.87074139  
1.462458348  
0.7273012206  
-0.9234436014  
-0.4627815857  
-0.2863401572  
-0.6447158308  
-1.771732689  
-0.02123706367  
1.452403668  
0.1795844055  
1.942481875  
1.389534552  
-0.8186988513  
1.51735703  
-1.17742425  
1.114926037  
0.6403350291  
-0.3496979461  
-0.7672620294  
-0.6835701008  
-1.025239947  
1.701389787  
0.6883577374  
-1.154744048  
0.1947370576  
-1.149859155  
-0.2908104036  
0.1231736375  
-0.2572681346  
-2.089250986  
1.03443214  
0.7211477118  
-2.163945  
-0.2707028747  
0.3372951655  
-0.1726875423  
0.02671357018  
-0.2529014851  
0.25738339  
-0.4291941185  
0.1025561329  
0.1620962108  
-0.22601583  
0.1079205634  
-0.250331766  
0.1301919127  
-0.5345690924  
0.3566734625  
0.5072007487  
0.3357353536  
0.4475295101  
0.2553803683  
-0.3282140172  
0.652888679  
0.3009208886  
-0.9273663034  
0.2407571158  
-0.144156994  
-0.08849390405  
-0.747140106  
0.3253356319  
0.2455413513  
-1.307124571  
-0.3589594573  
-1.531692754  
-0.5683673272  
-0.1657630278  
-0.1155462961  
-0.5331999884  
-0.3188953319  
-0.1519661484  
0.325378291  
-0.05765349079  
-0.8032712135  
-0.6179276534  
-0.2894899429  
-0.6482697966  
-1.349067746  
-0.820563555  
0.09057655371  
-0.0999726617  
-0.5458362534  
-0.5108171659  
-0.9900894232  
-0.2759575379  
0.516787224  
-0.1009416104  
0.5662101585  
-0.2411776834  
-2.523264322  
1.140456213  
1.143691667  
-1.353048041  
1.97677778  
1.441442919  
1.663133538  
2.399504337  
0.4155499113  
-0.7979598872  
-0.1058784274  
0.3434226021  
1.732931268  
-0.6819011402  
1.504606258  
1.935954315  
2.305590317  
1.827124803  
-0.1842643982  
2.700137135  
0.7131357299  
-2.73672206  
-1.052757864  
-0.4051809083  
-0.1707757375  
0.9401635487  
0.6610141205  
-1.242106001  
1.757569419  
1.585874058  
2.267919535  
2.26358476  
1.083489505  
0.9128183285  
-2.14254999  
0.03403605319  
-0.4738982157  
-0.7713786385  
-0.4547805384  
-1.51113934  
-0.3910975162  
-0.5313375324  
-1.293663298  
-0.4070917584  
-0.7138424679  
-0.002858695493  
0.5439402015  
-1.324891885  
0.1350200045  
-0.5691617254  
-0.4104849747  
-0.1161865373  
-0.4664163811  
0.2552899673  
-1.3436933  
0.17923606  
-0.1849380709  
-0.8000201122  
0.3212255511  
-1.519866578  
-0.3275100722  
-0.2235209235  
-1.186475162  
-0.01732157799  
-1.066882842  
-0.9631946909  
-0.252972902  
-0.1173337654  
-0.9063975315  
-0.4326552833  
0.0610641278  
-1.541622206  
-1.107770136  
-2.318292296  
1.58214095  
1.902720935  
-0.895321378  
0.1098393244  
-0.5447704887  
-0.01209396306  
0.01820059854  
-1.990464203  
1.409860997  
1.66698044  
-1.028533253  
-0.111136494  
-0.4141938495  
-1.675325049  
0.6283279353  
1.189599409  
-1.776562638  
0.8408837022  
1.057574001  
-2.525784199  
1.904592191  
0.05343265786  
1.849056207  
1.434156285  
1.577529766  
1.430417486  
-0.09843516475  
2.115431336  
2.630590361  
0.9232741375  
1.526608668  
1.895915134  
-0.5587162696  
1.387847946  
1.350644478  
2.01772286  
2.59523211  
-1.827438977  
-0.7972766886  
-0.4514697203  
0.3418503737  
-0.6355743342  
-0.7394376641  
0.1706031226  
-0.8662431511  
0.2007946514  
0.6818275926  
-2.412452987  
0.1617411031  
0.8059883732  
-0.6898356601  
0.8640556746  
-0.3979615795  
0.04264251619  
-0.4536467147  
-0.2384407454  
0.1294627294  
-1.279716235  
0.2773326313  
-0.7111194355  
0.7584622697  
0.1160057067  
0.1304819635  
-0.1051170891  
0.4001122076  
-0.4546540682  
-1.011271764  
-0.8220527748  
-0.6064812143  
-0.7582128425  
0.3950635498  
-0.1775687594  
-1.089718129  
-0.7571801852  
-0.5425224322  
-0.5700179882  
-0.171314746  
0.5884959317  
0.5080094979  
1.002175797  
0.4423383329  
0.2095517571  
0.9071613158  
-0.490716695  
0.1321947058  
0.6226095178  
0.9831971781  
0.05928801352  
-0.8924813335  
-0.3139696398  
0.04782730687  
0.2410740482  
