0.06142637081  
0.737449126  
-0.5626252719  
-1.123130362  
0.5747930636  
0.6801241377  
1.138822275  
1.521457387  
-3.087389802  
-0.4546748054  
-0.1595184418  
0.8518729221  
1.274877946  
0.6022216314  
-2.664354524  
-1.190083985  
-1.559467829  
0.4739256628  
1.497671045  
1.037129941  
-0.3094988654  
-0.7732418528  
-0.1476240753  
-0.256473373  
1.110777761  
0.9908731431  
0.9544074882  
-0.2619182974  
-0.2590835773  
-0.6096281557  
0.3153729448  
1.033235189  
0.9677938796  
-0.689428994  
-1.113721535  
-0.1589535328  
0.5724406177  
0.9155788596  
0.6299198943  
-0.8998814747  
-1.002307434  
-0.7501836447  
0.7354961557  
1.158716831  
1.156270636  
-0.8666240476  
-0.8941869939  
0.09553593019  
-1.152170558  
-0.3467410628  
-0.4365149053  
-0.4886862819  
-0.6931740284  
0.3994333945  
1.423646837  
0.7378367925  
0.3019768302  
0.06821614426  
0.3134805799  
-0.03111520988  
0.8668982739  
1.037073001  
0.2869323027  
-1.483659612  
-0.9436113771  
-0.07132426383  
0.9472761705  
0.645704056  
0.8963778223  
-0.8632964611  
-0.687175849  
0.2005221697  
0.8507969757  
0.9848301616  
0.4901430591  
-0.307405511  
-0.7112847712  
-0.8050698708  
0.5044372847  
0.04702797345  
-0.06152695759  
-3.326010297  
-1.023169877  
-0.2848854628  
0.9441774919  
1.225933403  
-0.01838136679  
0.08413237779  
-0.3080459504  
0.1418048328  
1.471674807  
0.7901018071  
0.3892686533  
-0.3213180178  
-0.08305857298  
-0.06973431619  
1.161289084  
0.8635616059  
-0.2300194066  
0.6426103675  
0.2270151078  
1.249777532  
1.847792701  
1.291648654  
0.7427459479  
0.5867171354  
-3.385809121  
-0.4454064811  
-1.331013753  
-1.262950272  
-0.1773240273  
-0.6947103695  
-3.036123634  
-0.6140189673  
-0.3461354266  
0.1438969994  
-1.431156567  
-0.7076813033  
-0.08765544455  
-0.4528860895  
-0.2293076692  
-0.05433179434  
1.041831403  
1.025472939  
0.2515246586  
-0.2880032516  
-0.4985543668  
-0.2542675487  
-0.3392277388  
-0.1777725909  
-0.3047100684  
-0.6228510802  
-0.5471810281  
-1.251004155  
-0.3208712456  
-0.2167533548  
0.06610768689  
-0.4079400817  
0.1192879023  
-0.1461836387  
1.357119558  
1.696995486  
0.7198683177  
-1.325206661  
-0.1251193008  
-0.312658311  
0.858015395  
1.126182818  
0.1298565365  
0.7877605816  
0.1425946888  
0.1318545123  
1.413138214  
1.78876621  
1.218476029  
-0.06727443183  
-0.2180625174  
0.7675296831  
-0.4735950584  
-0.5152883064  
0.04607486128  
-4.249838156  
-1.716806964  
0.0122961029  
0.7085567824  
0.1205301935  
0.3705038336  
-0.2613996121  
-0.1863700144  
0.246189422  
0.8622960479  
1.215188096  
0.3198733312  
0.8300239881  
0.4756493163  
0.5284224491  
1.147186442  
1.562983547  
0.7019430141  
-0.0197127682  
-0.5123441077  
-0.2057845831  
-0.2575557834  
-0.5563954074  
0.1621723953  
0.2154490713  
-1.947608826  
-0.5372830544  
0.604361258  
0.4862499555  
0.5513655579  
-0.1328795539  
-0.1174395345  
-0.5390556974  
0.06647001182  
-1.144814714  
-0.3920109281  
-0.5270776686  
-1.477467991  
-0.3702736429  
0.2359399836  
1.523263044  
1.16199199  
0.3878679576  
-2.827327298  
0.2180788697  
0.05997490079  
0.07452114616  
-0.7534074094  
-0.4772466146  
-0.05795232875  
-0.6008844526  
-0.3472817718  
-0.5690110889  
-0.8077530586  
-0.6438978279  
-3.005242728  
-1.325165615  
-0.7149557718  
0.7261007224  
1.665198918  
0.9814043342  
1.107182122  
0.1988937942  
0.5961922546  
1.054175121  
1.535529035  
0.2534539857  
-0.1828071558  
0.1263169381  
0.5062958965  
0.5457927676  
1.20200095  
-0.0467684253  
0.004324498327  
-0.4057760099  
-0.4135632227  
1.301998307  
0.4201370841  
-0.5472218517  
-0.6155867645  
-2.369822374  
-0.2650862012  
0.4528006968  
1.129462952  
1.267518301  
0.3446288884  
-1.580553731  
-1.047223654  
0.2947754379  
0.5764273674  
0.9690690729  
0.29877422  
0.4004620624  
-0.1287862268  
0.5156803344  
1.81170765  
1.162639981  
0.1996455947  
0.5201522214  
0.2116098615  
0.05530216365  
1.163128516  
1.702852809  
0.7725359639  
-0.3848376426  
-1.242689343  
-1.645537517  
-1.569466532  
-0.9311675647  
-1.820036579  
-2.27315418  
-0.9313189912  
-0.4621900997  
1.2463912  
1.525864084  
0.7911022664  
0.5900393865  
-0.2750616809  
-0.7962068769  
1.310215215  
0.941336167  
1.212439928  
0.5119709824  
-4.26918157  
-1.31044629  
0.5709128396  
1.423893571  
1.377087698  
1.542733433  
-0.7670738396  
-1.060938532  
-0.2763374509  
-0.7025894706  
-0.851300495  
-2.224837612  
-0.8848348476  
-0.9196291074  
-0.2308257152  
1.056829887  
0.8673320612  
0.6416121542  
0.1497119788  
-0.0116900916  
0.3856784917  
0.6311602808  
-0.05995060992  
0.4956953084  
-3.532651343  
-0.04597902295  
-1.11213628  
-0.8304347683  
-0.7899561627  
-0.1864416195  
-0.2164881231  
-0.7172035887  
-0.5012367611  
1.597553839  
1.015180045  
1.116215345  
0.3605833867  
0.6220492505  
-0.004576471757  
-0.2016743044  
1.394508595  
0.4380842156  
0.4530448964  
0.7170949097  
1.932098911  
1.519323935  
1.300093564  
0.7070472062  
-2.150877941  
1.426381648  
0.6905292017  
0.1264942465  
-2.965308469  
-1.063856826  
-0.8122971885  
-0.7829202019  
-1.545797121  
-1.059575228  
-2.263267983  
-1.031687269  
-0.3351255308  
1.367062963  
1.248725557  
0.5116449117  
0.4897793797  
0.5505321526  
-0.5224242632  
-0.2862520634  
-0.2211859979  
-0.630341948  
-0.4274575017  
-1.082295211  
-0.02342962313  
1.079825662  
2.014188434  
1.035329143  
0.8702751566  
-2.952693402  
-0.9722864318  
1.062044672  
-0.3088463698  
0.01999455269  
-0.1689812562  
-3.547170064  
-1.176047596  
1.332766581  
2.044039057  
0.8779809713  
0.5946210647  
0.349084919  
0.3699092104  
1.705118956  
1.085223651  
-0.05652526164  
-0.5898073087  
0.0909083346  
-0.3231274233  
0.3128256919  
0.8325822087  
0.6401224702  
-0.1733909519  
-0.5992568304  
-0.6671756304  
-0.5681066493  
-0.4011815291  
0.401217452  
0.747183563  
-0.1404278572  
-0.3013196094  
1.110570083  
0.2927760641  
0.2120474107  
-0.388848619  
-0.08960817202  
-0.004311289545  
0.9001317005  
0.7488983125  
1.389344561  
-1.927241283  
-0.4223728492  
-1.229057725  
-0.03538559965  
-0.9112958576  
0.149310055  
-1.406036995  
-0.4910106998  
0.193194474  
1.072640064  
0.5968446498  
1.765496987  
1.205495367  
0.7196391502  
0.8269984591  
-0.02317167715  
-1.592846228  
-2.605998867  
-3.479727775  
-2.013468778  
0.03853170888  
1.880500315  
1.735001662  
1.694960654  
0.7198010331  
0.001712460144  
0.6615217891  
0.3140847434  
1.607160042  
1.886879726  
0.9936264686  
-0.01788166049  
-1.615410407  
-0.984851912  
-1.52698682  
-0.9137405819  
-1.242045583  
-3.230442536  
-1.934187319  
0.4851227201  
0.9562867516  
0.898195788  
1.013268779  
-1.265598526  
0.1058846908  
1.07239274  
2.614371914  
1.27430367  
0.6237178093  
-0.6262901354  
-1.21851654  
-0.7917727267  
0.3889937637  
0.2806723462  
-0.2968649801  
0.04981470912  
0.4259326448  
0.09295928071  
-0.4914534492  
-0.101349607  
-0.6633542101  
-0.6909714183  
0.9897376564  
1.851077359  
1.680281992  
0.8914702686  
-1.7360456  
-0.6086354576  
-0.6698264844  
1.050641669  
1.867747799  
1.023137242  
-1.250110509  
-0.1652264184  
-0.2532885773  
-0.7085335609  
-0.3590865929  
0.02257319006  
0.2903943057  
-0.2532932168  
-0.182549813  
-0.08982214781  
-0.7950235301  
-0.08948745139  
-0.5652989481  
-0.09691779071  
-1.181190678  
-0.951173852  
-1.061371447  
-0.9858197232  
-1.169940863  
-0.5725555479  
-0.7864323468  
-0.0696903392  
-0.02974933027  
0.9587329965  
1.458611525  
0.8452843757  
0.6603558826  
0.4639754447  
-0.007460161308  
0.6712417726  
0.6171436092  
-0.07075262496  
-0.6123453843  
-0.1540709557  
-0.2501641636  
-0.4343840807  
0.270670134  
0.4970532631  
0.4624818178  
-0.1279158258  
0.3905556365  
0.4307206452  
1.184903498  
-0.003759392284  
0.1465632861  
-0.6202287808  
0.08603099168  
0.2827284324  
0.5419195081  
0.269886803  
-3.869400235  
-1.391085814  
-0.1710888832  
0.4538793668  
1.097973303  
0.6018551314  
0.8047470712  
-0.4286269233  
0.596121968  
1.150488202  
0.2993179658  
0.2065669358  
-0.03926451021  
0.07609613748  
-0.4356971262  
-0.2752513223  
0.4697366862  
0.1298394942  
-1.66941396  
-0.544265908  
0.3283006224  
1.40108116  
0.7231109403  
0.8774282392  
0.2775510949  
-0.355141061  
0.3773164389  
-0.3762934429  
0.9127567326  
-0.4110354131  
-0.1121371529  
-0.7227853467  
-0.9524513511  
0.1843378128  
0.2660182393  
0.875659967  
0.7086393451  
0.1385526421  
-0.4287053456  
0.5255140055  
0.5773219365  
0.7733532449  
0.5895586262  
-2.516142486  
-0.1205125647  
-0.24438315  
1.067241271  
1.150962599  
0.8684418064  
0.4592645814  
0.08253447223  
-0.2531175272  
-0.03835096472  
-0.1057918223  
-0.1273543847  
-0.7403628039  
-3.109393779  
-0.1845514058  
0.1375761806  
0.2756500183  
0.6475984359  
0.4079894544  
0.285127044  
-1.067292143  
0.3993414882  
-0.3065697681  
-0.3841790738  
-1.16163574  
-0.5813609008  
0.03732626636  
-0.108581562  
0.7125493128  
1.313554687  
0.9457799777  
0.5695546764  
-1.848838128  
-0.9920186357  
-0.661702036  
-0.3333323155  
-1.04467343  
-0.1616545021  
-0.390021691  
-0.4047899979  
-0.6676948917  
0.05626609488  
0.7304560648  
0.1005763322  
-0.1665012163  
-0.6196578869  
0.2457132314  
0.9719053701  
1.025846855  
0.3820633298  
-0.5266916538  
0.1394330146  
0.1776145285  
1.297963714  
0.2478784141  
0.04777310952  
0.6499594746  
0.2114168549  
0.4534116601  
1.18771588  
0.6956582552  
0.2429740425  
0.2219987048  
-0.4247496204  
0.366011364  
0.1237734589  
-0.508750435  
-0.001419471871  
-0.6493655639  
-1.017240001  
-1.504876972  
-1.223463956  
-1.269306409  
-0.5891100004  
-1.273088475  
-0.9129364808  
-0.05506025755  
1.127376443  
0.9558494235  
1.184245091  
-0.1089655758  
-0.6853273382  
-1.401333875  
0.05540168086  
0.06908360082  
-0.308632081  
0.6141577527  
-0.5717291587  
-0.1172979549  
0.9645807194  
1.914212028  
0.8891057063  
-1.59263687  
-1.536818887  
-1.685007911  
0.4377091085  
0.7676973895  
1.001849111  
-0.007970924274  
-0.9918928689  
-0.7986913232  
0.2334544252  
1.492070375  
1.268862629  
0.002953866245  
-1.432240427  
-1.33242191  
0.1765650109  
1.058890211  
0.7087599876  
0.3672976091  
0.01382863665  
1.116695217  
1.096513446  
-0.5879962643  
0.1715719595  
0.2683324524  
-0.1909543177  
0.1982739896  
0.07706488832  
1.240495283  
0.7390461584  
-2.529599111  
-0.4433240988  
-0.1097838109  
0.6915348201  
1.859758309  
0.9941983526  
-0.3422319886  
-1.235807673  
-0.1063321696  
-0.3823402844  
0.5650291472  
0.7384020162  
0.5613946187  
-0.5000856197  
-0.4214158121  
0.1268994831  
-0.369420759  
-0.5477437715  
-1.318765948  
-0.07993653942  
-0.6668991513  
-0.6460194752  
0.54649586  
-0.2258323301  
0.02843881951  
-0.4481411254  
-0.1388280615  
-0.3056287405  
0.1252228352  
1.017765042  
0.09005649664  
-0.1045327794  
-0.05747929151  
0.06993515295  
-0.7393436673  
1.030479176  
0.901053178  
-0.125753941  
-0.1180675097  
-0.3152209291  
-0.3101718409  
0.4285215016  
0.4627431538  
-0.02327734873  
-0.7026286651  
0.09556520634  
0.1524230062  
1.450361363  
2.148165119  
1.6335294  
0.5919918161  
0.3899992676  
-0.398947231  
0.05404503015  
-0.5911100867  
-0.03459587128  
0.516639694  
-0.1415059798  
1.361118376  
0.5058303346  
1.491826455  
0.5454181457  
0.1709688041  
-2.506635285  
0.03182318772  
0.606576195  
0.3834022725  
0.6316201818  
0.05089355407  
0.4665591183  
1.119869138  
1.796412504  
1.864480176  
0.7395093514  
-0.6456822067  
-2.435111702  
-3.451422372  
-3.323078469  
-4.379739299  
-4.392565589  
-3.173282647  
-1.889121196  
-0.4663809873  
0.2957962713  
2.209500183  
0.9600073379  
0.8366347252  
-1.089381539  
0.06873695948  
1.294152453  
1.922107275  
1.308634514  
1.076215758  
0.3038128163  
0.1499730995  
0.9581760539  
1.226320604  
1.030039271  
0.5513794714  
0.7139255284  
-1.112472087  
-0.6021508159  
-0.02768637019  
0.09120429744  
-0.2485830892  
0.2318823103  
-0.176161148  
0.5012695559  
0.7148394373  
0.713640221  
0.5168200267  
0.5285691472  
1.214449941  
1.799325593  
1.239874136  
0.5826897774  
-0.03246663423  
-2.501499898  
-1.618191766  
-1.650683912  
-0.636438484  
-1.138649653  
-0.7233059998  
-0.5138578886  
-1.649130186  
-1.06972657  
-1.042633908  
-1.713951228  
-1.466267979  
-0.4082363893  
-0.39125212  
-0.6745581367  
1.253143559  
1.692229276  
1.16778761  
-1.00422072  
0.05623065657  
-0.2874313803  
0.8416053472  
1.230927985  
0.8340925905  
-0.2214263329  
-0.6509183909  
0.08530519909  
-0.4782614989  
-0.8016529402  
-0.8887731594  
-0.009877442644  
-0.1154289608  
-0.5462173313  
0.2261797944  
0.9455837617  
0.680973745  
-0.2997507553  
-0.4896004418  
-0.3471673814  
-0.1074537272  
1.163227968  
0.6742475577  
0.9461882913  
0.5409737884  
0.7593786371  
-0.6629236585  
0.6492096578  
0.2998294415  
-0.336464244  
-0.3302591833  
-0.7674986802  
-0.1960736501  
0.251634012  
1.05184095  
0.5393686242  
0.4088384503  
0.4304676326  
-0.4506066639  
-0.2794216924  
-0.4883289485  
0.6703312791  
0.430291047  
0.528594865  
-0.3632665018  
0.0360408871  
-0.1650906852  
1.852025923  
1.0864507  
0.4547880384  
0.7743174459  
-0.3007622937  
-0.320469996  
-0.31496258  
-0.3851011689  
-0.01974150124  
-0.2679481427  
-0.3416094257  
-0.2278917274  
-0.09256764489  
-0.6835253734  
-0.2362569051  
-0.4787218654  
-0.9427424325  
-0.6257125587  
-0.6275267445  
-0.5643265617  
0.1519541015  
0.3976588893  
1.088444613  
0.9722186562  
1.04058891  
-0.1920298419  
-0.1674954659  
-0.713976053  
-0.5265248069  
-0.5090894607  
-0.3639622301  
-0.3805035111  
-0.161198369  
-0.1890934525  
0.3210982288  
0.1646044006  
0.4265989348  
0.1582130493  
0.5387519875  
0.8173411255  
1.173836725  
0.4903315057  
0.5722093974  
0.4171625768  
1.140917743  
0.342371652  
0.1046664879  
-0.1061186445  
-0.4105388561  
-1.090712808  
-0.3768384041  
-0.3558937391  
-1.164999965  
-1.299958782  
-0.7098199246  
-0.8737738838  
-0.6913485008  
0.2205306475  
0.3097215218  
0.3351196528  
0.6361015813  
1.77669572  
2.274282385  
1.558773071  
0.02657889399  
0.6225582893  
-0.2886914002  
0.03138301035  
-0.2528888101  
-0.7076556782  
-3.281320695  
-1.407812034  
-1.475283251  
0.5221243194  
1.084604323  
0.6970443502  
-0.1572984466  
-0.375529806  
-1.012454113  
-0.6051111225  
0.8693834243  
1.063162538  
1.002370209  
-0.2171121377  
-0.9335398225  
-0.02258428977  
0.1215858075  
0.1432415088  
0.3785142236  
-0.8005529868  
-1.397878349  
-0.4537359057  
0.6325987453  
0.8401097373  
0.72504819  
0.6866492304  
-0.2417033466  
-0.2712901065  
0.8635330266  
1.201110448  
1.774014893  
1.149597658  
1.489549437  
-0.6961792401  
-0.5651574921  
-0.6163855018  
0.01234830777  
-0.2322906385  
-0.1089691972  
0.02190903519  
0.2396216032  
-0.1779650194  
-1.741439162  
-0.3752417005  
-2.128464768  
-3.659632254  
-1.519323695  
-0.2749662457  
-0.5888275324  
-0.09838549128  
-0.07378875389  
-0.1155059046  
-1.570229085  
-0.9803128425  
-0.319514219  
0.9825215182  
1.382935126  
0.180774419  
0.8985763071  
0.256701398  
0.6392485248  
1.426321209  
1.561131783  
0.422372585  
0.1611969598  
-0.3119089058  
0.9779248299  
1.599699197  
1.05023081  
-0.1629415013  
-1.798411915  
-0.876175702  
-0.5558636927  
1.098002784  
1.110670083  
-0.09474389484  
-0.8086516798  
-1.646801971  
-0.43067443  
0.7635625325  
0.9223761094  
0.7763002758  
-0.06998287743  
-0.1751199823  
-0.5227299348  
0.0675650824  
0.4155786435  
-0.2522297366  
-0.2792984738  
-0.01926576897  
-0.9243283712  
-0.8476665979  
1.0981416  
0.9463356592  
0.08541401145  
-0.270030197  
0.09831071226  
0.3157849052  
1.162849772  
1.256055549  
0.8296006268  
0.7646791501  
1.219033204  
-0.4970459672  
-0.2688084631  
0.3469057993  
-0.1526892668  
-0.4534418942  
-2.455938562  
-0.8417869352  
-0.2978546823  
0.2418858524  
0.9553348525  
0.7665419554  
0.4205735048  
-1.136416342  
-0.6884542564  
-0.2247440949  
0.4417455832  
0.1095410219  
-0.4749320574  
0.01497337747  
-0.3825107333  
-0.478827719  
0.1684696058  
0.2358852799  
0.326943173  
-0.07744944273  
-0.3043579943  
0.2037418847  
-0.06100355941  
-0.09448227038  
-0.1683593967  
-0.908663074  
-0.5478487769  
0.1237807723  
-1.115160188  
-0.7399766974  
-0.2081087692  
-0.4550970238  
-0.2243352275  
-0.8252769701  
-1.469755122  
-0.3550133579  
0.6878926735  
1.941356633  
1.660602112  
0.748460731  
0.6399722477  
0.141376668  
0.4487613407  
-0.05049439564  
0.08813175714  
0.6288893568  
-3.319122328  
-0.7725949101  
-0.471167266  
-1.082003845  
-0.6197588667  
0.07191237292  
-0.6282492285  
-0.310559494  
0.6348778499  
0.8886646079  
1.658598116  
1.488895837  
0.8939268007  
-0.1360023636  
-0.5283298665  
0.3170935413  
0.4540473118  
0.1218333704  
-0.4998480895  
-0.7700640481  
-0.1556271673  
0.6036873468  
0.7516505339  
0.2402197458  
-0.4441957651  
-0.9685645442  
-0.1305765371  
1.219235562  
1.871818003  
1.656243883  
1.260177578  
0.3822631124  
0.8811999442  
-0.1706039795  
-0.243162902  
0.3041933987  
-0.4453929787  
-2.867762993  
-0.8540707869  
-2.283415849  
-1.678310844  
-0.3284287927  
-2.80356313  
-1.783862143  
-0.2952622994  
-0.3396999281  
0.9232073416  
1.1312003  
2.061090231  
1.255241921  
0.7883965485  
0.2312579157  
0.5129213069  
0.6152508453  
-0.0302812466  
