-0.07641046659  
0.5891153569  
0.4401328136  
-0.3329089766  
0.2604152323  
-1.049447088  
0.09991275919  
-0.4167976481  
0.1534275595  
-0.5133578722  
0.6248459721  
-1.287568245  
0.9229316788  
1.319903832  
0.221139613  
0.4827956166  
0.2960474832  
-1.163520988  
-0.1112387588  
0.8527321755  
-0.2925329598  
-0.812802924  
0.5963342536  
-0.6167631097  
0.5232315919  
0.3336255883  
0.09291126664  
-2.855565913  
-0.3117562597  
-1.081923783  
0.2876763836  
1.395465322  
1.204898943  
0.02633852727  
0.4245726187  
-0.7077201965  
-0.1424754752  
-0.1763747947  
-0.09889675548  
0.03002588076  
0.3856551911  
-0.5368752157  
-0.04062846018  
-0.2775998499  
0.1239484528  
0.5271271271  
0.5591258884  
0.1812813235  
0.05165365303  
0.1878493258  
-0.4207962819  
0.6999679628  
-0.1128148504  
-0.1276279613  
-0.3282923573  
-0.1987011823  
0.1942143755  
-0.4707446773  
0.8415601416  
0.3036472265  
-0.1837312005  
-0.1286569026  
-0.05487331535  
-0.3741952008  
0.4645384015  
-1.393822998  
-0.2992058126  
0.8328948863  
0.3641795438  
-1.994496803  
0.04545554723  
-0.01717001313  
-0.04212347666  
0.3506016679  
0.6125108518  
-0.005579434594  
0.313306108  
-0.61965142  
-0.002971836763  
1.171557024  
0.6670524779  
1.246106517  
0.8477919992  
-0.9879053183  
0.963242939  
1.209302475  
1.219173357  
-0.3151286916  
0.5575810292  
-0.4920183944  
-0.4653564922  
0.6875731231  
1.047090221  
-2.036931047  
-0.5726010739  
-0.5188694831  
-0.4977096443  
-1.128838437  
-0.1502854605  
-2.276272386  
-1.297734192  
-0.7976800815  
-0.3801585908  
0.3293669802  
0.4664878811  
0.5158938753  
0.6861670064  
-0.35670605  
-0.1067816709  
0.8223249813  
0.1775347357  
1.277244376  
1.082327194  
0.4505576675  
1.277144135  
-0.1348912764  
-0.2479496502  
-3.412579035  
-0.09838362399  
-0.7974568691  
-0.4244656202  
-0.2027220053  
-0.08367331577  
-0.3870681057  
0.3442116414  
-1.063728982  
0.7036267115  
-0.1517319063  
-0.2682625037  
0.9062563772  
1.202809982  
0.1675279773  
0.2397807682  
-0.2481279367  
-0.2518117099  
0.2454494901  
-0.6970921655  
0.08505681165  
-1.830048897  
0.001326786592  
-0.01260119707  
0.5714018458  
0.8594120217  
0.8613199941  
-1.496918303  
0.2145303089  
0.5210374164  
0.4566563858  
-0.0129915045  
0.533202342  
0.519190276  
-0.7607221675  
0.5334016623  
-0.2444334356  
-0.3825083206  
-0.06914700794  
0.8632242998  
0.4659861411  
-0.4287582615  
0.4735184552  
0.04204686791  
0.0528801565  
0.05031902267  
-0.0279313583  
0.4220429734  
0.6262747818  
0.2800206066  
0.1446998702  
-0.07187543331  
0.2691447154  
-0.6946039596  
-0.6883552467  
-1.490325452  
0.03906909459  
-0.6499423741  
0.5506598381  
0.5057959352  
0.2655912258  
-0.8491394248  
0.05374250175  
-0.7556305647  
0.339487308  
0.6033015719  
0.2076186437  
0.4130899794  
0.1334826008  
-0.2218674456  
0.4550708232  
-0.4163316128  
0.1741737001  
0.02947352177  
0.6378281372  
-0.02266533915  
-0.5461334402  
0.2192764418  
0.6614659254  
-0.8547286175  
-0.5260322397  
-0.4221609534  
-0.6128428484  
0.557541707  
0.1908295053  
0.2545408469  
0.456410251  
-0.2380315186  
0.1715194383  
0.06841835999  
-0.1302778034  
0.4822778105  
-0.2060441074  
-0.2961978506  
-0.002143993762  
-0.7259382786  
0.1258286263  
0.4573990961  
0.2016852503  
0.292252566  
0.5038600871  
0.9278099084  
-0.1014745207  
-0.0555564388  
0.1597409765  
-0.1004693111  
-0.2982258937  
-0.6150764683  
-0.03945126393  
-0.1649407174  
-0.3190106295  
-0.9700979204  
0.4875142504  
-0.03141239255  
0.7018373499  
-0.5756582281  
0.381834053  
-0.5363528604  
-0.02387475705  
0.02882930867  
0.1811892876  
0.6371133586  
0.8215375742  
-0.4680759512  
-0.3572477234  
0.6744987346  
0.8071919097  
0.7776820066  
0.2265677103  
0.03001503789  
0.5582238454  
-0.2580785911  
0.2349548968  
-1.949588995  
-0.08246782452  
-0.1445450685  
-0.3038068928  
0.6224125001  
-0.2318684294  
-1.766978621  
-0.5996551997  
1.001308842  
-0.6071488566  
0.1120944075  
-0.1693394509  
-0.6908173151  
0.3003357418  
-0.8346803024  
-1.452020921  
0.2704259726  
1.143707637  
0.8288293994  
0.650727389  
0.7665455239  
0.5965531767  
0.4045569441  
0.2482634188  
-0.4373603339  
-2.094672137  
-0.14823102  
-0.6507486395  
0.07823200443  
0.7525554511  
1.033423916  
-1.150567651  
0.192520479  
-0.3532638689  
0.02157835243  
1.283612091  
1.147028801  
0.4521982603  
0.7200822634  
0.6323350056  
-0.3322952605  
0.3512311732  
-0.4413830454  
-3.154264988  
0.1215716254  
-1.256036621  
0.737220149  
0.4618455747  
0.3731757728  
-0.0600670486  
0.6275814745  
-0.3096856802  
1.605364888  
0.2714974646  
0.4512466776  
0.4302095199  
0.133549045  
-0.3306426667  
-0.2939992599  
0.6501220633  
0.5865783851  
0.4386055115  
-0.1286999841  
-0.04315199197  
-0.4598898143  
-0.6886733968  
0.7067000023  
0.4381071095  
-1.224162308  
-3.665668571  
0.4845512045  
0.637627366  
0.4456965006  
0.1487092933  
-1.109417379  
-0.9629560781  
0.9616461524  
0.9456648981  
-1.658786063  
0.1529876954  
-0.7920609299  
0.1872327561  
0.6915639189  
0.5376225818  
-0.04595571086  
-0.03811352987  
-0.03868677599  
-0.6040956301  
1.051846045  
0.7172357568  
0.3531984806  
-0.7460641876  
0.1086399937  
-1.400106301  
0.05154929275  
0.148714691  
0.2550520085  
0.6485256734  
-0.1211502588  
0.5115411821  
0.2192824525  
0.1957002087  
-1.006528792  
-0.2965749959  
-0.1465839622  
-0.4938840389  
-0.1288385656  
0.9699123227  
1.323953124  
0.5377312998  
0.5584425806  
0.4722293365  
-0.8745315721  
0.3011289965  
1.319569213  
0.2550274078  
-0.3228734183  
-0.4662208493  
-0.4054464606  
0.6390993822  
0.937935637  
-0.5632561413  
-0.02124398398  
-0.3025754214  
0.09891261131  
-0.02185117326  
-0.1002234945  
-2.005527072  
-1.003031437  
-0.8779594859  
-1.38349943  
0.2040638552  
1.066526112  
0.8309064184  
0.5904644219  
-0.2486522255  
0.08576056871  
0.1954936019  
0.105494128  
0.3054733695  
-2.068594814  
0.3970325008  
0.3223027381  
0.253406238  
0.7346617015  
0.6114674175  
-0.2325754977  
-1.111224907  
-0.9261426707  
-0.6982733057  
0.3063153788  
0.6483753522  
0.8337829211  
0.6474553733  
0.8357741058  
-1.324177582  
-0.3625287037  
0.6830681448  
0.3908712798  
0.6793879649  
0.1874115777  
-0.7894410473  
0.9116107269  
0.4478959791  
0.6230380125  
-0.167948991  
0.04344769419  
-1.056647497  
-0.06616118566  
0.1346099078  
0.4439927317  
-0.4423245469  
0.1704782231  
0.1322763922  
-1.219656688  
-0.6342141396  
-0.0415169892  
-2.273721575  
0.4371727721  
-1.02941317  
-1.249818087  
0.5731063762  
0.8607195428  
-0.1257197673  
0.5199958216  
-0.5611722398  
-0.05903922671  
0.5083418951  
0.6313016266  
0.681895655  
0.2419097606  
0.2198362012  
0.3928641446  
1.020903732  
0.2307947141  
-0.05017818907  
-0.5914215459  
-0.05492165035  
-0.02141672084  
0.1515808009  
0.1227112848  
0.5457973067  
0.6391988105  
-0.1755230503  
-0.9343288977  
-0.5765416125  
0.5355430345  
0.6904061361  
0.8454043089  
-2.443474127  
-0.02219047045  
-1.536803151  
0.549849178  
0.6580064298  
0.9140972501  
0.4225312565  
-0.1807582564  
-0.4404028767  
0.4852182367  
-0.5643055785  
0.2317462376  
-0.8292599889  
0.4088453191  
-0.3744781559  
-0.4281939161  
-0.6105416083  
0.3421496178  
-0.03299614309  
0.3253441929  
0.0603610913  
-1.512015354  
-0.4561066203  
1.525146594  
0.978783587  
-1.30718724  
0.5280382478  
-0.5822420393  
0.08605669024  
1.246733596  
0.6575718304  
-0.6699136508  
0.5476260593  
0.342164622  
0.4279332695  
0.6103910256  
0.03478760214  
0.7674334573  
-0.7483205575  
0.2350479895  
0.9001263392  
0.9251426318  
0.1295374512  
-0.03066615744  
0.2532104275  
0.5164561964  
0.7201624769  
0.6706035623  
-2.669236883  
0.1168525945  
0.1520410968  
-0.9196379446  
0.5071067602  
1.10210805  
0.3770287328  
0.1310989126  
0.8046251808  
0.02522213682  
0.3424345298  
0.0809301776  
-0.0616037642  
-2.374899725  
0.2650961354  
-0.7851553026  
0.02245080735  
-1.875115915  
-2.995108034  
-2.545540349  
0.7358894316  
0.2509825317  
-0.5590584511  
0.08847146569  
0.9154917572  
-1.660923597  
0.2161188879  
-0.03024719068  
0.5602051518  
0.488122568  
0.5926264256  
0.9553831151  
0.6674115623  
0.5505054181  
0.3463636805  
1.136042397  
1.499609517  
0.4861208642  
0.5851642792  
0.1330090013  
0.01008546138  
0.6004296193  
1.042833331  
0.1211754423  
0.6328575901  
0.2425839567  
0.4233464221  
-8.35351053  
-4.2894494  
0.8216117671  
-0.4743343472  
0.7167634484  
0.2555424997  
0.4329459247  
0.4357538769  
0.4802405153  
-2.911414049  
0.1373701989  
0.3207468066  
0.7616462801  
0.3142945063  
0.8897339692  
0.7248012994  
-1.600657955  
0.4356704895  
-1.435338503  
0.9878429603  
1.191546801  
1.011736133  
-0.823406823  
1.140878408  
0.3371047547  
0.838331233  
0.6229355769  
0.2603582365  
0.237499148  
-0.1522480972  
-0.7698876682  
-0.1875012992  
0.9605172585  
0.2740414468  
0.5310174858  
0.2182495628  
-0.06719458056  
0.3977098315  
1.041999067  
0.6491038775  
1.000586942  
-0.5033420085  
-0.1580282306  
1.167048384  
0.7828200051  
0.2449641853  
-2.657123467  
-0.3113440221  
-0.4563759391  
0.8000908842  
1.176472928  
0.1530014667  
-0.1080002565  
-0.05755214157  
0.2036089753  
0.330616351  
-3.953792436  
0.6510276542  
-1.564083773  
0.2796507269  
0.02582325544  
0.4144525347  
0.04277909548  
0.5824044441  
-0.2017283786  
-0.2415960951  
0.04857045961  
0.7321882152  
0.4475892175  
0.9620630394  
0.2518262083  
-3.784217994  
-0.01698978226  
0.53968461  
0.9017190193  
0.7745050425  
0.5480461723  
-4.199817851  
0.3266912128  
-1.314722288  
0.6625655077  
1.332022661  
0.860787665  
0.404372676  
0.6397971608  
0.8356463946  
0.7252525481  
0.6111318534  
0.7825337585  
0.0939297038  
0.2848612089  
-1.475376924  
-0.3645836347  
1.710965067  
1.252450198  
0.722535327  
0.3411570649  
0.499905449  
1.209763745  
1.187530305  
0.5895449334  
0.3715975694  
0.7081323  
0.8184174146  
-1.960202124  
-1.658423003  
-0.6140390091  
-4.403696857  
-1.208705016  
-0.6620770963  
-0.1811543346  
0.02287316759  
-3.819138902  
0.6679804563  
-0.2678193848  
0.4824259804  
-1.659446561  
-1.016568893  
0.05262482924  
-2.580878189  
1.664728796  
0.8576972814  
0.1448014539  
0.4114465311  
0.542301455  
-0.04313850531  
0.5621435784  
-0.1160338616  
-0.5017716313  
0.7057781319  
0.9716431551  
0.3581059673  
-3.660784257  
0.3435415785  
-1.021972898  
0.6013225727  
0.508454419  
0.9223327203  
0.1301317895  
0.232628482  
-0.6744421261  
1.03209458  
1.362160515  
-1.829789312  
0.773379887  
0.179139799  
0.6383141026  
0.2491719383  
0.1099972573  
0.5789626738  
0.02554474898  
-0.818006205  
-0.4752295795  
0.8337802623  
0.6367372013  
-0.06795446648  
0.6797169102  
0.4549655027  
0.01863419171  
-0.3641427734  
-0.6090499755  
-0.3856963089  
-0.2778677363  
0.254133475  
-0.841703762  
0.0276551743  
0.06317369039  
0.4645832025  
0.4292105043  
0.4101820593  
0.03256028132  
0.4127114939  
0.08995147011  
0.07706720418  
0.1284794344  
0.2479858137  
0.2120042958  
0.6220935661  
0.3992230288  
-0.3070375952  
0.4047513582  
0.4092887711  
0.03504946093  
-0.8165724153  
-0.02568947684  
1.173010648  
0.6363797212  
-2.550571352  
0.624888082  
0.07453129001  
0.1503429488  
0.3240140173  
0.06035791323  
-1.539252628  
-0.004522110559  
-0.9113479402  
0.1467542173  
0.3698960329  
0.6743343134  
0.004135464527  
-0.1675536964  
-0.4390135617  
0.7869772723  
1.009954254  
0.097533757  
0.6545976249  
0.3383491392  
-0.4338939503  
0.1028122684  
1.177346501  
0.2020528771  
-0.2742698815  
0.2727781537  
0.2406931096  
0.8165882633  
0.7233876883  
0.5662106328  
0.1098771877  
0.5370071375  
0.5150877571  
0.1697544486  
0.4142850347  
0.6123263101  
0.8001406169  
0.6356241352  
-0.7875067488  
-0.1199698747  
1.29235084  
1.116621951  
0.1324591598  
0.619560844  
-0.1292080556  
-0.359358872  
1.125979604  
0.69365254  
0.7847335089  
0.7019356659  
0.6257585089  
0.1305639448  
-7.475736387  
-4.829927405  
-4.305165621  
-6.283823868  
-1.61915102  
-1.267077935  
0.1580396795  
1.686513051  
1.650844328  
0.04210595478  
0.568845168  
1.154794778  
0.5903453952  
-0.2458473347  
0.3432534572  
0.4307307942  
0.9674651766  
-0.5964026149  
0.1868111655  
0.8035549726  
0.8910463856  
-0.3073274055  
-0.2098163182  
-0.8940931126  
-0.6451578201  
0.4726186999  
-0.04963020305  
0.3224560605  
0.3005239256  
1.053322377  
0.4732473404  
0.3575778241  
-0.4317650227  
0.6451134666  
0.647286261  
1.207078572  
0.8000534307  
0.5062793307  
1.645316005  
-1.293969695  
0.633787559  
-0.2567380701  
0.8172606713  
1.243562418  
1.008830577  
-0.1686050259  
0.2615473355  
-0.2812337229  
0.4182142345  
0.6613255654  
0.6511334071  
1.006519817  
0.315078771  
0.5186524456  
0.2696350256  
0.7469924233  
0.4564260127  
-1.172914988  
-4.325663214  
-3.992017217  
-5.702384173  
-2.509179486  
-0.121851962  
0.07052886653  
0.3116140053  
-4.311818537  
0.9246123064  
0.9224456311  
0.6255128082  
0.6056725237  
-0.4140027579  
-0.1910018558  
0.5605937692  
0.6201472032  
0.6121530779  
0.2345346775  
0.3173645075  
-0.3581036885  
1.095149492  
0.9203413568  
-1.814041742  
1.325200798  
0.2703940862  
0.2250792948  
-0.1884394331  
1.093783071  
-0.2080165207  
-0.00849722616  
0.6132500287  
-1.001442378  
0.5228191819  
0.7841342316  
0.4870273592  
-0.1058275338  
0.09600553362  
-0.2673342046  
0.1408369148  
0.5584839432  
0.8297659224  
0.7854695535  
0.4042756727  
-0.2680404991  
0.6197628332  
0.7017119749  
0.3015146223  
0.8029804326  
0.407292568  
-0.7509260793  
0.8476562922  
-2.682640534  
-0.4970737998  
0.3106109184  
-0.7959932811  
-1.104502201  
0.7686762099  
-0.1514862173  
-0.6825962561  
1.035780741  
0.4806741473  
0.6463592626  
0.1925634906  
0.3072088085  
0.09602091745  
0.06926206179  
-1.267909243  
-0.2063174803  
0.517815292  
0.8668027081  
0.8466068587  
0.8720441004  
0.1535867713  
0.6316994199  
0.4776344317  
0.240425798  
0.5311108439  
0.3690187862  
-0.008288743142  
-0.5652986072  
0.04321093295  
1.689597285  
0.8810093816  
-0.1832695202  
0.8500569042  
0.04012355135  
0.7939627344  
1.368981873  
0.5323400936  
-2.337246309  
1.235301037  
0.3083428606  
0.2534682207  
1.409312367  
0.592819448  
0.2675215231  
0.280016254  
-0.02969809204  
1.429370688  
-4.701325019  
-5.051120543  
-5.783357726  
-1.993896909  
-0.3679255569  
-0.1725919651  
-0.3013109508  
-0.4355349784  
-0.1445545572  
0.2460095772  
0.7534044773  
0.07014559233  
-0.9136753869  
0.3272306989  
0.5303347658  
1.3151937  
0.2572603062  
0.4070490954  
0.2770447332  
0.8550915677  
0.1489767788  
0.09140491174  
-0.1155459994  
-0.9889532859  
-0.7490447133  
0.1247875441  
-0.5503799487  
-0.02115518044  
-0.7408690677  
0.005841075231  
-0.6848501753  
-0.08697549703  
0.4156015071  
0.4662897239  
0.4658712523  
0.08194932306  
0.01381915609  
-0.607363921  
0.9815395511  
-0.4625119793  
0.1563955309  
1.281095155  
1.55562739  
0.5589376012  
0.2962144077  
-0.2667608911  
-0.5771295442  
-0.0872590896  
0.7385756796  
-0.5211472171  
0.110298361  
-0.4587495104  
-0.002684168602  
0.2403204269  
1.022184881  
0.4962223404  
0.5381687096  
0.04894332398  
-0.8693909345  
-0.1252943794  
-0.7877652893  
0.04618156097  
-0.5518216609  
-0.5215290248  
-1.151118677  
-0.1415806664  
0.5592920624  
1.186558366  
1.176765293  
0.6259574917  
-0.1639745779  
-0.3047496499  
0.7816072403  
0.2769001513  
-0.1012988422  
0.145500867  
0.1430946355  
-0.443836064  
-0.05015916996  
0.2899813649  
-0.1059934094  
-0.7405557097  
-0.4550604234  
-1.427184356  
0.4382601683  
0.6232452645  
0.1380663173  
-0.005146681267  
-0.02491406178  
-0.057460454  
0.1943145406  
0.425771529  
-0.3108646664  
0.3420855656  
-0.00114101959  
-0.2869636618  
-0.08281784257  
0.3589723092  
0.5431597572  
0.2608996481  
-1.011997  
-0.4976385371  
0.8545138756  
0.5438036622  
0.7638127  
-2.905359698  
-0.5989059884  
-0.7649235236  
0.8655598001  
-0.01664552666  
-0.02150150051  
-0.4162995339  
0.1138780303  
-1.15634689  
-1.082995984  
0.1190846457  
0.5467337396  
0.1434887021  
0.7675270894  
-0.3934252644  
0.1089417921  
1.638704382  
0.6049066861  
0.8536983035  
-0.3543908904  
-0.497220609  
1.097437397  
0.7581457523  
-0.4095686917  
0.8371877503  
-0.04848192278  
0.09745372171  
0.09718360627  
0.2370146178  
0.09719005478  
-0.4798073012  
-1.409547114  
-0.343783224  
-0.5292645733  
-0.1678691868  
0.7233489632  
-2.034845325  
-0.4839225504  
-0.6259075059  
0.5789831828  
0.6652990847  
-0.1751357553  
0.7199235278  
-0.9011719125  
0.497152152  
-0.8228989628  
0.02555992874  
0.4533664128  
0.8965990509  
-2.83071003  
0.4412148811  
-0.3263138762  
0.9101868624  
0.9889200238  
0.1138261045  
-0.07773037785  
-0.2924151789  
-0.1508525885  
-0.1745934507  
1.023032526  
1.138373493  
0.7438539832  
0.2695834503  
-0.09750228773  
-0.09623747902  
-0.2704712879  
-0.005907874312  
-0.05199863535  
-0.04334787733  
0.01584922986  
-0.362424907  
-0.7175647189  
0.3405985161  
0.4918810042  
-0.3637934006  
-0.2456212348  
0.5919290216  
0.005700152283  
-0.05637188946  
-0.7106117453  
-0.1057836186  
