0.4827389633  
-0.2773982952  
0.149918705  
-0.005483630205  
0.1613685403  
-0.796821517  
-0.4399841539  
0.05485141078  
0.2334487462  
-0.9558341035  
0.839784197  
0.1792395009  
0.8061081603  
0.6226505019  
0.2225383019  
0.710413433  
0.4577774382  
1.095501925  
1.753899037  
0.4168524311  
-0.3420557757  
-2.535363214  
-1.528742521  
-0.1044640793  
0.4843864873  
0.0957517268  
-0.4988397605  
-4.290357315  
-1.841966549  
-0.2972192802  
0.6484951973  
0.7104587876  
0.2377430434  
0.2177121283  
0.08458149275  
0.1220674209  
0.8262305153  
0.04355065016  
0.11101813  
0.2395004756  
0.06795070944  
0.2130351531  
-0.3776472662  
-0.3603591704  
0.1277108545  
-0.3136172483  
0.3363751516  
0.2587499843  
0.140684874  
0.111001546  
0.1029945205  
-0.1384116746  
0.2456112739  
0.3920509499  
0.3363192899  
-0.1618628018  
0.08769066431  
0.4464997968  
0.2540219597  
-0.3173257506  
-0.1781053954  
0.4863687157  
0.354980201  
-0.4106582054  
0.2489132674  
0.6755861644  
1.075988353  
0.6284156806  
0.3205433779  
-2.17024347  
-0.7378874201  
-0.4489399211  
-1.431271137  
-1.466705753  
-1.319688926  
-1.206508818  
-1.039836198  
-0.1910899354  
0.7195890737  
1.318743223  
0.2688752745  
0.4146970586  
0.4549604217  
0.7879999803  
0.8031130469  
0.937950363  
0.1629102969  
0.4486242098  
0.4741416633  
0.2354264132  
1.216735789  
0.9153592383  
0.3638583525  
-2.024148829  
-1.124269875  
-0.8686538155  
-0.6671546986  
-0.3686515315  
-0.02662757196  
-2.468464013  
-2.021438891  
-0.1156315913  
0.8523433072  
1.053415628  
0.9374450065  
0.3631946306  
0.1858807199  
0.7600070846  
1.423730666  
0.7392532155  
0.8196796643  
0.5960771903  
0.4234397848  
0.6052012567  
0.5164835019  
0.02461162083  
0.1521741862  
-2.718487031  
-2.058893015  
-1.645560228  
-0.8437437929  
-0.4827425486  
-0.2683256923  
-0.4240083425  
-0.4259230603  
-0.8893483306  
-1.436157071  
-0.06879815295  
1.102970283  
0.7273829119  
0.4614734927  
1.005403315  
-0.02789368379  
0.4851085748  
0.4250922776  
-0.1791987629  
-0.02187609695  
0.3362947862  
-1.791570755  
-0.3683548313  
0.4584986636  
1.169238225  
0.6951277551  
0.7121963247  
-1.481556977  
-0.8781467836  
-0.4167976493  
-0.1466664695  
0.1903026226  
-0.5088222153  
-0.09117744539  
-1.278876469  
-0.9752848446  
0.2812868603  
1.17021657  
1.157140939  
0.64597922  
0.7164846114  
0.1744733495  
0.2197602531  
-0.147154193  
0.250330481  
-0.07899668943  
-0.291472948  
0.1060809474  
-0.0517716341  
0.07979126404  
0.4456945615  
0.004865618013  
-0.1346172247  
-0.7105847783  
-0.1049096978  
-0.803038735  
-0.3462193221  
0.9920395799  
0.8428553824  
0.7749121589  
0.3958874345  
-1.755738514  
-0.6771281492  
0.3174826904  
1.296762194  
0.895277719  
1.156992665  
0.02639565203  
0.2228632107  
-0.2979909737  
-0.4266768585  
-0.4229738559  
-0.03338927681  
0.01863249994  
0.2646845932  
0.1748895591  
0.6865937912  
1.223593038  
1.096364597  
-1.186310452  
-2.214229629  
-0.1374289991  
0.9738047141  
1.017291865  
0.6770911724  
0.09745983845  
-0.1526431248  
-0.191647679  
0.04444291837  
-0.7552177275  
0.004668194789  
-0.07755743393  
-0.3071588979  
0.1932370668  
-1.186620818  
-0.01846177772  
0.1965637774  
-0.02096593606  
0.2177409863  
0.4864831568  
0.3593281767  
0.4123627011  
-1.133294078  
-0.4595426362  
-0.3457153032  
-0.7831038063  
0.1701189641  
-0.2549714011  
-1.001359469  
0.01088647002  
0.1642301666  
1.184914079  
1.666240049  
0.6151949337  
0.7510637246  
0.05217346496  
0.6183190566  
0.1310901784  
1.171826871  
1.152878809  
0.550354636  
0.4019171487  
0.5302225216  
0.8747396164  
1.43025859  
1.542049385  
0.9845761395  
0.5888503764  
1.104400299  
0.6003942371  
0.3974169898  
0.3198354902  
0.1194108994  
-3.103360541  
-1.721134016  
-1.422256911  
-1.732277608  
-1.337016596  
-1.690815741  
-2.628453709  
-2.192624737  
-0.9476643816  
-1.101529517  
-1.495344633  
-2.035720019  
-2.764421466  
-1.644277065  
-0.03501753036  
1.513836469  
1.511255174  
1.4478944  
1.11692444  
0.8301772962  
0.8970216054  
0.1020947435  
0.3983437984  
0.4321478806  
0.3010454556  
-2.737535389  
-0.7304351108  
0.8978496523  
1.375210089  
1.363524518  
1.17296863  
-0.3689156995  
-1.576955311  
-0.9214977195  
0.8570543408  
1.374989458  
0.9793307854  
0.5099456698  
0.3686530308  
-0.0905364612  
0.5015550496  
0.2440548539  
0.5162812884  
-2.673935161  
-1.447275767  
0.5735543156  
0.9443620354  
0.5679790635  
0.1872492633  
0.05815484857  
0.7191839665  
1.026670603  
1.562313902  
0.8394851442  
0.04412517447  
-0.0337914768  
-0.2843159161  
0.6301240299  
1.0118392  
0.4198653735  
0.1530272528  
-1.279234403  
-1.378943679  
-1.360273929  
-1.16092162  
-1.527433587  
-1.103812844  
-1.071552548  
-1.054616673  
-0.9483723769  
0.726734993  
0.7310654997  
0.5366489338  
0.1585467729  
0.3036220104  
1.527567996  
1.199359492  
1.365028343  
-1.058743065  
-2.050333465  
-1.311125157  
0.9380967856  
0.9632939205  
0.3100984012  
0.1266317656  
-2.684610842  
-1.005111401  
0.3519793306  
0.7726819086  
0.3353520209  
0.3113449285  
0.346163711  
0.392400794  
1.394654184  
1.111984428  
0.5074843184  
0.5244122387  
0.2490406112  
-0.005766187441  
0.172867054  
0.02049704799  
0.004727431741  
-0.01425643657  
-2.292560694  
-2.16921371  
-0.9058720806  
1.144113851  
0.9464082412  
0.5949986651  
0.6742167659  
0.00514098386  
-0.08333509865  
1.246446011  
0.6889974921  
0.6429657116  
0.4191216471  
0.883905521  
0.8925354465  
1.441273558  
0.9886315714  
0.5681259786  
0.02684128817  
0.03232590927  
0.4685907786  
0.2074519418  
0.3252038173  
0.07918306263  
-2.228037282  
-2.604394627  
-1.246650887  
0.9977250823  
1.755843036  
0.6460482893  
0.7662648508  
0.6536527185  
1.119439265  
1.211881347  
0.2758387837  
0.5070634314  
0.3257880138  
-1.448379108  
-2.887859436  
-2.829705342  
-2.459122178  
-2.879334379  
-2.676433749  
-2.232938485  
-1.593472628  
-0.7585989284  
1.162410355  
1.877566683  
1.018782067  
0.770545819  
-2.701889222  
-1.457014289  
1.591523765  
1.482657567  
1.244509731  
1.231201018  
0.8788414207  
0.4683963585  
1.433940929  
1.239445281  
0.5668473184  
0.8694801416  
-1.700899939  
-1.756961366  
0.1381415914  
0.9082237011  
0.03471276638  
0.3418201841  
0.7051512496  
0.27940111  
0.3195797567  
0.5663575376  
0.7660946533  
0.6815659846  
-1.587846091  
-2.662435238  
-1.013715813  
1.285789658  
0.5402285502  
0.1765629866  
-0.1580236312  
-0.4514831579  
-0.1234480836  
-0.04808605099  
0.4281351329  
0.2478246859  
-0.1599507707  
0.2431604194  
0.2594790847  
-0.2801414913  
-0.1542348632  
0.4411876017  
-0.3902507068  
-0.3871566218  
-0.03805148222  
0.3542565051  
0.08964926524  
0.5391368449  
0.1163819328  
0.6552288285  
0.2096425844  
0.6082244762  
0.7360017796  
1.113578316  
0.5258500081  
0.7587942116  
-2.780275436  
-1.959026615  
-0.008599606305  
0.9486388058  
0.3932140278  
1.139234782  
0.5713331604  
0.307907754  
-0.4678527822  
0.2569464688  
0.3924391258  
0.03952911523  
-0.9931820419  
-1.097017624  
-1.022141892  
-0.3888367164  
-0.7193078791  
-0.6260746296  
-0.4765550814  
-0.384012686  
0.2238189191  
0.5188322825  
0.9339225733  
0.7470677251  
0.54568882  
-1.575422521  
-1.049377146  
0.3908875431  
0.7090980975  
0.5788505852  
0.4029005875  
0.5784275927  
0.6241183515  
-0.2947355083  
0.0002368849533  
0.1925709996  
1.183127687  
0.2480852127  
0.4814483338  
1.198175949  
1.285580028  
1.438579055  
-0.8961785729  
-1.018497698  
0.9611262278  
0.888585987  
0.980360424  
1.382965166  
-2.087229583  
-1.549195133  
-0.8793527036  
0.837715261  
1.247132631  
0.863752708  
0.7454151529  
-1.584395484  
-1.077608225  
-1.882109754  
-1.344772472  
-1.427959632  
-1.331689292  
-2.620325624  
-1.417627246  
0.7878273676  
1.319903197  
-0.6516000339  
-2.017939991  
0.2927209639  
0.880222673  
0.4046447338  
0.1792701987  
0.7296285955  
0.6898921793  
-1.142274879  
-0.4418688296  
-0.166900744  
-0.7820534013  
-0.6807735065  
-0.7933587702  
-0.4387073747  
0.01945977875  
0.03383382135  
0.8316656656  
1.196376118  
1.195342277  
0.6931338803  
0.1224048289  
1.215963073  
1.021378247  
1.133530134  
1.723683289  
0.9972123437  
0.8783178653  
0.1950572001  
0.8072942457  
-2.756165379  
-0.4942308708  
0.7071014676  
1.343078927  
1.139192804  
0.7791172566  
0.19835044  
0.723386472  
1.022405112  
-1.46819224  
-1.151449109  
-1.016733145  
-1.097385639  
-1.066025322  
-1.325163912  
-1.043960936  
-2.653009741  
-1.598350304  
-0.6613847598  
0.2439064115  
0.08353345382  
0.2804809544  
-1.276732611  
-0.9895883453  
-0.5829973753  
-0.2572004148  
0.1362417677  
-0.2181196609  
0.1844589124  
-0.9285985329  
0.9636877638  
1.557623014  
1.427835192  
1.540599906  
0.8379873004  
0.9672880865  
1.347975556  
1.601798695  
1.1800676  
0.1616189351  
-1.086633708  
-0.1826704815  
1.172154393  
0.9018468763  
0.9902743812  
0.5578278867  
-1.520445003  
-1.075563904  
0.3127526046  
1.035196377  
0.8117026943  
0.4965890853  
0.1564015174  
0.4630096422  
0.6869234057  
0.3752813328  
0.05819610746  
0.03901856385  
-1.202069319  
-1.487582876  
-1.340064427  
-0.9817316287  
-0.742743988  
-1.002667477  
-0.5090454704  
-0.2913627827  
-0.56558866  
-0.5574976059  
-0.2488632305  
-0.1255669974  
-0.292382261  
-1.51621733  
-1.631882423  
-1.538337966  
-2.032497168  
-1.581384468  
-1.456757226  
-2.491819013  
-0.7171624264  
1.129846614  
1.583991768  
1.502644107  
1.621780495  
1.049409589  
0.9810070786  
0.3577857543  
1.153459805  
0.3482804923  
0.712267297  
0.6346192536  
0.3494673426  
1.09476487  
1.917864939  
1.623220638  
1.277704087  
1.543432979  
0.8743635953  
0.9700044653  
0.5153253846  
0.4570159451  
0.6279879694  
0.4463528146  
0.3108899571  
0.1805378285  
-0.8869566019  
0.1941265402  
0.110242824  
-2.586663621  
-2.303109314  
-1.584925406  
-1.577028078  
-1.52046812  
-0.7890611137  
0.5111986827  
-0.4371632948  
-0.8172357884  
0.7732192188  
2.013551546  
1.994798588  
-0.09755554659  
-0.7538078303  
-0.7866442798  
-0.0326902963  
-0.6568134303  
-0.2908572805  
-1.53407281  
-1.207524299  
-0.4961803996  
0.4916253556  
1.126092146  
0.3211633616  
0.3558355981  
-1.77334314  
-0.7781078412  
0.8397844465  
1.256953686  
1.912168678  
0.6636134272  
0.5195117193  
0.3670827583  
0.7401814865  
1.376453222  
0.5552511105  
-0.4640858571  
-0.7253245908  
-0.3546007792  
-0.2244390659  
-0.6604629286  
-0.258225211  
-0.5373536103  
-0.6649595517  
0.636483706  
1.113474275  
1.274619444  
0.9756486205  
0.4861487536  
0.6447940763  
0.3411832546  
0.5046068095  
0.1098705661  
0.2222420437  
0.2024779619  
-0.8521033056  
-1.308381033  
0.4178598044  
1.880708271  
1.277690747  
0.8199055219  
0.131705559  
-1.397401057  
-0.6526376871  
-0.6060818712  
-0.5685869012  
-0.231158888  
-0.9448982594  
-1.185541503  
-1.891295491  
-1.186703632  
-1.577545817  
-0.4451563836  
-1.317043714  
-1.089998129  
-1.044226448  
0.4219196998  
1.3042997  
1.183504296  
1.000837813  
-1.034981877  
-0.6176841124  
0.6281228015  
0.576781701  
1.210481522  
1.108545744  
-0.9625048685  
-0.3409406142  
0.5611575198  
1.226697973  
0.9233344163  
0.6609333659  
0.9084809649  
0.5483943492  
1.166335344  
1.381868245  
0.6270613519  
0.3258737618  
-1.450944208  
-1.676696642  
-0.02311497928  
1.091560451  
-0.07693554771  
0.3486281267  
0.5345262014  
-0.4888135726  
-0.2435097411  
-0.9476730491  
-0.9483856301  
-0.9860640923  
-0.9756691899  
-1.750375614  
-0.9086611063  
-1.61549422  
-0.8708217055  
-0.6156114386  
-0.9777111834  
-0.9436251493  
0.06383502607  
1.030106649  
0.8075746774  
0.9187163755  
0.1672016248  
0.2049112833  
0.01801307223  
0.519093632  
1.215773276  
0.6450462896  
0.4213004042  
0.168677794  
0.03268291542  
-0.08068076592  
-1.025176986  
-1.276178753  
-0.1059750508  
-2.584948154  
-0.9181487964  
1.599017192  
1.70910973  
1.248095198  
0.334099749  
-0.4352494092  
0.6149054194  
0.2627562077  
0.02500369177  
0.02961663292  
0.1320580587  
-0.325446726  
0.03498032553  
1.212210695  
1.091044168  
0.6032690577  
1.229688324  
0.9552622135  
0.1026449655  
1.300350478  
1.65698661  
1.061830253  
1.182417858  
0.7440528034  
0.0434222469  
0.4487019514  
0.6426244172  
0.1249596135  
-0.8982746249  
-2.129285608  
-2.363582468  
-1.28920634  
-0.9056856585  
-0.658543876  
-0.3332020018  
-2.956837642  
-1.822317736  
0.4149568537  
0.5951414477  
1.317435891  
0.2836968306  
0.8709115043  
0.0464491006  
0.9230484353  
0.7479899762  
0.6685516596  
0.7193578366  
0.7594497339  
0.05363705814  
-0.3451467001  
-0.1350216789  
0.2865873896  
-0.08788959149  
-0.7474790864  
-0.7632145405  
-0.754528702  
-3.045282885  
0.2829771239  
0.5652091313  
0.9548224456  
1.042759991  
-1.450227131  
-0.7051926196  
-0.7269046837  
-0.5076802391  
-0.08220124057  
0.433606164  
0.8831476916  
1.301428264  
1.207120324  
1.586044564  
-0.613786945  
-0.9427288519  
0.9183111215  
1.431789361  
0.7187849496  
-0.7371750274  
-1.37737341  
-0.9280280593  
-0.8024475839  
-0.5930331702  
-0.6473543445  
-1.027609588  
-1.55661227  
-0.8836531623  
0.4323535895  
1.544694593  
0.7199757652  
1.302028145  
0.5065241288  
-0.2109675443  
0.3284525442  
0.3765100851  
0.5428805544  
0.455361467  
0.3470673198  
0.2997459824  
1.102995138  
1.478557686  
0.4760650613  
0.1859678091  
0.495405278  
-0.04621164548  
0.7440683165  
0.836521948  
-1.490538353  
-1.387150096  
-1.331483364  
0.02211957606  
1.193003394  
0.661897853  
0.6702677461  
-0.294946565  
-1.34316141  
-1.209486667  
-1.09006118  
-1.424758051  
-1.155448343  
-1.058885206  
-0.6402497641  
0.1412424366  
1.132180948  
1.124095035  
0.4679473749  
0.544109547  
0.1548017066  
0.36887344  
0.2707902482  
0.1456131891  
-0.1926347178  
-0.2811319682  
-0.04921233931  
0.1143611771  
0.7167698025  
1.583621415  
1.30546526  
1.493969517  
-0.7947486484  
-1.436144408  
-0.5693400031  
0.9908896361  
-0.04609621837  
0.02445756372  
-1.399939883  
-1.839169029  
-1.716113885  
-1.852494015  
-1.997733308  
-2.006588757  
-2.508345045  
-1.566093799  
-0.2858872661  
-1.003656307  
-1.188259825  
-0.69826316  
-2.473973782  
-0.3958009987  
1.055162046  
1.28886456  
1.757445882  
2.344489802  
1.537847265  
1.338100743  
0.1710009421  
1.08013758  
2.11840361  
1.370722195  
1.118916694  
1.156361733  
0.4690579926  
0.0718352745  
0.415973723  
0.2503362591  
0.636251196  
0.2934165076  
0.050479244  
0.08996339195  
0.09571564052  
-0.02557618664  
0.003238545869  
-0.3648746724  
-0.2529174421  
0.2193262611  
0.3905130473  
0.7392668153  
0.756478669  
0.1696978928  
0.1772433069  
0.4823577411  
0.2241199065  
-0.3437946671  
-1.155090862  
-0.09030671078  
1.067128328  
0.2924146843  
-0.08003341965  
-0.4065303339  
-1.582050346  
-0.9559768296  
0.02825492337  
0.447644386  
-0.1995565468  
-0.4102810876  
-1.074711336  
-0.1346530201  
-0.23076752  
-0.2334970133  
0.004213689687  
0.01140871871  
-0.4959414307  
-0.3380741338  
-0.3018711885  
-0.9229938821  
-0.847673056  
-0.4127231824  
-0.8416510909  
-0.1909812108  
1.524006498  
1.121739039  
0.8559742503  
0.5177037646  
0.2689549375  
-0.580629993  
-0.102626565  
0.9327651191  
0.2127058516  
0.177409431  
-0.2799164372  
-0.3061109841  
-0.2350761064  
0.7833893905  
0.7865039952  
0.4985933467  
-0.2394094087  
0.06190512082  
-0.298387578  
0.5847872118  
0.7359905295  
0.7435054561  
0.1300057625  
-0.2946526097  
0.2096080783  
-0.06325270099  
-0.4874130667  
-0.007827807672  
0.4889050198  
0.3615837393  
-0.001446636547  
0.481926425  
0.9009593222  
1.518570668  
0.5253295175  
-0.233455544  
0.3000898084  
1.107598857  
1.210367628  
0.380732345  
1.007590422  
-1.06035219  
-0.9358064131  
-0.290767767  
-0.3394747271  
-0.417395498  
-0.2887877805  
-1.241486329  
-0.3783404826  
1.270168221  
0.9436781885  
0.4822753885  
0.1950618918  
0.1731782608  
-0.1408972523  
1.009833324  
1.866861542  
1.176175847  
1.376827019  
-1.10797425  
-0.6123393603  
0.6804568214  
0.6481954913  
0.5648304794  
-1.070161847  
-1.697055324  
-1.47804063  
-1.251636849  
-1.33178621  
-1.257377175  
-1.160694781  
-1.648057177  
-1.075925734  
-0.8701082742  
0.4073132461  
0.6765952793  
0.5519131312  
-0.7044115077  
-1.490538539  
-2.063202769  
-1.485454519  
-1.56318774  
-1.232547494  
-1.266878925  
-1.248012133  
-0.8453556666  
1.195959367  
1.748681637  
1.536164243  
0.9808200035  
-1.886768152  
-0.6045196012  
0.6382523959  
0.7366794759  
0.5828952296  
0.2231329469  
0.5202049676  
0.3080059236  
0.07109529927  
1.24205874  
1.463258108  
0.4521424957  
0.8402153391  
0.01971928081  
0.2941409014  
-0.3331577784  
-0.4373752057  
-0.4049467465  
0.2574391146  
-0.6376806936  
0.3973770384  
0.3886474483  
0.497502472  
0.1066043758  
-0.5292179627  
-0.2172358247  
0.07144856481  
0.7535620355  
0.0507170207  
-0.4557737593  
-1.360916044  
-0.8004739216  
