0.2614842274  
1.482552083  
0.2034547567  
0.01416040142  
-1.524557449  
0.1654687925  
-0.5892910949  
0.5816191124  
-1.596113167  
0.1898102133  
-0.1136101248  
-0.5594885915  
1.124981707  
1.433611797  
-0.9342903427  
1.079460632  
-0.8287102822  
-0.3974865286  
2.235475653  
-0.9583020309  
-0.5158107199  
-0.6079594086  
0.5229497483  
0.0713132279  
0.4268038098  
0.09909485161  
-1.772950653  
1.820381105  
1.233382805  
-0.65294414  
-0.297039578  
-0.398736632  
-1.189876461  
-1.70488387  
0.5958695294  
0.1924009412  
-0.7990797367  
-0.5352033836  
-0.2283766367  
-0.2708448332  
0.3649597089  
-0.2604914578  
-1.025907471  
-0.950673017  
-1.5057442  
0.9421618665  
-0.05990333377  
-0.8521786848  
-0.07592917124  
-0.2340516094  
0.8136433972  
-0.5838258092  
-0.3999216213  
-1.218753369  
-1.760597417  
-1.172820769  
0.3940691884  
-0.103763196  
0.4391396384  
0.4122865097  
1.689336023  
1.144240127  
0.4900573049  
-0.3203192826  
0.1128136872  
0.0826842062  
0.9110712531  
-0.4358843877  
-1.266289202  
-0.8505385573  
0.3100159015  
-1.346303066  
1.215728255  
1.180671178  
2.2834476  
0.6636250504  
0.5002129407  
0.3783115771  
0.3117539037  
-1.496901037  
0.8515361377  
1.884126886  
0.01411241768  
2.201715092  
-0.3412721725  
-0.1364791841  
-1.144429648  
-0.08051409134  
-0.2032963601  
-1.44639254  
-0.8967254834  
-1.206880635  
-1.02738406  
-0.01313582399  
-0.2373937514  
-0.1308266432  
0.2526210908  
0.6679970593  
0.8299957477  
-2.009410233  
-1.902398786  
-0.6597192906  
-2.694446087  
-1.363370072  
-0.6430379566  
-0.8212834133  
-1.835898991  
1.699154547  
-0.1387706928  
0.4753439429  
-1.33542464  
-0.5103974207  
-1.016086742  
-0.2124751367  
-0.3599695634  
-0.05998478758  
0.5548669409  
4.202332625  
-0.3741062556  
0.8192695867  
0.5612623804  
1.322492232  
0.358061189  
0.4740864564  
1.463704096  
1.184421075  
1.230777555  
2.465247259  
0.3234122351  
-0.09850889401  
-0.318264833  
0.3734445477  
-0.7343389424  
-1.507444278  
-0.6667963097  
0.5873055708  
0.6635500134  
-0.610509175  
-0.09145582621  
-0.6003701729  
0.2979010787  
0.2347281956  
-1.562376069  
0.9519225711  
0.3088660887  
-0.0910296443  
0.8930302796  
1.577493368  
-1.114260697  
-0.5639210133  
-1.582233881  
-0.2951756508  
0.5310965875  
-0.8361948093  
0.9085021698  
1.456332893  
1.622163062  
2.952979403  
0.3318856016  
1.929773285  
0.1153410659  
-0.6119868145  
-1.43636133  
1.137700383  
0.257429004  
-1.279819692  
0.3809861476  
0.8385351612  
-0.9807936538  
0.1088362821  
-0.2783941477  
-0.03301519787  
-2.123709634  
0.3459520785  
-2.358286674  
-1.120155153  
-0.2037121012  
0.2722479506  
0.9029236377  
-0.2357153989  
-0.5505010026  
-0.879553915  
-1.898659068  
-0.1453629693  
-1.255311837  
-1.505120304  
0.01721972351  
-1.104140354  
-0.005958353603  
0.5137763039  
1.230756242  
2.239926581  
0.1708281813  
0.8648809226  
-1.568210981  
1.260311811  
-1.454596654  
-1.090920034  
0.694252497  
0.7571162382  
-0.9168386088  
0.8315242349  
-0.02849316484  
0.6578771215  
-1.670091281  
-0.1970678509  
1.5958565  
0.2090305515  
-1.153553189  
0.3785560619  
-0.09786414886  
1.048120014  
-1.291037394  
2.289955548  
0.9466091299  
-0.5223089128  
0.1794130373  
-0.1261682487  
1.002874403  
0.2124921693  
-0.9689906414  
0.8581564428  
-0.8867249391  
-0.1228230418  
-0.1308451239  
-0.4292068528  
0.02703653966  
0.04205477006  
0.0002323792198  
-0.8251365056  
-1.85363205  
-0.8951161607  
0.7182385309  
0.3189224908  
1.760987828  
0.6859124698  
-0.8006720378  
0.5756315859  
0.09858512655  
-0.3021261908  
-0.4221827346  
-0.3949722953  
0.3224729372  
-0.291782899  
0.6811966957  
0.9455615302  
0.8297049277  
0.4512234033  
0.2390504676  
-1.602411034  
1.407837579  
1.214290499  
-0.3240834335  
-0.2229438565  
-1.357629442  
-1.052001535  
-0.7806372678  
-1.309155272  
-0.04025229616  
-1.180220561  
1.233665385  
-2.014372646  
-0.6187087629  
-2.152662668  
-0.8927446333  
-0.8729052333  
-0.05032313294  
-0.4012011837  
0.3119449021  
-1.006610731  
-0.157746979  
0.4319610034  
1.106791299  
1.266142037  
0.5992157497  
-0.1698155151  
1.642165604  
-0.2019672429  
1.232476127  
0.8754681999  
1.412517247  
1.022100145  
-0.6268749443  
0.4130194752  
1.738305572  
0.7567240985  
-0.00769807525  
0.3454581836  
1.445454481  
-0.4743046872  
0.9997608092  
-0.7242718016  
0.6678500376  
-0.4796041182  
-0.4248195069  
0.8996560393  
-0.2485986929  
0.8125874944  
-0.6703207872  
-0.5430477464  
-1.922946237  
-0.4894762476  
-1.758472255  
-0.1666115822  
0.3050267797  
0.5973221192  
0.4403345433  
0.9115124591  
-0.7950092806  
-0.2112850636  
-0.787419974  
-0.07486705186  
0.1987568358  
0.7622872592  
1.535176356  
-1.461880648  
-0.4517603834  
-1.225697123  
0.4931918685  
0.5058189005  
-1.926464055  
1.925609795  
0.5527856211  
-1.446812975  
-0.001012885158  
0.9842243568  
-0.425140118  
1.858117194  
-0.01505202999  
-0.5289986687  
-0.6695054373  
1.564658004  
0.8590898491  
-0.7381549815  
-0.296272164  
-0.833720759  
-1.363588044  
-0.6777293668  
-1.641025078  
-0.6294526824  
1.135290696  
1.952554611  
-0.7540503123  
1.054696198  
-0.7714050461  
-1.361135589  
0.9314818155  
0.3241759385  
-0.3211583956  
-0.6764601231  
-0.4686055919  
0.2046700047  
-0.1746486842  
-1.378159244  
-0.2369010053  
1.353929927  
-0.5320410914  
0.871761868  
1.251482857  
0.1066951609  
0.2131099883  
0.5869776846  
0.7305678912  
1.497121472  
0.3232964757  
-1.119070789  
-0.235080395  
-0.2951207276  
-1.016287137  
0.8955960908  
0.3840256855  
-0.6079050711  
-0.01609961764  
1.174719884  
0.3539870276  
-0.2239567585  
-1.286734273  
-0.8310277675  
-0.6479349171  
1.774126488  
-0.2780147072  
0.1311946745  
-1.055960169  
-1.389367602  
-0.1617489247  
0.6406982866  
2.222882883  
1.185624675  
-1.668243237  
0.8307708583  
0.6310345203  
-0.2679524094  
1.488207788  
1.268683546  
0.2623692295  
-0.4133808851  
1.322117067  
0.2748481445  
0.5187938587  
-0.2497350189  
-0.1350740051  
-0.7984991773  
0.1426724007  
0.00354425239  
-1.620118326  
-0.2292000725  
-0.05410218643  
0.03188125168  
0.8554711143  
-0.67243424  
-0.7588108484  
-1.418944429  
-0.4967102769  
-0.01380995014  
0.9819395702  
-1.57514868  
0.2783839958  
0.1129243958  
-0.3349972651  
-0.861602013  
-0.9434015113  
-1.331142454  
-0.83706455  
-1.345301587  
0.294138784  
-0.09814309373  
-1.397343489  
-0.2909828612  
-0.4262848379  
0.02157244549  
-0.1247903607  
0.6666586105  
-0.3440687548  
1.977550636  
-0.4176468196  
-1.014586958  
-0.4639478691  
0.660938617  
0.4849303411  
-0.3277646754  
-0.8257232672  
0.1959899091  
0.517508423  
1.549319278  
-0.6610190553  
-0.1175841311  
0.5316061219  
0.3854198941  
-0.9914064203  
-0.7435566754  
-0.3381404675  
-0.8232920068  
-0.811566583  
-3.119483963  
-0.7906431581  
-0.2511766107  
1.21125655  
-1.380843495  
2.23699579  
1.483431692  
1.744991007  
-0.2723520887  
1.090220212  
1.684111052  
0.3158057406  
0.003736934307  
3.098489624  
2.030812414  
-0.4317705501  
0.4731540379  
-0.293670238  
1.702713805  
-0.6437365687  
0.1502664823  
0.8352898908  
0.1057355252  
-0.3124055807  
0.3402740046  
-0.2064040093  
0.09362838274  
-1.068213495  
-1.801800086  
0.7720909698  
-0.7291246651  
0.3680645309  
0.7509766261  
-0.6852531475  
-0.5701363339  
0.1160530349  
0.9070790495  
-0.1151770878  
1.114532823  
0.01703023914  
-0.6005018817  
1.158042541  
-3.153830381  
-1.150119721  
0.4929617948  
-0.6858871325  
0.8765079265  
-0.5034058117  
0.9264996911  
-0.1791673219  
-0.8788867428  
0.1738014716  
2.884130714  
0.3080215124  
-0.1140907303  
0.2773590104  
0.3308209097  
0.3025435893  
0.2774937582  
1.376689371  
0.1900291337  
-1.263851653  
0.3858203521  
-0.4684589007  
-1.915379019  
0.2478241873  
-0.7720445489  
-1.109925758  
0.8372025354  
-0.5364503984  
0.4651515828  
-0.2745704687  
0.4006054115  
1.410482303  
0.341481299  
-0.3447786077  
0.6825535365  
-0.2050798305  
-0.7141825959  
-0.2482152807  
-0.6938515625  
-0.1436558365  
0.03882687726  
-1.01029165  
-0.2022189067  
-0.2857152073  
-1.059452194  
-1.50743746  
0.6800123171  
-1.30703844  
-0.4695043887  
-1.425368626  
1.603331237  
-1.178279505  
0.1825405913  
0.1030679757  
1.011385332  
0.2726823275  
2.04641069  
1.891467393  
0.5558964378  
-0.19142414  
-0.2465894464  
0.4841102579  
0.1290549266  
1.636395028  
1.566616809  
0.5683026781  
0.3426036493  
0.7823018263  
-0.3306485577  
-1.848647768  
0.7341580448  
2.552477043  
0.01199589381  
0.3278537883  
-1.827921477  
-1.217183746  
-0.08337133467  
-0.07056266851  
-0.4410659438  
-1.096217408  
-1.153967114  
0.3834931765  
-0.5388545268  
-1.064867123  
1.381775241  
-0.5530800433  
0.1990166624  
-0.4656669814  
-0.7649936697  
0.6110429529  
-0.2209256367  
-0.5264769827  
0.3221900537  
0.4114626471  
0.4140643876  
1.115433443  
1.399671567  
-1.21133159  
1.003957098  
0.9849091054  
0.3919549662  
0.2678413062  
-0.3019066993  
-0.1567131026  
-0.1089426181  
0.9531906715  
-1.817899238  
-0.6049663993  
-0.3379789603  
-0.04799859925  
-1.305386305  
0.4360072552  
-0.01452410905  
0.0781824539  
-1.49003194  
0.07098222653  
-0.1573219106  
-0.2508217146  
-1.252743983  
-1.394271081  
-0.7351485786  
-0.03493923192  
0.8206965663  
-0.1619985514  
2.113274604  
-0.4601249493  
0.4082368603  
-0.6522226466  
-0.7908342655  
-0.4114008677  
-1.745277617  
-0.670565949  
-1.153129828  
0.1468952184  
-1.001740937  
-0.9150746178  
1.397158821  
1.595662071  
0.4695928166  
-0.4112158814  
1.369126814  
0.1562757913  
0.257593861  
0.131453299  
1.489857436  
1.547972835  
0.6137206034  
-0.01719947343  
0.6073879414  
1.848031183  
-0.1692115216  
-0.2570547311  
0.4598846618  
0.8600194518  
-1.527623242  
0.4273884527  
-0.2751131503  
-0.5365078948  
0.3665279516  
-0.5251939761  
-0.130597227  
-0.4098636087  
-0.8186845967  
0.1645341643  
-0.0335871503  
1.318807341  
-0.05034240308  
-0.9253494159  
-0.8119160955  
0.2007625087  
-0.5870363267  
-1.188054436  
-0.06805008114  
0.8394375963  
0.05055323954  
-0.8770596138  
-0.4278578849  
1.186012567  
-0.3522386225  
-0.3684737028  
0.1013288026  
-1.458894275  
0.3244883337  
-0.775522451  
0.8112379878  
0.5246680618  
0.7906101203  
-0.1295342241  
-0.9302286776  
-0.509083043  
1.168989669  
0.8288387918  
-0.7555580481  
0.07801023818  
-0.4448755151  
0.6230244352  
0.7750703946  
-0.1615619867  
0.1902613397  
-0.9933213336  
1.668785645  
0.2054872542  
0.6925413159  
1.187395021  
0.650671004  
-1.138621154  
-0.4142126916  
-0.3758281097  
-0.6588330228  
-0.178984204  
0.3349980811  
0.1241984945  
0.3791823512  
-0.3762474233  
-0.8735688872  
0.8009673209  
0.2777007733  
-0.7643597242  
0.1987677287  
-1.355581859  
-1.668296759  
-0.8136836275  
0.1734981285  
-1.190255782  
0.6264670165  
-1.197809715  
0.6037539147  
0.01055631449  
-0.1535523083  
3.341424635  
0.6240068715  
0.7914565879  
1.565011936  
0.4290413441  
0.2284658783  
1.595246237  
1.493485776  
0.1746312348  
-0.2517414973  
1.5905941  
0.7401696124  
0.5103597561  
1.770261028  
2.712895944  
1.813115546  
1.619694236  
3.693961101  
1.762983541  
0.764771357  
1.821612945  
0.09289529361  
1.063113184  
-0.5532143191  
-0.07236734251  
1.462286443  
0.05156086641  
-2.013906425  
0.8345077427  
0.4337698878  
-1.090794496  
0.2344193572  
-2.270530286  
0.30852444  
-1.083149448  
-0.5732251835  
-1.779895642  
-1.918785452  
-1.50626925  
-2.600067781  
-0.8835117234  
-0.05680249  
-1.125602278  
-0.4961504034  
0.7296921617  
0.2626740274  
0.325175379  
-0.3910318925  
-0.2608519209  
-1.077346243  
0.006202896418  
0.2925717975  
0.5484477187  
0.07127154641  
-0.3131073759  
0.8502666795  
0.4515503635  
-0.7984024526  
-1.200053533  
-1.345867855  
-0.2936618024  
0.8574299549  
-0.01591695848  
0.5276622616  
-0.9739958134  
-1.334859443  
-0.6244011864  
-0.03106538918  
-0.2322939266  
-0.5972104215  
0.7116482789  
-0.1449081246  
-0.09788969616  
-0.4407112538  
-1.091312535  
-0.1322764764  
1.330361144  
0.2665366439  
-0.7975842312  
2.116828731  
-1.51581762  
-1.110320282  
1.33857614  
1.403259671  
-0.9510404278  
3.075998846  
0.2936602677  
-1.372135646  
0.1588793716  
-0.09568567784  
-1.369200816  
-0.3919739616  
-0.2087011238  
-0.6432288048  
-1.555547055  
-0.2324733974  
0.8280422585  
-0.0270473921  
-0.5516107805  
0.9083701526  
1.446404585  
