-1.212901482  
-0.4206122679  
-2.043348639  
-0.5688303695  
-0.007755897058  
0.001838097283  
1.270103989  
0.1338202119  
-0.7746066731  
0.1356129021  
0.4287539492  
0.2987492007  
1.640945371  
0.6317847419  
0.6420799247  
-0.9603317839  
0.3320396716  
-0.1380503091  
-0.7742160619  
1.055182191  
0.09484540249  
-0.7421218919  
0.6694615992  
0.5725763733  
-0.8687456928  
0.9778276429  
1.423335589  
-0.3984081732  
-0.3702463461  
-0.25435243  
0.7969241837  
1.374827961  
0.5266790242  
1.542627232  
0.8521356484  
-1.615379347  
0.9934061219  
0.02871431323  
0.5292992492  
0.8832539804  
-0.665787977  
-1.544908543  
0.2742917248  
-0.06325293925  
-0.4493092823  
-0.2735583749  
1.784575625  
0.2488934221  
0.2541865502  
1.125693297  
-1.26101711  
-0.04640212408  
0.8259477791  
0.1399938978  
0.4004940311  
-0.2450293293  
0.9383302287  
-0.1742251775  
1.152382855  
-0.7190953611  
0.9971865422  
1.228704878  
-1.428831606  
-1.062333059  
-1.697884359  
-0.6054371989  
0.7458124226  
-0.2446734837  
0.9587064834  
-1.070803814  
-0.9246228386  
-0.140127869  
-3.218024431  
-2.355269109  
-3.267149104  
-1.599012727  
-0.3005026933  
-0.1392073677  
-1.504068664  
-0.08354477103  
-1.344437477  
1.379573721  
0.2110739866  
0.6914617285  
-0.2688842382  
0.6434433753  
1.018136561  
1.900677714  
1.98813612  
0.2550330136  
0.7851276069  
1.034296394  
0.2833788391  
1.57875969  
0.08149048225  
0.6471001973  
2.095281036  
0.2242047944  
1.799397514  
-0.2886022592  
0.4097597625  
1.521277169  
-1.873403972  
0.7600578492  
0.6577335147  
2.113516796  
-0.5706448851  
0.3724470423  
-0.5301353183  
0.7063430088  
1.555818923  
0.5560488739  
1.936836557  
0.433038218  
0.1687683952  
0.5656442594  
1.260257783  
2.532669149  
-0.356531986  
-3.30527234  
0.4063990378  
-1.688863897  
0.6961618439  
-0.4531581466  
-1.161982464  
-0.2638019106  
-0.2340981918  
0.2851610815  
-1.064020581  
-1.357366771  
0.01246236155  
-0.2392861389  
-1.846767557  
0.6015398874  
-0.9286238255  
-1.998287185  
-0.4910242042  
-2.388576772  
-1.533888094  
-1.438353441  
-0.4733932316  
1.587895349  
-0.4826575287  
1.317334527  
-0.2037095469  
-0.2862592056  
-0.4505670968  
-1.045957691  
0.3870022959  
-0.283796024  
0.2755444359  
-1.877376048  
-0.3215047552  
-1.121694309  
-2.989824135  
0.234827796  
-0.1187232779  
-1.343865472  
-0.1920591835  
0.0199216878  
0.9434333424  
0.3230950039  
0.04895859461  
-0.06274570351  
1.278355304  
2.423061513  
3.555189089  
2.856073896  
1.837065484  
0.1295531975  
2.139631814  
0.3221090662  
1.936533002  
0.6531509822  
1.718388928  
2.695183938  
2.469911963  
0.9191048561  
-1.19723249  
1.07207169  
-1.258059747  
0.1823204375  
0.2875763243  
0.0009406513363  
-0.4193791334  
-0.5631190259  
-1.184476138  
-1.729042218  
-1.320828711  
-0.7687885329  
-2.004415278  
-2.336468435  
-1.084177769  
-1.565942525  
2.932683181  
-0.4210921006  
0.09868724198  
0.5386189604  
0.604935106  
0.339353463  
-0.7025101485  
-1.287084463  
-0.7448944757  
-0.92329401  
-0.5093361056  
-0.3648406072  
-0.9512090411  
-0.8822892364  
-0.6847574311  
-0.9492267985  
-0.5476775303  
-0.8573589659  
0.1879969461  
-1.307383515  
-1.382638821  
-0.762577122  
0.0330954656  
-0.7120834842  
-1.615135635  
-1.264643536  
-1.075872418  
1.447600415  
-0.2717273037  
0.4317593163  
0.03894231646  
0.875436849  
-0.1813629248  
0.8306625232  
0.8924001774  
0.1533189155  
2.64723071  
0.2861978727  
3.257170913  
0.9064833649  
1.433234106  
0.6738960545  
0.6903683069  
-1.53938736  
-0.5064754281  
1.244937323  
1.832873765  
-0.6072078857  
-0.1417244833  
-0.9063516239  
-0.982282819  
-0.5490855451  
-0.7994963941  
0.5291088982  
-1.666965197  
-0.1118468488  
0.09217106584  
0.03602088631  
-0.03155990567  
-0.5891764278  
0.6181553006  
-0.2119414172  
0.0324233071  
1.334100286  
1.193806452  
1.541154588  
1.089349112  
0.2669806364  
0.514163625  
0.3122523773  
1.144074093  
0.2865596717  
0.07016003062  
0.4747003274  
0.784608205  
0.750830792  
-0.3735757596  
0.1673753573  
-0.7701607682  
-2.44884789  
-0.5834899555  
-0.09393572388  
-0.2258444836  
-0.9839235875  
-1.25797609  
-2.12301264  
-1.734026597  
-0.23588606  
-0.07953698875  
-0.7123481601  
0.08577955081  
-0.7778189435  
-0.3052615807  
-0.4745928635  
-0.1404603942  
-0.8437253795  
-0.6921652073  
0.2801393105  
-1.135965036  
0.75210427  
-0.4784550385  
0.6128422068  
-0.7104071038  
1.039206509  
-0.2718128952  
-1.691874257  
0.403763447  
-0.2750092154  
-0.1317997415  
-0.3757552104  
-0.9298944142  
0.7538322326  
-0.321583445  
1.503016552  
1.198726111  
1.045175425  
0.1661030988  
0.1268472593  
-0.8019942323  
0.8055792656  
-0.3252897102  
0.2476005378  
0.3528268993  
-0.1290950804  
0.9848954585  
-0.1965578989  
0.03489618605  
0.3922022914  
1.46620545  
2.162743221  
0.5775292828  
-0.8866057799  
1.125314005  
0.2749862428  
0.4539827583  
0.4633475929  
0.3939958348  
-0.2530289182  
-0.4227898869  
-0.5636230968  
-0.07631898732  
-0.5405448643  
-0.3529650711  
-0.09575573784  
-0.163659652  
-0.4309755632  
-0.8370390334  
-0.5998585223  
-0.5477072402  
0.200651507  
-0.3119832581  
0.1416346257  
-0.5252555264  
0.9109410317  
2.091650232  
0.3242669981  
0.1653759602  
0.814252348  
0.1624925437  
-0.4020924277  
-0.0265084274  
0.8171840165  
0.04526311274  
-0.1152311199  
0.08340584681  
-0.6771592202  
-0.2650852724  
0.1542172459  
-0.1049031416  
-0.8364135401  
-0.1046064438  
-0.5168700442  
-0.1833264719  
-0.1002879602  
0.02410696337  
0.1341591084  
0.04611198875  
0.1243096617  
-0.3089864537  
0.6634723722  
-0.2879833508  
-0.9913884557  
-0.3735779046  
-0.5368205796  
0.6439098353  
-0.5167499082  
-0.03979838998  
0.1728052412  
-0.0003684829594  
0.2707222312  
-1.047483504  
-0.04838724286  
0.6716937189  
-0.7190183912  
-0.1567758277  
-0.9323915066  
0.08343174833  
-0.6774836883  
0.7545836162  
-0.762870554  
-0.02797677442  
-0.2420217527  
0.6958286586  
-0.1090442343  
0.6145618241  
-0.5901752755  
0.6387775275  
0.03786973345  
0.1377220325  
0.1999790112  
0.5242366894  
0.2287626905  
-0.2993375265  
0.3200584957  
0.9958606611  
0.5994430598  
0.5926946183  
0.2005334852  
0.3910573766  
-0.2841613036  
0.5896894105  
-0.2576932104  
0.2593248144  
0.6524592468  
1.415761995  
1.17164244  
-0.1948050286  
0.9558557585  
-0.1217671168  
0.8536027939  
0.4382897854  
0.964988996  
0.5221227973  
0.1393189855  
-0.643790604  
-0.4577186895  
0.3767774699  
-0.3825385961  
0.3421179435  
-1.179213074  
-1.284678706  
0.07032355145  
1.310430131  
0.6140733215  
0.3040182196  
-0.07225089718  
0.3826678885  
-0.1614938229  
-1.04164768  
-2.373641247  
1.095445515  
1.398143322  
0.05342971643  
0.8508120947  
0.009951199943  
1.03038672  
1.042702813  
1.12367008  
1.433408591  
1.987572446  
0.010158886  
-2.415963721  
-1.553934992  
-0.5056544144  
-1.943101882  
-1.046309358  
-1.503293789  
-1.357554772  
-1.238230172  
-1.898820698  
-0.5391400448  
-1.574473789  
-0.6945954841  
-0.002029058833  
0.2195871101  
1.682655446  
-0.9815564752  
0.1980489112  
0.9189235116  
0.03086799307  
0.4141828493  
1.730230057  
0.09573743508  
1.045463683  
1.839000209  
2.307705005  
0.7025944092  
-0.3413110546  
-0.09959290104  
-0.8947559366  
0.5263124289  
-0.819440365  
0.7152116651  
-0.6199833997  
-1.72382283  
-0.4710528453  
-0.5804117629  
-1.008391627  
0.7317867384  
0.3252058243  
0.9745613182  
0.5244743621  
-1.893218994  
-0.5300609685  
-0.3860280991  
0.1980099233  
-0.8503143873  
-0.1407352689  
-1.338635596  
-1.297556104  
-1.520355994  
-0.8365785059  
-0.1995584712  
-0.4949053122  
-0.6450034863  
0.5407719568  
1.059974516  
1.186734354  
1.230231431  
-0.03391875854  
-0.5314240729  
-0.2073769469  
0.2024298123  
-0.5100198606  
0.2688841999  
0.02220306838  
0.04274625933  
-0.98656816  
-0.08889931816  
-0.7577252932  
-0.9598789282  
-0.8799184048  
-0.1081005577  
0.5437113479  
0.816727598  
-1.147244407  
0.03135247301  
-0.6535822649  
0.2391038771  
0.6475116053  
0.3044829456  
1.040293711  
-0.09850407041  
-1.433215094  
-0.3141763405  
-0.1699631567  
0.1227432662  
0.1788102386  
0.6803520188  
0.6728865288  
-0.363838973  
-1.833670555  
-0.1567090991  
-0.6902068921  
-1.856505968  
-1.194313224  
-1.1178725  
-0.493901529  
-1.474957388  
-0.3369835392  
0.4940931734  
1.48722766  
1.437393146  
0.172402578  
1.035460087  
1.015468927  
1.619531063  
2.377028223  
2.432937535  
1.69622218  
2.31207534  
3.251851503  
2.706657109  
-1.252532624  
-0.2935039568  
-0.2032946961  
0.2428151125  
-0.2291102102  
0.1400541441  
-0.5659931274  
-0.6976855022  
-0.8243621923  
0.5917803961  
0.1264134312  
-0.161993899  
-0.7241791283  
-1.680009008  
0.1582716288  
0.171245913  
-0.2516760811  
-0.4725343522  
0.6245825217  
-0.2804854928  
-0.344117741  
0.4736785557  
-0.1532125543  
0.003964946428  
-1.29486634  
-1.266647326  
-0.5682422251  
-1.373156463  
-0.8811659868  
-0.4932502842  
-0.1646186705  
0.04845306717  
1.164425837  
0.2389272408  
0.07664352735  
-0.1726397087  
-1.01387622  
-1.814432287  
0.6212943148  
0.5166427589  
0.02290008238  
0.4442774906  
0.08792135031  
-0.01625951591  
0.2963696578  
0.1483560727  
0.224184976  
0.1495252439  
0.6497342243  
0.4976661135  
0.1639654761  
0.002108402533  
-1.318178489  
0.5369800719  
0.1761464044  
0.7688423763  
0.6537938663  
-0.200710828  
0.1821181791  
0.01050942293  
0.5215031603  
0.361135451  
0.3322201354  
0.7722097464  
-0.7366569576  
-0.1407310998  
0.3186672103  
1.272962097  
-0.01167384008  
0.1801968194  
-0.6122174972  
-0.6137202928  
-0.8744303792  
-0.9688747323  
0.1651646136  
-1.313188916  
-0.7862817849  
0.08134127332  
-0.6237482758  
-1.052110795  
-0.1563041955  
-0.01170168438  
-1.206610637  
-1.662025816  
-0.07805357483  
-0.4147210159  
0.2864857031  
-0.3400537443  
-0.8191669679  
-0.4484854507  
-0.1303003635  
0.3605566082  
1.434171575  
0.9748576131  
0.1136689243  
0.45904133  
0.5396561438  
-0.09413945592  
0.6436539218  
0.672168788  
0.8959248183  
-0.211294053  
-0.01363150493  
0.2415924004  
-0.223729924  
0.9779823842  
1.067561923  
0.1853106777  
0.3137545426  
0.674491656  
0.01508334371  
-0.07414950503  
-0.3767739816  
0.08990738197  
0.4207311587  
-0.4462859374  
0.8989542789  
0.7156975502  
-0.362089147  
-0.2190859623  
1.276578506  
0.5448886919  
0.4256484197  
0.01832545775  
-0.2332028534  
-0.1702111916  
0.3016600005  
0.339527639  
0.08667172945  
0.5671055241  
-0.4383569775  
-0.1059761142  
0.4213167507  
-0.3779817622  
-0.7106848465  
-1.838067057  
0.3638533345  
-0.6761715177  
-1.431295567  
0.6966675885  
-0.3779515434  
-0.5363209099  
-0.8954830213  
-0.3492223582  
-0.09083899198  
0.3437921708  
0.7572297652  
-0.4072328408  
0.377019854  
1.78151064  
-0.5864634406  
-0.1140962988  
1.009450775  
-2.355731779  
-0.09547749879  
-0.2860798993  
-1.202787755  
-0.7759092129  
-0.7908018451  
-0.648638908  
0.4910225475  
0.08835381997  
1.502998206  
0.04382047925  
-0.8583485006  
0.6919830147  
-0.8082785527  
0.3029862638  
-0.1727753269  
-0.37147187  
-1.006965148  
0.3610424285  
-2.220341621  
-1.989892344  
-0.4233530557  
-0.5445141462  
-1.380788992  
-0.4092596243  
-0.3070883744  
0.4210615097  
0.7335012481  
0.390885206  
0.6363883398  
0.7072968661  
1.122811968  
0.6569634956  
0.8833683923  
0.4816395159  
1.975082437  
1.906299614  
2.795723374  
2.474919719  
-0.460167893  
1.476808725  
0.8826324784  
0.1568321738  
-1.52220824  
-1.582726799  
-1.549375785  
-0.2758872915  
-1.326025005  
-1.846431795  
-0.2389767833  
-0.06411742228  
-0.04062808386  
-0.3908383852  
-0.3028948209  
-0.5511058668  
-0.1206828485  
-0.6769538591  
-2.159048269  
0.2768343786  
-0.06746561382  
-1.353160468  
-0.925621485  
2.007297305  
1.665494176  
-0.8154821775  
1.49515792  
0.215996016  
-1.465856245  
2.598316025  
1.251366445  
-0.06397942271  
0.1806843545  
-1.066975317  
1.658690343  
-0.3522351538  
-0.01355477526  
-0.8770990948  
0.6333108467  
1.787836678  
-0.308534729  
-3.57544807  
-0.5939522258  
0.1365534114  
-1.712186121  
1.339975676  
-1.79753223  
0.5562617986  
2.574517821  
0.4178497072  
-0.2186777484  
0.6275459382  
0.4322549854  
-0.13869457  
1.44519027  
0.6286080631  
-1.218730144  
-1.287647432  
-0.8878706248  
1.444801728  
-1.352405745  
1.298845853  
1.258954766  
-0.9927221926  
-0.6750326384  
-0.5484943703  
