0.7549205608  
0.8219771332  
-0.3038357151  
-0.281245255  
0.235993815  
-0.679816546  
0.4123515035  
1.149672349  
0.5335708535  
0.1012765889  
-0.1817388753  
-0.8449991134  
-0.05927532937  
0.8288998599  
-1.491779331  
0.2061910153  
0.5013611943  
-0.9509583762  
-0.4004439336  
-0.770409869  
0.1942809861  
0.3831132439  
1.588793537  
-0.6991117576  
-1.135276438  
0.5209969088  
-0.3970927207  
-0.6244052802  
0.09015742479  
-1.231317298  
1.290620493  
-0.4453312682  
-1.482326195  
-0.5187489288  
1.59863054  
-0.6699977153  
-1.350889998  
-2.236997961  
-1.299355621  
1.340555395  
0.5744109304  
0.5235507894  
1.219105949  
-0.3371425609  
-1.469581863  
-1.033438425  
-0.04430114203  
0.6335971953  
0.1859892135  
1.16437287  
-0.1926636088  
0.1043170309  
-0.4518665939  
-0.7661698407  
0.3611352407  
-0.4580296307  
-0.4834330972  
-0.5018681731  
1.315677942  
-0.2138384608  
2.28608746  
0.7183734536  
1.306225232  
1.483101036  
0.1475893308  
1.124828832  
1.104819111  
-0.6803239265  
2.298052461  
-0.488269073  
-0.2258822195  
-0.876087969  
0.9171498917  
1.818192596  
-0.2795422489  
1.129120473  
0.1782328408  
-1.878055606  
-0.6329096133  
-2.451462443  
-0.004477263562  
-0.6645806826  
0.2129213856  
0.9077135154  
-0.1305337011  
0.04473816263  
-1.276843948  
0.9187047214  
-0.01834518033  
-1.055526551  
0.9378929423  
-0.302423571  
-0.3027327259  
-0.7868329091  
0.1384526798  
-0.4177402673  
0.6803833955  
-0.619385004  
1.422527244  
-1.346386496  
0.8344247235  
-1.096444441  
-1.367923946  
1.186771707  
-1.26680279  
0.5894872514  
0.6862967373  
-0.8166759531  
-1.820335469  
-0.5384775979  
-0.5217000609  
-2.126062583  
-0.6106447638  
-0.2395668297  
-1.566191756  
-0.8025854595  
-0.1834574526  
2.551950444  
-0.2412803238  
-1.071998132  
-0.5784052872  
2.293856151  
0.6186597802  
0.2711905392  
0.4982331603  
1.982484707  
1.921185052  
0.627311594  
0.5514377163  
-0.4309537616  
0.4761090517  
0.7541715355  
1.10744286  
-2.104865921  
-0.07448287479  
1.124384569  
1.353247238  
-0.3998239901  
0.6959790256  
0.6857620981  
-0.8652167196  
0.01055403105  
0.5056739505  
-0.8013930847  
-0.005138154788  
-0.4206214717  
0.1491036004  
-1.602136112  
-0.1121391783  
-0.4051516103  
-0.9642571138  
1.748139672  
1.689185434  
-0.6905820489  
0.04078551042  
0.04184316381  
1.362991745  
0.4614049933  
-1.225602932  
-1.590646246  
0.4533283125  
-0.3766825278  
-1.252430266  
-0.3676633702  
0.9249575105  
0.5488712118  
-1.496132751  
-0.1479326108  
0.09653414633  
0.5589453055  
1.092518299  
0.7307207196  
-0.5417376336  
-0.06997358338  
1.341995005  
0.6797033657  
0.06585347337  
1.086701855  
-2.450673473  
0.7299592277  
-1.130984688  
-0.8538203914  
2.013224409  
-0.2629223951  
-0.4373938313  
0.48420429  
1.569031047  
-0.04208773683  
-0.9384941001  
1.728314162  
-0.3187117607  
-1.10411019  
-0.8156283732  
-0.0531273243  
0.2235660205  
-1.043118563  
0.09150820696  
0.8876132502  
-0.6898464428  
-0.3321987984  
-0.554199489  
-1.236738568  
-0.3298438753  
0.8071299078  
0.1964531914  
0.6044138512  
-0.3113664478  
-0.1851116809  
-1.164285711  
-0.6526031823  
0.9052736643  
1.434796306  
-1.037384576  
-0.4681985758  
-0.3157619383  
-1.174937753  
1.295135728  
1.829076621  
0.2857386919  
-0.3328410921  
0.6899479606  
0.3875992376  
-0.1301617843  
-0.7992420401  
-0.3876636227  
-0.821405379  
-0.571266815  
-1.904633227  
-0.6428975166  
-0.3141500537  
1.07849449  
0.3267241628  
1.188269673  
0.9872435909  
-0.6325821402  
1.16034294  
-0.6045277054  
-1.640574129  
0.2313687918  
1.067434987  
-0.1339480825  
0.3548640205  
-0.4613144158  
-0.2748784885  
-0.7534592495  
0.2333372034  
-0.03104541397  
0.8154453957  
0.6462790244  
-0.6383003727  
1.717717579  
1.022983005  
-1.227278209  
-2.037864569  
0.9703349176  
-0.2293448252  
-0.4806225853  
-0.009430724364  
0.473435856  
-0.8238657169  
0.4198340847  
0.650098746  
-0.1069808815  
0.5664919395  
-0.6929614134  
0.3334974402  
0.306380874  
1.566973452  
-0.02531210458  
0.9933796173  
0.2405933802  
0.6758040379  
-1.587005486  
0.9208017863  
0.04952270201  
0.1278349638  
-1.48671569  
-0.1316651175  
0.3731554477  
-1.710484386  
1.451913958  
-0.2558421061  
1.969995313  
0.2258784421  
-0.4776333714  
1.23405806  
0.2765673593  
-0.3199349524  
-0.7650690598  
1.562728752  
0.2497516822  
0.1784046507  
-1.379242214  
-1.176436869  
-1.68465201  
-1.564401858  
2.020196536  
-1.062000516  
0.9898525073  
-1.650808121  
1.457157071  
0.7834031255  
0.8727567031  
-0.04196441161  
-1.380215001  
-0.2725961432  
-0.8660764627  
-0.7204289743  
-0.3642006312  
1.214457081  
-0.4221199958  
2.031538283  
0.3229594701  
0.9472191634  
0.1665883722  
1.337441203  
-1.198981375  
-0.3931319862  
0.1338173877  
-0.932212251  
-0.4467506539  
1.45875782  
-1.000731716  
-0.04615160418  
-0.48946652  
-1.084041854  
1.221729305  
0.6840825781  
0.7818102236  
-1.113700549  
0.088716942  
-1.859089931  
0.5202141104  
1.457459253  
-0.05300935942  
0.9095856059  
0.520390045  
-0.1995829743  
-0.4415293276  
0.03119524175  
-0.5893023063  
0.9357642693  
2.028805506  
-0.3595054493  
-1.064341266  
-0.5398095853  
-0.478815335  
0.151420628  
1.586288578  
-0.94066108  
-0.03168825273  
-0.8159991729  
-2.135946242  
-0.8916417907  
-2.005096813  
-0.6584161568  
0.4468410373  
-0.2507951646  
-0.4352756309  
0.02806215279  
-1.161073906  
-1.043574655  
-0.08695795924  
0.8539671513  
1.153428692  
-0.5898087968  
0.6653096007  
1.904922911  
0.7894518739  
-0.4415317484  
0.05460235069  
1.295321719  
-0.1012811862  
-0.532087375  
-0.7865420213  
-0.5124523363  
-1.33909899  
-0.9043781086  
0.5537382832  
-0.3140081327  
0.005809994145  
0.2221560427  
2.601111161  
0.2602580542  
0.001462164659  
1.040094641  
0.1917404154  
0.5017155159  
-0.5639388282  
1.324126262  
1.332916627  
-0.6219142783  
-0.04863679569  
-0.5914871171  
0.6319684098  
-0.2220775992  
-0.7377534009  
-0.9990667137  
-0.2443384148  
-0.7121191277  
-0.3430796126  
-2.177363613  
-0.3631695095  
0.1564563864  
0.8648759  
-0.2051512602  
0.1944581143  
-0.1283829344  
0.932972075  
1.027904969  
-0.6886488233  
-1.0188611  
-0.1827940562  
-1.598596278  
1.531446982  
-1.172223056  
0.3936701281  
-1.182036959  
0.6546119603  
0.3400183766  
-1.320129798  
0.5727893314  
-1.026303772  
0.5170037562  
0.6398907005  
0.7851217115  
2.070382039  
-0.1999918911  
0.7812318239  
-1.592488486  
-0.2564834485  
-0.230379212  
1.283498249  
0.6955977585  
0.1515468154  
0.7010473186  
-2.506738481  
0.3975840365  
0.9560218455  
-0.7332081123  
-0.3714550881  
0.5108951376  
0.4039383734  
-0.5242919351  
0.1210490034  
-0.3965418296  
0.6016779707  
1.492733289  
0.008521485228  
-0.2945760496  
-1.310234274  
-1.195979292  
0.1507951716  
0.8820160011  
-0.3603091489  
-0.3574601715  
1.101505225  
-0.6943843818  
0.06807950255  
-0.6532877338  
1.071402599  
-2.25070989  
0.7077308957  
-0.002661143231  
1.612964595  
-0.7679391299  
0.7562102465  
0.5389325401  
0.04329420402  
-0.7363210734  
-1.702212133  
-0.6742724967  
-0.03978755937  
-1.312988346  
1.63010466  
0.3489528742  
-0.01989174431  
-0.50775433  
-0.6187322256  
2.129785749  
0.657257576  
-0.4420834024  
0.8654085606  
-0.1992199386  
-0.9008343279  
0.542105255  
-0.5718683991  
1.416217344  
0.7416449719  
0.05024685526  
0.3263349245  
-0.2509905936  
0.7454124905  
-0.1246323609  
-0.9501950772  
0.2677468766  
-1.736136781  
-0.3659892179  
0.8730916918  
0.8725743708  
-1.147993842  
1.0520404  
1.046810974  
0.4921565068  
-0.9414887196  
0.6625904813  
0.1889305597  
1.467815883  
0.1944651399  
0.3843923969  
0.2058762631  
-0.3509205999  
-1.081551397  
-0.2519365675  
-1.111727147  
0.1884269041  
-0.03251425222  
-0.301495045  
2.629599107  
0.3327518158  
1.338658941  
-0.5170042682  
-0.1664276792  
0.8805094837  
-0.3424346773  
0.5663384572  
-1.730345948  
-1.398332904  
-1.027620522  
-1.0396031  
0.3681643624  
-0.07145196551  
2.024079071  
1.303401255  
1.391926776  
0.1739765376  
0.5797618895  
-0.8336572103  
-0.3811101094  
1.467972633  
0.658905219  
0.2208869876  
0.1522477662  
0.08689552865  
-0.8399838742  
0.610453458  
-1.785114023  
-0.5253463153  
0.531619331  
-0.8591990809  
-0.6755208319  
1.602152906  
0.6669026103  
-1.395724456  
-2.2683953  
-0.03770379726  
-1.925044553  
-0.6457582645  
-0.9663838361  
-0.005204346535  
-1.530624719  
-0.6902466661  
-0.3415474543  
0.1155066963  
0.499105146  
0.6364118942  
-0.6291295061  
-1.298391939  
-1.475045634  
-0.4662833638  
0.8852270744  
0.9869733717  
1.038686723  
2.025759547  
-0.7355562981  
-0.290463076  
1.924610821  
-0.0217503064  
0.3692755043  
-0.3243462021  
-0.4512893349  
-0.5473649053  
0.2301145868  
0.7860876366  
-0.3311595751  
1.002640251  
0.4591429388  
-0.198367237  
0.5479520779  
2.123469472  
0.2316686138  
-0.2986414158  
0.7182474035  
0.2527288585  
1.655281399  
0.2732600094  
-0.7284599356  
-0.3234599816  
-0.3857486313  
-2.573574616  
1.452120958  
-1.108123402  
0.9946818305  
-0.5338424854  
-0.1559327558  
2.305912391  
2.516777708  
0.1978988778  
0.4987998201  
0.1858573017  
-2.227468705  
1.529877911  
0.04081187329  
1.160036185  
-0.4012026518  
-1.359973656  
0.1097660649  
-0.8567167486  
0.3082663486  
-2.538758697  
-1.20056632  
0.4849718143  
0.5169300653  
1.111638411  
0.2808850599  
1.645316203  
0.5472140652  
-1.077296439  
-0.5668428509  
-1.313830637  
0.1453905444  
-2.226495782  
-0.9453355467  
-0.7314829928  
-0.4210826093  
-1.452644884  
-1.091482076  
1.090088469  
1.407129113  
1.335390749  
0.6509460246  
1.635497681  
0.3283825936  
-0.3750116031  
0.4486326539  
-0.7247363859  
-1.002659204  
-0.004539552722  
0.0265753558  
-2.090297285  
-0.6350338291  
0.6250627226  
0.8760061478  
-0.5558623824  
-0.48307299  
-0.7449220374  
-1.293093313  
-0.5057096402  
-0.3571677684  
-0.5062803854  
-0.4775202266  
-1.576138432  
-0.1751062186  
0.1986382463  
1.085678976  
0.1906639307  
-0.4777544834  
0.2946861224  
-1.534370938  
-0.3362390846  
2.064313917  
-0.216964558  
0.8444800637  
0.1054948913  
-0.3809195025  
0.6018512747  
-0.5176621036  
-0.1162400127  
1.841765422  
-0.7313499399  
0.1331278451  
0.8532731722  
1.56983303  
1.798770959  
1.071560586  
-0.278898489  
-1.080992292  
1.189461203  
1.286971603  
1.697321215  
1.761815288  
0.8142293592  
0.334903296  
0.2828293705  
0.4659183582  
1.143021802  
-1.592375706  
0.9713675979  
-0.1369153984  
-0.4372345266  
-0.09298453144  
-2.28916323  
-0.7628744121  
1.735003063  
0.2953759017  
-0.415391595  
-0.3552132551  
-0.6684156886  
-1.256894627  
-1.064173927  
-0.4623064249  
-0.5843327145  
1.896077669  
0.1583484613  
-0.3967831109  
0.666627531  
-0.1168388598  
-1.045294285  
0.7560615059  
-1.063424601  
0.8821746915  
-1.731604105  
0.609389247  
-0.8763047899  
1.988018574  
0.2805040581  
0.5297803074  
0.4081776553  
-0.6944034102  
-1.445856597  
0.7203649589  
0.06265469228  
-1.463662083  
-1.042729564  
1.756089022  
-0.7773426087  
-0.9430666703  
0.6046365733  
1.707220424  
-1.297358293  
0.3432363382  
-0.164043813  
1.522513951  
-1.380162715  
0.5281547636  
-1.752446235  
0.8789556686  
-0.2230961203  
0.5304607658  
1.428115968  
0.5419152619  
0.9971813607  
1.681763791  
1.623037122  
1.432829123  
-0.7130032998  
1.758660528  
-0.4488484772  
-0.9572184622  
-1.432513349  
-0.7152884907  
-0.4173307904  
3.142755705  
-1.796738515  
0.04614558058  
-2.281446982  
-0.8832599156  
-0.2617939296  
1.499156179  
0.2437994149  
-2.099468639  
-4.009427874  
0.9660529497  
-0.7166608007  
0.2957982287  
-0.6473600777  
-0.3586904268  
-0.04617105087  
-0.4741852903  
0.1784777513  
-0.1412415101  
-0.3892771659  
-0.2017712919  
0.3510109685  
-0.6218620248  
0.3215981137  
1.03116189  
-1.208115331  
0.1916486257  
0.3852200153  
-1.17189019  
-0.6807940907  
1.224391015  
1.066262761  
0.1316730791  
-0.8473300128  
-0.293687937  
0.07145861803  
0.7310910687  
-1.923115376  
0.1381894691  
-0.132902643  
1.184571535  
-0.3087166508  
0.4734050088  
-1.231148053  
-0.5636070031  
0.2826477154  
2.897718263  
-1.44346898  
-0.5186568678  
0.04246463218  
-0.6825271372  
-1.132735678  
0.9187435055  
-0.4658672355  
-0.8762612167  
0.03926302279  
0.2918315612  
1.253295902  
-0.170491891  
0.5743715792  
-0.2574325471  
-1.292028795  
1.56404973  
