-1.79070874  
-1.148302499  
1.617771835  
1.411033385  
0.5908854323  
1.181569996  
-1.286896622  
0.5486604065  
-0.1985651829  
0.9303421463  
-0.1374639031  
0.05476312  
-1.256078822  
0.4778939058  
1.174277539  
-1.874005438  
0.03389692845  
-0.8548276339  
-0.2869940144  
0.2135751775  
-0.7016915716  
0.7486799506  
-0.609865444  
-1.008079067  
0.4766504425  
-1.0022179  
-0.2154569668  
0.8117882088  
-0.6595893683  
-0.1994574759  
-1.049934105  
0.5621452669  
0.9854849952  
1.339548438  
0.5136020028  
-0.3760664503  
-0.9249610734  
0.9938297274  
1.599632657  
2.005602579  
1.028855934  
1.117882238  
2.098493582  
1.194041952  
0.3619090865  
-0.3566748672  
-0.5836914085  
-1.260026957  
-0.02091243999  
-0.09540861592  
0.7619139402  
-1.318345852  
1.504126536  
0.09736695005  
-1.069256646  
1.651626291  
0.1994666795  
-0.7161655605  
-1.137287283  
-1.911512459  
-0.06794457637  
-1.006685761  
0.4568345761  
-0.09882384449  
-0.2129313772  
-0.1888377302  
-1.221941885  
-0.7624060649  
-1.791772545  
-1.614830141  
0.07583939591  
-1.82544064  
-0.5301753396  
-0.2307857442  
0.4789452255  
-0.3209194102  
-0.6438324866  
-0.5683400061  
-0.6593065978  
0.184967492  
0.8390568219  
0.9856915903  
-0.192855284  
0.1324667869  
-0.3937650737  
-1.369448785  
-2.121520196  
-0.6603672429  
-0.2499312368  
-0.4863302744  
-0.3199987108  
2.507664318  
1.819487851  
0.8739610897  
1.097869507  
0.4826626659  
0.2168352271  
3.410880922  
2.004717095  
2.71651283  
0.08259085747  
-0.1235494697  
0.1034001903  
0.6721045597  
-1.239504095  
1.818930056  
-0.645453155  
-0.4154060193  
-0.2272481933  
-0.1099342927  
1.387302889  
0.532686595  
0.8375537638  
-0.6077808543  
0.5772329481  
-0.758544912  
0.8889995895  
-0.4663797378  
-1.633712189  
-1.723787499  
0.006342247908  
0.5350893408  
-0.5377303581  
1.645886291  
-2.588311716  
0.5350549432  
-0.1727631384  
-0.6632225998  
0.3253580557  
-1.102270719  
0.5003018328  
0.4884798658  
-0.3553220787  
-0.8706992765  
1.020960687  
-1.368543533  
-0.8526195708  
-1.442007095  
0.8483350919  
-0.5235851895  
-1.29090604  
-0.605457062  
1.538657894  
0.3517274208  
-0.5718039422  
0.483544016  
-0.101109564  
-2.491398261  
1.258950394  
-1.088279062  
0.3655387856  
0.7775179234  
-0.9809541775  
0.05552078439  
-0.5195272141  
0.3159088064  
1.323954203  
1.958172622  
0.1841355385  
-0.4508582704  
1.282098917  
0.1444439298  
-1.058071427  
1.38117599  
-1.931280227  
-0.4172850603  
-0.1983096029  
-2.598728877  
0.2064510893  
-0.2955095326  
-2.466876342  
1.291520072  
1.166228321  
-1.604159424  
1.803842574  
0.8403257931  
-1.607982484  
0.9982615784  
0.4315511433  
-1.359461832  
1.178571658  
-1.655210544  
-1.046129548  
2.571759524  
2.089974277  
0.507360823  
0.3131570435  
-0.05579590044  
-0.4439330764  
1.133843954  
0.02661084758  
-0.1086304023  
0.9515304873  
-0.2660972718  
0.6107794237  
-0.3301561228  
0.7168200225  
0.5507395505  
0.3230897936  
0.3943770239  
0.1566315444  
-0.3125600909  
-0.7043248034  
0.4739003702  
0.6790835012  
0.4590063707  
-0.1442912387  
-1.991569841  
-0.4115280424  
0.3403721539  
-0.5258606345  
0.3829097336  
0.3228234739  
-1.090286027  
0.5645991497  
-0.2310353393  
0.3259379119  
-1.192178067  
-0.2552164365  
-0.0634225703  
-0.7026221682  
-0.5895254417  
0.4982521406  
-0.4215534938  
-0.7759283136  
0.1127574466  
-0.9744841358  
-0.4056972597  
-0.2408485875  
-0.3586762953  
0.9076027188  
-1.327704059  
1.077447984  
1.117271407  
-1.317345545  
-1.156226179  
0.5102059814  
0.6693113881  
0.1790856877  
0.06045854841  
-1.270835876  
-0.1349971492  
-0.06177530961  
0.1488131296  
-0.2159234095  
-0.2497582288  
0.1742052799  
-0.05186863928  
-0.1885852747  
-0.6053529392  
0.8206086481  
0.2628353597  
-0.9362301785  
-0.04469207654  
0.3685394646  
-0.1800240812  
1.010463832  
0.5769911287  
1.486537153  
0.6860944257  
1.022885003  
0.7639919104  
1.414416172  
-1.106192284  
1.448888932  
0.2442912836  
0.9186866702  
0.8311697707  
1.161622834  
-0.568285092  
0.7940582646  
0.3221710301  
-0.4609820249  
0.6931434412  
1.766731012  
0.214388644  
-0.5351241431  
1.767731869  
-0.6538803315  
-0.7372495431  
-0.160284356  
0.1291376122  
0.6502393057  
-1.030348463  
0.7008669582  
0.5756035741  
0.3658651516  
-0.1256081235  
-0.5008430831  
-0.4152312795  
-4.170962782  
-0.7637594903  
-1.253991307  
0.7159330916  
1.37570688  
1.083470054  
0.3386017596  
-2.50986003  
-2.256221684  
-1.772727607  
1.243847006  
1.642752062  
0.1839552548  
0.1926092534  
0.6425788755  
0.8868582794  
-0.1116175831  
-1.471409932  
0.02174055065  
0.349250852  
0.2339978928  
-1.316982717  
-1.437589467  
-0.6806460941  
0.2639454763  
-1.189525528  
-1.607261922  
0.7323337093  
-1.296997272  
-0.8774104514  
-0.1516057591  
1.414838499  
0.04485862317  
1.090579867  
0.680102588  
-0.4217822332  
-0.8553254728  
0.009140874011  
0.6051011495  
2.322628117  
1.257121122  
0.8514791711  
0.0470093022  
-0.2452002152  
1.967238638  
1.192443717  
-2.526563798  
-0.8071011037  
-0.9513484438  
-1.214659571  
-1.043614906  
-1.273999979  
-0.06349036221  
-0.9236971658  
-0.8073844594  
-0.6824382032  
1.20451306  
-0.3488692318  
-0.1630107425  
-0.2607416038  
-0.8394597136  
-0.08390273794  
0.557712737  
0.2058405509  
-0.1786030058  
-0.2630073659  
0.4293684818  
1.779349157  
1.338605494  
0.6621396123  
0.5841946738  
0.3810602136  
-0.7089814547  
-0.1295716311  
-0.6056113767  
-0.2327705346  
0.9706409515  
-0.3606784936  
-1.025141817  
-0.7775773885  
0.03988336903  
0.6865548236  
0.4169856583  
-0.1105151435  
-0.8281506588  
0.7718621427  
-0.1156039188  
1.57387805  
-0.780131216  
0.8550291989  
-0.4800485752  
-0.7679491803  
-1.115124915  
0.421934397  
0.9878949594  
0.1662634989  
1.44159654  
-0.365704234  
-0.4009298437  
1.081217829  
0.1342161175  
-0.005511764461  
-0.6894100159  
0.5781286267  
-0.43521014  
-1.213627761  
-1.398502845  
-0.4793200106  
0.03825531414  
-0.3703817587  
-0.4093147819  
-0.6681120599  
-1.148402495  
-1.076281822  
1.021266354  
-0.3578883331  
-0.06108674678  
-1.005063715  
1.115649788  
0.5385522662  
2.27886528  
0.4155497675  
0.3306618341  
0.5135447064  
-1.079039096  
0.5274589265  
-0.476802786  
0.2252314296  
-0.6793430785  
-0.2634426341  
-0.5443657501  
-0.8387828251  
0.05067380548  
-0.3979936506  
-0.6052243068  
0.1549331467  
1.134995049  
1.220510952  
1.077820538  
-0.958291047  
-0.07971138851  
3.078094181  
0.7155198135  
0.9085435896  
1.37360933  
1.459774252  
0.9952640252  
2.414610106  
0.06676822508  
0.7376764172  
-0.8065035951  
-0.5521103815  
-0.1036896798  
-1.247296002  
-0.03765685451  
0.2103760996  
0.3162802508  
0.9770608516  
0.4466068512  
0.9054110587  
-0.05460036903  
1.223176685  
-0.910566476  
-0.8126869016  
-0.4092044922  
-0.2284909662  
-0.4323540242  
-0.353036982  
-0.2038452306  
0.006520317395  
0.4573746471  
-0.6385192937  
-1.018645074  
-0.5153164069  
-2.473497759  
0.07586232269  
-1.7354867  
-2.337223222  
-0.1708030041  
1.146847745  
0.9288746513  
-0.08079506418  
0.3765744975  
-0.3401685389  
-0.5388773723  
0.2392649779  
1.354196323  
0.6049185759  
0.239942732  
-0.07824657358  
-1.445051766  
-2.771232776  
-1.457462511  
-0.4464627904  
-0.3681534116  
-1.278297397  
-0.5060750632  
-0.0759322558  
-1.353098158  
1.80183419  
1.466116888  
1.527308627  
0.7442526939  
0.0656158629  
0.2568760699  
0.1053637735  
0.6157879338  
-0.2479699857  
0.2978634457  
0.3421659577  
-0.02275447576  
-0.2742258553  
-1.836917476  
0.2779146163  
-0.3204401512  
-0.3329979566  
0.987549277  
-0.2208372578  
-0.1905311268  
0.2091951939  
0.22643981  
-0.5552954684  
0.6138258421  
0.6790245128  
1.480721658  
-0.2098246736  
-0.2376527091  
-1.042907014  
0.898124157  
0.1102687624  
-0.9381233406  
0.3184646563  
-0.7096941721  
0.5382043045  
0.1822180335  
-0.1756741548  
0.4289098102  
-0.01409576626  
-1.790770798  
-0.8632071097  
0.1819483368  
1.388813485  
0.5028684761  
-0.3984520745  
0.3253582998  
-0.4497614341  
-0.8412681986  
0.9276473568  
-0.3019708772  
-0.409399688  
0.01847630605  
-0.2631101604  
0.9381952746  
-0.2415102694  
1.170410355  
-0.6985788105  
-0.04990174428  
-1.114308446  
-1.778822538  
-1.004655506  
0.5325682743  
1.763952333  
0.7575109936  
-0.3451449289  
0.08956847096  
0.2438903723  
1.080794457  
-2.013968586  
-0.7273966362  
-0.5456624025  
-0.9606728598  
0.08375951046  
-1.201168641  
1.049688988  
3.665097353  
-1.40920745  
0.325436119  
-1.365424729  
0.08790631124  
-2.026275226  
0.1113013167  
0.357216587  
-2.095647508  
1.095159529  
0.4840162375  
-0.9548725322  
1.508404264  
1.57723811  
-0.5389971302  
0.2127371642  
2.058371083  
0.5620767709  
-1.337226206  
1.998287576  
1.060116704  
-0.6078138051  
-0.4143695744  
0.6105918288  
0.1827060448  
-1.868694282  
2.005851243  
0.5437549466  
1.167710994  
0.2215593945  
0.4417545371  
0.05605731631  
-1.317786215  
0.6482080585  
2.296147611  
0.8916591732  
0.3851208101  
-0.5804164692  
1.917953085  
0.576583451  
0.9738302846  
0.6928817589  
0.9140686212  
-1.663832796  
0.8421754298  
0.3067457458  
-1.957863825  
-0.741713778  
0.6971425662  
-0.7036872465  
-0.9377700298  
0.8649465782  
0.6808912938  
-0.2758613451  
-0.4082907492  
0.286051419  
0.8122297641  
-0.6905413221  
-0.8230663938  
0.2484962608  
-0.5442328987  
-1.743735483  
0.6521228901  
1.563279032  
-0.7069966578  
-2.32401267  
0.1057177267  
-1.020787591  
-0.262343624  
-0.2748091059  
-0.5741257353  
0.696952124  
-0.3243267631  
0.6345820518  
-0.2433141403  
-0.2170761046  
0.0237910631  
-0.7567373987  
0.009386835654  
-0.6850893029  
-1.26842923  
0.5687845379  
-0.2273717089  
-1.705250546  
-0.586383118  
-1.485926505  
1.143247729  
0.4984610095  
-0.3083895839  
2.36927388  
0.1977907615  
1.102530311  
1.294482272  
0.90559964  
-0.1729884251  
0.2093288542  
-0.5142453738  
0.01449708069  
0.1176480623  
0.04840514024  
0.7305999411  
-0.5819103635  
-0.03949798202  
-0.618424569  
-0.9059741895  
-0.3316223297  
