-1.075919351  
0.2472392441  
-0.8561708325  
0.7144922057  
0.7459071339  
0.4601225063  
0.3782033168  
0.3510401216  
0.1491156701  
-0.08851280565  
-0.09395885177  
-0.08125522197  
0.1671298373  
0.4650802328  
-0.842752349  
-0.3616753085  
0.04349345486  
-0.2235358968  
-0.5254827963  
-0.2525374903  
-0.7935182034  
-0.360006155  
0.3389582142  
-0.00938108499  
0.2329832887  
0.247634942  
0.3956748859  
0.02233788177  
0.1232817082  
1.076044723  
0.860133023  
0.006445174017  
0.9120535896  
-0.1589213773  
1.115058074  
-2.710188783  
-0.3189731127  
-0.5346519743  
-0.2922667874  
0.6337383453  
-0.08002078232  
0.06977343666  
0.1446637266  
0.1515600652  
-0.69882447  
-1.425454168  
-0.8786238063  
-0.4070127303  
-0.6005770111  
-0.4255707359  
-0.5080186713  
0.5097862667  
0.7828528983  
0.2703914364  
-0.2879074673  
0.2772352576  
0.3967320694  
0.953872758  
0.3644349277  
1.025809801  
1.091193101  
-0.004960864465  
0.2803548671  
-0.1102833788  
-0.4438647022  
-1.409354625  
-0.2097864182  
-0.5424340499  
-0.07641350548  
0.06034312597  
-0.2845517359  
-0.1543007813  
0.1823331322  
-0.5938102463  
-0.4003407973  
-0.1045865602  
-0.1848067433  
-1.287516783  
0.3514730065  
-0.2318114728  
0.2173954225  
0.3656383562  
0.2460236579  
-0.5714565377  
0.0467311057  
-0.00814176849  
-0.4083488345  
-0.7205024158  
-0.2051153372  
-0.3567600571  
0.4644097374  
-0.2431923569  
-0.1151885174  
0.6177846293  
0.456935134  
1.264025339  
1.110321773  
-2.998638871  
-3.362248451  
0.7217606136  
0.1996244891  
0.03392936992  
-0.2729873707  
-0.3281023398  
1.197115179  
0.8094967839  
0.06036238846  
-0.1984545049  
-0.2776119169  
-0.3920541972  
-0.1344351945  
-1.087969488  
-0.6376928281  
0.4207229137  
-0.3803498195  
-0.4958798176  
0.05899199067  
-0.02616183201  
0.6205141211  
0.7635311216  
1.212527294  
1.17570308  
1.492839229  
0.3490629127  
0.4126657029  
1.117433976  
1.218368115  
0.4080142879  
0.2835182115  
0.5698947921  
0.9207259183  
1.022003367  
0.6955076983  
0.8465324781  
0.4612937205  
0.4284012538  
-0.4175404615  
-0.1775479411  
-1.064298421  
-0.2153786178  
-0.4583310796  
0.1627027909  
0.5620888778  
0.2718791927  
1.133993776  
0.5652437405  
1.159255456  
0.201001473  
0.2687673308  
0.2391946564  
0.06229539596  
1.983556043  
1.550140084  
-2.83282707  
-1.784047325  
-1.164675585  
0.3259934693  
0.8226371744  
-1.403557943  
-1.099838118  
0.1827754632  
-1.880954817  
-1.999462625  
-0.6766160074  
0.4254544074  
0.02003023874  
-0.4738254259  
-0.9638965123  
0.4706525851  
-0.324890326  
-2.353145373  
-0.7366854574  
-1.532244788  
-1.284189503  
-0.4315997502  
0.1064485826  
-0.1224611638  
0.02477545782  
0.4685815392  
-0.4907321308  
-0.4246984153  
0.121107324  
-0.03568954636  
0.1975249369  
-0.08689359788  
0.444928783  
1.167272907  
0.4744223166  
0.8337892811  
0.982115289  
0.08453946411  
1.104349165  
0.1957585694  
0.05878232743  
0.323866453  
0.82894476  
1.493313911  
0.2308380896  
0.7982005145  
-0.4359128179  
-0.9395709357  
-0.3450635663  
0.1468336363  
0.7467710164  
-0.2280440888  
0.2389415345  
0.3599252157  
-0.3561791293  
1.331245079  
0.3242702311  
0.2114479607  
-0.4242911054  
-1.484014501  
-2.494845251  
0.6157177594  
-0.1844353933  
1.155678124  
1.119539354  
0.4354742343  
-2.664639421  
-0.3101592909  
-0.2885130388  
0.8079307397  
0.160527021  
0.4044762522  
-1.34122094  
-0.4702798091  
0.009974785552  
-0.5673134119  
-0.8721163894  
-0.8679677013  
-0.2888603464  
-0.186262263  
-0.4772927136  
0.5537004924  
0.1530953291  
0.04005796707  
0.5527364912  
-0.6319809815  
-0.2684712692  
0.07007643375  
0.8347239434  
1.634135931  
1.920659398  
0.8426044926  
0.7106955523  
0.5706956232  
-0.3599237116  
-0.3929537251  
-0.03367418598  
-0.3800195879  
0.2253726411  
-0.1893821856  
0.1571664411  
-0.6102091472  
-0.7106290762  
-0.1693678178  
-0.2459037955  
-0.454600717  
-0.4061921683  
-0.003144673703  
-0.2560573149  
-0.5443389555  
0.1586786378  
0.7889950715  
0.05865577435  
-0.05197577635  
0.1893119453  
-0.02292670101  
-0.3171941826  
-0.1090449516  
-0.4550616025  
-0.01053027808  
-0.1751390255  
-0.3378339203  
-0.6557452109  
0.2553139851  
0.2772663135  
-0.1669190726  
0.1954382905  
0.4752154211  
-0.8273627005  
0.05871961531  
0.5401560244  
0.8534740161  
0.2304763748  
0.4697554386  
0.3280200766  
-0.3074661335  
1.028176882  
1.192531071  
0.7678080498  
0.6962256883  
0.7451019997  
-0.2906729548  
0.4684474088  
-0.3183376183  
0.2078368848  
-0.4432646526  
0.02455745672  
-0.5413557673  
-4.832660036  
-0.9088531295  
-0.6252104302  
-1.279867171  
-1.270651794  
0.07449544985  
-0.6310375741  
0.2454596239  
-0.09990213119  
0.3329890435  
-0.3287677081  
-0.2698021601  
-0.3749392449  
-0.696843613  
0.5127602865  
0.5039037004  
0.2566564551  
0.4491949008  
0.9529103415  
0.6142879063  
1.322574528  
1.576075098  
0.5900432507  
0.1677747579  
-0.3026868337  
0.1890406251  
0.4142743869  
0.1631306677  
0.9572589251  
-0.008799760094  
0.7663554985  
-0.2310604654  
-0.4954100152  
-0.5014033203  
-0.4436864169  
-0.07874854693  
-0.2036001841  
-0.5036504408  
-0.1458890703  
-0.6484812118  
-0.4545297408  
0.2203656485  
0.2328067215  
0.2598276193  
0.230945402  
0.04618527441  
-0.01450559554  
-0.5295391729  
0.1440502012  
-0.06401577094  
0.09104587251  
0.1709817171  
0.03995906316  
0.270028857  
-0.04367168602  
0.5235828838  
0.3351535679  
0.2263540633  
0.1949893338  
-0.1894351008  
-0.04255340739  
0.3246113535  
-0.1250447305  
-0.897669974  
-0.3513424215  
0.09944607429  
0.291238441  
-0.2409020671  
-3.110027425  
-4.442303154  
0.3440918922  
-0.08339442568  
-0.6637832563  
-0.6643488829  
0.3694702834  
-0.6771019428  
-0.2949026383  
0.03769590863  
1.220809506  
1.550600795  
0.2668586292  
0.01269075294  
-0.5379995474  
0.3914992676  
0.3921702101  
0.9049169088  
0.7558893833  
1.688992224  
1.495524757  
1.430991606  
1.637000545  
0.8632616349  
0.9072249333  
0.5908430247  
0.5989973384  
0.1202060713  
0.5668870538  
1.454555779  
0.2421204117  
0.393187092  
0.5074619834  
0.3852188696  
0.2325024088  
0.5302516112  
-0.02115664469  
-0.557977276  
0.4629942433  
0.1946252416  
-4.307650747  
-3.207668964  
-0.1394471138  
-0.5590596086  
0.04415543757  
0.1665421501  
-2.998949332  
-0.5777520904  
-0.1015273326  
1.828628487  
0.4900240229  
-1.064085517  
-0.01042096956  
-0.08259248777  
-0.3294282959  
-0.3847678836  
-0.1059224381  
-0.09115407741  
0.628590604  
0.2085189365  
0.01996535336  
0.7368641939  
0.5585759426  
0.2338703807  
-0.2315987306  
-0.7801296817  
-0.1323711402  
0.1307637202  
0.3151558646  
0.5312404113  
1.002260938  
0.5938001715  
-0.5837860483  
0.07127589013  
-0.4977455081  
-0.08141910855  
-0.7775263112  
-0.2389327657  
-1.28882877  
-0.3371525512  
-0.4816060938  
0.1220509081  
1.310196717  
1.558690677  
1.925434012  
1.155591161  
0.7695013425  
0.9758202313  
1.132642937  
0.8341096428  
0.6962746783  
-3.08989549  
-1.452566578  
-0.4048853504  
-0.162687269  
-0.7128268356  
-2.165904269  
-1.249469815  
-1.220949852  
-1.089703183  
-0.4749106009  
0.09955460373  
-0.642524796  
-0.8040514864  
-0.8572770234  
0.1192172548  
-0.8648158921  
-0.7078601219  
-0.26979991  
0.8714702877  
0.4179084223  
0.6418280868  
1.240119843  
0.6217953423  
0.6244033437  
0.9038988008  
0.5521535157  
-0.3111494137  
0.3571510821  
0.4942767425  
0.6943192499  
0.6508141005  
0.1248814273  
0.7220294695  
0.5524836597  
-0.03497091976  
-0.05160949751  
0.6043467545  
-0.7716505286  
0.1368374579  
-0.01779322381  
-0.4759372329  
-0.1099450982  
0.07086428804  
1.105407567  
0.4391853429  
0.4590769297  
0.476204902  
1.283330969  
0.7912722329  
0.158491171  
-0.03962190105  
-0.4930074294  
-0.2359182852  
0.8985330868  
0.793593748  
0.04067534743  
-0.2810257359  
0.2763429332  
0.6350003211  
0.7124223756  
0.6271529565  
0.3161565775  
-1.286561403  
-0.2494375409  
-0.6874612133  
-2.922887041  
-2.033056645  
-2.097200922  
-0.1317295154  
-0.2095685564  
0.1236541866  
-0.4820116023  
-0.008530085132  
-1.073845734  
0.07829882223  
-0.6464811662  
0.9312297414  
1.155195072  
1.358794531  
0.4956348916  
0.2919255739  
-0.01859396357  
1.280594886  
0.8972915809  
-0.2185372714  
0.2546100763  
-0.343632858  
0.8959681052  
0.441776338  
0.9697498293  
-3.504833058  
-0.07736062401  
-0.272908786  
0.9914443597  
1.802605732  
-2.346675759  
-1.205034194  
-0.1179181759  
1.619811537  
1.425684943  
-2.225994581  
-0.6394774875  
0.1380088524  
1.224552798  
0.5469690875  
0.5902620882  
-2.814433745  
-2.421357359  
-0.9781276822  
0.08583366729  
0.2035899301  
0.4573927442  
1.171999157  
-0.6275944522  
0.09159822689  
-0.1824088942  
1.262224563  
1.248772343  
0.4680547309  
0.1820496499  
-0.01924951603  
1.084646234  
1.441076473  
0.1258163271  
-0.2121773686  
-0.2101090108  
0.2034212822  
0.2024570417  
0.3532965879  
-1.254481838  
-0.7769223445  
0.4513828357  
0.9992677473  
-0.3729835744  
-3.006851655  
-0.05005464746  
-0.06780242601  
1.852253502  
1.565900204  
-2.488829274  
-0.06546959559  
-0.3051321408  
1.156450588  
1.09161957  
0.8548694178  
-2.246356328  
-0.2014014706  
-0.2901443248  
1.742932504  
1.095529339  
0.05933540136  
0.1810680849  
-0.4863492414  
0.3200653065  
-1.611653706  
-0.5241869732  
-0.7254220662  
-0.5818837057  
0.5650737891  
-0.4266112049  
-0.1943663722  
-0.05361871727  
-0.5018502056  
0.6671062481  
1.08898088  
1.729150259  
-0.9004216253  
0.7629134788  
0.1858605278  
0.6847285969  
0.1685243619  
0.2978990589  
-0.8908784433  
-0.9591631962  
0.2168452155  
-0.5937910917  
-0.369724871  
-1.01301925  
-1.142372856  
0.06373894501  
0.4904855981  
0.5095262664  
0.05230892301  
0.07369100006  
1.6581475  
0.3488634935  
0.0401840886  
-0.1735831295  
-3.470955758  
-0.3828320704  
-0.3736893441  
-0.004436617265  
-0.6472869067  
-1.759949689  
-1.104837682  
-0.6907173791  
-0.2417128743  
-0.8508545298  
-1.048399661  
-0.7711566147  
-0.07603652122  
0.043990429  
-0.4979504722  
0.3491480782  
-0.1042114165  
0.1441645639  
-0.1380401686  
0.1367321662  
-0.08127942101  
-0.4811541719  
0.7650292209  
0.639071831  
0.1522140232  
1.403352062  
1.228158132  
1.0183241  
0.7857538114  
0.6061531665  
0.6362421275  
1.482029963  
-0.1065312013  
0.02974027133  
-0.7029529992  
0.3530817852  
0.9370943337  
-0.8424219046  
-1.170072592  
-0.254999129  
0.04228877452  
0.4709715128  
0.2790963725  
-0.1958805026  
0.1134160202  
0.5695948513  
0.4758347576  
0.3059279314  
1.406807957  
0.9481677493  
-0.1016563999  
-0.5314868798  
0.3070399902  
0.4174871473  
0.8344505913  
0.02885332247  
0.5680125247  
-0.7437875666  
0.4751640386  
0.06741402317  
0.005475450882  
0.1433279819  
0.3466780161  
0.5161682151  
0.3471470776  
-0.004586267588  
-0.3433833886  
-0.707763206  
-0.05915285942  
-0.4587747635  
-0.4465774264  
-1.056679169  
-0.5503106462  
-0.5927051417  
-0.5414205383  
-0.6851677621  
-0.3895078426  
-0.2752304527  
-0.4588431303  
-0.2388290759  
0.03171201641  
-1.032196932  
-0.8319878895  
-0.2517499343  
-0.4356437518  
0.4017966359  
0.6064109451  
0.3338832064  
0.7570166576  
1.718918227  
0.4598126658  
0.6672624444  
1.061782519  
1.314980846  
0.5756579054  
0.3602974775  
1.2292482  
0.7322479062  
-0.122226061  
-0.3261928787  
-0.5735035623  
-0.1962449892  
0.5097583917  
0.09721245147  
-4.268735187  
-0.8603554364  
-1.177133433  
0.2146969384  
-1.041149923  
-0.3979758804  
1.253702217  
-2.187948779  
-0.07430562873  
1.566712733  
0.499362482  
1.792014144  
1.568321234  
-4.170598333  
0.2672459831  
0.7090292333  
1.894095574  
0.2714295034  
-2.615501814  
0.08987439469  
0.04342883417  
-0.3269759676  
-0.0813800887  
-1.158237463  
-1.239086119  
-1.114027793  
1.263212899  
1.734695995  
-1.96599158  
0.03408663669  
0.291226491  
1.327940987  
1.735092236  
1.045682234  
-1.656601709  
0.6173751131  
0.3513604469  
1.582625277  
0.9142957381  
-1.49593194  
0.1381492403  
0.5253080322  
-0.7827352817  
-0.6491869632  
-0.8214252502  
-0.7765433618  
-0.4240431107  
0.1923868281  
0.8093165025  
1.214222535  
0.1227266486  
-0.4032512092  
-0.4283742212  
-0.2337358683  
1.274271585  
1.68852976  
2.203078117  
0.8341479393  
0.7698363691  
-0.01774928552  
-0.008528959481  
0.0758040473  
-0.859591152  
-0.673208493  
0.25786298  
-0.4971536035  
-0.09165285571  
-1.022916658  
0.5868765387  
0.2138080323  
1.416633933  
2.643583805  
0.4239129124  
-0.03187481617  
0.2742230373  
-0.2248000992  
-0.02314270691  
-1.063110479  
-4.42663629  
0.1923662002  
-0.2617894033  
-0.5363643347  
-0.6836158418  
-2.907967833  
-1.87944941  
-0.642616569  
0.8709878374  
1.65577711  
1.08574846  
-1.134923237  
0.4239208761  
1.379575805  
1.535847555  
0.8519759281  
-1.887167703  
-0.07330112234  
0.2961850021  
1.633100591  
1.436199806  
-0.6326422781  
-0.3328847675  
0.04607501465  
1.249033223  
2.046049914  
1.176109709  
-1.863561592  
-0.8124112523  
-0.4279570306  
-0.40398805  
-0.9201308134  
-1.432626776  
-1.821226546  
-0.7430520228  
0.08881803925  
0.249099199  
0.5620024106  
-0.7860162174  
-0.2614650158  
0.4473776709  
-0.6277444245  
-0.1902884459  
-0.434503118  
0.06263508184  
0.5653487835  
-0.05345657927  
0.260085889  
1.090813639  
-0.1740238522  
0.2420224131  
0.04510337534  
0.4379621838  
0.9346697881  
0.4096464797  
-0.5171974095  
0.4621255523  
-0.5848811445  
-0.459600989  
-0.3291103367  
-0.04301562073  
-1.789075985  
-1.367051742  
-0.04401401628  
0.2718212818  
1.378942837  
-0.5397770656  
0.1893196818  
0.3374055158  
1.562809702  
1.042789416  
1.011874003  
-1.104276194  
0.03050890719  
0.4703495176  
1.344845454  
1.236120851  
-0.9100496785  
0.4093565279  
-0.2223305678  
0.6701358196  
0.2791071426  
-2.369564179  
-0.958038957  
-0.4458726468  
0.1909945922  
0.4358501288  
0.5131659787  
-1.055285683  
0.8953480995  
0.400494034  
1.242445079  
1.063956709  
-0.3180442737  
-0.6692659075  
-0.2690001673  
0.5042139663  
0.7305462581  
1.872282966  
-1.291566164  
-0.7001200709  
0.2011000025  
1.379472277  
0.600648766  
0.5539857785  
-2.841757873  
-1.445005473  
-0.3262855234  
0.5928526442  
1.682566499  
0.9866674952  
-2.329158942  
-0.5498221562  
-0.5625435177  
1.051833282  
0.5945557971  
-0.3297549148  
-0.6345265593  
-0.6087878222  
-0.6845643976  
-1.566855837  
-1.457089433  
-1.632187489  
-0.4342539731  
1.53997497  
2.129790776  
1.085761785  
-0.9745768111  
-0.4524004227  
0.2733676289  
-0.5008577539  
-0.1435986667  
-0.5190396909  
-0.2657114843  
-0.2915066281  
-1.824011364  
1.096806146  
0.04989914545  
1.628415239  
1.309792047  
-2.186670313  
-0.7533825466  
0.7392592616  
0.7073785146  
0.317367378  
-1.084051344  
0.01873075429  
0.3517135244  
1.559775681  
1.707306111  
1.267366817  
-2.813350276  
-0.7048955827  
0.2135299681  
-0.608185145  
-0.2479517148  
-2.019007101  
-0.3557351227  
-0.04852431712  
2.262708836  
1.756696529  
1.878984418  
-0.9415180086  
0.7011188834  
0.1091631574  
-0.1893448034  
-0.4097413334  
-1.897228217  
-1.203700837  
-0.1898753907  
0.9378049906  
1.751443854  
1.402794664  
-0.5434545619  
-0.493434746  
0.9485208589  
0.9874396519  
1.161145488  
-2.347001292  
0.5374020964  
1.136587717  
0.9816681683  
0.5976225769  
-2.615858183  
-0.007469286456  
-0.1406351047  
-0.5214613507  
-0.4163055976  
-0.1013212192  
-0.31338529  
-0.157002042  
-0.8406273677  
-0.2169706577  
-0.94437917  
0.03411487936  
-0.3290112203  
-1.561976664  
0.1945925653  
0.8278685893  
-0.09430851525  
-0.3884081668  
-0.2536131109  
-0.1678912989  
0.1889196607  
-1.044469633  
-0.4651111961  
-0.3627665836  
-0.2051430063  
-0.2899615521  
-0.9632690509  
-0.07656544115  
-0.2377051988  
1.351245247  
2.279644701  
1.083227268  
0.8310464209  
0.1594680583  
0.4623482845  
-0.4312454648  
1.003453438  
0.6230416824  
0.04999822331  
-0.009063381929  
0.1128473174  
0.5517165824  
0.8175690102  
0.228520201  
0.1369524389  
-0.2102469542  
-1.550962203  
-0.8322130334  
-0.3839024127  
0.5784288623  
-0.2509024711  
-1.4487078  
-0.06848244517  
-0.3554504227  
-1.041385708  
-0.4032620817  
0.5322049179  
-0.9316298823  
-0.01586800617  
0.20892175  
0.1596962651  
0.4780676315  
-0.04668536665  
-0.2342105322  
0.0157036176  
0.5638996879  
0.3763827683  
0.02974046465  
0.0269614759  
0.1830512865  
-0.003216963196  
0.4305170291  
0.7473272124  
0.5432167272  
-0.1210926286  
0.3717142537  
0.2018265407  
0.1392249639  
0.06386447658  
0.4677480929  
0.9702522965  
0.4330547182  
-0.4467427496  
-5.672430548  
-1.324818879  
-1.319640453  
1.741237763  
0.9590851069  
0.8255127841  
-0.01545095901  
-0.4891459662  
-0.2274962672  
0.7454220992  
0.4752294092  
-0.5421422553  
-0.155398558  
-0.0575610734  
-0.3962515768  
-0.1828154424  
0.3269745583  
0.1438328045  
-0.2931881736  
-0.8197447979  
0.2070201581  
0.251818824  
0.02128775472  
0.1202696357  
1.203043575  
1.362134383  
1.41860068  
1.004946352  
1.164685743  
-0.1574974414  
0.1216114175  
0.5666212362  
0.1034944828  
-0.5006654361  
0.2955484951  
0.3518403669  
0.9499390366  
0.05192712534  
1.376630254  
0.9458226602  
1.46285362  
1.495602855  
0.462486556  
-3.055087087  
-1.553396166  
-0.9977342252  
0.3120734688  
1.004628167  
0.7834052965  
0.02801798214  
-4.97613609  
-0.3534948926  
-0.3680825981  
1.219302272  
1.13640247  
-1.126536617  
-1.448626692  
-0.6125577557  
-0.4667191203  
-0.6983080228  
0.7111955656  
0.01616785355  
-1.210375182  
0.03302767122  
0.3997883099  
0.1240263785  
1.387390964  
0.6844534244  
0.6942336054  
0.3241267867  
0.5791686264  
1.981366474  
1.122462561  
-3.892278876  
0.4049869569  
-0.0472748031  
0.7999210024  
1.153986476  
0.3835718597  
-0.2135677647  
0.3697264607  
0.3043048392  
0.5557676041  
-0.09997490743  
-2.794868627  
-0.5495633722  
-0.3658926656  
-0.8090101086  
-0.1350971774  
-3.72190405  
-2.959483068  
-0.3035662169  
0.9287428803  
1.67499045  
1.129730309  
-1.789889618  
0.2155067558  
-0.2740569772  
-0.4889593768  
-1.485631177  
-0.8136893739  
-0.8393394559  
0.6979052928  
1.773135271  
1.395584485  
0.004060082912  
1.403833181  
-0.04431629589  
2.220515291  
0.8589931622  
-0.1593784558  
0.4735293092  
-0.4382048891  
-0.1586177806  
-0.6481160292  
-0.5374214905  
-0.8352464672  
-0.1702404898  
-0.2424375986  
-0.01487386494  
-0.5559339564  
-0.3255964115  
0.3019045112  
-0.01304437073  
0.5553044988  
0.6174788328  
-0.08027082573  
-0.2117869064  
-0.8201740294  
1.071259066  
0.6718510997  
0.8991333389  
0.9986240784  
-0.2182256709  
0.4066963134  
0.9845006165  
-0.2752589825  
0.1072684543  
0.5347247469  
1.24336586  
0.4228567792  
0.8022473915  
0.6582274132  
0.2051523912  
-1.021610644  
-0.3422581133  
0.4865276039  
-1.03494773  
-0.3721101063  
-0.6538123331  
-1.135549972  
-0.4344863637  
-0.7827630463  
-0.5283565001  
-0.8800246316  
-0.5286522937  
-0.849544766  
-0.2212330363  
0.1505863728  
-0.3287406945  
-1.095563703  
0.0153030658  
-0.5526861569  
0.2884534738  
-0.5168468644  
0.7877706182  
0.6044194448  
-0.2839464572  
-0.0508620674  
-0.7749681999  
-0.8346105973  
0.02205073247  
-0.1179068592  
-0.5844987439  
0.6552573229  
0.4921591554  
-0.2777829203  
0.2260048017  
0.5059117523  
0.9393604064  
0.3292129767  
0.8862178288  
0.3282554197  
0.729646723  
0.766192524  
1.171813194  
0.6278164599  
0.3831780099  
0.1843793019  
-0.8074594784  
-0.4978059128  
-0.3666318638  
-0.4718201252  
-0.4597599331  
-0.06844838821  
-0.4288883936  
0.6862899065  
0.4761884299  
0.9151170702  
1.315150386  
1.101172295  
0.2027486546  
-0.15914846  
0.544203888  
0.979684473  
1.133395301  
1.063230446  
0.5752584078  
0.8004849784  
-0.3863766532  
0.4081961404  
-0.3672332492  
-0.6885167184  
-0.5820780454  
-0.09336343031  
0.2082617159  
0.2458463169  
-3.51266364  
-0.7327752845  
0.1554571429  
-0.03396370229  
1.416148797  
-0.872724774  
-0.8253944191  
-0.128631873  
-0.04562474221  
-0.7285532979  
-1.028366286  
-0.4847421525  
-0.6117242326  
-1.187748754  
-0.1507111741  
-1.171540046  
-0.5477724513  
0.3188489754  
0.9425882979  
-0.2234546324  
0.4006907491  
-0.2392275463  
-0.07400840525  
-0.4806659203  
0.2884573217  
0.9829345409  
-0.2168458371  
0.4197634748  
0.3989703526  
1.169790994  
1.528659024  
0.4393057354  
-3.316761124  
-1.461747605  
-0.3219333624  
1.012557591  
1.650050459  
0.9606838999  
0.4285399635  
-0.07398296152  
0.5771992257  
-0.5988173653  
1.437344708  
-0.4907484196  
-0.1890947564  
1.029841807  
0.7877448843  
2.208063004  
-2.915903499  
0.2896926097  
-0.2853301331  
-0.9149353139  
-0.189741806  
-0.4175937773  
-3.322967149  
0.8624824749  
1.737051246  
0.6000019777  
0.6276184592  
-2.338535804  
-0.3085694127  
0.2922007844  
-1.019972721  
-0.1310474334  
-0.3882527425  
-2.222322267  
-0.5825679514  
-0.1256645527  
-0.330592447  
-0.2485933257  
-0.4945914373  
-0.09687113658  
0.1853316726  
-0.2860725445  
-2.397115911  
0.5251273681  
1.162080787  
1.927141325  
1.785232776  
1.843037901  
0.06521815353  
0.4387858066  
-0.0288899383  
0.5176636505  
1.273148421  
-0.1916525309  
0.2002371098  
0.5204312318  
-0.3138361742  
0.4198052508  
-0.7913792823  
-1.464628882  
-0.7005378208  
-0.7011610494  
1.042388012  
1.408053586  
0.07247679379  
-0.2452730118  
0.2050429064  
0.4152131449  
-0.872221383  
-0.1695405524  
-0.3223973578  
-0.4585272742  
-0.07281040161  
-0.09146398599  
-0.2459843806  
-0.4567807285  
-0.1115766104  
-0.4280865795  
-0.6887705789  
-0.2234696632  
-0.2230294685  
0.3617033012  
0.5333203442  
0.8701969087  
1.301521374  
0.5059219537  
-0.2411847674  
0.01271808801  
0.5217748237  
0.3722509512  
0.6700677301  
-0.6128940904  
-0.4147111311  
0.3680871142  
0.3338514605  
-0.3884146067  
-0.06184412272  
-0.9294709012  
-1.096087584  
0.04874691313  
-0.006603613891  
-0.1002833535  
-0.8338664233  
-0.2157253973  
0.4634272752  
0.5222929308  
0.8730170979  
0.107731901  
-0.5898794497  
-0.7381930526  
-0.02158955451  
0.4656886554  
0.8109391432  
1.427544662  
0.5605261044  
0.4518383108  
-0.2543127137  
0.3466374047  
-0.544266033  
0.3503308113  
-0.7084432025  
-0.9346537275  
-0.8673828208  
1.098231012  
0.9577274336  
1.231793705  
0.07498298174  
-0.4838174903  
-0.1259513236  
0.2542586602  
0.09848806319  
1.092899986  
-0.1920737203  
-0.4607225366  
-0.250603797  
-0.2981126174  
-0.4725569298  
0.8128383765  
0.6717781755  
0.3978479654  
-0.8573166338  
-0.6606057336  
-0.1402216341  
-0.1958660565  
-0.4702300418  
-3.254089751  
-0.7284036126  
-0.5911328885  
0.6824264516  
0.5801180504  
0.2188388221  
-0.3873145627  
0.8141947994  
0.3354475178  
1.33886909  
0.91735128  
-1.964975436  
-2.11746955  
-0.09808777902  
0.4730348268  
0.1862654045  
-0.04505804893  
-0.1689984577  
0.5218251899  
-0.02028290052  
-0.07006105884  
-1.188653272  
-0.7698868266  
-0.6108313772  
-0.7981693721  
-0.570889962  
0.340168835  
0.124243879  
-0.7612310151  
-0.5892605037  
-0.5532278769  
-0.1328807675  
0.3427483437  
0.5020887305  
-0.4127379779  
-0.3932418495  
-1.113648067  
-0.4252386747  
-0.03223566038  
-0.2382827675  
-0.3309776938  
0.433917415  
-0.05049267513  
-0.05610781081  
-0.1673813517  
-0.9123407478  
-0.5957520668  
-0.597872428  
0.05009081297  
0.002032080334  
-0.6608461635  
-0.8790433295  
-0.3824511893  
-0.4252749979  
-0.09856509869  
0.3308785907  
0.9781018436  
0.7150435365  
-0.1144291002  
1.363113702  
0.1792815849  
0.772918796  
0.6320275293  
0.2516305891  
1.059840202  
0.3763742987  
0.8265990171  
-0.1321001692  
-0.004124191499  
-0.2599442887  
-0.3056679675  
-0.05020313207  
0.367131487  
0.3822076782  
0.6536578835  
0.6476097558  
1.410164579  
0.5727370353  
0.9669856621  
0.8123925392  
0.3741420225  
-0.6718767666  
-0.3169823183  
1.353349411  
0.252049373  
-0.08735148838  
-0.4273874583  
0.5992037055  
-0.1302283098  
0.06384061612  
-0.5967227727  
-0.2507169551  
0.4549954694  
-0.5927199765  
-0.2147654417  
0.7879612728  
0.3045554368  
0.8559576811  
0.7677586214  
0.9877448747  
1.397124338  
1.094799817  
1.010062802  
0.4725826945  
-3.615774079  
0.476124243  
-0.04547284311  
0.4470893721  
0.01952044266  
0.4735948499  
-0.5125920027  
0.1728533931  
-0.1061886309  
-0.4339650602  
-3.812572433  
-2.301254205  
0.3677234405  
0.07818869449  
2.109618737  
2.272396557  
-3.15527336  
1.306569255  
1.160563413  
1.94005233  
0.3995057141  
-0.6616601649  
0.1725443875  
0.3875130471  
-1.450580003  
0.4044006302  
0.9209202845  
-1.351545497  
0.4928599923  
-0.6914768926  
1.023351069  
1.659090233  
-0.2389560626  
-1.518561466  
0.7430649436  
1.021752169  
1.413881455  
-1.19291091  
-0.1839140975  
0.05968070534  
1.183732086  
1.303667119  
1.180227779  
-1.082265435  
-0.485023756  
-0.9363671036  
-0.6507211545  
-1.067124653  
-2.621363583  
0.2517485838  
-0.8532487152  
0.5298513945  
0.4166454667  
-2.706155047  
-0.7620677683  
0.3054026411  
-0.4700740185  
-0.2920876149  
-0.7972255311  
-2.62590772  
-0.3629534315  
0.495544641  
1.092779019  
0.9470014545  
-0.8361927012  
1.093721286  
0.428370932  
-0.1922811867  
-0.1770638572  
-0.4112153036  
-0.6915409329  
0.0287838914  
0.05676983076  
0.9508481316  
2.70169805  
1.33301496  
-0.00805192667  
0.2022628927  
-0.3322755043  
-0.4162344661  
-0.4296585066  
0.2243528492  
-0.2924150632  
-0.3323541872  
0.5444629815  
0.1375098753  
-0.7164015238  
-0.5306627441  
-0.1761278516  
0.6917845786  
-0.4822101211  
-0.4999240515  
0.5354816112  
0.6362289709  
0.4984949134  
0.04967365785  
0.7274390651  
0.6026613049  
-0.8617856303  
0.1726465355  
0.449356734  
-0.4094312374  
-0.03811374853  
0.2812956459  
0.6154302042  
0.8922835279  
-1.807414513  
-0.892157246  
-0.2942981642  
0.02301443668  
1.124682224  
1.5179653  
-2.513383122  
0.7053554126  
0.9817697568  
1.015370187  
1.742188645  
-4.127286481  
-1.279886095  
-0.5723420876  
1.761724077  
2.175724498  
-0.01795885777  
-0.0509335309  
0.6427952143  
1.380420499  
1.884708565  
-1.671972818  
0.02053123601  
0.4441326533  
-0.1809684872  
0.3807601641  
-0.2796090367  
-0.7649116797  
-0.950198263  
0.3663883433  
0.2782121433  
-0.3129144892  
-1.698475078  
-0.5848966476  
0.2213173724  
0.1887630833  
1.51666692  
1.474938151  
-1.659206423  
0.1050182896  
-0.1272969185  
-0.01899333565  
-0.5933831307  
-3.762766432  
-0.6424471557  
-0.7602012266  
-0.863610189  
0.4301497225  
-0.1613977186  
-0.7501283774  
-0.734697515  
-0.5315633605  
1.012463744  
1.293803228  
0.04011633851  
0.5669244283  
0.6810284971  
0.5603108795  
-0.005734206782  
-3.05928906  
-0.5340248349  
-0.7577702149  
1.053721085  
1.683671552  
0.7781507795  
1.771383345  
1.278029075  
0.3043935883  
0.2990942207  
0.6823679418  
-3.309707022  
0.2642448427  
0.1321275191  
1.346586423  
1.468099844  
0.7078000298  
0.1977249388  
-0.416735701  
2.698414068  
1.798171803  
0.6290428719  
-0.2717479811  
-0.2950918872  
0.2742829832  
2.281831921  
1.640298943  
-2.590193968  
-2.190977254  
-1.105091255  
-2.336841213  
-1.273219789  
-2.583304258  
-1.268127896  
-0.8733371727  
-1.12902525  
-0.5622288805  
-1.533317687  
0.3945504986  
0.1929092467  
1.117580617  
2.421013415  
1.65805965  
0.5881054664  
-0.7295135571  
0.6771228414  
1.616082898  
1.467451255  
0.4857795895  
1.47948318  
1.243600828  
0.6390661073  
0.6244679953  
-0.9162595764  
0.3333812563  
1.181887884  
1.487413107  
0.39192405  
-0.7549700504  
0.1211201426  
-0.5820207642  
-0.4579142426  
-0.5355098965  
-1.887690351  
-0.3525346244  
0.4822856677  
-1.587604641  
-1.358701207  
-0.8043077977  
-2.187060686  
-0.8982799798  
-0.3623477768  
0.2517659263  
0.6271052805  
-0.3863618037  
-2.668211868  
-0.4120485871  
0.01880948112  
-0.2966364495  
0.0007332017789  
-0.4195275875  
-0.4231262777  
-0.551110017  
0.3779250661  
0.9419719117  
0.2654845678  
1.056084816  
0.9670166311  
1.434401748  
0.8154786581  
0.5398416584  
1.596682288  
0.9331317711  
0.2291694245  
-0.4326930985  
-5.480033886  
0.01092674231  
0.1661641718  
0.4460541339  
1.479133644  
-0.86476683  
-0.2324407774  
0.4930457959  
0.2690902312  
-0.1744100822  
-3.019746775  
-0.4564224361  
-0.5274267337  
1.375540643  
0.3804590574  
1.027116498  
1.897194988  
0.5838911789  
0.1734794802  
0.8696942136  
0.1277171987  
0.5500712753  
0.7447944249  
1.231946646  
0.4336200758  
1.087658173  
1.764319722  
-0.3115855102  
1.26944344  
0.8086243324  
0.4098585534  
-3.593933996  
-0.9551805199  
-0.6501580967  
-0.9574876373  
-0.1266254235  
-0.5027918553  
-2.647809956  
-0.3272019782  
-0.4841563941  
-0.9188091438  
0.08029055839  
-3.204966262  
-1.08581402  
-0.9385616214  
0.9920408513  
-0.3994601862  
-0.3837197249  
0.8319916737  
1.59429128  
1.382644518  
1.115490827  
-2.570533705  
0.04068827427  
0.2381181422  
-0.2234325052  
0.1741577039  
-1.960913924  
-0.9258661409  
-0.03660620714  
1.473684439  
2.143836021  
-0.9540389551  
0.1926857844  
-0.4230377801  
0.8558034467  
1.676208144  
-0.2137812724  
0.3649156056  
-0.3412352682  
0.1857274095  
1.050924377  
1.654365644  
-0.2719109026  
0.4442811752  
-0.1514993131  
0.2983874303  
0.6739323881  
-2.51041626  
-0.5922025696  
-0.5163411641  
0.0341941169  
0.4317388303  
0.6096539724  
-0.363522484  
-3.985183939  
-0.3754630662  
-1.480213369  
-0.3836826176  
-0.3159162807  
-0.3046805313  
-0.2701705011  
0.6020123141  
0.2287437683  
-0.1447502427  
0.7291702893  
0.9939877315  
0.3315113954  
0.2842779208  
1.580513967  
1.046229318  
1.402639904  
1.22528522  
0.2977824007  
0.542411245  
1.376387064  
0.7459481981  
-0.01943697129  
0.2328244286  
-1.110978559  
-0.09912368023  
-0.3250633094  
-0.3113507891  
0.4651214102  
-0.5245233721  
0.5599438898  
-0.246984501  
0.3469059471  
0.4525155725  
0.2159992827  
0.3633158172  
-0.1746132396  
0.4892009795  
-0.3605902718  
-0.07263203966  
0.01201171836  
-0.0186043376  
-0.2366576685  
-1.200801983  
0.3544145198  
0.09360567263  
-0.2941048291  
0.3626908721  
-0.9220132808  
0.5217915761  
0.3374604147  
0.07247553744  
-0.4724032051  
0.1723165366  
-0.6835778006  
-0.3892897149  
-0.4560227076  
-1.23898731  
-0.9981969801  
-0.2876374492  
-0.5919296797  
-0.4015569804  
-0.458280266  
-1.101950236  
-0.3780254064  
-0.1246388995  
0.01073665763  
0.2480939755  
0.05581983205  
0.9277456998  
0.3448701276  
1.648478806  
0.9836240378  
0.43426656  
0.8316534953  
0.8696034693  
0.5560639967  
0.5465423131  
0.232606468  
0.14040753  
-0.2125698894  
-0.2269366507  
0.7015814601  
0.7260949899  
-0.9919923087  
0.4909604969  
-0.4440854639  
-0.7051332786  
0.2082048957  
0.4344671173  
0.2494949722  
0.06257828957  
0.3454628847  
-0.3670337482  
0.2726838192  
-0.1299562049  
-0.2340474014  
1.336029268  
0.6352887104  
0.3643816805  
0.4569269856  
-0.2107474069  
-0.7935464283  
-0.02583509053  
-0.5106168057  
0.1763608622  
-0.7690803257  
-1.00880551  
-3.85500182  
-0.3854037444  
-0.6345054275  
0.848115035  
0.6861893286  
0.7752936724  
-0.2328514928  
-0.1752596474  
0.263631097  
-0.8612429772  
-0.3995048615  
0.5001059982  
-0.2688221198  
0.3563180171  
1.029742423  
0.7325436283  
0.9749910319  
0.477824297  
1.218464805  
0.8497914542  
1.307059975  
1.986050356  
0.841458661  
-0.3752067323  
-0.9818164202  
0.4621618017  
-0.08367549353  
0.006307148497  
-0.4889812951  
-1.651051307  
-0.8448183186  
0.05345075726  
1.296875524  
1.014758103  
-2.276939025  
-0.5892015952  
0.5417141304  
0.6805810563  
0.1577376187  
-0.4824202296  
0.3415875778  
-0.4842074756  
-0.1539491545  
-0.423009266  
0.2843697191  
-1.788357526  
0.4438986243  
0.1315996232  
-0.3180279659  
0.1144672246  
-3.355557361  
0.4793792813  
-0.3365040528  
1.17228341  
2.077975054  
1.616282854  
-2.903707343  
-0.01998093866  
-0.3857354465  
1.498343862  
1.998950855  
0.6780122254  
0.9806106759  
-0.1532040491  
-0.4580936  
0.3853147915  
0.6677784272  
0.365865044  
0.173405239  
0.6265922877  
0.6460439728  
-4.914789859  
-0.2032871614  
-0.3463221377  
0.1171736911  
-0.6930864273  
-0.1741794984  
0.1873360322  
0.1401283082  
-1.627909442  
-0.5123565658  
0.4048757124  
-0.5946475111  
-5.400049875  
-1.201744852  
-0.03984640199  
-0.04780256511  
1.208746826  
1.006501922  
0.5299458488  
1.690677274  
1.398585342  
1.28916935  
0.6369388169  
0.3237514115  
