1.241366881  
0.9342128142  
-0.1074556657  
-0.3671799639  
-1.086683698  
0.8250561946  
-2.688813769  
1.334556612  
0.3569817462  
-0.5579594575  
0.2473627607  
-1.65130345  
1.051842249  
0.2471617625  
-0.0459277173  
0.4645164262  
1.428463739  
0.8732074347  
-1.638880943  
-0.3352991456  
-0.4241350317  
0.3239003083  
-0.4543390813  
1.143478208  
-1.235536726  
-1.713415411  
-0.131796502  
-3.480052565  
1.105498273  
2.473504283  
1.291363897  
0.678106146  
0.6259765179  
0.434408116  
-0.3277124695  
0.0313374465  
0.3029150685  
1.485524063  
-0.6512946883  
0.3175111831  
-0.825146599  
-1.044616484  
-0.9285841533  
-0.3883011765  
-0.6032321918  
0.3436094384  
-0.6053880933  
-0.6841013023  
-1.750044704  
0.3053796078  
2.084120662  
0.9951979123  
-1.278205428  
-0.1421868377  
-0.7557100395  
-0.8960406452  
-0.0639837094  
0.2227490194  
0.4921905905  
1.172517772  
-0.6510905702  
0.2952505216  
-1.01767793  
-0.3405465302  
-1.085149465  
0.580473843  
1.409712009  
-0.3015485459  
0.4612071394  
0.2267256357  
-0.2281933851  
-0.3803941097  
-0.1704532593  
-1.055458666  
1.064120487  
2.169159682  
1.234767748  
0.3621793701  
-0.2557062198  
-1.608451141  
1.979688314  
1.10832761  
0.07260301692  
-0.2115483638  
0.5639518713  
0.5337094044  
0.4269905579  
0.1797432047  
0.5233270023  
0.4384043921  
0.4781854432  
-0.2702020769  
-0.3918853414  
-0.5421910638  
0.1709960233  
-1.367057304  
-1.600315097  
-1.057341566  
-1.051727619  
-3.210483673  
0.06215242549  
0.2835341852  
-0.2272752232  
-0.3019350828  
-1.011366775  
0.7425360372  
-0.6167041942  
-1.611264115  
-1.083287197  
-0.2156249635  
-0.03968675708  
-0.2735118669  
1.792399397  
-0.8163872998  
-0.5856294106  
0.1074933036  
-0.06100052298  
-1.349675834  
-0.1572423997  
1.552967018  
0.91653431  
1.477639052  
0.5697698098  
1.875024425  
0.9919562769  
1.146972008  
0.3143495457  
-0.1497674526  
-0.2616921201  
-0.1448775234  
-1.27914426  
-0.849687312  
0.2627802963  
0.05521375192  
-0.7748644031  
0.08328828235  
0.4449349112  
-0.02794988047  
1.244168428  
1.612938545  
1.644886272  
-0.292723943  
-1.006469676  
-2.260873793  
-0.5677660677  
-1.778631458  
-0.8488590724  
0.3210238702  
0.9491167297  
2.051071854  
0.8961418399  
0.8369209899  
1.360263398  
0.7006353018  
-0.07003453412  
-0.7981802182  
-0.1839725357  
0.1275101979  
0.144543456  
-0.9397665872  
1.486947201  
0.3548048578  
-1.209370502  
-1.470304056  
-1.637603091  
-0.8875642176  
-0.7693679813  
-0.9445629857  
0.6078195714  
0.5798246942  
-0.4680356243  
1.460695321  
-0.1255224038  
1.281138509  
-0.4546383418  
0.5188328962  
-0.3587738201  
1.160150429  
1.476233497  
0.4016437211  
-0.1524664714  
-0.4628290247  
-1.519829678  
-0.3785060257  
-2.175811058  
-1.306004492  
-0.9175852018  
-1.704084638  
-0.08402700462  
0.7710890386  
-0.4845252484  
0.9917506861  
1.012302821  
1.553732909  
0.6271720261  
1.84498545  
1.955324036  
0.8749183854  
0.7512000326  
-0.3794780082  
-0.6422528156  
-0.8339240078  
-0.5403288537  
-0.3665129897  
0.1514763457  
-0.7933940381  
-0.5587108279  
0.4848122189  
-0.2700097493  
0.5691852888  
1.523497869  
1.873740572  
0.7566271345  
0.1900388762  
-0.7476430818  
0.4440869974  
-0.4925947854  
-1.176664295  
-1.347108139  
-0.8782412765  
-1.81359502  
0.1794562296  
-0.7019823444  
0.01903476125  
0.47454798  
-0.1642507745  
0.24117102  
0.04698076623  
-0.1795428265  
0.7283717734  
-0.2147918213  
-0.1940328049  
-0.4782038805  
-0.2371956063  
0.1707201169  
-0.4209893669  
-0.6831851114  
-0.5389892393  
0.2242730486  
0.9523567159  
0.1925561038  
0.3811296843  
-0.1095449282  
-1.737391065  
-1.911570751  
-0.3807282521  
0.5269122456  
0.8289750118  
0.7690428283  
0.7628667189  
-0.03676981883  
-0.1839707988  
0.1085088123  
1.144035702  
0.3012795823  
1.332707512  
-0.6488524928  
-0.1520102961  
0.7689284494  
-0.02366744258  
0.1020276504  
0.2838381605  
1.652195979  
0.4459739924  
1.20786945  
1.005373831  
0.5267078173  
0.6686134884  
-1.046609523  
1.062539204  
-0.478030376  
0.6216806674  
0.09509362707  
-0.7101124616  
0.7034214995  
1.453022546  
2.033328699  
0.1558619634  
-0.4932643875  
-0.01247491603  
0.6335073001  
-1.000351526  
0.9421145399  
0.8450467165  
0.2043184443  
-1.210621017  
-1.694543796  
-0.9256271161  
-1.638792459  
-0.9633229476  
-0.6118569759  
-1.37307232  
-0.3043103637  
-1.979212521  
-0.09252496952  
0.434777223  
0.9563252844  
0.404523863  
0.9705953389  
-0.777559875  
-1.501210943  
-1.323122364  
-0.1553840408  
-1.511288071  
-0.4666889666  
-1.821706837  
-0.4979765859  
0.6101411493  
0.3701160001  
1.004806515  
1.16449985  
1.050736206  
1.153084115  
1.617267199  
1.637624676  
0.08921486732  
1.057139774  
0.420315569  
-0.206081859  
-0.8883192746  
-0.239970821  
-0.1480808709  
-0.2312465506  
0.01114492117  
-0.8186762194  
0.9114995105  
-1.119942499  
-0.9719889524  
-1.455093447  
-1.211645125  
-2.236524328  
-0.5260494093  
-0.2235640225  
-0.8177409473  
0.5478464702  
0.1952249938  
-1.003322419  
0.6986691467  
-1.089032873  
-1.369709452  
-0.8819639099  
-0.6464667169  
-0.1027709357  
0.1554443364  
0.0943558756  
1.327732098  
1.194840954  
0.9182494063  
0.3117715255  
-0.6058750472  
-0.08163983414  
-0.3370832379  
-0.3184368125  
0.6767518865  
-0.7387572521  
1.658498391  
1.244123989  
1.107461958  
0.5924440589  
0.978608521  
0.1735293298  
-0.5214693399  
-0.6771199868  
-1.304242297  
-0.6126134084  
0.2303226602  
0.3092350906  
0.3238555221  
1.176667975  
0.4608201495  
0.2408789398  
0.3376819844  
1.037208731  
1.872497561  
-0.6570852668  
-1.092407347  
0.05649991757  
0.05771505463  
-0.444558448  
0.4840848474  
-0.2531027682  
0.8492135601  
0.5089282921  
-1.225676107  
0.002337521818  
-0.4907353322  
-1.323833594  
-0.1145635819  
-0.8772195119  
0.7158082211  
-0.23435452  
-0.1553574142  
0.8328685636  
0.6208104119  
0.5600098218  
-0.7221445944  
-0.5138960243  
0.7317610605  
-0.4392653102  
-0.3961256815  
0.54079275  
0.9755314345  
0.06446551575  
0.9256395868  
-0.204282235  
-0.68039457  
1.115780656  
1.028347578  
-0.7934510632  
-0.4195349195  
-1.697735088  
0.07870225404  
-0.4313630156  
-0.9945717417  
0.2979775857  
-1.744245224  
0.5746413978  
-0.2894788652  
0.2948607646  
0.2959721521  
0.8735149417  
0.5895141817  
-0.1111846436  
0.02973106848  
0.9548401915  
-0.7633173591  
1.673772161  
0.2700305128  
-0.5664168171  
-1.59591058  
-0.401002639  
0.04721236679  
0.03886481251  
-0.6059118551  
-0.2023560269  
0.3724590017  
-0.3398589389  
0.624533669  
0.3515694883  
-0.04673228802  
0.4328228677  
-0.7149979355  
0.09872291073  
-0.3123588268  
-0.107118851  
-0.1057367393  
0.6257596519  
-0.8832408334  
-0.02602717418  
-0.2368689956  
-0.6486267536  
-0.6638278509  
-0.3124063419  
-0.7985024654  
0.6104722555  
-0.7479528081  
0.4255550634  
0.5993223122  
0.9968077724  
0.9720227036  
0.8186558569  
0.5246924247  
1.15080344  
0.6673624132  
-0.1594164795  
0.2605015164  
1.424611731  
1.499327556  
1.614969887  
-0.1143384864  
1.242685502  
0.9707912911  
-0.2537620308  
0.07159136053  
0.4530621419  
0.16955909  
-2.458038128  
-1.076760527  
-3.347794715  
-2.395578767  
-1.034570124  
-0.9888018414  
-1.249485836  
-0.4915156979  
0.4072929024  
0.2928820923  
-0.1219144348  
0.7625391177  
-1.096627214  
-0.4858998796  
0.07814982884  
2.267923399  
0.05641442248  
-0.6994783437  
-0.9501052067  
0.2275714154  
-1.052595632  
0.7308393844  
0.7253758575  
0.4749937747  
-0.2568059218  
0.3863912223  
-0.02872609203  
0.2325582813  
0.5347930115  
0.4286064063  
0.4770410489  
-0.395663645  
1.219964164  
1.278916498  
1.442146365  
1.22387349  
-0.2127590167  
-0.4406908767  
-0.5232103854  
-0.4369379432  
-1.05657732  
0.1069542597  
-0.8877969014  
-0.2596428345  
-1.048050267  
-0.02962014635  
-0.4816975041  
-0.4865045877  
-1.108922805  
0.6436915092  
-1.073078292  
0.1551361142  
1.015336082  
-0.3288373555  
-0.6939939514  
1.165330209  
2.09027143  
0.9718682132  
0.4465645662  
0.0482609846  
0.5324545578  
1.185992489  
0.0559544347  
0.1187315401  
1.076291281  
-2.228204994  
-1.317819661  
-1.438790018  
0.4368993636  
0.7068058107  
-1.161619059  
-0.6174138525  
0.05045812523  
0.1801070954  
0.9096253449  
-0.2181876392  
1.085985381  
-0.07355972882  
0.1172757363  
0.600238315  
0.5001529854  
-1.134709771  
-0.8578240147  
0.3514129008  
0.2608883011  
0.6930258969  
1.836245142  
1.326677512  
0.4474320545  
-0.003162532117  
0.3749116648  
1.349255124  
0.1876094439  
-1.021549245  
0.7751808812  
0.7999813195  
2.056760301  
1.967530526  
1.390401775  
0.6543662214  
0.8076596984  
0.4420807732  
-0.1260632347  
-0.2417096609  
-1.862378075  
-0.8079124419  
-1.861881196  
-1.625906581  
-1.366152585  
-0.6517955811  
0.55043681  
-0.7962251617  
-1.479481909  
-0.2414276542  
-2.190033692  
0.3379105579  
0.5677322274  
0.4119388316  
0.2613345466  
-0.5855267476  
-3.087437355  
0.2938511854  
0.3297181597  
-0.2758456706  
0.5970590797  
-0.2704991393  
-2.035730112  
1.060791326  
0.4327570481  
1.275178196  
1.669875701  
-1.749206609  
-0.6173167186  
-2.401717023  
0.7023509883  
0.2239079854  
0.743157246  
-0.6003995442  
-2.697332016  
0.6808322109  
-2.690227195  
1.299604371  
0.364490376  
0.1470843899  
-0.1711853272  
-0.5948170339  
0.4983130414  
-2.461017999  
-0.3325428556  
0.7769789981  
1.619483318  
-0.2219294022  
0.4085126347  
0.5063102597  
0.008641940236  
0.8467695106  
-1.052431101  
0.9930015866  
1.016451983  
-2.208289049  
0.3772363047  
0.662008867  
0.2807250906  
0.3846064941  
0.1757851703  
0.01982993864  
1.188084419  
1.912437401  
0.003367357408  
0.1426643978  
-2.50014889  
-1.213132675  
1.433966552  
1.736163934  
1.325853892  
-1.068234552  
1.269264654  
-2.94264963  
-1.142200193  
1.18806097  
0.6615404044  
-0.3655724147  
0.03939752414  
-0.6939370309  
0.3877729517  
0.18304248  
-0.4055796225  
-0.1655874061  
-0.3275606796  
-1.82203276  
0.4163488372  
-1.018387621  
-1.108893494  
1.200585956  
1.583793655  
0.4758859292  
0.3318986839  
1.089866735  
0.2607811259  
0.6504507619  
0.4858723811  
0.3280354493  
0.4951891768  
0.5128146982  
1.003936778  
0.03773926894  
-1.010307492  
-0.544470114  
-0.8906972728  
-1.202581014  
-0.7592243768  
0.8526571956  
-1.429995863  
-1.103506409  
0.09263837105  
-0.6088916132  
-0.730193675  
-0.37497098  
0.5153256581  
0.3000046031  
0.8155689579  
0.2177371908  
-0.5480516832  
-0.5087152371  
0.2444019359  
1.348435585  
1.780507995  
0.02961056703  
-0.8062753214  
0.3052837215  
0.5929393303  
0.2208092997  
-0.1898216387  
-0.5614029973  
-0.2691011866  
-0.5193119919  
-0.1436865506  
-0.4438299973  
-0.6865855272  
-0.5720938778  
-1.007505503  
-0.8718978045  
-0.4242754299  
0.9714034415  
0.5913700506  
0.7220852603  
-0.1905889653  
0.406925552  
0.2942051595  
1.469330556  
1.123063067  
1.320822713  
1.178984302  
0.333670475  
1.51551186  
0.07551676381  
-0.1913816614  
0.08323680295  
-1.337241666  
-0.4267262767  
-0.07894514788  
0.3763541895  
-0.1952601047  
0.2327989076  
1.203034875  
-0.2783905222  
0.6096791626  
0.1308587846  
0.3684865025  
-0.7807104924  
-0.4644533323  
0.1931548201  
0.3511241589  
1.236924499  
0.7393884392  
0.6824695865  
0.08885035557  
-0.5590206765  
-3.920168045  
-1.200867978  
-1.937338301  
-1.152241725  
-0.9166292981  
-0.7274868769  
-1.362748735  
-0.2157221799  
-0.3593907567  
-1.106600202  
-1.007477834  
-0.7338788842  
0.6515451305  
0.2561429609  
0.9956255141  
0.7407915547  
1.346292533  
0.6352825533  
2.278555762  
1.979590027  
1.62515052  
0.3328335831  
0.8942407878  
-0.7470232419  
0.5568900439  
0.7951410447  
1.14751022  
-0.6573995601  
1.253884906  
0.8913309053  
-0.2999774055  
-0.3537984275  
-0.3626449463  
-1.664706972  
-0.9594135074  
-2.143982542  
-1.218582499  
-1.092862209  
-0.9880504259  
-1.199232395  
-1.132021778  
-0.3167960946  
-0.5037943805  
0.2304108962  
0.5210498875  
0.5306962484  
0.8550826358  
-0.6417085412  
0.1835537112  
1.626205039  
0.86753189  
0.90197441  
-0.7416797205  
0.2522178554  
1.181877986  
0.6793757181  
-0.3498622438  
0.2896180738  
1.528700218  
-0.7668665491  
-0.9226342827  
0.1344654502  
0.3442147457  
0.04196452919  
0.1328593825  
0.5446850601  
-0.8874802659  
-0.06621327438  
0.03390818286  
0.3306918173  
0.699672425  
-0.8117510856  
0.4012050016  
-0.6490827135  
0.5300538935  
-0.1811204981  
0.8696177867  
1.49935193  
0.6903635447  
0.1240788397  
-0.2129494275  
1.03377383  
-0.5421408065  
0.6278152377  
-0.02142647812  
0.3538738873  
-0.4067822984  
-0.9270671767  
-2.070221384  
0.07695558099  
-0.2676873508  
-0.8519160625  
-0.2465426393  
-0.05224890578  
-0.06223494684  
-0.5901292797  
1.720985484  
-0.5673668884  
-0.7917017866  
-0.8268618618  
-1.094236625  
-1.793270414  
0.1176579314  
-0.06992641648  
-0.2425620642  
-0.1358118734  
-0.5366665488  
-0.321752726  
0.5094373179  
0.7899857622  
-0.1385058695  
1.153824775  
2.023918788  
1.271592671  
0.4485491591  
0.3974395625  
0.8688883782  
0.136969248  
-0.75978899  
0.329137526  
0.3383248927  
0.07194823324  
-0.2522313801  
0.0663641057  
-0.2843369107  
-0.9521591799  
-0.03734490392  
-0.2123089952  
0.1691845658  
0.5198371201  
1.013158446  
1.089086554  
0.09083486366  
0.8248440041  
-0.1448359296  
0.6430499498  
0.8249593653  
-1.249142083  
-0.6835354943  
0.01783893915  
0.3598226112  
-0.525554826  
-0.1579097613  
-0.04509057173  
-1.347301971  
0.00747347737  
-0.1774404839  
0.3589310779  
0.2276473134  
-0.1805462042  
-0.3126549586  
-0.3702620692  
-1.375310967  
-0.3557766295  
-0.2510878972  
1.528635213  
0.358851577  
-0.0725602106  
-0.4358978197  
1.107596402  
-0.544658873  
-2.037355843  
-1.001340491  
0.1779875806  
-0.0924726576  
-1.31596986  
-0.9555447068  
-1.051261058  
-0.5410124318  
-0.3384902452  
0.6078535312  
0.4188837772  
-2.199377753  
0.2218071731  
0.1758337208  
-0.2007747498  
-0.6590253898  
-0.03920483902  
1.511021064  
1.109242822  
0.4203568577  
0.5951728556  
0.3412930672  
0.4252413823  
-0.2181585468  
0.4006302686  
0.1395660014  
1.673817865  
0.8338897358  
1.994329351  
1.095532926  
0.4023611003  
0.9907399325  
-0.08463082554  
-1.174552648  
-0.7574735995  
1.12040637  
0.9946293676  
-0.2169249092  
0.1173898834  
0.9314061877  
0.5177866239  
0.7291483701  
-0.8314525487  
1.311091726  
-1.271714967  
-1.153406615  
-1.049994776  
-0.3017163535  
-0.3712778955  
1.195135707  
-0.6004681015  
-0.2435890412  
-1.134364707  
-0.3705827194  
0.8674004201  
0.9252516443  
0.2661020406  
0.2777637156  
-0.2266966215  
0.4049355478  
-0.6938607281  
-0.06589796193  
-0.7876206459  
-0.5619226263  
-0.9955498316  
-1.016655704  
-0.3386688947  
-0.2594989255  
0.2270971226  
-1.433395318  
-1.07095232  
-0.9587105649  
-0.1847592278  
-1.319463563  
-0.5317407085  
0.7297386379  
-0.4588684963  
-0.52592959  
-0.8298981224  
-0.01348753239  
1.220241494  
0.9366387188  
0.06698365313  
1.988966706  
1.417975973  
0.8465074976  
-0.08717498062  
-0.1539950049  
0.6391851932  
0.7678211268  
-0.7285379138  
0.3540393478  
-0.05145327583  
-0.3789727836  
0.3074394121  
0.4817101087  
0.3191011233  
1.095115413  
0.8374191077  
0.6380712329  
0.188571829  
-0.484631079  
0.668623452  
-0.1851981032  
-0.86490978  
1.072382465  
1.528818366  
0.6526325078  
-0.5021260719  
0.1934135863  
-0.01849532446  
0.01816497291  
-0.9274733134  
-1.528755297  
-0.1516781166  
0.1976352543  
0.322743855  
-1.846513508  
0.3676114518  
0.3358369569  
-1.316781913  
0.2677197878  
0.2208311035  
-0.96776252  
-0.7948716679  
-0.9233708572  
-0.1990286544  
0.1004013521  
0.3113403426  
0.9104288649  
0.3024619714  
-0.3852479033  
0.3392296151  
-1.14991371  
-0.5671555626  
-0.5628513231  
-1.759829278  
-0.00736441938  
0.4069183914  
0.8097228092  
1.602006221  
-0.8655871722  
0.3895159661  
-0.9273803232  
-0.5088823474  
0.297886768  
0.09195688616  
0.1725491952  
-0.4629225653  
-1.211580226  
-0.9280647438  
-0.4975700707  
0.9378763504  
-1.506239815  
0.3964371256  
-0.690416806  
0.7888070802  
-0.9185882551  
-0.384729205  
-0.2238967268  
0.3703132897  
1.47614342  
-0.5497927945  
1.444979122  
1.194082766  
1.612561392  
-0.748089058  
0.7062917112  
2.390848306  
1.383281983  
0.9195175881  
0.2721052022  
0.7651280513  
0.5344720888  
-0.1721154568  
0.1698474004  
-0.5450904582  
-1.110354227  
0.128336674  
-0.4800846322  
-0.6187512655  
0.5370467839  
-0.6304503059  
-1.337275583  
0.1540686233  
-0.538107053  
-0.1359942478  
-0.1078271685  
0.0753092857  
1.360412275  
0.2862293248  
1.316624323  
1.392408374  
-0.9779712713  
-0.6067187642  
-0.7402942952  
-1.427725557  
0.9297935123  
-0.9390777498  
0.4261962441  
-0.5418067726  
-0.05976998325  
-0.5003002345  
0.3568686389  
-0.7630497908  
0.287831351  
-0.9204368808  
0.2808394729  
-1.075473699  
0.3064514288  
-1.414611579  
-0.1798621372  
0.8686831112  
0.7150168124  
-0.6186481119  
1.537884414  
0.7034964305  
-0.3032223028  
-0.1971796319  
-0.3124873273  
-0.1229645333  
1.180553185  
-0.9505675242  
0.04196982159  
-0.7257792859  
0.7363056301  
1.361010133  
-0.5263413675  
0.4322558537  
0.2354873976  
0.692683805  
-0.7328851379  
1.744670014  
1.363841103  
-0.1562059426  
-0.8833578025  
0.2827639725  
0.0632510123  
-0.4512061348  
-0.1134304622  
-0.6210668195  
0.5258857302  
1.148108706  
-0.3795402349  
-0.9560678746  
-0.04258858567  
-0.7443887117  
0.5375445804  
0.5636626892  
-0.3366985605  
-0.4257421208  
0.9036262425  
-0.2258852627  
-0.8707719853  
-1.19636057  
-0.7875245246  
0.7808308655  
-2.15949169  
-0.9815876436  
-1.259315084  
-0.9823813199  
-0.1670258972  
0.5655646223  
0.5139133662  
1.320925081  
0.8296519692  
1.181113176  
0.8058972448  
0.7439565918  
0.4978395995  
1.212182341  
0.2677687469  
0.2531582991  
0.8971832265  
0.8929152771  
0.09806079564  
-0.6844115345  
0.7023122253  
0.2468276549  
-0.06155869177  
-1.363639983  
-0.2252323448  
0.4204432825  
0.3078249881  
-1.850947043  
-0.4088859614  
-0.8406327958  
-0.1506098798  
0.3739157943  
-0.9158083836  
-1.448150626  
-1.497023838  
-0.8319677896  
-0.7547898685  
0.1609779067  
0.1829031786  
0.7040355861  
1.027364137  
0.1891035557  
1.78181986  
0.4756090307  
-0.8592309482  
-0.3751801451  
0.7939830782  
0.671148444  
1.216178458  
1.118478328  
-0.6603133129  
0.7542911567  
0.6332588981  
0.7851596302  
1.486465878  
1.377018377  
-0.7335233793  
0.4563675945  
-0.338675502  
1.181501351  
-0.04389066859  
-2.289416243  
-1.428664558  
0.02800241343  
0.06805075113  
0.09183190023  
-0.6701451268  
-0.08899177156  
-0.7868278085  
-0.2005551312  
0.7324208661  
-0.4211489683  
-0.9217292217  
-0.6794438923  
1.025274479  
0.09268605342  
-0.7633162019  
-0.1820146275  
-0.5341212998  
-1.234320682  
-1.608904147  
0.007272894594  
-0.2902621346  
-0.4383599176  
-1.132663592  
0.7522656728  
1.306938593  
-0.5333211543  
0.3762575955  
0.3437594075  
-0.1226177454  
0.406885562  
0.2721447194  
1.04690618  
0.3855008819  
0.1770815441  
-0.3364824239  
-0.4264807633  
0.1800409679  
-0.564829796  
-0.4922381129  
2.089757067  
0.5532122935  
1.134432141  
0.6954489988  
0.3415117828  
-1.991323654  
0.7808787196  
0.1419200096  
-0.3928947882  
0.2041924889  
0.7218735982  
1.73173253  
0.9687577289  
0.4446108162  
0.8044724462  
-1.159038711  
-0.764707364  
-2.120947668  
-2.500476463  
-0.9835266868  
-1.942522899  
-0.8719179597  
0.9410144756  
0.5131469034  
-0.2474144919  
-0.3050036841  
0.3708578286  
0.1071164943  
-0.2987293217  
-1.208339557  
-0.3297840167  
-0.3866326853  
0.3238715795  
0.9042058189  
-0.386144836  
-0.1103958309  
0.4698494934  
0.1891350585  
0.7179673651  
-0.01329903147  
1.542538385  
0.1795357507  
0.2030054365  
0.2655836643  
1.309500235  
0.5027677096  
1.130166878  
0.6872151563  
0.4746199345  
-0.05175009156  
-0.9384379484  
0.6190407109  
0.4348935002  
-0.4931171739  
-0.4602243717  
0.2126607101  
-0.7757548224  
-0.6607522393  
-1.155566719  
-1.004423431  
0.1503830336  
-0.7032588375  
-0.4898947844  
-0.005977646334  
-0.4309952314  
1.10188521  
0.7727597157  
-0.4431339627  
1.804471102  
0.193928789  
0.5227145352  
0.3097920983  
0.8544291845  
0.9115989447  
0.7035103687  
0.2162620922  
0.485688879  
0.909784202  
0.2714389649  
-0.483676634  
-0.3388395479  
0.8743759921  
0.2034615843  
0.4549095018  
0.09880187234  
1.01940314  
0.817076698  
-0.1132206856  
-3.281872651  
-2.595786955  
-3.348162875  
-2.964801845  
-1.7748092  
-0.785168256  
-0.763630163  
-0.5786795033  
0.5173723156  
0.4954364389  
1.21681964  
0.5259645219  
0.9591161538  
-0.02295689586  
0.6446456721  
0.2491093539  
-0.8490200491  
0.9531539127  
-0.3607405171  
-0.840465031  
1.165551901  
-0.8876161481  
0.1672497363  
-0.4986062936  
-0.4480310637  
1.066042568  
-0.751865365  
1.284331249  
0.8387800079  
0.7668017826  
-0.4735151131  
-0.05301609216  
-0.3347696133  
-0.7234697219  
0.5729343708  
0.8768670516  
0.429596894  
0.6188927093  
1.483646456  
0.0006409414039  
0.2421508423  
-0.7045022221  
-1.166017048  
-1.908828227  
-0.9152977651  
-0.6697375328  
0.3589562858  
0.0136298134  
0.6812324625  
-0.7751365412  
-0.9142075042  
0.7941375515  
-0.2467880543  
0.6960710998  
-0.08763707726  
1.022245656  
-0.0489834667  
-0.5475609021  
-0.6356701132  
0.1454352771  
0.6858339381  
0.09050056172  
0.6278533364  
1.435408589  
1.861232539  
0.2884048902  
0.1457483223  
1.580678929  
0.259595321  
-0.02506961343  
0.6419122357  
0.9394787106  
0.746288564  
0.2144212653  
2.024069743  
0.7934017143  
0.4640144872  
1.020321021  
0.3608455713  
1.143993313  
1.420934105  
-2.093522656  
-0.9856305016  
-1.635130812  
-2.651879505  
-1.616370923  
-0.7111267001  
-1.962094369  
-2.682357964  
-0.821442215  
-0.2284853051  
-0.156854685  
0.2093898155  
0.7205498397  
0.9551487299  
1.407266599  
0.2744012157  
-1.292874502  
1.471388253  
1.20607208  
0.6549546674  
-0.3198376843  
-2.980482354  
0.15114004  
-4.762844981  
0.1252274129  
1.709913924  
1.848352347  
0.1025138346  
-0.08666371655  
0.6333552396  
-1.532200703  
0.1725392101  
0.2555508736  
-0.1156882419  
-0.01743631113  
-1.374026136  
-0.0901380145  
-0.2304499707  
0.557819504  
-0.6465923621  
0.253615359  
1.159044656  
1.035477674  
1.4638463  
1.252069888  
0.8206228283  
0.3229280641  
-0.6968815395  
-0.9331179304  
0.3571915314  
0.7263757624  
-0.5437811008  
0.1344837366  
-0.774456022  
-0.1890630022  
0.947214732  
0.04415337438  
-0.2022960194  
-0.08332379301  
-0.09993562512  
0.6188513191  
-0.4934847552  
0.2724636465  
-0.25530135  
1.152420718  
-0.08648954688  
0.213694893  
-0.4923940832  
0.6163307517  
1.476657553  
-0.436232963  
-0.8004657707  
-0.08541078708  
-2.165237412  
-1.47382508  
-0.2350963711  
0.0090583123  
0.6335756244  
-1.119696895  
0.2035242369  
-4.544661492  
0.1570520643  
2.104704437  
1.730328092  
0.08958045294  
-0.6917468999  
-0.2844226277  
-1.184083888  
0.2535318663  
-0.003868970598  
-2.145293672  
-0.2752356586  
-0.8648445096  
-0.4644552717  
-0.5224000969  
0.8250936212  
1.612769406  
1.769415926  
0.6358285064  
1.543803307  
0.3508543592  
1.017775631  
1.530850316  
2.065448989  
1.416068074  
0.3878984408  
0.5485871586  
-0.6321459069  
1.004675608  
-0.3849107308  
0.07651217297  
1.15664761  
-0.7967452002  
-3.655579178  
-1.303470886  
-3.767531278  
-0.8418304301  
-0.05094879567  
0.6454477483  
-0.31110421  
0.3467804855  
1.334941958  
0.2422652848  
-0.7297400584  
-0.5008950348  
0.07425554407  
0.7558667121  
0.7685138419  
-0.2984788729  
-1.278544232  
-0.2897340954  
-0.7085354577  
-0.4652118148  
-0.4540782815  
-0.5774597443  
0.04517493395  
0.8213428  
0.7278667984  
1.306854369  
0.2028578582  
0.219889519  
0.1134077513  
0.1273764924  
-0.2430559362  
-1.001981475  
-0.0140578992  
0.1123956064  
0.4883906326  
0.9868508079  
1.179687442  
0.3892152358  
0.9033152635  
0.5312537072  
2.120284045  
0.5801592752  
-0.09452838128  
-0.4253290908  
0.3233042772  
0.3479795077  
-0.08800106732  
0.1921762728  
0.393524036  
0.03264835879  
-0.03494419626  
-1.044402492  
-0.3600827918  
-1.049215653  
-0.07280006024  
0.4468170075  
-0.5829034678  
-1.101627792  
0.01555199435  
0.4231508741  
0.406486318  
-0.7081102926  
0.2930156615  
0.5354999451  
-0.162742551  
-0.9282295326  
-1.68294212  
-0.1938785293  
0.4674889891  
-2.894427233  
0.3361430555  
0.4610281043  
1.635279199  
0.09237830174  
0.4153430001  
1.115583746  
-0.1211848242  
0.1565430847  
-0.5172343039  
-0.3030554756  
-0.4858168436  
0.3836197978  
0.8008980539  
1.310385523  
-0.1098786875  
-1.734334388  
1.374260272  
0.8163960542  
-1.395520705  
1.250901242  
1.65035348  
-0.7866503435  
-1.793299103  
1.640007722  
-2.059348561  
1.998764863  
2.343123011  
1.200155551  
-0.3825358826  
1.285697879  
1.220749881  
-0.4424442633  
0.2152671994  
0.6717454349  
0.5197910249  
-2.222589327  
-1.858376476  
-0.9140148423  
-0.436826066  
-1.152806743  
1.12129177  
0.1520657956  
-0.1258434622  
2.189885429  
-1.732967996  
0.04020345579  
0.7293500537  
-0.02147910865  
-1.462608124  
-0.9289647788  
0.4512671411  
-1.797867973  
-0.1489526365  
0.2159956875  
-0.2530800202  
-0.9229017407  
-1.308717871  
0.3285988854  
-0.2481644652  
-0.1020688483  
-0.6610487935  
0.3983162624  
-0.05819308338  
-0.4635765996  
0.08634874084  
-0.2813209398  
-0.4311940761  
0.08963020126  
-0.1392636074  
1.970234914  
-1.15637752  
1.403010312  
0.4445563118  
1.009578217  
0.1454744398  
-0.4096583742  
0.7349486013  
-0.7220295746  
-1.966703919  
-0.8917411715  
-0.9113003491  
-0.5020302842  
-0.3839656834  
-1.574468367  
-1.678076483  
0.9738694062  
-1.203135811  
-0.7483735225  
-0.199849685  
-0.1570036066  
0.1591937145  
0.1795137861  
1.433318138  
1.519385737  
1.892707939  
0.4606816013  
1.527071693  
-0.03978689887  
0.5830342937  
1.293857666  
-0.136847605  
0.001146631699  
-1.215011699  
0.3100899936  
-1.453408645  
1.031150465  
1.338797066  
0.3636969709  
-0.2841385529  
1.561526301  
1.196835554  
-0.07184909773  
0.9714888919  
0.4875157381  
0.7054390627  
-0.7750693184  
0.2103357143  
-0.3000792131  
-0.3103538238  
-0.5949704377  
-0.6675550665  
0.06683005465  
-0.1690403388  
0.5806847506  
-0.5252143482  
-0.1171156365  
0.1294212889  
0.7165572228  
-0.6648925283  
-0.7462337206  
-0.306986788  
0.1304613976  
-1.300776789  
-0.4853934245  
-1.713955768  
-0.547332337  
-0.3104450825  
0.09395514472  
-0.7806867243  
-1.238510095  
-0.4090911242  
-0.7546725803  
-0.7984651798  
0.3388802429  
-1.202102463  
0.03654350531  
0.3116189014  
0.6362622913  
0.9385280726  
0.4611722987  
-0.04826690487  
0.08134784141  
-0.1427490974  
0.6578919103  
-0.2865641583  
-1.11891424  
0.1090034379  
-2.216557507  
-0.1960323654  
-0.5527540341  
0.4163340814  
0.4586197388  
1.603698384  
-0.5206144915  
0.4091240456  
-0.687176984  
-0.1403731944  
0.4956420837  
0.7646383455  
0.4281452777  
2.012026486  
1.54088392  
1.209622232  
0.7648206301  
-0.9370368995  
0.01704536127  
-0.6983135104  
-0.5212284071  
-0.402487363  
0.8115171461  
1.385509582  
0.2799878953  
-0.8617422817  
-0.3236321799  
-0.3665513214  
0.1494521297  
0.3396562466  
0.5858707166  
-0.6605278827  
-0.7391391964  
-0.2677339085  
0.2806776029  
0.5117128114  
-0.5638354968  
0.8517437058  
0.9082356171  
0.5397761705  
-0.004739121785  
0.8960884557  
0.7028397502  
1.201829599  
0.3120247705  
0.3943308091  
-0.5132700867  
-1.433060311  
-1.056785736  
-1.337198981  
-0.5263915371  
-0.8126422282  
1.303276581  
0.2447738016  
0.3185211762  
0.3160037801  
-0.6520110803  
1.21311849  
0.7625792982  
-0.03755980727  
-0.711186805  
0.6667304049  
0.1677771449  
-1.42892845  
0.9051861343  
-1.444152807  
-1.012300153  
0.0129671726  
0.07102705314  
0.8296145444  
0.4921689116  
1.011403606  
0.5382802834  
0.4353886432  
-0.8366036692  
-2.097180157  
-0.8909871434  
-3.396180217  
-1.124878149  
-1.256273107  
0.04868077229  
-0.2170518076  
-0.8223307228  
-0.4900654041  
-2.821266324  
-2.206046259  
-1.692060743  
1.045032241  
0.3861069878  
1.756434465  
-0.6356373963  
0.01666014368  
0.1048758099  
0.8544606761  
0.7623946339  
-0.5860512048  
0.7055074375  
0.448764356  
0.3924389915  
1.225956768  
1.230636688  
1.176193315  
0.6516417227  
1.56638493  
1.205212983  
1.141810038  
0.5249500657  
1.272880742  
-0.1976484951  
0.5691779948  
1.360068003  
1.065276876  
0.7327137925  
1.422619162  
0.4460501838  
1.145990263  
0.7641082295  
1.122026763  
0.5667143789  
0.6731571093  
-0.0005295725779  
-0.704314878  
-0.3195973901  
-0.785644531  
0.09052301569  
0.5632856342  
1.545332354  
0.6511495757  
0.278420703  
-2.375071411  
0.06638707402  
-1.402517185  
0.2889987624  
-0.2775022373  
-1.082116714  
-1.051850263  
-0.9099743925  
-2.378034485  
-1.108421214  
0.4309028927  
1.157646338  
-1.105526414  
-0.7062183113  
-1.029961097  
-2.483769413  
1.176013387  
1.074280976  
0.3162336409  
-1.999955737  
0.7114146261  
-3.152994721  
-0.08661825064  
-0.1988413176  
0.09103885182  
-0.6524385458  
0.234664062  
-1.813485931  
1.176013049  
0.3198272121  
0.6258196219  
-0.6035016796  
0.3193793311  
0.1972945132  
1.538434718  
0.2399716346  
-0.7403610066  
0.102956643  
0.7847573749  
-0.5761757421  
-0.9945029953  
0.3947395825  
-0.222836858  
0.07328529292  
0.2589542727  
-0.7423428754  
-0.05101357625  
0.731753222  
0.8754397971  
0.02778695737  
0.3706637526  
0.6527867532  
1.672834258  
1.03819343  
0.1270520684  
0.4076578372  
-0.6175177233  
1.022145962  
0.0296576491  
1.054119121  
-0.8297779993  
-0.4051766629  
-0.2617696613  
-0.3536015186  
-1.157512448  
-0.7569868914  
0.1351280672  
0.9119630686  
1.071619544  
0.3898404794  
-0.4998201685  
0.02612667369  
0.5688738242  
0.3503755383  
-0.2664892345  
-0.1960273881  
-1.276870112  
-0.2838950304  
-0.152015052  
0.2235061676  
-0.7117705613  
0.6307572056  
-0.4504820936  
1.647668424  
0.7431098157  
0.4358898278  
0.7462330125  
-0.8983741124  
0.06573841445  
-1.500688663  
0.2955122459  
1.839999441  
1.062232984  
0.06295030993  
-0.08721207415  
-0.3570485453  
-0.6432889067  
-0.1940288302  
-0.3166654182  
-0.06980765396  
0.7387326519  
-1.0107873  
0.1700581092  
-1.552105218  
0.9183837488  
1.180796559  
1.881389374  
1.006566295  
0.8799887139  
-1.836283506  
-0.436611388  
0.116834502  
-1.260411106  
-0.883836245  
-0.9652286877  
-2.338697448  
-0.6172490291  
-3.315956595  
0.7119518577  
-1.142854504  
0.2848938758  
-0.7168744604  
0.1660428172  
-0.9475735747  
-0.2762764995  
-0.01620164636  
-0.519993769  
1.786182607  
-0.2833498283  
0.9654643304  
0.1910294775  
0.1839792517  
0.533867587  
0.871317643  
-0.6118748912  
0.4358481453  
0.8265312439  
0.9784869568  
0.3289669599  
0.4537078674  
0.3662183549  
0.1378522223  
0.06903520975  
0.2171627834  
-0.2723582355  
0.2030945269  
0.465817972  
-2.609096376  
0.9598878665  
0.2317233543  
-0.4629161919  
-0.1397010486  
-0.5772522773  
-0.547372963  
-0.6238367393  
-0.6015261892  
0.8491210553  
1.058049128  
1.816945541  
0.7198412999  
0.1781245624  
0.8144897654  
0.5465286237  
0.01248378482  
-0.5242466022  
-0.2097497844  
-0.8622723351  
-0.03789789833  
-0.6768262728  
0.3762218382  
-0.9284105987  
0.953072758  
0.8606707998  
0.6758695564  
0.4156910151  
0.6497247359  
-0.8882297092  
-0.9608940947  
0.6423986872  
0.008391499407  
-0.2334633044  
0.364227683  
0.9937391198  
1.338419192  
1.878389269  
1.310695703  
0.6074568777  
-0.1177471001  
-1.791720018  
-0.7493072916  
-2.432964401  
-0.7829967648  
-0.07873681048  
1.180945473  
-0.4870599398  
-0.8650346768  
-1.133672401  
-3.82443951  
-1.596891981  
0.1759075404  
0.8456397499  
0.5435782898  
-0.007938752704  
-0.08332695442  
0.4760458897  
0.7601547081  
1.070782937  
0.1916882228  
0.1954695072  
0.8829354337  
-2.613339057  
-0.6794797297  
0.8308351499  
1.009156042  
1.82400611  
-0.02934893131  
-0.4881379863  
-0.06571695645  
0.1662869885  
0.1670693719  
0.4202606743  
2.25867021  
1.221941427  
0.686998337  
0.9811379156  
-0.4754006536  
-0.1633936224  
-1.105255314  
1.158381942  
0.5316858939  
0.4774879548  
0.1296300742  
0.1404831602  
-0.1215286273  
-1.547103376  
-0.624706516  
-1.941190918  
-1.75273552  
0.2231875822  
-0.6636120542  
-0.09207541379  
1.554745938  
-0.8827578985  
0.03767305497  
1.432373022  
-0.02344145932  
-0.09643530442  
-0.2078962613  
0.4642523482  
-0.5550327409  
0.7768133579  
0.347615486  
-0.1531034886  
-1.146803821  
-0.7157131175  
-0.6840887256  
0.878982717  
0.6365015784  
1.232670065  
-1.485221101  
-1.12929002  
-2.453474835  
1.72343062  
2.058466303  
1.416588711  
0.2441951326  
0.4882455178  
-0.1416852292  
-1.611435542  
1.726639157  
-0.5090853912  
0.7704678101  
-1.61495435  
0.5583397333  
-1.961080601  
-0.3294965202  
-0.4531930274  
-0.7689032389  
-0.5026299022  
-0.3313233241  
-0.3390540548  
0.8072019547  
-0.4924733508  
-0.4067865236  
-0.9269209402  
-1.168323991  
-0.1300789233  
-0.1935396392  
1.375003585  
0.4811095047  
1.593449955  
-0.6088220132  
0.6517190258  
0.4362425408  
0.8829385142  
0.3636779808  
-0.02167904889  
-0.1828157305  
1.349608962  
2.468610297  
1.664139875  
0.7046091015  
-0.5630648582  
0.3552535681  
-0.924155737  
-0.7347293096  
-1.370731257  
-2.273058112  
-1.255960144  
-0.6930731242  
-1.488496954  
-0.3753904458  
0.3341092879  
0.4816361442  
-0.6365255278  
-0.2342730424  
0.7087630937  
0.601998655  
2.000344792  
0.4931724183  
-0.007556785714  
0.1005661853  
-0.1877185191  
-0.8992886077  
-0.369433319  
-0.6535480641  
-1.038679144  
-0.7919361929  
-1.353584581  
-0.3680379255  
0.4896101893  
0.05167034307  
0.4736709758  
-0.1407639996  
-0.9603474217  
0.02026812168  
-0.9241539425  
-0.2419671369  
-0.9114707826  
-1.374277399  
0.2688012564  
0.6320887111  
0.870118786  
2.10097447  
0.8161185509  
1.222938776  
0.6935843582  
0.9601321402  
0.1095801934  
0.03086683564  
1.424587576  
0.7277952811  
-0.0190999916  
-1.413373353  
-0.3460547565  
-0.3166581925  
-0.2990094991  
1.508951239  
2.284557604  
1.858876543  
0.7612172049  
-0.5230031856  
0.5356583959  
-1.241193969  
0.2362439981  
0.633837544  
-1.07919611  
-0.05941847202  
-0.5424760978  
0.03669383594  
0.7123349025  
-0.5071701105  
-1.647849058  
0.7418358625  
-0.2285044775  
-0.6705039923  
-1.642460526  
-0.7858662041  
-0.8126188007  
0.9842944866  
0.4663169407  
1.116717358  
-1.165859073  
-2.225715233  
-0.814725878  
-1.660034431  
-0.5432180848  
-0.6198625734  
0.2072769564  
2.093934352  
2.217991314  
0.5576530033  
0.7702343212  
-1.743301138  
0.3812760483  
1.387395356  
2.305009074  
1.097392852  
-0.851215609  
0.8195963161  
-0.4928805798  
1.071904957  
1.293915869  
0.6361405391  
-1.987998855  
0.260479444  
-1.015638538  
-0.2451526292  
1.443820041  
0.8489457556  
0.1436286676  
-0.3333084717  
-0.2554975587  
1.072694875  
0.4909190483  
-0.9837348346  
0.6678075578  
1.260297007  
-0.3877945011  
1.834617108  
2.010710535  
1.30422379  
-0.7252001059  
-1.100634082  
-1.282713393  
0.6065055688  
0.3618716224  
1.917514387  
0.1379438609  
-1.707830054  
1.235498649  
1.471212093  
0.7393161849  
2.17247657  
1.306886552  
-2.908972475  
-3.382932966  
-0.7531528905  
0.06776317433  
-0.6932794112  
-0.8734129701  
-0.8745685525  
-0.6658059818  
-1.407734676  
-0.7112047231  
-1.84744108  
-0.2408070265  
-0.203704864  
-0.6211518809  
-1.078730197  
0.3516818024  
-1.088097966  
0.8925088211  
-0.7580542928  
1.320402149  
-0.3843143947  
-0.4594963937  
-1.388978466  
0.7380819813  
0.9298678123  
-0.5871838216  
1.420937542  
-1.129965227  
-0.1644540548  
-0.4175492689  
0.8838194459  
0.4732185554  
-1.086183367  
0.02814235926  
0.9917712735  
0.109484956  
-0.2486815446  
-0.6377442252  
0.6897010203  
-3.467957079  
-0.6947411833  
0.8775808075  
1.424702666  
-0.1345041524  
-0.2917304085  
-0.3258322173  
1.13125878  
0.116700932  
0.9115527631  
-0.917914206  
-0.2682972438  
-0.6152672804  
0.2020661921  
1.149256428  
-1.039300011  
0.2961111918  
1.000704983  
0.2490528312  
0.1029498167  
0.40696488  
0.4967336958  
1.858965389  
0.941798623  
-0.778758497  
-0.04063012457  
-0.08944393091  
0.3325745751  
-0.9042368177  
-0.3343436988  
0.643597463  
1.01858065  
-1.191685807  
-1.002205552  
-0.9511907579  
1.378753282  
0.1996074137  
0.9170759233  
-1.74075432  
-0.3226789912  
-1.493030391  
-1.552373427  
-0.7316323005  
0.05544856564  
-2.65380668  
0.9204904852  
1.744338133  
0.7706738565  
-3.787329357  
-0.4376557506  
-1.307514996  
0.4528172545  
1.520289163  
1.57611061  
1.60917671  
0.9664475254  
1.387339833  
1.801627978  
1.159390712  
-0.8480534097  
-1.419034026  
-1.894964022  
-0.5051971565  
-0.4869542194  
-0.9969205716  
0.9044826159  
1.558641094  
0.7302745387  
-2.387400704  
0.005047046859  
0.2960705033  
-0.6440784076  
-0.2848331876  
0.3595507977  
-0.6201996453  
0.9256841878  
-0.2164471111  
-1.781153434  
-0.2587807018  
-1.073250289  
-0.3801996838  
-0.683930255  
1.542994447  
0.04384146771  
-1.524169164  
1.9019418  
1.813491766  
1.097425192  
-0.9991038342  
0.2523900078  
0.02154173711  
-0.117700651  
-0.9614807224  
-0.2613069128  
-1.959350427  
1.257055592  
-2.488134481  
0.7171301722  
2.30392585  
1.180056301  
0.9193077152  
1.109268456  
0.9685426449  
-0.1272694202  
1.074741804  
-0.7070805796  
0.4268169683  
-0.9265815672  
0.9470069229  
1.611348794  
1.915212514  
-0.7645074415  
-0.4892242251  
1.357932978  
1.586475151  
0.9530045227  
0.4337146523  
-5.010832927e-05  
-0.3752787836  
0.5408867658  
-7.06819012  
0.9687071398  
1.546818375  
1.019598308  
-0.2476736884  
-3.191253277  
-2.210594381  
-0.3743605062  
1.237414661  
0.3453535912  
0.4575687204  
0.7814539032  
-1.619867703  
1.555469768  
0.6971368151  
1.367847371  
1.947772417  
-0.6660280412  
0.8715160529  
-0.01936811701  
1.30397759  
1.537962867  
0.7785329937  
0.4536669903  
-2.493979665  
-1.375618121  
-3.451432064  
-0.7040126874  
-1.063181259  
-0.6840605839  
-1.154505058  
-2.212433584  
-0.9252677208  
-0.04025397176  
-0.2047373428  
0.4414549573  
-0.7037544818  
-0.04255431813  
0.3571824933  
-0.8044979225  
-1.196614331  
0.6251994653  
1.011816127  
0.4279817925  
1.085336301  
0.312863993  
-0.3830000643  
0.9539914668  
-0.3226727718  
0.03162357681  
-0.7655509985  
-0.2050358539  
-0.8339347989  
-0.9222778151  
0.3524831371  
0.6801865137  
0.7999115975  
1.20369294  
-0.7234748642  
-0.3259582646  
-0.4403457346  
-0.2056747252  
-0.0270068575  
0.2117825323  
1.253867814  
0.7661814064  
1.126082256  
0.6011843825  
-0.4748234978  
0.6048418204  
0.8941301353  
1.176356888  
-0.8488954101  
0.3653229131  
-0.5794828547  
0.4918147243  
1.94452072  
-0.07533586954  
-0.6086767166  
0.5292051967  
-0.4585537717  
-0.5391260965  
0.2739801181  
0.1423403256  
0.009648077649  
0.1875549274  
1.033834241  
-0.3954075086  
0.09560011865  
-0.2810352717  
0.1647102571  
-0.2701917094  
0.13482599  
0.5153951931  
0.603324866  
0.221466728  
-0.6563002522  
2.147721544  
-0.4947903719  
-0.3109781279  
-0.1565063259  
-1.125071171  
0.3315855674  
-0.1905515948  
-0.5252399728  
-2.404262768  
-0.5515558562  
-0.5138633972  
-1.484223413  
-0.7555581617  
-1.245181925  
-0.607086395  
-0.6610228259  
-1.142030124  
0.4520185867  
0.3989159205  
-0.6954997583  
0.08525830191  
0.6944143759  
0.6997885505  
0.8498415286  
0.08093236006  
0.3634367666  
0.4485643339  
-0.4627672581  
-0.2871025996  
-1.568948591  
-0.8700866046  
-1.140924419  
-0.4294963776  
-0.02022823268  
2.425456412  
-0.4283414108  
2.11043794  
0.8902275775  
2.473792131  
2.540296545  
-0.5357410585  
1.440282117  
0.3174150187  
1.647931519  
0.6096759013  
0.4134550711  
0.624459122  
0.2315949331  
0.166042905  
-0.7999477287  
0.4779823983  
-1.703542018  
0.4160573358  
-1.092376333  
0.2914523069  
-0.03937332016  
-0.4049280019  
-0.6752497278  
-0.6493127513  
-1.192404296  
-1.343511299  
-0.1029797515  
0.08928969748  
-0.6162743767  
0.5268073722  
0.3291819534  
-1.085372452  
1.182913421  
0.5002967505  
0.3345850028  
-0.446045041  
-0.5695457695  
-2.296973681  
-0.1505852226  
-0.7990523715  
-0.1996208903  
-1.36886835  
0.1856889849  
0.484156482  
-0.6018936993  
0.3358189247  
-1.017931884  
0.2063858916  
0.1894457309  
-1.04331897  
-0.3106256532  
1.789624239  
1.17940507  
-0.5176774269  
-0.7668492043  
0.3503136819  
2.383059203  
0.8034153131  
-0.216096019  
-0.1733435173  
0.7923841203  
0.8803710292  
-0.02749757904  
-0.201849757  
-1.008778901  
0.08193729235  
-0.8674083318  
0.7048690482  
0.1665058623  
-0.6530236369  
0.5805506835  
-0.929746461  
1.733286594  
1.20753555  
-0.8699647701  
0.9584150896  
1.517703027  
1.108771929  
1.34328698  
0.4804886019  
1.091252872  
-1.302852202  
-0.3030196217  
-0.6561211233  
-0.7478227303  
0.2691728828  
-0.361586732  
-1.733884217  
-0.02023773787  
0.7472945581  
1.063909677  
1.506472721  
0.7315265195  
-1.208735835  
-0.7078547822  
-0.1299358944  
-0.549032716  
-0.5513984349  
-0.9378298829  
0.0525139062  
-0.01145044646  
0.6974407779  
-1.158622142  
-0.467964628  
-0.5412046621  
0.4135631688  
-1.853137747  
1.201541046  
0.3935972294  
0.4802286388  
0.5387131459  
0.167039869  
-0.1697990758  
0.362937599  
2.065490241  
1.625342665  
-0.5750716533  
0.5311316692  
-1.81401767  
1.524327563  
1.369471033  
0.7032013682  
-0.475518378  
-2.168499425  
-1.857362028  
-1.053325037  
0.6072704863  
1.898688767  
0.6078901366  
1.421290995  
1.569354818  
0.613241996  
-0.1201205527  
-0.09684235706  
-0.2765500862  
1.610405642  
0.1990617502  
-0.7302934598  
0.2002248628  
-2.038279648  
-0.4278204312  
-0.7179951662  
-1.701419004  
-3.378021948  
-0.1811097457  
-0.05433522208  
0.5406404175  
-1.231102173  
-0.6378463714  
0.5922468754  
-0.07093260662  
1.309371775  
-0.8169055759  
-0.6933633034  
0.01073504771  
1.62171619  
0.8145354676  
0.03479477371  
-0.2534868057  
1.224902374  
-0.8170114475  
-0.1358477723  
0.5963231372  
0.3244107962  
1.371106876  
0.1169785632  
1.80951209  
1.683824579  
-2.849516666  
-1.961257595  
1.210731102  
1.293415223  
-4.415105809  
-0.2807908956  
-0.2125352312  
-0.2279288175  
0.9085863021  
-0.394127609  
0.7070258866  
0.7755936363  
0.8637302891  
-0.3140865145  
3.124422944  
3.193788725  
-1.63438813  
-2.609478307  
-1.152864522  
0.05016343246  
-0.7600813619  
-0.7494957249  
-1.425097533  
-1.337252101  
-0.8164808122  
-1.470753031  
1.322591659  
0.3075050008  
-1.307298814  
-2.029756485  
-0.3463020339  
-0.1073143076  
1.085823785  
-1.51399149  
-1.944574272  
1.714200054  
2.134938586  
1.318121603  
2.054935068  
-0.4798328722  
-1.234902567  
0.8843376038  
-0.0221100506  
-0.5644426564  
-1.92716808  
-1.342223835  
-1.6226964  
-1.495230787  
0.7590207217  
0.8268421766  
-0.02372285351  
-0.8093961151  
0.4618767906  
0.9104693476  
0.9201849571  
-0.03436801686  
-0.07103091586  
0.2297014333  
0.4689604457  
0.221990127  
-0.01134682383  
0.2837172121  
0.1572796366  
