-0.6820100891  
-0.3663137244  
0.1068848629  
0.3067607118  
-0.06575718311  
0.758379457  
0.2423345489  
0.03737546968  
-0.8842225985  
0.5616538861  
-0.18498739  
-1.839322485  
0.8901381798  
0.4756258885  
1.14777161  
0.8250225642  
-1.331583853  
-0.6922902915  
0.5371804867  
1.246463808  
0.9525459344  
-0.05014142266  
0.4068663031  
0.8511306152  
0.201983125  
-0.3345314723  
-3.537702518  
-0.4283196834  
-0.8996610535  
0.4380965139  
0.1893626774  
-0.03856712191  
0.1845634513  
-0.05407851792  
-0.8089479485  
-0.3368943327  
0.8954845749  
0.7930195738  
1.134166107  
0.6069305812  
-0.674336686  
0.5763662427  
0.1059049685  
-0.1583275991  
-2.399888292  
0.1047519549  
-0.1952188096  
0.2352943322  
0.9001287852  
0.2672271273  
0.1048019361  
1.019763967  
0.4397913237  
-2.626920694  
-0.8455696194  
0.1806454087  
1.212943321  
1.460064856  
0.8281584718  
-1.481339992  
0.315841376  
0.1602643175  
1.731866676  
0.8010595382  
0.06815859527  
0.1019016621  
0.9412073261  
0.9538773246  
-0.8836715414  
-0.5661866572  
0.1924672588  
-2.149814486  
-0.02456798556  
0.1255077128  
0.4338493899  
-0.2228817581  
0.4263014686  
-2.817774126  
-1.402675731  
0.05460120053  
0.6369560441  
0.2392063372  
0.5876833559  
-1.948862148  
-0.4086939924  
1.082303113  
1.233873455  
0.4353080359  
0.6493724395  
0.1293671336  
0.4621114627  
0.9021258473  
-2.444079487  
-2.651864381  
0.5734419088  
-0.5092101262  
0.3893316936  
0.7460251754  
0.7873229823  
1.279020476  
-0.02211008782  
0.5459845729  
1.138681755  
-0.3721554226  
-2.173659348  
0.003263581569  
-1.66039247  
0.03066310566  
-1.838405163  
-1.239150111  
0.479972033  
0.8502061276  
-2.181111137  
0.09992988713  
0.8218301766  
0.1147685019  
0.8842340993  
1.200225254  
-0.7750298909  
-0.01436370475  
-0.2386076725  
1.220223111  
1.155654156  
0.9684569338  
0.1268645469  
1.034066203  
-1.723713363  
-1.411768306  
-1.274181217  
0.5922324819  
0.1197087205  
0.5115486042  
-1.455727205  
0.3618576574  
0.8958204755  
0.3889457376  
-0.8813051022  
-0.0121995184  
-0.09770223362  
0.4698790018  
0.4304326766  
0.02096312093  
1.081175918  
-2.522489734  
-0.2702753635  
-0.1797391969  
0.4885301508  
0.161981827  
0.7407680364  
1.175339429  
0.7684841878  
1.234553777  
1.432424357  
0.8409317651  
-0.6409789168  
-2.360229296  
-0.5837567315  
0.8881514347  
1.012645992  
0.1754245568  
0.1550787694  
-0.1956255807  
0.1330461771  
0.1820280158  
0.6403049954  
-3.198479847  
-0.7072919128  
-1.115893425  
-1.029659915  
0.2670715941  
0.9964681739  
0.5157562577  
0.01061509711  
-0.1758800789  
1.148874892  
0.7071414532  
0.3090055876  
0.8485257855  
0.7521297172  
0.5778485632  
1.336436585  
1.334312997  
0.7005958155  
0.1498769073  
-2.324247421  
-0.2146962945  
0.6910751657  
0.6228802892  
0.4162595762  
0.4367823982  
-2.725665197  
-1.111776706  
-0.1665712808  
0.6227290757  
0.2144636174  
0.8966014026  
-0.1983896037  
0.5658519755  
0.5438416322  
0.382455513  
-0.0824923792  
-1.43825477  
0.05544870408  
-1.226548182  
-2.85185346  
-0.7316466303  
-0.02040993464  
0.7581782205  
0.652571582  
-0.09199229208  
-1.210715192  
0.0260946967  
0.3885960163  
-1.187076667  
-0.434053147  
1.089459787  
-0.4153779134  
-0.1433679479  
0.6498208875  
-0.6035681217  
0.5789870028  
0.8130466106  
1.265928032  
1.621342322  
2.0440767  
0.8021668088  
1.120316778  
1.078297712  
-1.662203517  
-1.736012382  
-0.7559485039  
0.6561845514  
-1.872284628  
0.1234981294  
-2.060777263  
-0.5784199193  
1.044722634  
0.9542686231  
-3.918369  
0.5317836669  
0.1324492296  
0.7397382371  
0.6468765053  
0.9953536322  
0.5339670662  
0.9674778903  
0.9418869907  
1.209655387  
1.24001193  
0.9928662051  
-2.046836329  
0.3955390214  
-1.283204654  
-2.59367342  
-0.6081362098  
0.2964579731  
0.6551210077  
0.3151478436  
-2.356775162  
-1.25573701  
-0.2729735486  
1.075210258  
0.916209124  
0.9342124821  
-0.6104457785  
-0.1472764795  
-1.108908741  
-0.2487894578  
-0.7981595352  
0.1273550906  
-1.898068102  
-0.960583704  
0.2239983291  
1.572694745  
0.8387699236  
0.4984428648  
-0.8285896168  
-0.8425364597  
0.6532897788  
1.157450351  
-2.02270677  
-0.05055088722  
0.09140067042  
0.02073965531  
0.6689275883  
0.752670292  
0.2809631784  
-1.035077663  
0.8709242894  
0.7356744963  
0.5309840685  
1.459575823  
0.3850473238  
0.1958356878  
0.9175315807  
-1.018241906  
-0.5631920603  
0.5346431605  
0.7168084911  
0.9297035591  
1.066644183  
-2.628001356  
-0.9387632164  
0.1594540489  
1.527472736  
0.5078743328  
1.08926407  
-2.128745361  
-0.2683653497  
0.8029359073  
1.287842461  
0.6452287052  
0.6057795248  
0.6544439814  
0.08421265783  
0.6361879306  
1.357451129  
0.5508664052  
0.9353067593  
-0.4545541716  
0.1864772287  
0.8127491778  
0.4186206131  
-2.972201398  
0.5450587025  
0.1984488416  
-1.613646084  
0.6329163915  
0.333075228  
0.4844360899  
0.6484602758  
-1.422515926  
-0.8245050768  
0.8577524958  
0.9262827136  
0.3979640566  
0.05921786723  
-1.001819695  
-1.976498434  
0.08705350201  
0.7020991238  
1.13355008  
-1.303618115  
-0.4159544531  
-1.984304567  
-1.006238793  
0.5846817187  
1.243879231  
0.878021151  
0.921515069  
-0.8533968778  
-0.5682214688  
-0.9006127977  
0.7727437705  
0.5292951571  
-2.158494356  
0.4970957219  
-2.29442757  
-1.056828373  
0.3570786023  
1.008275883  
1.205266494  
0.4596707199  
-0.993073094  
-0.5116784822  
0.8371772078  
0.1337042213  
-2.179561999  
-0.4610828207  
0.1190376128  
-0.9335557199  
-0.9823452438  
-0.7236055275  
0.4121096415  
-0.9426132611  
-0.4144363242  
-0.4708058288  
-0.4514497845  
-0.1022410753  
0.3647965852  
0.3513239577  
0.9293421311  
0.9190293157  
1.681848156  
0.9514409233  
0.9018796337  
-2.110654926  
-0.03899211047  
0.6539820487  
-0.4099322573  
-1.24594596  
0.4554609142  
1.023681417  
-0.9619275679  
1.115543952  
0.4858029195  
0.6538154625  
0.5938707583  
0.3989386953  
0.8355305588  
-0.3795311529  
-2.148721149  
-0.0300458149  
1.580173452  
1.006306308  
0.4461850792  
1.1508792  
-2.110979844  
0.4842837912  
0.6359792554  
1.60939223  
0.9444809285  
0.8981540125  
-1.23463235  
-1.312265772  
-0.5320938865  
0.9527422613  
-0.06104299592  
-0.02710612526  
0.6036299513  
0.692031325  
0.7773687896  
1.061623651  
-2.900410272  
0.1611125949  
-0.3968490027  
-1.568666594  
-0.1662673599  
-0.2118664398  
0.6063685768  
0.5218675244  
-0.6872561454  
-1.338560491  
-0.2997624011  
1.614398916  
0.5286781483  
0.6575514251  
0.6598759939  
1.52336941  
0.1977014134  
1.128140459  
0.5105923941  
-1.911384455  
0.201138619  
-1.091344177  
-1.704142395  
-0.8914856502  
0.2456736519  
-0.2149736894  
-0.2345540506  
0.4910266028  
0.2524223292  
0.9605779529  
1.222923241  
1.08507697  
0.4624774819  
-0.9873429752  
0.1116570451  
1.511776681  
1.423120453  
-0.09973364883  
-0.3261568449  
-1.097875764  
-0.5382624605  
0.29943477  
0.8675818994  
-4.986041992  
-1.412109154  
0.4738350556  
-2.234295593  
-0.573642186  
-0.2229160004  
1.337660328  
-0.2739112031  
0.506418918  
-1.347417108  
-0.4594664488  
0.5545481508  
0.1406091534  
0.3670704781  
1.174399172  
-1.314043405  
0.3575453628  
0.3813913048  
1.213131137  
0.435764164  
0.8041350842  
-1.372428651  
0.591238063  
0.4547082885  
1.300553095  
-1.749734724  
0.4451044909  
-2.331392257  
-0.3664972874  
0.6556179473  
1.222519068  
-0.2297850447  
-0.9937590047  
-1.336425035  
-0.9206307225  
0.1672124307  
0.5969942922  
-0.2615296385  
0.5126264638  
-1.518097867  
-1.162259726  
0.1564449498  
1.379625589  
1.139860539  
0.9207270179  
0.8435018427  
-1.199471266  
0.7127267332  
1.148080335  
0.5343415647  
0.2128755728  
-1.797268845  
-0.5116742489  
0.9415118934  
1.006877974  
-0.4120627065  
0.1826609835  
-1.789979816  
-1.909503731  
-0.4463991441  
0.4786974412  
1.692099561  
1.636839444  
0.07502810823  
-1.245676375  
0.1765523813  
0.9892039118  
1.537008815  
1.038370643  
0.3477745615  
-1.155355319  
0.09596638329  
0.05822740926  
0.7004246589  
-0.5361395785  
-0.69177687  
-1.355670704  
-0.8896264436  
-0.7241509219  
0.6064234665  
0.8660359705  
0.4733099462  
1.101213276  
0.9184442575  
1.018817026  
1.399577056  
-2.157200891  
0.5545535433  
-0.2397343929  
-0.8353437545  
-0.8710447642  
0.4443852538  
0.8380510538  
0.8962118216  
0.4184802532  
-1.047634237  
-0.8517694446  
0.2982799549  
1.348080765  
1.729380292  
0.4278060269  
-0.8087964308  
-0.8069930144  
0.5090101168  
1.192885532  
0.3391659642  
0.08185520464  
-0.149577415  
-0.5300896955  
0.4111191453  
0.5283113044  
-0.4188415018  
-1.259173339  
0.5790964327  
-1.265353041  
0.5635951439  
0.7008673411  
0.9416173305  
-1.229827514  
-0.1834658564  
-1.049519894  
-0.7306321508  
0.2857886129  
0.3901346374  
0.7771554979  
0.5710066522  
-0.3069870081  
0.3282865467  
0.340031241  
0.006383034468  
-1.43112869  
-0.3123320271  
-0.5839477325  
-0.008908424398  
-0.05095901857  
-0.6867677444  
0.0262912407  
-3.260346648  
-0.04492307994  
-0.5713713973  
0.2342290469  
0.7396027595  
1.77309316  
-0.5606253632  
-0.7135935682  
-0.8210913007  
-1.427657064  
-0.1866739919  
0.989130974  
-1.565312059  
-0.0539669536  
-0.2014072875  
-0.6163493049  
0.1150139289  
1.991864149  
0.4959487357  
1.397859413  
1.229073142  
0.5806706859  
1.001184556  
0.7257731656  
0.5219651277  
-0.6444265993  
-0.1277638709  
-1.556170266  
-1.394715306  
0.7295322958  
0.9501116263  
-0.4975269732  
0.3470974117  
-1.874058016  
-0.2132864823  
0.3712093639  
1.259056403  
-0.996894768  
1.370816512  
0.5702711142  
0.7477401015  
0.518562801  
0.5432536211  
-1.791710635  
-0.3737638349  
-0.2200498189  
-2.435449987  
0.1259671005  
0.913705189  
1.238444309  
0.5719132207  
0.9854538443  
-0.9061219027  
-0.1734891438  
0.4581689705  
0.5821945881  
-3.387093388  
0.3876138312  
-0.693232729  
0.7308431315  
0.3616996274  
0.3936673901  
-3.113530956  
0.04958191113  
0.3228596425  
-0.162392875  
0.1001597882  
0.5848042464  
-1.714839469  
0.5282665428  
-0.3518035436  
-0.7283514554  
-0.2706952046  
1.396098553  
1.486070214  
1.045314478  
-1.005792356  
-0.9657682163  
1.422638683  
1.185789145  
0.5218110385  
0.5946353997  
-0.2310405588  
-0.2168300291  
1.212966181  
0.898431376  
-0.3330260784  
0.7420656493  
-1.164375147  
0.178451733  
1.054338153  
1.937314502  
-0.9690861663  
0.6341131769  
-1.237221018  
0.2641579482  
1.230590344  
1.420745849  
-3.010822266  
-0.159955078  
0.1803845328  
0.4512299835  
-0.200060922  
-0.5820597248  
-0.5692218287  
-0.06057231062  
-0.3537250653  
-0.3778920155  
-2.104902531  
-0.3818535293  
-1.473045222  
0.9806450774  
-0.77768236  
-1.228433925  
0.5301578069  
0.04812643747  
0.5582536935  
1.574222626  
-0.9406045398  
-1.078231754  
0.04007813403  
0.5590926355  
1.61267251  
2.043813964  
0.8313889139  
0.3770204211  
0.5583429201  
-1.676605038  
0.326821002  
0.1193634094  
1.072587923  
-0.7074986365  
0.04703131327  
-1.525001244  
-1.253831426  
-0.7424379954  
0.9272721513  
1.002115957  
0.9331870413  
-0.09145524692  
-0.3724157316  
0.8175151688  
0.6606054453  
-0.8207874663  
-1.169000366  
-1.372501705  
-0.6994249838  
0.5341884748  
0.07001246201  
-0.328126053  
0.8572901463  
0.3145648745  
-0.5086007168  
-0.1751617253  
0.9347904732  
0.8651117513  
-0.3423773028  
0.5049008806  
-1.337411885  
-0.9002890604  
0.3156859715  
0.845001819  
-2.117525635  
0.1770870176  
-0.2023873424  
0.513909331  
1.10667878  
0.6761140653  
0.8013852941  
0.1253637912  
0.6885186819  
-1.49041116  
-0.5870924743  
0.4805907805  
1.177449157  
0.8240364189  
0.5730664617  
-0.27810612  
-0.03547644698  
0.3488781127  
0.7302398878  
-2.664287519  
1.718974619  
-0.69688506  
-0.6280551495  
0.4365013746  
0.210027693  
0.8824140972  
0.223356392  
0.3944795112  
-1.482547079  
-0.6978131159  
0.1716034061  
-0.1460475713  
-0.4258867775  
0.9026285713  
-2.250002813  
-0.08264639547  
0.2546190032  
0.9636018826  
-0.6328736537  
-0.2968215953  
-0.3887897428  
-1.069214019  
0.4554114253  
0.190592295  
-0.9565790735  
-0.3601929216  
-0.9621538848  
-1.140302674  
0.671822739  
1.828689295  
1.174349309  
1.624432077  
-0.3499920632  
-0.0323166573  
1.262669737  
1.447001897  
-0.669082545  
-0.03109628014  
-0.4566308069  
-0.1266409313  
0.8008384563  
0.79565666  
-0.7340351805  
0.005296724251  
-1.149195906  
-0.1031777453  
0.4214256603  
0.9687306637  
0.8231723451  
0.5134336441  
0.9596222233  
0.6922064628  
1.50675368  
1.744374693  
0.9779234452  
1.222912925  
-0.1578732306  
-1.335328446  
-1.272044726  
-0.387149531  
-1.267489175  
-1.34999697  
-0.6707701858  
-0.6831384331  
-0.4861593476  
-3.189235655  
-5.866168071  
0.1836326428  
-0.5211154595  
-0.7689626007  
-0.1682274736  
0.6595127705  
0.4725956812  
0.5416901081  
-0.4455945566  
-0.4710376599  
0.5978744475  
1.326890329  
0.6378471587  
0.985675055  
0.8218999853  
-0.248979781  
0.9882632374  
1.186161509  
0.7216672019  
-0.5007394813  
0.4603735718  
0.5325884926  
-2.958629047  
0.7160867807  
1.973155813  
-0.7364039769  
-1.175068052  
-0.675666957  
-1.408677106  
-0.1123349583  
1.197750941  
1.237118074  
-1.620958169  
0.9302297164  
-1.427457102  
-0.4420293882  
0.5091286598  
1.988886307  
0.6136921545  
1.107996355  
0.3149056148  
0.7973636217  
0.534940639  
0.6790080442  
0.1633452745  
-0.007532387185  
0.3295339614  
0.7860180694  
-1.922516157  
-2.274105145  
0.1046018798  
-0.8568813143  
-0.09782610589  
-0.787226248  
-0.1815882161  
-0.6481140453  
1.170462523  
-0.4003646195  
-0.2814471034  
-1.225649061  
0.5892768239  
1.059526735  
0.114170105  
-0.07840164947  
0.3246082727  
-0.6099527304  
-1.72602899  
0.7579070938  
0.5598893488  
0.1913824497  
0.699070034  
1.009627183  
0.2780927367  
0.6025549266  
1.229971865  
0.666449168  
-1.203988777  
-1.111958192  
-1.394074737  
-1.721340353  
-0.4983971507  
1.495911106  
0.03688496045  
-0.546137419  
-0.6199983095  
-0.6617169034  
0.1930550282  
1.335546558  
0.6713273932  
0.05122209555  
-1.367087478  
-0.9500344241  
-0.04492813132  
0.7102255787  
-0.02461286605  
1.591327474  
-1.814019615  
-0.2471551816  
-0.1478341938  
0.4755549239  
-0.6315198041  
-0.3697288577  
-1.081707597  
-0.7092376978  
0.01011964283  
-0.04197633308  
-0.171836057  
0.4969283438  
0.7470083427  
-0.3840036685  
1.106520306  
0.03884570953  
0.08801624278  
-0.2139685873  
0.5307787247  
0.1827104077  
-0.01873002549  
0.333366144  
-0.004872786342  
0.9101756958  
0.1835481418  
0.04337883672  
0.4697937263  
1.258228927  
1.989087445  
0.7781983055  
0.6138963019  
0.7402922116  
0.3564240514  
0.3807081908  
0.9173886822  
-0.3846076598  
0.178213598  
0.3976093501  
-0.4146430135  
0.3397863215  
-0.05110124366  
-0.4893813067  
0.8353770474  
-0.1037770425  
0.6046980223  
1.226813025  
0.6903778862  
-0.3455515276  
-0.5040910803  
-1.400657072  
-0.8452012224  
-0.01444218349  
0.2576486007  
-0.7294016237  
0.5502435292  
-1.491237283  
-0.6900104889  
0.1368307816  
-0.2323922412  
-0.5126926874  
-1.023382326  
-0.9730411404  
0.02820283085  
0.364026869  
0.3660073601  
0.2619279006  
0.2341113467  
0.5908188162  
0.5759090404  
-0.1880315279  
0.5364505018  
-0.6987043304  
-1.168105287  
-1.258982986  
0.07181709225  
1.049877237  
0.610184701  
0.6212462027  
0.8786801561  
0.2051915117  
0.931383625  
0.3247433122  
1.01839515  
-0.9535733901  
-0.7826784804  
-0.0186273428  
-0.078548663  
0.4746769832  
0.3129819924  
0.2539456333  
-0.6424431177  
-0.6217599467  
0.3938466458  
0.4995129109  
0.5707353949  
0.8104712737  
0.1290315214  
-0.2616529542  
0.08498650284  
-0.04817605052  
-0.004881380291  
0.03834161251  
-0.2814879488  
0.6911147571  
1.451768386  
0.4997777059  
-0.3188934316  
-0.3212588808  
-2.416834685  
-1.565085615  
-1.276268722  
-0.4540551944  
-0.6745465332  
0.01225969052  
-0.3526845256  
-2.041554117  
-0.91045755  
0.6850602047  
0.1029927463  
-0.7209203423  
0.3261500351  
0.519739421  
-0.7548983697  
0.1858182244  
-0.3930221993  
-0.8433700457  
0.4876927432  
0.8686786218  
0.4631623109  
1.390592378  
0.7405233219  
-0.3713365492  
0.3402728969  
0.3961862884  
1.324483942  
-0.8791690045  
-0.5097491332  
-0.5253881373  
-0.2844248779  
0.04832225604  
-0.5101969537  
-2.662572823  
0.380223481  
-1.805791538  
-0.02846422169  
1.446446607  
1.081989457  
0.1625093605  
-0.08326730674  
-0.08592409739  
0.1938906986  
-1.186184988  
-3.629161011  
-0.08616332458  
0.02950339484  
0.7504987502  
0.4089284893  
1.094755266  
-0.3891564171  
0.3205536161  
0.2813584836  
-0.687430749  
0.8939277351  
1.692371539  
1.483019039  
-0.1774205386  
0.06215856279  
0.3058211793  
-0.1616977174  
-0.6418823391  
-0.429663528  
-1.408711926  
0.8384574278  
-1.522725511  
1.277839204  
2.408952732  
1.026829888  
-0.025190335  
0.9414876984  
-0.3471976822  
0.3751599374  
-1.51607889  
-1.539160506  
-0.5330251055  
0.5441461367  
-2.14419904  
0.04709023941  
-0.04648602424  
0.8361415334  
0.501403209  
0.1659318344  
-1.376060293  
-0.6264763449  
0.1480964331  
1.380207208  
0.53207157  
0.4494547704  
-2.042378474  
-1.321873647  
-0.2507303579  
1.035972793  
0.5208787773  
0.5845161549  
0.8184662739  
-0.734635982  
-1.743200026  
-0.4693686984  
-0.6954779636  
-0.004500586356  
0.004766579228  
-0.3128490069  
0.2607587825  
0.820046512  
0.2883358839  
-0.3649256857  
-0.0874656953  
-0.348980288  
-0.1794923045  
-0.1203348289  
-0.3246037592  
-0.5261203757  
0.3955306113  
0.1450819509  
0.5658440418  
-0.3165072201  
0.484477347  
-0.6832794756  
0.1490617458  
-0.7991460813  
0.02283847572  
0.1030154991  
0.03641244188  
0.4084101275  
0.2604500692  
-0.1329028637  
0.2716103329  
0.9283503368  
0.189300904  
1.102353821  
0.8895740509  
1.141598786  
1.500545137  
0.6969443578  
1.278908417  
0.7826279876  
-0.3840948053  
-0.275737157  
-1.147047567  
-1.218781875  
-1.097695839  
-0.7456511139  
-0.5564455065  
-0.682123304  
-0.3818573116  
