-0.4662475112  
-0.05753438802  
-0.1371723331  
-0.2668062335  
-1.00612677  
-0.3202306595  
0.08329872285  
0.0114798619  
-1.535264144  
-1.343652902  
-0.3488724896  
1.382366499  
1.381030297  
1.117239839  
0.5171790025  
1.117256433  
1.647731557  
1.348918425  
1.037385075  
1.1222447  
0.2466725776  
0.5260258717  
-0.1655942706  
0.7494224765  
0.4468844591  
-0.2048692515  
-2.65814549  
-1.624249979  
-1.245704026  
-1.511426001  
-1.078742581  
-1.496581574  
-1.647254663  
-1.024684713  
-0.05081050469  
0.7762074207  
1.186494475  
0.9500276943  
0.6225795877  
0.3244521363  
0.2460761163  
0.1313500074  
0.2782637059  
0.4668609187  
-2.845111009  
-1.337959258  
-1.282964879  
-1.339911529  
-1.211968199  
-1.111583033  
-1.14944765  
-1.105601396  
-1.509100948  
1.540425259  
1.621520992  
1.049588329  
1.087012738  
0.6476977833  
0.2592499172  
1.462286073  
1.457865231  
1.069748971  
1.019782754  
0.5013479553  
-0.204513116  
-0.1934579342  
-0.3460391028  
-0.2489174648  
-1.633726435  
-1.570323935  
-0.6769597553  
1.185138278  
0.6907433457  
1.336698957  
0.7324496221  
-1.517359089  
-0.006375639436  
1.126491645  
1.615405809  
1.026411993  
0.1490034394  
0.3210118536  
0.2248081165  
2.152970003  
1.393859376  
1.16467653  
0.5430476564  
0.1972583641  
0.08430984116  
-0.423262418  
0.1458792043  
0.1639112993  
-2.373677737  
-2.75637946  
-0.7896527711  
-0.5621857165  
-0.7997398154  
-0.7998202125  
-0.1874541565  
-0.4601454272  
-0.1785699726  
-0.3028893459  
-0.6673655437  
-0.6769889186  
-0.8401639495  
0.4117978637  
-1.377734695  
-0.7634537235  
1.368733961  
1.252812987  
1.214145091  
1.065323889  
-1.392020118  
0.1380228776  
-0.2120944853  
0.4691887229  
-0.288711324  
-6.161571273e-05  
-0.9156672869  
-0.3681301406  
-0.1677290235  
0.06514506588  
0.2076314025  
-0.1225671567  
0.1577797752  
0.1089324073  
-0.9648018899  
0.7958019339  
0.2632814064  
0.4110755518  
0.3003989982  
0.3162047277  
0.748765126  
1.120446705  
1.030310192  
0.7376094998  
-1.605711728  
-0.9035214757  
-0.597581892  
-0.5517871572  
-0.3193037412  
-0.4747707388  
-0.4517311225  
-2.029200179  
-0.2461799214  
-0.8004646884  
-0.6467648813  
-0.3859113754  
-0.4357177126  
-0.03925132488  
-0.05287554676  
-0.4855825919  
-0.06378820303  
-0.009568843232  
0.6283900632  
1.809506842  
1.105646389  
1.378400214  
0.5547184964  
0.3576470985  
0.3152991869  
0.02380451994  
-0.3935869426  
0.3108915782  
0.2476218954  
-2.722621288  
-0.5674818602  
-0.427675046  
0.663547652  
0.607432819  
0.2692547683  
-0.07448794764  
0.2180231117  
-0.1834146617  
-0.4307086885  
-0.1609993713  
-0.1446362883  
-0.1070065316  
0.3488739701  
0.3587671177  
0.1840884146  
0.2388950516  
-0.09634963904  
-0.03246731034  
1.463167252  
0.6201756044  
0.6335332898  
0.1378623441  
-0.4154557153  
-0.08724627434  
1.059224075  
0.9029423739  
-0.02433239142  
0.08359111233  
-0.08843286049  
-0.05018737278  
-0.1409440173  
-0.4092289817  
-0.2245156568  
0.02891129525  
-0.05269564142  
-0.188013411  
-0.339620524  
0.5768979216  
2.180751048  
1.041106892  
0.6298281495  
0.2454467379  
0.1382448858  
0.5426306348  
2.11290149  
0.7891882013  
0.6868049338  
-0.6346627922  
-1.030668809  
-0.3517456216  
-1.074960774  
-0.717806119  
-0.600687664  
-1.067134189  
-0.9626240178  
-0.7632870512  
-0.759825071  
-0.1955514335  
-0.8776892623  
-0.4934698497  
-0.1282476802  
0.04082438813  
1.547633226  
1.858618651  
1.076917918  
0.7360646416  
-1.777634517  
-0.6958487662  
0.5877256101  
0.708776759  
1.061967987  
0.372486134  
-2.488116352  
-0.8597925445  
-0.7601569099  
-0.7351744437  
-1.148344684  
-0.7848062924  
-0.8452300609  
-0.5154508473  
-0.8415917329  
-0.6657495864  
-0.03532845951  
-0.7987812418  
-3.187053633  
-1.029629018  
-0.3993094057  
1.630408139  
1.097712858  
0.5814562157  
0.1236341305  
0.8472947114  
1.210732606  
0.8807983853  
0.7180453852  
0.6547242379  
0.1256099391  
0.490742179  
-0.1011261302  
-0.4015598928  
-0.5841251082  
-0.5102639  
-0.4406510553  
0.1912702474  
1.146769505  
1.255459042  
1.250175487  
1.170495033  
0.6415505356  
0.05374662001  
0.5439376881  
0.5794273467  
0.2102927285  
1.012352856  
-2.370148956  
-0.7829261007  
-1.311265274  
-1.324538016  
-1.088143659  
-0.6404019226  
-1.733773758  
-1.883288789  
-0.4627271349  
-0.3454270207  
-0.03522837241  
0.04535931987  
-0.5631099005  
-0.46691762  
0.6009438396  
0.8529885899  
1.043254059  
0.4637370581  
-0.1340943465  
0.2300870278  
-0.1947667895  
0.8610434067  
1.656240262  
0.5538665763  
0.8203391786  
0.763683691  
0.5869382151  
1.182106672  
1.13352422  
0.394782198  
0.5385863619  
-0.118300383  
0.1549662923  
-0.2268772113  
0.1200565316  
0.3494811129  
0.07241558525  
-0.1146098981  
-0.131966454  
0.1396914609  
-0.2735525916  
-0.1705648108  
-0.03616586241  
-3.07717105  
-0.6430443805  
0.03987955859  
1.645439614  
1.091505184  
0.4584902392  
-1.784443759  
-1.228041572  
0.3861557953  
0.7585204692  
0.8787451544  
0.7597630808  
0.2550195923  
-0.1873039321  
0.7281451491  
0.9284592717  
1.085111567  
0.03415689429  
0.8162526247  
-3.395211812  
-2.18563154  
0.9892562076  
0.8642865978  
0.1519256304  
0.5328829079  
0.3369335005  
-0.1963373267  
0.5593056896  
1.777384442  
0.9960160088  
0.5641129872  
0.2568653984  
-2.314888061  
-1.891652212  
0.9693761307  
0.4622057724  
0.4608724141  
0.9033466512  
0.3664358766  
-0.1105639559  
1.058309254  
0.4154158273  
0.683997562  
0.03942134189  
-2.451730595  
-2.56929218  
-2.43474291  
-1.733654558  
-0.5675784454  
-0.007078201305  
0.4245726144  
-2.271553553  
-1.699574589  
-0.2952640053  
1.159597247  
0.9557084474  
1.518021301  
1.337139732  
0.8160401542  
0.6280459026  
0.869056015  
0.5347723089  
0.5926624278  
-2.439667401  
-1.614261373  
-0.3985425293  
-1.583492824  
-0.01871676478  
0.08548369259  
0.5004549402  
-1.669941677  
-0.2685841722  
-0.3720918447  
-0.1756551903  
0.272448872  
-0.2402594782  
-0.02783398346  
0.3623252117  
0.7409505693  
0.4835429257  
1.01451365  
0.8574171818  
-0.4493955142  
0.1812399704  
1.135129551  
0.7652101925  
0.7286114946  
0.4400921323  
0.1426693692  
0.107721806  
0.5197828846  
1.693567711  
0.5554103367  
0.9797311298  
-0.6217483782  
-0.006495870567  
-0.3968955852  
-0.3103351202  
-0.4243290833  
-0.6956764596  
-2.514886096  
-1.350374435  
-0.08107171836  
1.278903024  
0.9205331873  
0.7627414985  
0.3758895765  
0.5055421992  
1.214848865  
1.663615108  
1.210751157  
0.2774092418  
0.1177772239  
0.2555042664  
-0.4677724959  
0.6448142454  
-0.3643422819  
-0.1135449884  
-0.3220820248  
-1.594035159  
-0.9108329477  
-1.610746889  
-0.4688076837  
-1.249342735  
0.3071751979  
-0.517416905  
-0.5891173873  
-0.2615423098  
-0.7100809317  
0.1877888307  
0.401116154  
-0.372093858  
0.02579226681  
0.971395719  
0.8106263577  
0.4902159638  
0.4592881353  
-1.677007921  
-1.364889831  
-0.2527972227  
0.9178495615  
0.3015236151  
0.4227319119  
-4.254730127  
-1.991733339  
-1.830465452  
0.7174585586  
1.252136819  
0.6222347143  
0.7996011866  
-0.1878970269  
0.1455819135  
0.1629189613  
0.9013299811  
0.8318784024  
0.9701101087  
0.3457390413  
0.2016240751  
0.9166621357  
0.7064641821  
0.2990360357  
0.8531273453  
0.241908624  
0.1506455758  
0.2355109869  
0.1360719895  
0.320292625  
0.4023671621  
-2.857500192  
-2.119150515  
0.4240992623  
0.5777101111  
0.05187264499  
0.5424043501  
-0.297989748  
-0.6702333758  
-0.5237890853  
0.6605737689  
0.3388352822  
-0.1425991838  
-0.7569038289  
-0.3255040377  
0.2696386601  
0.6242206056  
0.05743650921  
0.3980014146  
0.2254407401  
0.235124962  
0.055345234  
-0.01266689062  
0.2146224136  
-0.318074265  
-0.3305023808  
-0.4423009891  
0.1263566019  
-0.3516431376  
0.1087016016  
-0.04345856341  
-0.6579140299  
-0.1947947696  
-0.3973591897  
0.5009211683  
0.9316522406  
0.7359448698  
0.5687477139  
-0.0178273261  
0.3586239085  
0.5333735427  
0.8377299634  
0.7330972579  
0.5534540695  
-0.1780937237  
0.1587072836  
0.7294604392  
0.711779868  
0.4010798122  
0.4932440534  
-0.9770090286  
-1.452417204  
0.09851433275  
0.467052147  
0.6344511234  
0.444745187  
0.07040956302  
0.1487134325  
-0.1097221404  
-0.4017256124  
-0.2973219865  
-0.03578666496  
-0.5551471392  
-0.4651285716  
-0.5163613765  
-0.4265482388  
0.8012395983  
0.294157707  
0.6179048613  
-0.08737684931  
-0.05003756652  
1.017969408  
1.597279671  
0.649098204  
0.924663623  
0.1932625749  
-0.3027443355  
0.4419583375  
0.411170884  
0.542037344  
0.5583326324  
0.340587283  
0.2184796257  
-0.2136375996  
-0.0722650248  
-0.2323757622  
-0.4453024469  
-0.7486035497  
-2.866493865  
-1.516083749  
1.258462106  
1.012853564  
0.8740953272  
0.1634870977  
-3.039642129  
-1.631545062  
-0.2842082179  
1.877014013  
1.101303082  
0.5434498447  
-0.002630811634  
0.04013808215  
-0.04211650253  
-0.128251428  
0.1353579078  
0.5028704657  
-1.497142993  
-1.641763174  
-1.356353508  
-0.8499374781  
-1.555770945  
-1.078489729  
-1.289402548  
-3.257287678  
-1.065886678  
-0.3834378345  
0.4862348857  
0.6179548952  
1.056489879  
-1.082834947  
-0.5223334944  
0.6678679023  
2.802196316  
2.052623543  
1.792471442  
-1.656124933  
-0.8405758519  
0.4312063561  
2.012239576  
0.9946712159  
1.276107698  
-0.3910534318  
1.31407471  
0.9028139844  
-0.3065243173  
0.05660609607  
0.2211514053  
0.2665426313  
-1.532093415  
-1.568139782  
-0.287626315  
1.843698996  
0.9546530848  
1.006294261  
-1.554620103  
-0.4168520682  
1.872246198  
1.995628883  
1.092631326  
1.088215665  
-0.6748090459  
-0.5700973937  
-0.6093482545  
-1.042018352  
-1.043055737  
-1.345498141  
-2.652692855  
-1.389766602  
-1.215059356  
1.509359987  
0.6657594297  
0.07758531597  
0.402314719  
0.04170369459  
-0.2287045756  
0.8917888274  
1.311188709  
0.8171992827  
0.4141527754  
-2.750827598  
-1.610056866  
-2.180963235  
-1.152668441  
-1.386342085  
-1.292636771  
-2.253114727  
-1.016067471  
-0.9560091064  
-0.8450435078  
0.8888075512  
0.8249602028  
-1.61659036  
-0.6428578843  
0.8574936038  
2.185608602  
0.9730136083  
0.820394141  
1.164987967  
0.2508110406  
1.368637935  
1.244384277  
1.084429886  
1.234642204  
0.7087549288  
0.6650745742  
0.8962464309  
1.166448395  
1.513515606  
0.886167726  
-0.7796672986  
-0.2729480665  
1.393784302  
0.8151682897  
0.7756890965  
0.620915254  
-1.489103842  
-1.274597664  
1.189351622  
0.6178846398  
0.8348432355  
0.6470682149  
-2.671827503  
-1.015038652  
-1.014345239  
-0.9359091083  
-0.9931496807  
-1.49532797  
-2.316063201  
-0.8356305587  
-0.7562102693  
-0.874595689  
-0.340090465  
-0.1630296162  
-2.085563881  
-0.754446448  
-0.1690435079  
1.323399817  
0.5691457735  
1.075073681  
0.4665448155  
0.341216566  
0.7512923354  
-0.0570342514  
0.3787812704  
-0.01581795446  
0.3277752398  
0.3143659928  
0.2850247815  
0.2856710251  
-0.5424821645  
1.035020183  
0.58580752  
1.010602264  
0.7707297806  
-1.381941086  
-1.872647089  
-0.75810547  
1.636126188  
1.467201684  
0.8259913685  
0.4402370394  
0.4318812134  
0.540169269  
0.7483983029  
0.6959810467  
0.6696631322  
-1.190702426  
-1.939724297  
-1.244080214  
0.8527693155  
0.8379022678  
0.1169185219  
0.05150005695  
-0.7150290791  
-0.1416101349  
0.5454868259  
0.4850089039  
0.2573604936  
0.03295019525  
-1.448447873  
-1.220123067  
1.305519375  
1.180943812  
0.8567357484  
0.8822680887  
-2.064293878  
-0.9414573589  
-1.255707653  
-0.8413649036  
-1.056782589  
-0.3869022981  
-1.160264617  
-1.237604024  
-0.4150736866  
1.498277945  
1.113607952  
0.8693508187  
0.1346907111  
-0.1237123838  
0.2558984196  
1.424194301  
0.860183815  
0.8141633949  
0.4273727369  
-2.008860816  
-0.7840884354  
-0.2898709508  
0.9476415035  
0.6449978616  
1.047706549  
0.5908380578  
-0.08919987792  
0.02783512629  
1.431918857  
0.5621996824  
0.5058402343  
-0.3067208166  
-1.646881516  
-0.5003780462  
1.227423413  
1.399833321  
0.6811545343  
0.6501735166  
-0.8503923257  
-0.4639268607  
-0.7845281621  
-0.8787313529  
-0.01081737276  
-0.2893953507  
-0.917770865  
-0.4740814106  
0.2699453507  
1.851761923  
0.215006698  
1.307366634  
1.036721  
1.064458772  
1.461885923  
1.203858413  
1.181192327  
1.053003293  
-1.253620859  
-0.7675020032  
-0.4408787748  
-0.5918108931  
-0.6436019219  
-0.3515263312  
-2.798180006  
-2.203108242  
0.7624152342  
1.890291125  
0.7748217756  
0.4313716872  
-0.8642677276  
-0.9509829259  
-0.733117946  
-1.367473692  
-1.230866892  
-1.847821217  
-1.213189324  
-1.059355184  
0.2263735551  
1.719819664  
-0.395521634  
-0.2957401159  
-0.2417822072  
-0.2606490786  
-0.4085002201  
-0.1187335432  
0.2445676103  
-0.4061432477  
-2.676178874  
-0.6843324527  
1.17352851  
1.989318211  
1.886887033  
0.8836153199  
1.73767215  
1.163393641  
1.739566567  
2.383780726  
1.561101135  
1.039903426  
0.2179121479  
-0.1489776398  
0.03731075283  
-1.055820026  
-0.6142769623  
0.02209812872  
-0.3709935395  
-1.358690758  
-0.01498983326  
0.005831398177  
-3.222277186  
-0.6553692909  
-0.5683495177  
-1.416150141  
-1.824863395  
-0.6841991023  
0.3888189426  
1.235305528  
1.297294754  
1.517503268  
-1.968430838  
-0.3924886977  
1.854232304  
2.031241999  
1.422903229  
1.019597054  
0.01560175262  
-0.5264855068  
-0.4437262474  
-0.8503911341  
-0.4460048519  
-0.2672509827  
-0.6342298762  
-0.8452673736  
-0.6279804711  
-0.59397394  
0.04018318067  
-0.3219891773  
0.2924682211  
0.1794945063  
0.040960438  
0.7448677848  
2.25893706  
1.549070382  
0.7510378836  
-0.9185510926  
-1.230776442  
-0.9016151763  
-0.6999305038  
-0.4159036892  
-1.051141049  
-1.711006021  
-1.659134361  
0.01479470837  
2.337539126  
0.8641039994  
0.6059507015  
0.1711766982  
-1.422446926  
-0.6106254563  
-0.8808759413  
-0.9315680699  
-0.647216211  
-1.25945866  
-3.305774952  
-2.287349888  
1.167762054  
1.075472376  
0.6718787675  
0.7259975354  
-1.343754399  
-1.290465179  
-0.1927341119  
2.000776895  
1.042135368  
0.8835799595  
0.0658276467  
-0.3510595352  
1.339975449  
1.707950255  
0.931065914  
1.013022054  
0.7863230847  
0.5312876768  
0.8261258554  
0.5147187398  
0.1611176056  
0.2741404769  
-0.4732626448  
-0.1479101861  
0.2302150721  
0.3316272328  
0.4538118488  
0.7090727788  
0.04107329516  
0.01341553898  
-0.437516312  
0.1304981968  
0.04122085602  
-0.1874570791  
-0.5390692607  
0.1660342867  
0.1562468307  
-0.0565613862  
-0.1338033235  
0.3532513882  
0.444366484  
-0.3619848949  
0.5499150303  
0.3408875303  
0.4857826299  
0.3329383354  
0.6430704501  
0.4121345553  
0.4790877974  
0.6509681195  
0.2069389242  
0.4987875627  
0.1806735072  
-0.871974159  
-1.129366783  
-1.123318528  
-0.6239976246  
-1.137467575  
-1.302038428  
-1.358888207  
-1.128964507  
-0.8401981361  
-0.5878841752  
-0.5078366862  
-0.876707955  
-1.293907029  
-1.304363613  
1.636214042  
1.292562301  
1.047708561  
0.4742510816  
-0.0538299338  
0.5574373785  
2.041728002  
2.225295842  
1.030802066  
0.7318680542  
0.7593640688  
1.590964097  
1.655772397  
1.318277694  
0.8489198449  
0.5823299147  
0.8561294274  
1.051083153  
0.5097654881  
0.4779449077  
0.7832022638  
0.6372213162  
-2.251109471  
-2.01021822  
-0.193299173  
-0.3612041329  
-0.753975445  
0.1802180981  
-0.2011491402  
-0.5064038568  
-0.7931501495  
-0.9241167288  
-0.9171537964  
0.01427097078  
-2.336762791  
-0.790321832  
-0.6932385613  
0.6826287369  
0.7575784739  
1.084349398  
1.245565654  
-0.146926277  
-0.5456398017  
-0.3432321223  
-0.4761127039  
0.327137148  
-0.224060702  
-0.6227229253  
-0.1166946247  
0.2336223691  
-0.3516252668  
0.0316440026  
-0.5525838017  
-0.4682147295  
-1.060961193  
-0.5124680216  
-1.205716838  
-0.9925242219  
-0.1136007099  
-1.926175346  
-1.185732288  
-1.146930223  
-1.205173626  
-1.008635405  
-0.8754562325  
-0.8368111266  
-1.281695474  
-1.449597576  
-0.1618871508  
1.738642798  
1.364192073  
0.5298126713  
0.8284102822  
0.5661027085  
0.3789717755  
0.4317186204  
0.1903152656  
0.7321972794  
0.6506556298  
0.8457318367  
1.165937306  
1.721980211  
2.914442222  
2.672114742  
1.990769276  
0.5433955973  
-1.695465962  
-1.219684421  
-1.371337718  
-1.355432818  
-1.353603644  
-1.260829349  
-2.6106493  
-1.40553257  
1.409219238  
1.608489428  
1.096610107  
0.34187748  
-0.2666335763  
-0.3175081254  
-0.2421534183  
-0.09835316533  
-0.07162991131  
-1.400261427  
-0.2127866668  
0.1902077406  
0.08082928623  
-0.321532934  
-0.1747537322  
-0.9593002984  
-1.093345755  
-0.6177064944  
0.2182501226  
0.8601273655  
0.8567687548  
0.9831541938  
-0.4526156734  
1.178206229  
0.1399976491  
-0.1010155017  
-0.2507465584  
-0.1773403479  
-2.179802464  
-1.633365963  
0.569520331  
0.9277337436  
1.134625721  
0.4813922976  
1.306167443  
0.6601924973  
-0.1499263414  
-0.07534749172  
-0.1801095509  
-0.54213557  
-1.329635145  
-1.260263224  
0.7051493772  
0.9053393184  
0.5376101281  
0.8391386432  
-0.2353052592  
-0.331882251  
0.6345216141  
0.7981393112  
0.0206158108  
0.04329417886  
-0.5014154438  
-1.238003903  
0.8141545909  
1.24090565  
0.6122384826  
0.201002574  
0.04450997135  
0.04842841326  
0.05217222523  
-0.182642903  
-0.2382547074  
0.2331016318  
-0.02008897242  
0.2281069245  
-0.05233123939  
-0.1731062891  
0.1097694123  
0.405205554  
0.3773907328  
0.190282479  
0.3883922922  
0.1924425116  
-0.6331689025  
-1.069936387  
-0.7344143776  
0.3989327878  
0.2358549614  
0.1340395684  
-0.6480500596  
-0.3458404658  
0.04983432795  
-0.08839098558  
0.2516137911  
-0.1928325697  
0.286844736  
0.3050367141  
-0.1608886393  
0.3129163441  
0.2118524111  
0.08877850999  
0.3117593772  
0.03813962147  
0.03575154889  
0.7300755771  
0.7362971262  
0.6682716045  
0.9816765087  
0.4497095869  
0.008369883516  
-0.08025375497  
-0.1364787003  
-0.4307009831  
-0.2875268063  
-0.4759323099  
-0.306793097  
-0.2573538488  
-0.4717755687  
-0.4557742077  
-0.0688226411  
