-1.912631191  
3.960166639  
-0.4558467973  
-0.3896669847  
1.97467241  
-0.2907125761  
-2.417461589  
2.174519313  
-0.4846101748  
-0.9116777831  
0.4500013403  
-0.4385734325  
0.06999195005  
1.618779902  
-0.8314064844  
-0.1469204125  
-3.143412957  
-0.5630416932  
0.5282141251  
-0.7003090984  
-2.043558742  
-0.6580390123  
0.3355045371  
0.8562457735  
-1.289173941  
1.167924556  
0.5598326429  
1.290397979  
1.816104973  
0.8352531361  
1.864894265  
0.9849917474  
0.285259567  
0.3887920703  
0.2521907193  
-1.79413526  
-0.9669104654  
-0.4171116277  
-1.29096265  
-1.008583436  
-0.7259886104  
-2.914795666  
-0.2177612186  
-0.4173549691  
1.606274631  
-0.04120537689  
0.1501043349  
1.392583934  
1.694269584  
0.6211250437  
-0.04283646393  
-1.122780993  
0.9238253424  
0.9528262934  
-0.1627847725  
0.9869631346  
-1.571755031  
1.272996067  
-0.7078240355  
0.09185457811  
1.408680001  
0.4772018428  
0.7873586255  
0.4344982181  
-0.4292140957  
0.3052364818  
0.1095988144  
-0.4829480239  
-1.300766477  
-0.698449641  
1.028182737  
-1.548739957  
1.689824125  
0.8776409319  
-1.054592961  
0.07390478193  
-2.344107866  
-0.2984824229  
-0.03408192746  
-0.9178414932  
-0.8352032159  
0.5513332154  
-2.708021622  
0.8419166516  
0.01946029402  
-2.227084368  
2.605579766  
-1.355379999  
0.7282123447  
-0.7143982422  
-1.452694933  
-0.1809509029  
-1.599504162  
-0.5307248246  
0.3715462105  
-2.249383014  
0.4982606924  
-0.8460732292  
0.7778730129  
1.437698699  
-0.661383227  
1.054182821  
-0.1506150319  
0.7985682026  
2.211070203  
-1.005865208  
1.893242572  
-0.785166499  
-0.3295382231  
1.996741891  
-0.1860914192  
-0.8052927717  
0.2714655216  
-1.322435105  
-0.6279206607  
-0.792125985  
-2.276222342  
1.44282076  
0.2617463348  
2.240213303  
-0.3376237133  
-0.469649561  
0.8402387099  
0.02979669578  
-0.278358834  
-1.472157161  
-1.952824679  
0.8966512322  
-0.2700487732  
1.029979102  
0.2966187483  
0.2476116629  
1.088252804  
0.2889312019  
1.130822168  
1.275092872  
-0.2136920338  
-0.1922522657  
1.580935521  
-0.9143278053  
0.5227651862  
2.509823686  
-0.7226464692  
2.8527302  
2.598217462  
-0.134238161  
-0.6115282956  
-0.06247971758  
-1.278249673  
-0.936488644  
0.1153388349  
-2.082892198  
0.1590239287  
-0.816380851  
0.4049893719  
1.801162988  
-0.2240650856  
0.258716516  
-0.3819097833  
1.066004365  
-0.5868452521  
1.856170714  
-0.1957193755  
-1.373655188  
-2.466092213  
0.9034636495  
-2.392773641  
-0.1826712391  
0.6847775144  
-1.279136761  
-0.9647758935  
1.889752658  
0.2386622943  
-0.7563859739  
1.148529398  
-1.877835198  
-0.6089867193  
0.09037252788  
0.6884359143  
-1.501785774  
-0.09267107846  
1.223154936  
0.8644745709  
-1.338539622  
0.2349200989  
-0.4666875254  
1.488841175  
0.7957736811  
-0.831791755  
1.901948857  
-1.027489682  
1.527707128  
2.739134402  
-1.411637053  
1.563122291  
0.01782850804  
-1.118860778  
1.152231418  
0.283470462  
-0.1205936718  
0.3577877609  
1.818409811  
-1.31870411  
-0.9826924692  
-0.1449410763  
1.209552361  
-0.1052728032  
1.096177989  
-0.8631609703  
-0.9513358277  
-1.933582132  
-0.9681450282  
-0.953647287  
-0.4060773251  
0.2072666903  
0.02627605973  
-2.401461502  
0.5253086094  
1.284312472  
-0.636720454  
-0.9477347939  
0.7591011697  
0.2220650741  
0.9129020082  
0.2034231655  
0.03009417868  
2.60100877  
0.327481808  
1.28515316  
-0.06030698269  
-1.206265774  
-0.4527448557  
-0.2185310555  
0.6766939441  
1.349345261  
-0.2270295641  
0.2418539311  
0.2285512861  
-2.033869929  
-0.4393683383  
-1.131045539  
-1.359892148  
0.2929221062  
0.6331736702  
-1.11183112  
0.1880442892  
-0.3918250768  
0.5917824082  
-1.043528677  
-0.6376617435  
-0.6918021898  
0.3727132874  
0.7898213395  
-0.1821682903  
-0.5912295399  
0.586215607  
-0.2454661496  
-0.2819082062  
0.563725405  
-1.196700548  
-0.4088008274  
1.122626538  
0.5999125772  
0.08496027312  
-0.2895882512  
-0.9087866036  
-0.2544155092  
-0.7340387582  
-0.7246357988  
0.9439174619  
-0.1089027587  
0.2964887261  
0.6846570431  
0.9091773382  
-0.8306353176  
-0.8107920865  
-0.3036091167  
-0.09307577616  
0.3602853008  
0.717797423  
0.4573350296  
0.5167471563  
0.2138984937  
-0.2711460278  
-0.3351897289  
-0.05258433448  
0.3373415606  
1.501244682  
1.332503575  
0.760018779  
1.401240639  
1.073315077  
0.3692573597  
-0.08973981402  
0.2772700533  
0.314971777  
0.4265437483  
0.9180456059  
1.230948165  
0.03445132478  
0.1749151047  
0.4801284204  
-0.2154212295  
0.5269758771  
0.1783175818  
-0.6030068612  
-0.4266006589  
0.3254748432  
-0.1307889097  
0.7477162746  
-1.090323876  
0.6182722718  
-0.8981386587  
0.2674940071  
-0.1121183576  
-1.472562962  
0.4558901761  
-1.272506005  
-0.7646037621  
-1.120323904  
-0.5297919499  
-1.200033226  
-0.4193715803  
-0.3885431824  
0.2813521948  
-0.4587079555  
-0.5079053319  
-0.3133215867  
0.001765939288  
0.3262545902  
-1.338547293  
1.660569899  
0.04573580265  
0.01417366896  
0.03001115425  
-0.0169088085  
-0.5765996803  
0.1117825628  
-0.3188323799  
0.7804176572  
0.7287081429  
1.494724374  
-0.04424526133  
0.8115280379  
-0.822493239  
-0.03836162254  
0.9043139578  
0.3593056656  
0.5549662407  
-0.9831284388  
0.2766707868  
-0.1335118382  
-0.01190070202  
-1.227975956  
-1.012452314  
-1.175243294  
0.1261495216  
-0.6765372627  
0.4189149192  
0.346250787  
0.9196358095  
1.074166429  
0.9535003743  
0.5030958518  
-0.1396671088  
0.8751366877  
0.408703157  
-0.3683830894  
-0.3429547968  
1.081847589  
0.9407882391  
0.8442819943  
-0.03445836511  
0.5046410657  
-0.8870508906  
-1.33942285  
-0.8540472911  
-0.7691316187  
-0.8168158826  
-0.8943225679  
0.5636767151  
-0.1980338925  
1.322704515  
-0.9366194153  
-0.1262744298  
-0.0553141347  
0.05249872677  
0.4527792072  
-0.7462826947  
0.8099484446  
0.522810551  
0.6446925674  
0.2238875266  
-0.7917022132  
-0.4127672668  
0.7072874143  
0.2581016245  
-0.05815159343  
-2.111295053  
-0.2556736165  
-1.001123273  
-1.529195736  
-0.4948616858  
0.2705432882  
0.3634858269  
-0.4862227143  
-0.9428866186  
-1.362361078  
-0.3505614667  
-0.2486023272  
-0.3245923827  
-0.4283037316  
-0.1396680715  
0.348439527  
0.2608656689  
0.14274101  
0.4681265839  
0.7390557041  
1.027552178  
0.5349414926  
-0.6279173892  
-1.095688036  
-0.2527834546  
-1.23271115  
-0.1675161695  
-0.3351149923  
-0.6448880842  
1.084930629  
0.9835414922  
2.210985637  
2.198917603  
1.747424799  
-0.8108162431  
1.529935007  
0.1544220633  
-0.4144135299  
-1.534548168  
-1.433115555  
-0.7091404577  
-0.6367450442  
0.1075715764  
1.017990722  
1.052432029  
-1.677309748  
1.259793097  
0.9222932905  
0.6550930587  
1.45139699  
0.916738792  
0.2107938846  
1.39902686  
-0.1490489906  
-0.573893569  
-0.8474315836  
-0.8557871558  
-0.3523920721  
0.2442762323  
-0.3685683014  
-0.1524079182  
-0.217410582  
0.3763316988  
-0.4474477435  
-0.5043228425  
-0.3195019556  
-1.114244421  
0.3455324878  
-0.5256735454  
-1.412598372  
-0.05867331822  
-0.6847117265  
0.1574666339  
-0.3647721406  
0.4715437737  
0.5275869983  
-0.5103611904  
-0.1799076009  
0.5734977777  
-0.1428539268  
-0.5517541058  
-1.084560569  
-0.7274836239  
1.25913862  
1.535713656  
0.8287025186  
1.891507242  
0.8344139843  
2.775293665  
0.1117602848  
0.4496866363  
-0.005186942576  
-1.179172757  
-0.8119698659  
1.475477928  
0.5054924946  
-0.09284828631  
-0.2883998974  
-1.451568437  
-2.560902966  
0.06337965125  
0.4448408244  
0.3486997843  
-0.08872309139  
-1.025502987  
-0.5747874285  
-0.402235175  
0.2739521914  
-1.096935291  
-0.7484334945  
-0.5857992585  
0.5211325595  
0.04376266711  
0.1372436648  
0.5560946236  
-0.8776793252  
-0.2947254155  
-1.014842737  
-0.4319372404  
0.7456495851  
0.8119386196  
-0.2221861814  
-0.2630214102  
-0.5051474892  
-0.04152284984  
-0.1088782795  
0.9458738988  
-0.8586885881  
-1.301397892  
0.5238640549  
0.02619004621  
-0.4616961647  
0.4647266788  
-0.1547346974  
0.005985103999  
-0.2408421342  
0.03497667964  
0.205022736  
0.5821788068  
-0.2532024415  
-0.4535461868  
-0.3394440019  
-0.329017042  
0.3304069848  
0.4198058527  
1.415908723  
0.8875349942  
0.3622546988  
0.4476863678  
0.2164976852  
-0.3558793423  
0.09087764769  
-0.9217557224  
0.865986555  
0.3271818756  
-0.08678961003  
-0.566397579  
0.4771947674  
1.005041306  
-0.4359629563  
-0.509398695  
-0.4721096432  
0.5867484862  
-0.4581637443  
0.795509705  
-0.1151726618  
0.3388083659  
0.6578634936  
-0.4745479496  
0.5611324248  
1.011338694  
-0.1214850783  
0.3402150713  
1.136116548  
0.43690289  
0.255170208  
0.7486768747  
-0.08056570554  
0.6986443673  
0.8331748569  
0.5248994949  
0.7935172162  
-0.01977876785  
0.4181623961  
-0.4572801399  
-0.3841290508  
-0.2424896597  
0.5124375714  
-0.2739870687  
4.193497378  
0.02915836506  
0.8823691843  
-0.5111165811  
-1.423998465  
0.03228936748  
-1.701563426  
-0.5217401612  
-0.1220003581  
-1.032869089  
-0.466829787  
-0.3922298039  
-1.782114758  
0.2246946462  
-0.348929411  
0.4366583447  
-0.8301281403  
0.3366167097  
-0.5288406395  
0.0002947589103  
0.4808623749  
-1.078365611  
-0.9160504632  
-0.2146681812  
-1.374553874  
-0.1990597251  
-1.521593483  
1.450082582  
0.3872033329  
-1.125542328  
0.361529151  
-0.6520957654  
0.02572567478  
-0.9004955124  
1.729444986  
0.1330871996  
0.4988507578  
1.39475363  
-0.3012359649  
-0.5887354585  
0.3035466645  
-2.394492273  
0.8021341283  
-3.103362509  
-0.1486172373  
-0.5599395881  
-0.3698697617  
0.3385482564  
-0.2672488189  
2.414309992  
0.3625468875  
-2.201368153  
1.483553363  
-1.837537014  
0.05187146736  
-0.1673194888  
-0.1410014847  
1.749220371  
0.2103896835  
1.065151555  
0.2266237273  
-0.4441688804  
0.3137640577  
0.2456375216  
1.830891483  
-0.07070364959  
-1.782431269  
0.3112749917  
-0.01571887793  
-1.331265794  
0.4563124075  
-1.171655564  
-1.378383581  
-0.5837371097  
-0.9638417042  
2.358585751  
3.537013396  
-1.498997394  
0.4299618517  
0.6932216036  
-0.3243808901  
0.7214024449  
-0.9054571812  
-0.538337102  
-0.04997833823  
-1.049160569  
0.4163084321  
-1.016455477  
-0.140903709  
-0.9874013485  
-1.524867497  
1.144756385  
-0.5136457382  
-1.305392287  
-0.6953463946  
0.3404141226  
0.5883004119  
0.3135500528  
0.9326927555  
2.134661823  
-0.4093319788  
0.8056215599  
0.2820004034  
-0.1758468852  
2.335384497  
0.133939858  
0.3358352115  
-0.4436127322  
0.2538107644  
1.134845167  
-3.030248699  
-0.002113192875  
-0.9336678195  
-1.491012107  
1.464643255  
0.4601487165  
-0.2996313571  
-0.4045164909  
2.721132229  
-2.062543743  
-1.289463238  
0.2434312587  
0.3262249205  
0.6219024342  
-0.01745099931  
1.274612623  
0.04909901806  
-1.18796659  
0.4372865002  
0.7122888461  
1.176372881  
0.02100066648  
-0.2592530173  
0.6033906804  
-0.9366218245  
-0.5072295522  
1.214290461  
0.3164515107  
-0.3490950042  
0.1658051261  
-0.3448947219  
-1.038140804  
0.4314994863  
0.2545259481  
1.872066875  
0.7364339629  
-0.6402513622  
-0.3010281912  
-1.46354515  
0.08402980768  
-1.154095698  
-0.03033946049  
-1.164711105  
-0.7418955688  
2.800218583  
-0.9617838037  
-0.9700540358  
1.019816102  
0.4596019251  
-0.7454573579  
-0.4762943652  
0.2050413522  
-1.091420999  
0.9249772864  
0.4108199207  
0.6208282553  
0.8960137238  
-0.1383542693  
-0.7287221577  
0.4059276412  
-0.6087977369  
0.6984409016  
0.4028151218  
-0.4991769166  
-0.04252844662  
-0.7056415748  
0.3757081603  
