-1.099526099  
-1.4925668  
0.8324566237  
0.2536060274  
1.570283228  
1.483354664  
-1.107093731  
1.127159444  
0.02577456548  
0.1143174987  
0.03882583042  
-1.068972143  
-0.7136803195  
1.406479397  
-0.1674015365  
0.6840265342  
-1.5356426  
-0.7805718469  
0.9261328394  
-2.06417404  
-0.05024001892  
-0.8593071648  
-0.2444016237  
0.8946393487  
-0.4752231994  
1.034802865  
0.1672420742  
0.164567469  
1.397096343  
-1.044635353  
0.237766425  
0.9393164203  
0.1419059215  
-0.04422261928  
0.7392751959  
0.5689583988  
-1.036234822  
-0.7479580981  
-1.187691497  
0.08513211161  
0.561662525  
0.3205875945  
0.130640775  
-1.422428749  
-0.1803492777  
-0.5322010209  
-0.1562753291  
0.004362426575  
0.4229152321  
-1.53171235  
0.2249177809  
1.158305376  
1.53559124  
-0.5027785021  
-0.2194184768  
-0.7681261065  
-0.7742488836  
-0.9546199919  
0.8505782461  
-0.1656390585  
1.343777914  
0.3824191944  
0.5637422792  
0.7155699126  
0.3978692931  
-0.6218892504  
-1.439519337  
-0.1496269592  
-1.457879566  
-0.2180695615  
0.525718841  
0.9596423414  
0.6948066114  
1.5484832  
0.4422804434  
0.3146698225  
1.009372397  
-0.5919051347  
1.268960571  
1.524486327  
-0.1116105979  
0.4932113149  
0.8832568429  
-1.416243917  
0.2932067444  
-0.3355238576  
0.5946787602  
-1.904002966  
0.1380395151  
-0.7641556221  
-0.680812728  
0.4079375021  
-0.4911733822  
-0.4528077808  
0.5380625946  
0.4009076556  
1.189325862  
0.5244541032  
-0.6383289975  
-1.20306726  
-0.5232221221  
-0.8472956069  
0.09455180618  
0.9485869019  
0.02746558062  
-0.2629846304  
0.1593355185  
-0.2082880109  
-0.2947354817  
1.478798039  
-0.3967409738  
1.786790108  
0.5873893089  
-0.3990701521  
-0.05842636619  
-0.2337856895  
1.232433567  
1.403665356  
-0.4660172798  
0.04806712661  
-0.6278412688  
-1.882027025  
-1.004388586  
-0.9900396069  
-0.8054929763  
-0.3070837129  
-0.4058700047  
0.1481773147  
-0.8363134047  
-0.6153900036  
0.06937327485  
-0.3370526377  
0.3285274586  
0.4234842253  
0.3623642629  
0.4305126129  
-0.4485773198  
1.022840791  
-0.5161229901  
-0.3918251055  
-1.174379861  
0.3610105728  
0.8324430336  
0.8064205698  
2.487330903  
0.1024013034  
0.2926947372  
-0.5257806405  
-0.8489883833  
-0.5744822007  
-1.509182936  
0.6130187571  
0.9589517817  
0.1210087485  
1.061847117  
0.7545801237  
0.01036625529  
-0.7554191965  
0.09095698777  
1.270311751  
-2.27808477  
-0.2057303535  
1.957453755  
-1.188099828  
-1.068758654  
-0.0260260493  
-0.006318450544  
0.119114468  
-0.7052909858  
0.996419009  
0.8954574426  
1.323040204  
-0.2110247433  
-0.3069696181  
0.761116792  
0.0414514141  
-0.4343022195  
0.9261639767  
-0.4427958046  
-0.9395243819  
-0.7927748778  
-1.203858312  
-1.242921245  
0.5124868043  
0.1532199381  
-0.1360157989  
-0.1175409308  
2.514539386  
0.168770766  
2.320040645  
-0.07252565108  
-0.3262953689  
0.7576920243  
0.02291415635  
-0.9316533878  
0.5242200067  
-0.2977277121  
-1.505831593  
-0.8305300662  
-0.493907188  
-2.033335932  
1.217222675  
0.6034587288  
1.581744798  
0.9567851313  
-1.181173781  
-0.5291202132  
-0.6423208926  
-0.9004856924  
-0.5111511751  
0.9095937031  
-0.009797000949  
0.7120269015  
1.277702758  
-0.4996786748  
0.6225617151  
0.3939931363  
-0.9117218484  
0.7763916383  
-0.5608075208  
-0.2445482783  
1.937397526  
-0.2202542704  
0.4222470275  
1.016545706  
0.3952124441  
0.6150124179  
0.483409086  
1.035712218  
0.7728779983  
0.1548315822  
2.799781921  
0.6967267945  
0.5491432571  
0.8126173841  
0.9821703536  
-0.5763524797  
2.509955973  
-0.6462552881  
1.440788114  
0.3797811118  
0.3393369762  
-0.1109333131  
0.6130926264  
0.8423408463  
0.1894766267  
-0.3152395257  
-1.028667818  
-0.9396137115  
-1.072358311  
-0.9183881083  
-1.079808455  
-0.4383740027  
-0.7401044843  
0.05208832853  
-1.714358359  
-1.04262812  
-1.594059385  
-0.7650565132  
-0.9581587157  
-0.7066411043  
-0.8508640241  
0.5476514052  
-0.5382248012  
-0.7647930467  
0.7183251284  
0.5892787185  
-0.0003759572829  
-0.318404827  
-0.7011576042  
-0.3719790462  
-0.4823379982  
0.4884277206  
0.3353699605  
0.4829230735  
0.1937316806  
0.1734460164  
1.075647582  
0.4591024207  
1.533881377  
1.105378325  
1.150891891  
0.6711252024  
0.5983636783  
-0.1031441223  
2.683076616  
1.443994444  
-0.4874938833  
-0.9678462105  
-0.5369469645  
-1.738939861  
-1.042086731  
-2.593334296  
-2.280983587  
-2.718527907  
-2.386324168  
-1.782328722  
-1.665498814  
-1.703627494  
-1.371848508  
-1.469081465  
-1.361715818  
0.1401101431  
-0.07106933944  
0.5339214079  
-1.409702501  
1.108229995  
1.102800103  
1.689090399  
-1.494920965  
-0.4323945915  
0.1696389657  
-0.4417024695  
0.5355620108  
1.108416542  
0.2093976117  
1.058482118  
1.517265474  
0.9078776314  
0.7629366155  
0.3576530588  
0.2927572435  
-0.50807286  
1.010521389  
-0.264654779  
-0.6480546119  
0.5379208853  
-0.182507101  
1.759521302  
2.738812161  
1.121210573  
2.115922921  
0.8131632779  
1.650564811  
2.168529337  
0.3328607427  
0.350371815  
-0.6374326681  
-0.3211409216  
-0.4894678248  
-1.023607345  
-1.832409477  
-2.052376238  
-2.824605848  
-1.381688727  
-2.665666208  
-0.7479924983  
-1.503191764  
0.3283897851  
-0.3567977733  
0.03284865788  
-0.5740487533  
-1.030996685  
-1.627185591  
-1.623569266  
0.5286635033  
0.1267561789  
-0.3171378006  
-0.7360449318  
-0.07524882341  
-0.3346884018  
-0.01016814671  
-0.3124176894  
0.06732585473  
0.8788204588  
1.525897923  
0.8839700461  
1.404851984  
1.192785498  
1.121098799  
0.8384790624  
1.713692071  
1.21000091  
1.260315834  
1.040369428  
-0.9774239544  
1.394761529  
0.6434118505  
1.624736617  
-0.3274740136  
-0.863539441  
0.2564088681  
0.1781114208  
-0.2739320798  
1.839415371  
1.242901316  
0.4254932677  
-0.05630001856  
2.030742291  
1.415726685  
1.90677511  
-0.01497226862  
0.1415825794  
-0.7962592077  
-1.466488762  
-0.6977477925  
-0.01379592521  
-1.181047088  
-1.329900146  
-0.6175321412  
-1.199909764  
-0.5453315941  
-1.235323155  
-0.08106337662  
-0.5113070865  
-0.2666106404  
-1.462230199  
-0.5435176817  
-1.643241829  
-1.126916978  
-0.627121042  
0.8541813309  
0.5218737269  
-1.459300964  
-0.9174688903  
-0.9971297561  
-1.68881362  
0.701563879  
0.3876387424  
0.8974978341  
0.8629562901  
0.09013140791  
0.3792294164  
0.697680484  
0.1207267808  
-0.2132203857  
-0.8340058347  
-0.6120049163  
-0.6076360454  
-0.08059452732  
1.208868233  
1.014047348  
0.4354052914  
0.551558414  
0.5061906184  
-0.5267010115  
1.426383928  
-0.08379668069  
-0.7950305827  
-0.5147909244  
-1.885028566  
-1.394308857  
-0.3503312209  
-0.363917993  
0.5301373613  
1.957312163  
0.2228004827  
-0.365170237  
-0.1014733271  
-0.1044530344  
-0.4625561184  
0.5242516034  
-0.007164026525  
-1.433276043  
-1.6289438  
-0.7420340614  
1.383269276  
1.175619318  
-0.6032850077  
0.6041284442  
-0.5720213552  
-0.6473178605  
0.2359597462  
-0.4296220356  
-0.2777292318  
0.3964944942  
0.5244284221  
-0.1139201673  
0.6685758034  
-1.023004366  
-0.8112703355  
-0.4771456803  
-0.743278354  
-0.5636167076  
-1.301722855  
-0.3404473134  
-0.5753613678  
0.685970516  
0.6987281866  
0.6584457794  
-0.3396403401  
0.2642450459  
-0.008660121267  
0.6642686388  
-0.05331368769  
-0.3724347079  
0.9483254924  
0.6713199569  
0.6362499493  
-0.1449974999  
-0.1667709743  
0.03306659384  
0.3390709931  
0.2346618534  
0.7467720936  
0.3661626486  
0.3893801999  
1.881077783  
0.6513383314  
-0.01836639207  
1.667225751  
-0.3783741452  
1.838191336  
0.4789078941  
-1.502129997  
-0.5391004358  
-0.9024510835  
-1.16171471  
-0.3425902303  
-0.6300843431  
-1.07944364  
-0.738563135  
-0.7311884901  
-0.8280805774  
-0.8377544551  
-1.361552053  
-1.176917507  
-0.8617825597  
-0.2421061389  
0.7351365511  
0.8430376403  
0.1016706504  
1.796800816  
1.629737645  
1.345005624  
1.248280409  
0.7956195009  
-0.1916323864  
-1.020523974  
0.1352823982  
0.01472618351  
-0.2871819201  
-0.7682748326  
-0.3470563962  
0.9923387654  
-0.7613687089  
-1.023232852  
0.2447631365  
-0.4761717158  
0.5328609112  
1.312896094  
1.074733433  
0.7403389166  
-0.05235098596  
-0.02093848179  
0.8614689869  
-1.012151749  
-0.6676808232  
-0.1741397619  
-0.7353055957  
0.1305692672  
-0.5972721064  
-1.764853142  
-1.176469875  
-0.622194373  
-0.5893472131  
-0.6829545423  
-0.2034024999  
-0.9291286861  
-0.01516054803  
-0.2062649155  
0.02114740158  
-0.09011784576  
-0.1683729219  
-0.01309228732  
-0.4781002361  
-0.9801955155  
1.22447925  
0.1166310651  
-0.1626203294  
-0.2486385999  
-0.6113250105  
0.7371858419  
0.06727359601  
0.2149384463  
0.2868402328  
-0.0001029328284  
-0.3247065518  
-0.8889056557  
-1.043153863  
0.1524863118  
1.272697929  
-1.433231016  
-0.6293535763  
-1.358498186  
-2.034869276  
-0.8431859627  
1.859850785  
1.25434432  
-0.6137149358  
-1.469138392  
1.000273943  
1.322957393  
-0.7040916536  
0.7310763481  
0.01108106882  
-0.1790682693  
1.435338046  
0.0745107991  
0.3746512049  
0.7434560401  
-0.1364448075  
1.230585729  
-0.4485264218  
0.7130656213  
-0.03576126365  
0.831598811  
0.6723711691  
0.2022628493  
1.97397855  
1.088110133  
0.07930543978  
0.5159237866  
0.4876058681  
-4.060173068  
-0.1174366659  
0.4197850687  
0.09015440772  
-0.7308821162  
1.225522928  
-0.3918720105  
0.1924515795  
1.500358764  
-1.394903761  
-0.1094014084  
-1.939328061  
-0.2560024962  
0.5591443742  
-1.491199411  
0.5925141039  
2.589358192  
0.3309803288  
-0.7885436346  
-2.886685048  
1.113054367  
1.544176642  
-0.5611600164  
0.2842453461  
1.437043154  
-0.8844565996  
-1.15512368  
-1.645646953  
0.1469976317  
-0.2747359469  
2.702462545  
1.007772908  
-1.017279632  
1.423325488  
1.128812275  
1.443642797  
1.641769826  
-0.5701277319  
0.3127749754  
0.8597786491  
1.167326812  
-0.6552894274  
-0.3295918255  
0.3947418424  
0.6959674065  
0.5493763047  
-0.5456312609  
1.810973848  
2.206641131  
1.419677869  
-0.9229242458  
-1.483407692  
-1.063045355  
-3.032392897  
-0.2805390962  
-0.3233977622  
-1.425465083  
-0.9517970408  
-0.5918100913  
-0.9976967409  
-0.3705507175  
-0.1738312435  
-0.7273542172  
-0.4729133254  
-0.08000000533  
1.237200043  
2.45098962  
0.5370689161  
-0.4080534365  
-0.3882258009  
-0.9519771531  
1.599874827  
-0.9945678954  
-0.6585522891  
1.016558175  
1.477774244  
-1.420644324  
0.6209917066  
-1.432416076  
-0.0538475645  
0.07073480938  
-0.5397229166  
0.2288780125  
-0.4075922117  
-0.3994029489  
1.121698789  
0.1862561156  
1.531574864  
-0.13482221  
-1.275698432  
0.5693086766  
-0.05776566329  
-0.2420748084  
-1.048571614  
0.08223483471  
0.4449747504  
0.1455252073  
0.3251424771  
-1.042919233  
0.5032554009  
0.1068921641  
1.18295735  
0.3213245599  
-1.273081902  
-1.297267542  
-0.7158016553  
-2.030736184  
-0.04913409532  
-0.1350889097  
-0.5618438192  
0.4942531631  
2.026554953  
1.395919543  
1.51753488  
-0.9714151344  
1.186954469  
-0.160899169  
-1.017094039  
-0.09096120777  
0.6352819513  
-0.5032886905  
0.2326231031  
0.824616675  
0.8323618978  
-2.120520167  
0.8729702957  
1.41344342  
2.505732703  
0.1439145302  
0.3763417049  
0.5281430929  
-0.5432041254  
-0.4740297994  
-0.3118171564  
0.4287602238  
0.07253368193  
-0.5623445843  
0.6564736889  
-3.036849659  
1.618179185  
0.5836160141  
1.346477718  
-1.359948071  
1.21137441  
0.5021816453  
0.2063584438  
0.9469185129  
-1.273720446  
-1.125498342  
-1.877384751  
