-1.163704242  
-0.2300285165  
0.5740654519  
-0.1543538353  
0.597858987  
-0.4383929553  
-0.8553734286  
2.00542008  
0.1346437527  
1.618816478  
-0.5847631008  
-0.7402704635  
-0.2498652323  
-0.01826589692  
-0.3114921435  
-0.1859534876  
-0.1106043298  
0.5335932379  
-0.3392425972  
-1.17044634  
-0.3142306009  
-1.23227577  
0.6768535571  
0.7304159224  
-0.5646424777  
2.259312806  
-0.4503032292  
0.9941253804  
1.827437297  
-0.1827235635  
0.1790136043  
-0.4178812972  
-0.1599704092  
0.4245127541  
-0.1571957963  
-1.032130191  
-1.129735753  
-0.435418516  
-0.6587997987  
0.1215878996  
-0.7381122815  
-0.9400743274  
-0.335441656  
-1.033464405  
-0.9538466517  
-0.3053710604  
-0.2500167776  
0.7625057035  
-0.1096725299  
-0.1432063927  
-0.2102720437  
0.5820626618  
1.154548071  
0.9806927256  
0.2479216718  
0.1721521234  
-0.8883255794  
0.4738518688  
-0.3088030515  
-0.06198321682  
0.1245806407  
-1.779586333  
0.7742373803  
-0.8724907196  
-0.7387723846  
-0.3934930412  
-0.6273688074  
-0.150706218  
-0.6968246144  
-0.1305448986  
-0.7275557529  
-1.398143194  
1.169560229  
0.2179896279  
0.6473807912  
0.2936882392  
-0.3987888093  
-1.162382332  
1.16896253  
0.7521671957  
-0.3306248105  
1.748706699  
-0.4067574824  
0.02963634972  
0.3873413525  
-0.01154267803  
1.310382003  
-1.191052921  
-0.6545971843  
-0.5455977519  
-0.7720133615  
1.906142143  
0.04963451103  
1.608678493  
-0.1940542537  
0.6381006838  
0.4787092967  
-0.7884057579  
0.4430164378  
-0.04484928637  
-0.6562546348  
0.4907834834  
-0.05235842583  
-1.094766492  
0.9076967093  
-0.533998693  
1.128634769  
-0.3351982454  
-0.1637073097  
2.274820407  
-0.8471340724  
0.97298593  
0.4234320418  
-0.9388100254  
1.07484654  
0.1302881046  
0.4776479265  
1.542807334  
-0.8676438356  
0.3504857799  
-0.3529335961  
-0.6754729509  
0.6220474774  
-0.1278419858  
-1.18509652  
-0.1682575189  
-1.479244645  
-0.08443772653  
-0.3267867108  
-0.09894207306  
0.07747650121  
-0.992481869  
0.3463915766  
0.4804854442  
-0.09589848375  
0.4059187871  
-1.222778881  
-1.271315937  
0.2326452748  
-0.7565306376  
-0.4512564237  
0.7485801288  
-0.926672976  
0.3164915941  
1.728577324  
-1.411997385  
-0.1614787701  
0.6858210865  
-0.3700819637  
0.4178165259  
-1.269592631  
0.5917671226  
0.8504292094  
-0.6849546305  
-0.642303457  
0.9060707611  
0.2029185293  
-1.144174611  
-0.04991949971  
0.8031062362  
-1.672163498  
0.8626302799  
1.079538687  
-0.3395466805  
0.6085033925  
0.8880490406  
-0.6551052099  
0.4179762924  
1.709788522  
0.1494476323  
-0.4995683099  
2.875454074  
-1.331259825  
1.425553479  
-0.1989492058  
-0.3538616187  
0.4218334921  
-0.5695357517  
-0.3649343009  
-0.3892197501  
-0.7529632692  
-0.4591185618  
-0.7715575662  
-1.845696611  
-0.8444536105  
-0.5236425568  
1.511380795  
2.22399218  
-1.587628038  
1.522044073  
-0.4411985927  
0.0293778808  
0.3500854059  
0.2749175971  
1.428437094  
0.6121709786  
1.436039967  
-0.8995802831  
-0.1275126516  
-1.107991662  
0.6797004675  
0.5481753881  
-0.8450760589  
0.270171229  
-0.09663993943  
-0.1154219455  
-0.4506207718  
-0.01550505883  
0.4033167972  
-0.656164489  
0.988572584  
-1.668959554  
-0.8125809858  
-0.1018424627  
-0.1112179961  
0.3430690647  
-0.3005777198  
2.122526263  
0.6032342101  
1.554037969  
1.246606674  
2.174202185  
0.2314693107  
1.366621473  
0.2764126031  
-0.1876845869  
2.260581215  
-0.676975032  
1.461677766  
0.1879260466  
-1.154253827  
2.204929065  
0.4536830849  
1.394995401  
-0.6580782542  
-0.7161186565  
-0.1889200406  
0.705561162  
0.9587130128  
1.052491724  
0.2188412529  
1.111379967  
-0.1673681577  
0.4314340304  
-0.8240531796  
0.8455857223  
-0.1307901504  
-0.4514543068  
-0.6914475884  
-1.455999469  
-1.396285117  
-1.289226592  
-0.9555017868  
-0.8306115377  
-0.9447942887  
-1.182254637  
-0.668471264  
-0.4455645511  
-1.105402131  
-0.3963822336  
-1.289288267  
-0.8173062556  
-0.8441115539  
-0.8572417033  
0.2474135446  
1.270041744  
0.8016044393  
0.4991864188  
0.6104234579  
0.04986564229  
-0.2893285463  
-1.290915412  
-0.04151284113  
-0.3942108742  
-0.381820229  
0.4564064538  
0.5160526508  
1.897282611  
0.4441086928  
1.51957645  
1.596161192  
0.4353957477  
0.7259979197  
0.8814194988  
0.0557207971  
0.3006032011  
1.459139241  
0.04758612183  
-0.41541538  
-0.1197706118  
-0.3695845789  
-1.392021249  
-1.407322019  
-2.0668686  
-1.935107749  
-1.423681905  
-0.7833406635  
-1.099198651  
-0.309906751  
0.3748076217  
-1.229793959  
-1.189522771  
-1.672064838  
0.6229698485  
0.6642161468  
0.2145990928  
0.6646589747  
-0.4227189284  
-1.398467015  
-0.2171069466  
-0.3842648624  
-0.821303391  
0.1890018397  
-1.415456141  
-0.2639780298  
-0.573079435  
0.6723996285  
-1.020774356  
-0.7133341567  
0.9722264863  
-0.05550338057  
-1.047751309  
0.4645926926  
-1.116732941  
-0.3387233279  
0.8525792303  
1.168600246  
-0.02853619472  
0.2895773362  
0.09066657108  
0.05711610401  
1.248314081  
0.65001081  
2.635936819  
2.360479062  
2.427147652  
0.8472899519  
0.04785198088  
-0.7570417431  
-0.2572920376  
-1.238318341  
-0.6032926502  
-1.081401726  
0.4839897683  
-0.6418882207  
0.4025623653  
-0.8784186222  
-0.6269619369  
-0.6348975544  
-0.4095772974  
-0.1026813026  
-0.8625794516  
-0.1024122941  
-1.03902341  
0.04823979372  
-0.1524275928  
-0.8223980653  
-0.1924651681  
-0.3771681552  
-0.1766202469  
0.9573166036  
1.072618484  
0.8523784013  
0.2719571797  
-0.03969164649  
0.7969583193  
-0.07968278797  
1.848832838  
1.051505268  
0.4189778234  
0.547958003  
-0.8249616876  
1.254662976  
-0.02533558901  
-0.1979954832  
-0.534126875  
-0.2972346568  
-0.8890646524  
-0.3340503012  
-1.294143249  
-0.3859861531  
-0.8411737579  
0.2330530514  
1.659717509  
0.5819783811  
0.01553886785  
1.522114952  
-0.07947540896  
1.037863715  
1.951134363  
1.652115768  
0.5377639329  
-0.1573714412  
-0.5822235272  
0.5205675963  
0.1727174874  
-1.0801944  
-1.276648465  
-0.790249732  
-1.591087808  
-0.6159279895  
-0.1801442044  
0.8425094887  
-0.1910061435  
-1.190676516  
-0.8442682118  
-0.2431409405  
0.2179107955  
-0.008282369942  
-0.5374329732  
-0.1146870548  
0.6956540335  
0.8799385428  
-0.5020896849  
-0.8784873243  
-0.3123005181  
-1.09724735  
0.5348809205  
0.4505642396  
0.7852113129  
-1.194419727  
0.6521470993  
0.6189326221  
-0.3347868555  
-0.5975520264  
0.05057190837  
-1.131138328  
0.5953976613  
-1.077849118  
0.3553559235  
0.9297737436  
0.383187537  
0.9378481633  
0.2983742256  
-0.1316267125  
-0.2962154585  
-0.984512954  
-0.6645724115  
-0.262244363  
-0.8074864314  
0.02579180111  
0.5400933447  
0.2414365539  
0.1439185099  
-1.158381388  
0.2484841239  
0.7069320406  
-0.4247021263  
0.680084546  
1.553170086  
-0.2878444983  
0.2991082815  
-0.3511011529  
-0.3312406982  
-0.3462342724  
-0.03929118937  
1.054728803  
0.1978283129  
-0.6896829364  
0.8532830088  
-0.3851930536  
-0.1632754866  
0.3135204925  
-0.6058210013  
0.7838825526  
0.2807705941  
-0.2886108577  
0.2229999608  
0.6961325581  
-1.028807217  
-0.3535501395  
-0.7825467423  
-0.9670720281  
-0.8639384385  
-0.9952025925  
-0.5526609062  
-0.2400543401  
-0.3355420617  
0.03988131355  
0.2086132618  
0.0001666140789  
-0.3970173742  
1.000308128  
1.484286019  
0.1112341211  
0.2244578035  
0.1655568221  
0.6426956729  
-0.5095628416  
-0.682330234  
-0.0782994042  
-0.7200864183  
-0.2790911144  
-0.6649472406  
-0.5899607999  
-0.07208464431  
-0.4576635393  
1.413767472  
2.279583866  
0.3983403319  
2.161871352  
0.9056921698  
0.7263656451  
0.1229316129  
-0.4489592092  
-0.1223613229  
-0.2638455104  
-0.5421742272  
-1.205762488  
-0.08074105983  
-0.3836945748  
-1.199882124  
-0.388871588  
0.7367068863  
-1.136014826  
-0.462218758  
-0.1512571829  
-0.4633435334  
0.6646239799  
0.7232829171  
0.8789556648  
1.494453509  
1.168073009  
0.7151826394  
0.836914367  
-0.3699671867  
1.207450949  
-0.4475540589  
-0.8684155594  
-0.6884753593  
-0.1276286978  
-0.8056468766  
0.1510376285  
-0.08277584071  
-0.1865795361  
-0.2986150501  
-1.808055454  
-0.009083358284  
-0.1986246973  
-0.303534785  
0.5980779339  
-0.7586402656  
-0.4768689645  
0.9829584399  
-0.1709016096  
0.2603893908  
-0.4354498373  
-1.441246988  
0.3202375985  
-0.3788052888  
-0.4272341858  
-0.05361406227  
-0.1380259674  
-0.137256394  
-0.4049645653  
-0.4115348493  
0.3405275751  
-0.7520689902  
-0.7119972621  
-0.7191551479  
-0.4194655272  
-0.5342213425  
-0.1657218393  
-0.5772193587  
-0.03259236768  
-0.3056912293  
-1.022940175  
-0.4636960005  
0.2378896179  
-0.12764413  
-0.5919286751  
-0.7292638235  
-1.01206038  
-0.2772629915  
0.07216911262  
-0.2373910213  
-0.1419006952  
0.01907550232  
-0.290826566  
-2.582074507  
-0.2429867141  
-0.3942566357  
-1.456898056  
-1.462309611  
-1.234121699  
-1.728477088  
-2.271702412  
5.255836383  
2.857669868  
2.715568773  
1.622004605  
0.5341517287  
1.798417253  
0.3484421227  
1.434056345  
-0.02064711569  
0.5521548357  
1.647126014  
-0.1663155265  
-0.5893290355  
0.4855739455  
-0.8520660495  
0.8861325719  
-0.8150268815  
1.420556362  
-0.3962369133  
1.639516721  
0.2749691813  
-0.2513018996  
1.159045043  
0.5265544065  
-1.066854216  
0.5496908082  
0.8544797367  
2.253134674  
-0.4959617161  
-0.5805563028  
0.003500876503  
-0.7606312055  
0.4211357699  
-1.852593249  
0.5362677557  
0.1756440607  
-1.64600901  
2.359597131  
-1.313543282  
0.4081051658  
0.02042348746  
-1.735717666  
1.780135686  
-0.5387454822  
0.5882810907  
-0.8625931867  
0.3545734913  
0.1658729675  
-0.3655556568  
1.328038296  
0.1488855526  
-1.262925387  
3.402892708  
-0.7225952087  
0.2153690645  
1.288332927  
-1.375654214  
2.252231317  
-0.9395610476  
1.301702652  
0.9123926738  
-0.2246388559  
0.373722569  
-0.09117282013  
2.905324207  
0.6433255668  
0.2703443248  
-0.2409582958  
-0.6976878384  
-1.596168343  
0.8749192085  
-0.3525254104  
-0.1185263018  
-1.133901734  
-0.9382712136  
5.174015538  
1.410202128  
-1.986158274  
-1.253141173  
-1.856654886  
-1.932413028  
-1.919973772  
-1.690508138  
-0.1670595235  
-1.444364442  
-2.717634239  
2.15316056  
-1.41487028  
0.5671572669  
-0.4122028723  
-0.4936610108  
1.047257909  
0.8152209939  
-0.3056738761  
-0.5618460069  
-1.834968663  
0.7678798043  
-0.5838357194  
-0.3588098897  
3.2658436  
0.7906969631  
1.221324436  
1.609892549  
-0.5662810293  
2.395841842  
-1.046137028  
2.030683387  
-0.8283692743  
0.7825265548  
0.2287105163  
0.6585791866  
2.349690715  
-0.07183557434  
-0.08431863052  
1.492214737  
-0.07121019671  
0.5800213819  
-0.2483552471  
1.015799911  
-0.2099412502  
-0.8729817511  
-0.3247567629  
-0.7288271723  
-0.4200717915  
-0.08913223478  
0.2282831754  
0.2245299924  
1.748039376  
-1.37419526  
-1.563507514  
-3.390753721  
-2.361734217  
-2.407022213  
-2.916936125  
0.3985675653  
-1.706461328  
-0.05229768788  
0.5126828963  
-1.361123459  
1.331412801  
0.9589015521  
-0.3220313369  
-0.6848803821  
0.7281275482  
0.3925362007  
1.172276709  
-0.7068180224  
-0.06233111903  
0.8121891785  
1.274738661  
0.7593767358  
-0.08462973742  
1.620866865  
0.02817627018  
1.159624577  
1.289135924  
0.07229303682  
0.9785754053  
0.4036326157  
-0.387945794  
-0.4134928729  
0.1767350594  
1.184008008  
0.8586867114  
1.612157975  
0.04124497702  
0.1022015912  
-0.4626700089  
0.4234022597  
-0.3607792409  
0.2037692116  
0.2799115055  
-0.1296360515  
0.1167395268  
-2.160194142  
-1.259230973  
-2.076973913  
