0.7788633242  
-1.148007124  
0.5733638751  
-0.3405028997  
2.171339952  
1.016310576  
1.085360238  
-1.187297854  
-0.725118252  
-0.1881793508  
-0.8889055931  
0.7367186241  
-1.824235851  
-0.434990784  
-0.4259104373  
0.9722849912  
0.7958242197  
-1.151058048  
-0.2278907329  
1.961882001  
-0.04593662452  
0.7445036596  
-1.987848481  
-1.624369765  
0.2371256643  
-0.1476047763  
0.2273788312  
-0.2549571503  
-1.154945404  
-0.4158136399  
-1.968340883  
0.7609099067  
0.3922427627  
-0.5007523221  
-0.9381533726  
0.6846260045  
0.760274303  
2.506954464  
-0.003670762103  
0.7114938672  
0.9708652342  
3.07116116  
-0.6731520299  
0.1329391042  
0.02422776841  
-0.5377730927  
-1.818184112  
-0.5734444377  
-0.9105534293  
0.03059735492  
-0.2396221797  
0.0664892834  
-0.7436844728  
-0.1072105163  
-0.4185559221  
-1.167642827  
-0.3441883686  
-0.01035447685  
-0.7333868737  
0.08288309014  
1.642309522  
-0.8677298755  
0.9162631569  
-0.06816817385  
-0.8713431252  
0.8213680295  
0.4718903508  
1.010877403  
-0.4421255842  
1.847308968  
-0.7421707048  
0.8280745461  
-1.432814482  
0.7748203534  
-0.09519494945  
2.121246972  
0.03334983067  
1.474339725  
1.43547766  
-0.8137525552  
0.2750673464  
-1.267886631  
-0.2778623533  
0.9111078078  
-0.06444665822  
2.354141912  
-2.547187207  
1.240320504  
-2.967938451  
1.599273152  
0.366526492  
0.1481323059  
1.017857902  
1.387117111  
-0.6582544085  
0.8223594521  
0.5991910816  
-0.4101128073  
0.2153546533  
-0.9327104717  
0.09219185067  
1.059048244  
0.6549944892  
-0.6982489172  
-0.3955426468  
1.105240708  
-4.150477269  
-0.6407924354  
-0.4228351054  
-2.482432692  
-0.5863166909  
2.073692724  
-0.193470262  
2.333263463  
-0.2191386626  
-0.2335835227  
1.284704443  
-0.5967817443  
0.4671343004  
-1.669462975  
-0.4534811347  
0.09790129425  
-0.7878204227  
-0.33772985  
-0.01827690234  
0.2066943855  
2.099522777  
-1.162289192  
2.038482501  
-0.5925650285  
-0.174073949  
1.124095361  
0.2517570564  
0.2176892032  
-2.397714722  
-1.159593335  
-0.9589840538  
1.631966187  
-0.2605572097  
-0.1486878704  
0.8409784046  
-1.374598018  
-0.4773643037  
-1.051022586  
-1.905154784  
0.8145528309  
2.826403866  
0.8022041264  
0.7724393329  
0.04760532176  
0.512500114  
0.8390738943  
0.427096284  
-0.4446697201  
2.009853334  
-0.9342644529  
0.6185400902  
0.4489428588  
0.3076024685  
-0.4896685934  
0.3027079253  
-0.4984502232  
-0.5113734201  
1.683814692  
-0.7762014152  
-1.978321319  
-0.04277986902  
0.7377538448  
-0.9958854513  
0.2401006306  
-0.7068029275  
-0.3372115704  
-0.1816611027  
-0.03268347597  
-2.712456294  
1.071584767  
-0.7646205563  
-0.2994935604  
-0.6018814548  
-0.9057018632  
0.9845873088  
-0.4439371979  
-1.078953813  
-0.5170103299  
0.7855496358  
0.3135345688  
0.1183785589  
-1.393033237  
0.8863782871  
2.941284198  
0.3581335141  
-0.6070145382  
-1.790190493  
-0.6357919733  
0.8658063438  
-0.4844122923  
0.2332570995  
-0.1817797723  
-0.3803645513  
-0.123531342  
1.305421062  
-1.967672734  
-1.026701209  
0.43207313  
0.04344299628  
-0.8000068111  
-0.5430080389  
-0.9274086791  
-0.1713429989  
-0.465911566  
-1.555650748  
0.4080082399  
-0.5492934299  
1.709959874  
2.623756001  
-1.289775754  
2.696504225  
0.1024372889  
-0.6212753103  
0.3945995339  
2.225456906  
1.043886582  
0.5344105899  
0.7613164547  
0.9724704609  
0.7550849734  
0.5339977556  
1.466034671  
-3.101262262  
0.04479336219  
0.3595856974  
-1.627558436  
0.5972620239  
-0.8575495491  
-0.5625539301  
0.6188898056  
-1.618987327  
1.334461606  
0.6378550241  
-1.112524308  
-0.2989187977  
-0.007982343783  
-0.2627747318  
0.3269207655  
-0.7183763133  
-1.613192366  
-0.4856194864  
0.01737537202  
1.068025342  
0.2519974298  
-1.306216694  
-0.2193766807  
-0.07066247296  
-0.3429972145  
0.4329371809  
0.4163426918  
-0.06201283969  
-0.08520487442  
-0.4264307201  
-0.419363991  
0.1969693691  
0.5848394031  
1.607909993  
1.439138338  
-0.1214111521  
-0.9077306133  
0.1581377015  
0.7731726523  
0.08078031496  
-0.1139853551  
0.05471500734  
-0.01189043324  
1.110038611  
0.2886625067  
-1.294375323  
-0.111701963  
-1.240402398  
-0.4211405487  
-0.2701253477  
-0.4910022235  
-0.5957751995  
0.1157540916  
-0.454172487  
-0.3124354511  
-0.1053896752  
0.2800420859  
0.932666273  
-0.1450063638  
0.9084510944  
-0.3087929704  
-0.5323086652  
-0.7808081277  
0.5341625853  
-1.230881118  
0.6924352905  
1.296131242  
-0.3883878366  
-1.605453714  
-0.1341091412  
-0.5169399787  
0.5014002158  
-0.6814517472  
1.096811495  
0.4992395707  
0.3055052223  
-0.4777533684  
-1.144915606  
-0.3121987057  
1.165186281  
0.1968224114  
0.4702534606  
0.6473510674  
0.1731568368  
-0.02644465655  
0.05345770314  
0.7271057418  
0.1384173627  
0.5285352716  
-0.7119684037  
1.202665364  
0.5033678024  
0.1722344467  
0.4206680848  
1.520907142  
1.245652958  
-0.6431802792  
-0.6999921094  
0.009317378718  
-0.1716741864  
0.6813801505  
-0.9726964582  
-1.107641541  
0.9485062329  
0.2284216785  
1.220183039  
-0.9705413741  
-0.02305429688  
-0.1910274994  
-0.8666352018  
0.4676688213  
-0.7793665512  
-1.856461443  
-1.35985136  
-0.5055661286  
-0.5527878834  
0.9376751005  
-1.173124266  
-1.655411187  
-0.5921391692  
0.1022291498  
-0.473761984  
0.661589913  
0.1671877656  
1.061980796  
-0.08262529122  
0.3060084515  
0.4378913301  
0.8236227113  
-1.083597029  
-0.69054148  
0.5648709244  
1.145923197  
0.3022818815  
0.5265184728  
0.2477954409  
-0.32845838  
0.1578337398  
-0.2101034945  
-0.09845495765  
-0.151227469  
-0.6695208027  
-0.1075581656  
-0.3320484919  
-0.5977292459  
0.2987879273  
-0.3928474241  
1.171935667  
0.1602771396  
-0.6971556121  
-0.5683344179  
-1.093832192  
0.505255392  
-0.2057270429  
0.2288208312  
0.2804546174  
1.401589858  
-0.05815524668  
0.5584567594  
0.5383186222  
0.8967248264  
1.357747389  
-1.612936024  
-0.06094959348  
0.3206290079  
0.3624127143  
1.070884366  
0.8737912105  
-0.6779473794  
0.4748195109  
0.1736303025  
-0.5925686935  
-0.09255869449  
0.5935170863  
1.398133908  
-0.0962539148  
0.1013275507  
0.01264310762  
-0.01994473263  
0.2449085808  
-0.5486140167  
-0.4286315529  
0.1716351772  
0.08978276625  
-0.5846739057  
-0.1906008944  
-0.6329150658  
-0.9922642637  
-0.3308591284  
-0.5160525139  
-0.2003873527  
-0.220367748  
-0.7491518416  
0.4592526807  
-0.1490275899  
0.9274174892  
-0.4986569819  
0.7091124284  
1.385985206  
0.2449924485  
-1.252465057  
-0.8539954951  
-0.2813415321  
-0.8925889555  
-0.4475989661  
-0.3513088051  
-0.3272659977  
-0.9449494385  
0.6668677014  
-0.1519873777  
0.4642586459  
1.147199219  
0.4877164056  
-1.155904569  
0.3900614609  
-0.58887291  
-0.6668828871  
-0.966632633  
-0.6271238382  
0.2418336955  
-1.739942565  
-0.4520167812  
0.01410342822  
-0.2462273391  
1.026135158  
0.09852978695  
-1.014153945  
0.9650390088  
1.194738633  
0.9517295812  
0.6667141584  
0.5355144532  
-0.5285327188  
-0.7159985104  
-1.195477527  
0.75289495  
-1.071718361  
-0.09255821818  
-0.4365982114  
1.522721375  
-0.3436597529  
0.333734284  
1.296068801  
0.4874367297  
0.4568112698  
-0.01335334624  
0.9593810665  
0.3447019602  
0.9170365195  
0.9240006434  
0.1367476637  
-0.1808701585  
-0.3960144072  
-0.2791644929  
0.3630913776  
-0.5291582529  
0.1097466029  
-1.054720787  
-0.2077324329  
-0.474294162  
-0.1027194287  
0.3668072612  
0.05039488968  
-2.26010318  
1.339645946  
1.41554391  
-0.8270186197  
2.1322257  
0.398875531  
0.7128306792  
0.2131351852  
-0.03681285731  
0.549651691  
-0.6615606552  
-0.6261160976  
-0.1290263823  
0.2056891264  
-0.02688277477  
-0.07308784869  
1.048168437  
0.1615814232  
-0.09291625468  
1.836047294  
-0.7412478491  
-0.07472547382  
-0.987803687  
-0.7350629629  
-1.670844746  
-0.6698488765  
-1.412631367  
0.4273808453  
-0.3969823562  
-0.7805733983  
0.242498091  
-0.3510764767  
-0.6619133252  
-0.08335615642  
0.1908642147  
-0.2774053586  
-0.9889692654  
0.5974533169  
2.056785025  
1.170171613  
1.643692424  
0.7416002761  
-0.1888475984  
-2.373526862  
0.06637197182  
-0.756658294  
-0.9647235765  
0.221865269  
0.3630760543  
-0.1550054876  
-0.09695349933  
-0.3347295328  
0.4243647683  
-0.8533001621  
0.4471707528  
0.2290800491  
0.5912386099  
-0.4988118353  
0.7377977926  
0.7073762363  
0.7831771696  
1.860950482  
0.5302615337  
1.011307013  
-0.008248415466  
0.01891646587  
1.004871445  
0.8026542195  
-0.9110624765  
-1.552940235  
0.1503611565  
-0.1624213446  
-0.05159203915  
0.4991451281  
0.317419347  
-0.05471371253  
-0.4369334397  
-0.6790480773  
-0.2399416217  
-0.7960507103  
-1.860594822  
0.1065532483  
0.1846542963  
0.1008319235  
-1.103493441  
0.1780607282  
-0.1016768565  
0.5842058123  
-1.724715374  
0.311242707  
0.2584399505  
1.567309164  
0.6141186164  
1.277171771  
-0.2739218634  
-1.316073431  
0.1335682732  
1.598860674  
-1.624531233  
2.000402199  
0.3378924586  
0.6727688379  
-0.2387245285  
-0.923410189  
-1.560684996  
-0.6359893794  
0.5263313543  
0.9549019888  
-0.7183492072  
0.1107575408  
-1.513225989  
0.5473374426  
-1.037656361  
0.2074613134  
-0.6882502199  
-0.2454432265  
-0.855823167  
-1.100505102  
0.1672669179  
0.02021784235  
0.2859783451  
-0.7164031275  
2.948166632  
0.2417092313  
1.431634583  
-0.9869945007  
-1.236102603  
0.1584247613  
-0.03653102635  
-1.363644707  
-0.3765083291  
-0.05280502618  
0.7974091988  
0.5155635594  
0.2641941161  
0.4614431247  
1.394910951  
-0.4340138267  
-1.162670975  
-1.82128944  
0.4231589569  
0.8064886898  
-3.24836165  
0.2835271183  
-1.630641877  
1.799655184  
2.48745928  
-0.2976107663  
1.015597818  
-1.375083612  
0.11622292  
1.810960012  
0.9676871708  
0.2018295639  
1.831247335  
0.3338652128  
-1.017995516  
1.80000688  
-0.5094439381  
1.516046178  
-1.70344576  
0.8761458694  
-0.442158185  
-0.2818744996  
1.19472705  
-1.295245293  
1.636740892  
-0.1255423703  
1.930723808  
-1.204452735  
0.7146470254  
-0.417290418  
0.7578961175  
-0.04613373787  
-0.9919370268  
-2.53407927  
0.08670000054  
0.6463826745  
-0.9338386417  
-0.9747954574  
0.2487513667  
0.4179386219  
0.7353868842  
-0.4292939964  
-1.957389969  
0.5145028204  
1.312426805  
-1.145163904  
0.7501550954  
-1.162406231  
1.385150673  
-1.490137352  
-1.555224722  
-1.384170573  
1.708251746  
1.093807489  
1.821384419  
-2.166644829  
1.564130851  
-3.278793592  
-0.7209699214  
0.9899829641  
0.04763877816  
0.171208196  
1.781195446  
-0.3956465067  
-0.114200676  
1.411566873  
0.07393000864  
-0.9149789508  
0.3547460301  
-0.08397067944  
0.6591389368  
-2.391796871  
-0.211440358  
2.356678042  
0.273727468  
-1.427430609  
-0.1863689852  
0.2551085388  
-0.06840800221  
-0.1099833405  
-0.7557277082  
-0.02125976515  
-0.2670997951  
0.2341791661  
0.111664823  
-1.084243705  
-1.210071872  
-1.402459899  
0.2405290709  
0.8859373075  
1.126433633  
0.09226780683  
-0.08653063571  
0.5719416795  
1.419615356  
0.6161205154  
-1.076983964  
-1.948304014  
0.9890460086  
0.09601039011  
-0.5297936777  
2.227894416  
-1.612767165  
0.3886430964  
0.9877259825  
-0.5258185326  
0.5233158988  
2.240858729  
0.3440690805  
2.922712763  
-2.230681968  
-0.5756995946  
1.43489658  
-1.401242339  
-1.735357499  
0.1826438451  
2.229127064  
-1.736102381  
-0.4316376049  
0.7145525287  
0.04861580339  
0.07900671704  
-0.7225931325  
0.09989265587  
-0.7237522619  
0.3942869249  
-1.816182745  
0.7788211832  
-0.4480328562  
1.069870855  
