2.40038108  
1.564796545  
0.2543625407  
0.4181471979  
0.2517957231  
0.4560941806  
1.784719708  
-1.988834303  
-0.07174119038  
-0.30059747  
-2.655162691  
0.8188429053  
-2.410188454  
-0.9374935351  
-1.066226516  
0.7206512247  
-1.06339551  
-2.571328411  
0.7159829115  
1.675114583  
2.912888116  
0.02252498364  
-3.358002171  
-0.3807010581  
0.3996903609  
0.9325741335  
-0.4129861394  
-1.524268908  
-0.6401075713  
-0.913184748  
-0.8370671207  
1.167376265  
1.063123032  
-0.9972695014  
0.6729108284  
1.168884434  
0.1552499566  
1.566956019  
-0.2133131693  
0.1302483999  
0.2281435027  
1.619465809  
1.00481139  
2.009035192  
-0.7225323447  
-0.6384093994  
-0.2636011781  
1.317707099  
0.6760333609  
-1.038078535  
0.9692678502  
1.198467617  
-1.238117295  
-1.00351861  
0.3723612217  
-1.925156756  
-0.6637842646  
1.298992539  
1.007709534  
-1.860299188  
0.7853644356  
1.173187483  
-1.227245992  
0.07977112265  
-0.624368702  
0.2237004127  
-1.179919713  
0.9993125857  
1.690264949  
-0.007023624074  
-0.7531795575  
0.9022875487  
-0.1067594205  
1.022117028  
0.216780634  
0.2865993089  
0.9988721062  
1.772173939  
0.1604358139  
-0.9407591665  
0.3042055367  
-1.532815975  
-0.1184001151  
0.5966510308  
1.255163671  
-1.388698551  
-1.364826322  
-0.5009456643  
-2.122779672  
1.010064049  
2.668331779  
0.8599054755  
0.5027771452  
0.8226006691  
1.338509505  
-1.155815425  
-1.002471769  
-0.08651854271  
0.5914436862  
-1.074860077  
-1.090584486  
1.727199277  
0.9811447101  
0.279023842  
0.06599113653  
-0.5022204513  
-2.66296009  
-0.4455547704  
-0.7551895853  
-4.337048018  
-0.2075019016  
-2.252084185  
-0.2125681771  
2.613402471  
-1.631782132  
0.641606723  
0.8370627901  
0.8857965963  
-0.108456879  
-0.1167318521  
0.3339882313  
0.1571246212  
-0.04038922527  
0.5234395622  
0.0321490074  
0.1639605725  
0.06320762707  
0.5717174255  
2.190073251  
-1.075313998  
1.273218262  
0.4314107809  
0.737667299  
-0.9578745037  
-0.6210675857  
2.761464841  
0.09169818813  
-0.851088997  
0.5940218608  
-1.02207232  
0.6021292503  
-1.879215296  
-0.4350675365  
-0.4858818216  
-0.7525734405  
1.095832539  
0.746944615  
0.5135886414  
0.1255505365  
0.957526877  
-0.0478539555  
0.2425880674  
1.590280725  
-0.02264271633  
-0.802075895  
0.7554885934  
-0.194883731  
-0.1373905052  
-1.333396346  
0.7175713813  
-0.8073525894  
0.01214198949  
0.3215115133  
-0.6764791131  
-2.57110096  
-0.5602067556  
-0.7797450162  
-2.702571226  
-1.842719222  
-1.356257964  
-1.465382521  
-1.219616978  
0.7751699037  
1.098948645  
-1.462255147  
0.2248969999  
0.7151764026  
0.2139421478  
0.5946933866  
0.2796194592  
-0.01621254648  
0.5598906379  
0.6949775048  
0.3397036263  
1.030135592  
2.684782086  
2.766744575  
0.4078115625  
-0.3079527114  
2.243282738  
-0.8527618671  
0.05271218215  
-0.2686892474  
0.5690715092  
-1.030639477  
0.7339492832  
-1.069526466  
-0.9411157867  
-2.003953855  
0.6100024231  
3.158795062  
0.1446291477  
0.4364214088  
0.4520999326  
-1.403803521  
-0.8797223028  
-1.56128258  
1.18584703  
-0.2214675692  
0.5884715939  
-0.1427859976  
-0.1747427623  
1.044481749  
0.8634634749  
1.605184434  
0.02859859159  
-0.4743737545  
-0.2763378526  
-1.352398875  
-1.133032749  
0.681743936  
0.6153767092  
1.772700011  
0.6572227383  
0.06076524401  
-1.536633539  
2.013534233  
-1.644843007  
-2.782371608  
0.1194594169  
-0.3762727587  
0.6312398099  
1.860293589  
-0.4986331136  
0.698065768  
0.04455141876  
-1.082354477  
0.5822002882  
-0.486941348  
-0.06518913966  
1.167691433  
1.196189385  
0.3203088028  
0.05098582541  
-1.257024878  
-0.4633327124  
0.09006613277  
0.6903766695  
-0.6300987746  
-0.1200989446  
-0.2781459671  
-0.8536245601  
-0.6294667259  
-0.1603410139  
-0.822063949  
0.2694987692  
0.4427121207  
-0.2580850973  
0.01742639457  
-0.09579785317  
0.4761237385  
-0.1019079963  
-0.6318455903  
-0.3857313192  
1.30249351  
0.3358429249  
0.03413659787  
-1.133939687  
0.1721759621  
0.4231079576  
-0.992260635  
-0.5820742334  
-0.3238758852  
0.8111778128  
-1.121864071  
0.8800206807  
1.145922268  
-1.109611244  
-0.7348897796  
-0.0381330625  
-0.6807339927  
-0.691852922  
-0.8999925996  
0.9679895786  
-0.9273167046  
0.2669059887  
0.2645276872  
0.7181665489  
1.925494185  
0.6744166385  
-1.824848287  
-0.2246151032  
-1.081514627  
0.7978688984  
-0.3611434406  
-1.250895207  
0.6740738158  
-0.6945825237  
0.1390640525  
-0.05519741259  
-0.329923007  
0.2871939469  
0.3303146347  
0.4282947093  
-0.1524056396  
0.717271603  
-1.379841891  
-0.6329162696  
-0.003709238637  
0.24753486  
0.03973674442  
1.065714688  
0.778082037  
0.1291287998  
-1.378799213  
0.2424430771  
1.694604598  
-0.4309975777  
-0.6214313527  
0.7495249148  
0.5186544193  
0.7478256715  
-0.7109505449  
-0.07470590803  
-0.5498644642  
-1.158464633  
-0.335082559  
1.179775556  
-0.758268449  
0.2181627964  
-0.7600860477  
-0.7113655022  
0.9059169847  
1.939774553  
0.1394431101  
1.144894524  
1.109728158  
1.000722797  
-0.04674057119  
-0.724789047  
1.218422664  
-0.2147993958  
0.1186114667  
-0.2534927949  
0.5104325857  
-0.4548607465  
-0.1018534919  
-1.373606764  
-0.02286456649  
0.1457935379  
-1.2631433  
-1.080038098  
1.260831891  
-0.4740817099  
0.9084009013  
-0.5073094597  
-0.1825380769  
-1.048296573  
-0.4846275447  
0.03605896921  
0.0445397593  
-0.4749450792  
-1.467896527  
-0.9438863744  
-0.8143385211  
-0.3013306424  
-1.039581902  
-0.2023988217  
-0.4639776997  
-1.541132762  
-0.934465978  
-0.6225612157  
0.2336688379  
0.06348813719  
-0.6268752234  
-0.4381247196  
-0.927811302  
0.4056483178  
1.673426359  
1.13159249  
-1.521691599  
-0.4392751021  
-0.7489105849  
0.2547862786  
0.06978916705  
0.9980160375  
-0.1703410629  
1.064353382  
1.234405251  
0.6729052458  
0.8130895441  
0.4733073525  
-0.592181125  
-0.202650429  
2.028603278  
-0.06673214286  
0.415076755  
1.59023015  
0.2469322182  
-0.4621727393  
0.4717642492  
1.031217114  
0.6730178395  
-0.3669119862  
0.5939394714  
0.4360438753  
-0.7590130637  
0.4906929175  
1.128376422  
-0.4469363577  
0.6735713279  
1.048299945  
0.5137491579  
-1.468197919  
-1.074972021  
-0.747115896  
-0.6138195597  
-1.005747868  
-0.4565688344  
-0.3831195414  
-0.4624762162  
0.9681871362  
-0.3001928759  
1.002093029  
1.043447742  
-1.393279452  
0.4836164589  
0.1083022758  
0.6078226386  
-0.1065339326  
-0.1157016293  
-0.5552861687  
-0.5362906566  
0.2187216411  
-0.9862793315  
0.02436671315  
1.146383209  
-0.2216918358  
0.209393464  
1.239171912  
1.061462291  
0.2967324577  
0.3540942624  
0.7135898977  
0.2789105706  
-1.561763659  
-0.9757966903  
-0.1270210215  
0.5539974909  
0.8962184955  
0.329360659  
-0.6236304788  
0.1643413098  
1.226132148  
-1.085014438  
1.065495791  
0.6990334627  
0.7339569612  
-0.1283320708  
0.4159977561  
0.514694412  
1.369968272  
-0.6999080967  
-1.679588945  
0.2631720265  
-0.6638309704  
-0.3379862264  
0.4874404103  
-0.3484033791  
0.1243803554  
-1.090180232  
-0.5875806392  
0.9603186577  
0.7179329838  
0.3695844339  
0.1387794647  
1.211071414  
-0.8287673823  
-0.2284140219  
-0.1432572376  
-0.04539053137  
-0.6671561652  
-1.26914236  
0.1526268097  
-0.1899856287  
-1.163770558  
-0.909286172  
-1.432915071  
-2.639511704  
-0.8422123049  
-1.258041587  
-0.7273336463  
-3.653676895  
0.4210647365  
0.5005369474  
-1.338032736  
0.3520617206  
0.8643948775  
1.447664029  
1.114706643  
-0.8751758788  
0.9132430162  
0.632456593  
0.4380011667  
-0.4059079861  
1.35986109  
1.228264968  
0.8682024444  
0.9250491534  
0.03596080144  
-0.274090117  
1.08751434  
-0.1643148309  
0.495266444  
-1.013336926  
0.1557331509  
-0.4880732916  
0.3621844933  
0.1349300032  
0.2119230275  
-0.1456595164  
0.1211696434  
-0.5555002471  
-1.159473989  
-0.198109705  
-0.6563266018  
0.7225167625  
0.7882551571  
0.6562163634  
0.03263977288  
0.7520668882  
0.9361900225  
0.2154482173  
-0.1321075087  
-0.6913935026  
-0.8748964546  
0.1927259587  
0.8979491437  
0.1641932134  
-0.4349143418  
-0.1065374659  
-0.02466175992  
-0.1105084476  
0.975226048  
-0.5501583558  
-0.2867186873  
-1.221142376  
0.03292009856  
0.1973066491  
1.0131047  
1.247038437  
0.1448345511  
0.8445271848  
-0.06269403648  
0.1855293167  
0.0851987799  
1.887505196  
1.018602997  
0.114134087  
1.127209879  
-0.2827740299  
-0.4578377815  
0.9556152441  
1.313879096  
-0.5331028394  
-0.6583864284  
0.1364354959  
-0.2250621537  
-1.645501574  
-0.4395966248  
-0.8638576591  
-0.3904986025  
-0.4433157968  
-0.456857372  
-0.2757621137  
-0.531368784  
0.2211998229  
0.3402762402  
-0.4888124455  
-0.5538351194  
1.947368637  
-1.884761164  
0.0203754017  
0.2176335613  
1.203968499  
-0.3129655789  
1.215817157  
-1.454325291  
0.4571199389  
-0.3225526231  
-0.2414664055  
0.4350292657  
0.1159559825  
-1.506669722  
0.4168834061  
-0.7794023054  
-0.4887904111  
0.2529757851  
0.5917755486  
0.8079843718  
-0.3653691431  
-0.3995374438  
-1.895138674  
0.7238971185  
-0.6186675295  
0.3482680057  
0.003359112892  
0.03065651485  
0.6487412318  
0.5104422871  
0.7262384783  
-0.2071316711  
-0.6677888259  
-0.8953496431  
2.106231979  
-1.21595766  
1.181596949  
-1.80322626  
-0.9219572723  
-0.8775012907  
0.7610325073  
0.1116139095  
-0.1655349128  
-1.698908951  
2.678456611  
-0.4056568478  
-0.3411719409  
1.362883055  
0.4787095082  
0.43327404  
0.28137942  
-0.9985638223  
0.110882315  
0.07741791784  
-2.089643681  
-0.5493773268  
-1.066192634  
0.3676867966  
-0.01117285584  
-0.6609691321  
0.1568564296  
1.907773151  
0.7905436257  
-0.2092391212  
-0.5850509179  
-0.6815479268  
2.78209397  
-1.857621185  
0.6688139625  
0.4173622054  
-0.8339099437  
1.816805021  
-0.9328686271  
-0.6579666369  
-0.4171067293  
-0.2952276035  
-0.03620684705  
-1.614473812  
-0.1372930412  
-1.132875337  
-1.366683488  
-0.8154943495  
-0.5226158347  
0.8936463957  
0.05041176435  
0.4106282385  
-0.07152321537  
1.482071947  
0.03991428741  
-1.264808513  
0.541846139  
-0.2401055245  
0.4306167574  
0.8117995752  
0.4860037993  
-1.002199496  
-1.803867285  
0.05210527057  
-0.6141847656  
0.6559543632  
-1.71091614  
-0.07157511976  
0.7486840666  
-1.940898146  
1.164993809  
-1.23488696  
3.224998219  
0.4475727462  
1.993099769  
0.426822339  
-0.01504922124  
-0.7696278179  
1.082776526  
1.265659244  
-0.04116915762  
-0.6777492599  
1.340827948  
1.061146441  
-1.156121647  
1.808079343  
0.1175603561  
-0.3376256557  
-0.02856544829  
-0.8522874089  
-1.720938191  
-2.31814868  
2.113738272  
0.494642491  
-0.2543114459  
-0.433177664  
1.476173357  
-0.1503383627  
0.7136510932  
-0.31918323  
0.7285063752  
0.3291585158  
-0.224024198  
-0.1274717162  
0.4300715724  
-0.6015092098  
-0.01833450396  
1.269225376  
-0.1839863148  
-0.4429844082  
-0.8201011129  
0.2454186507  
-1.42691955  
1.547754695  
0.8109855949  
-0.9144325226  
-0.5070889533  
-0.3071194198  
0.01700314269  
-1.94259585  
-0.6531186303  
0.6128025402  
-0.2318636644  
1.060672363  
0.7135224068  
-0.6321114856  
-0.4459218803  
1.475791249  
0.2825297721  
-0.695749627  
0.4659849527  
-1.946256035  
-0.4971784474  
0.7008861875  
0.2768217023  
0.5014673803  
1.042996764  
0.01214173754  
0.4677569209  
1.426775785  
0.289869908  
-0.3229447005  
-1.41228957  
2.557798901  
0.6553166161  
-0.1911946684  
-1.949822764  
-0.3049394392  
-0.3820075762  
-1.06743335  
