0.8140001915  
-1.137993507  
-0.4472721557  
0.4846500618  
0.1525923135  
0.6686501707  
-1.057975725  
0.5085476412  
-2.123041631  
0.7232575958  
0.1187836443  
0.3400382632  
-0.4344573674  
-0.1043419067  
1.530815093  
-1.062711567  
0.5802343686  
-0.1672058157  
1.125265013  
-0.2196287289  
1.134826262  
0.3123241775  
0.7747822056  
0.396356274  
0.7977345073  
1.024973982  
0.10460428  
-1.29502473  
-1.09534546  
0.1759821344  
0.08070645249  
-0.1329230297  
-1.222035247  
-0.7141436874  
-0.8493745339  
-0.4544207671  
-0.7465074826  
-0.4488104574  
0.6504945913  
-0.7445661569  
0.2381862856  
0.2061221775  
-1.879629769  
-1.231947742  
0.03374623753  
-0.4787861971  
-0.2186412789  
0.4497349926  
0.2122063278  
-0.3101253824  
-0.8543794226  
0.1278167801  
0.5211880267  
0.02989544369  
-0.4735185638  
-0.1832447966  
1.673367117  
0.237981026  
0.6286082973  
0.2890138032  
-0.03336461072  
1.562148888  
-0.06467035831  
1.890142902  
0.5739747384  
0.4889523252  
0.3379400012  
-0.8904211141  
1.110163541  
-0.5865633439  
-0.5115036648  
1.239324734  
1.373839161  
0.6221835182  
0.275231415  
2.62636908  
-1.031481517  
-0.09864511344  
-0.004313642575  
0.3811015872  
0.480170479  
-0.6596733221  
-2.35407244  
1.016286974  
-0.6048152942  
-0.1125744398  
1.495452905  
-0.5770369555  
0.02116043521  
-0.3367296309  
0.08289264295  
-0.5060640644  
-1.291951822  
0.7039371154  
0.8452647446  
1.463294175  
-0.4159877078  
0.9692703283  
0.1880306358  
-0.932550186  
1.500972566  
0.5273480955  
-0.5907679578  
-0.4615912898  
0.4200778686  
0.7592204949  
1.251472616  
1.005845402  
2.10105496  
-0.02874301197  
-0.2527729667  
-0.4020986722  
0.764292805  
-1.436802043  
1.142394388  
-1.470320544  
-0.29865361  
-1.600427699  
0.2943395112  
0.435965899  
0.3876117049  
-0.2381533935  
0.3134822774  
-2.685801239  
-0.5585221241  
1.397286994  
1.300093909  
1.841461974  
0.01104604812  
-0.2119453031  
-0.5768273454  
-0.3273807582  
-1.080100129  
-1.633817151  
-0.8556966235  
-1.783029522  
1.171899222  
0.1914953955  
-1.381582992  
-1.345887739  
-2.25478095  
-2.464836349  
-0.3726445406  
-0.9653624747  
-1.520650267  
-1.071355419  
-1.20921901  
0.426569769  
-1.198130842  
0.2029057761  
0.7281174467  
-0.9998088988  
1.449028129  
3.139099913  
-0.8639780532  
0.1356527683  
0.7982278905  
1.870509871  
-0.1475252225  
-0.9927804041  
1.033137774  
0.6850631018  
1.152776612  
2.354367143  
0.5918318729  
0.7262145397  
0.2324906829  
-0.1786148443  
-0.2557913825  
0.30939683  
0.446061935  
0.1608278065  
1.106294414  
0.2385995966  
-2.371471917  
0.7712745758  
0.8362517722  
0.2811293827  
0.5961066604  
1.995359458  
-0.06149396949  
-1.59793857  
-0.1080255719  
-1.728353246  
-0.9897004533  
0.05668383988  
-0.5504631535  
-1.706326752  
1.332796417  
-2.780128943  
2.008287529  
-1.50068678  
-2.176909572  
0.4675816356  
0.1150647182  
1.005447716  
-0.3554097756  
-2.004580384  
0.1247201386  
-0.3448682284  
0.7560276911  
-2.095142109  
0.4447375358  
-0.4218982086  
-0.1955057234  
0.6339977526  
0.1188711232  
0.479967585  
0.794837353  
0.9918163391  
1.069804272  
2.038412678  
1.096492313  
-1.64745752  
-0.1976192091  
0.6221054621  
-1.526685081  
0.1638583719  
1.896454952  
0.3941914112  
1.653138539  
-0.1958786362  
1.302436014  
1.663861177  
-0.8520894087  
0.2674303872  
-0.702996631  
1.501346012  
0.274919209  
0.5730723174  
0.9665981317  
0.6268008909  
-0.5401045894  
-0.8331839781  
0.6109924853  
-1.312468709  
-1.446513553  
-2.595095546  
-0.008610763833  
-1.478920578  
-0.508149481  
1.096214528  
-1.517378685  
0.1681890889  
-0.943066331  
0.2402908486  
1.483251117  
0.5078476856  
0.6207565975  
-1.243579697  
-1.41226133  
-1.05199167  
0.07771192515  
-1.202440816  
-0.03671206261  
0.9326826126  
1.099425132  
0.9976091649  
-0.009709435332  
0.5842829562  
-0.9196762307  
0.3484937029  
0.107241185  
-1.071429285  
0.1026939795  
1.273793814  
0.1928806338  
0.04495069503  
-0.6964020428  
1.344118989  
1.09406737  
1.325927806  
0.6870526028  
-1.417587217  
0.2122123216  
-0.6445155547  
0.1232002136  
2.226339927  
0.4392255348  
1.443271324  
0.1911215476  
1.297992416  
0.5969346069  
0.2062689597  
0.02521863074  
-2.459105088  
-1.014772053  
-0.3139798176  
-0.709819992  
0.2310364132  
-0.1662408666  
-1.323952442  
-0.4825917087  
-0.2787367195  
-0.3796528556  
0.5971366775  
0.7759908085  
-1.744860296  
-1.483158886  
-0.3647658831  
-0.312086647  
0.1698264063  
-1.955261633  
-0.9129140529  
2.406362111  
-0.9104796177  
-2.046333562  
-0.2965675382  
0.8962866125  
-1.744578679  
1.828776406  
0.9513588912  
-0.8712512464  
0.1596122837  
0.1075670254  
-0.4979093346  
0.9138680259  
0.1379892904  
1.626819118  
1.712487324  
0.5204702552  
-0.003834886784  
1.407866032  
0.1206167334  
0.001522198215  
0.914999723  
0.4326721636  
-0.6897157357  
0.4270783379  
0.05507128124  
-0.1615306799  
-0.5148736362  
-1.0135686  
-0.3052893988  
0.1093216336  
-0.689315996  
0.0318989711  
0.08427242589  
-0.2243579953  
-0.6991333786  
-1.031306719  
0.1969154294  
0.2594973908  
0.3296493315  
2.127764212  
0.8474121422  
2.355891224  
-0.6511360637  
-0.8073247322  
-0.8432108041  
-1.805721847  
-1.532982697  
-0.08166835045  
0.1325941724  
-0.462158789  
-0.2845120866  
0.1288876702  
-0.6558250525  
-0.9328476011  
0.4907768886  
-1.225903556  
0.0160924373  
-1.303793415  
0.8086384415  
-0.7126989695  
-0.4687378949  
-0.489856513  
0.04751053627  
1.105424418  
0.04367718499  
-0.2411621585  
0.792946191  
-0.8033141515  
0.1042461509  
0.6934526529  
0.1067506793  
-0.491564694  
1.752824469  
0.1988928978  
-0.1362668448  
0.4799774075  
0.3709397555  
-1.476511695  
-1.652915802  
-0.633511104  
-0.9659538979  
-0.09369352203  
0.5981671369  
0.1205879769  
0.1357550958  
0.3704458315  
-0.2495138637  
1.183809798  
-0.690978255  
-0.6574655872  
0.5632414661  
-0.6872473981  
-0.05468316436  
0.07378029159  
1.522758155  
0.3017704633  
-0.6519136421  
0.3224537235  
1.336161834  
0.4085205723  
0.4052533764  
1.039799391  
0.7736391105  
0.4851843039  
0.2559529488  
0.0633108815  
0.0807755972  
-0.9165042219  
-0.3433908826  
-1.004639499  
-1.542959795  
-0.2035176106  
