1.562816716  
-0.7679770481  
-0.5423525115  
-0.2705796642  
1.382389916  
-0.1322473304  
-0.1636274163  
0.3505311738  
-0.1381195481  
0.4723449406  
0.134638549  
-1.074044973  
0.6490476575  
2.010904252  
1.228580732  
-1.135880798  
-1.484479611  
-0.03213838371  
0.3007627143  
-1.180745408  
-0.4828862541  
0.9191677563  
-0.6022054913  
0.8341566469  
-0.4577047534  
0.6143715315  
-0.1166884969  
-0.3253401733  
-0.8653724465  
-0.6358019265  
-1.802614643  
-1.296466282  
0.3726661681  
-1.823950078  
-1.082399326  
-0.4290781937  
-0.7484984197  
0.4028844551  
0.0888386716  
-0.06476605076  
-0.01028693217  
0.5909802962  
-0.5241733521  
-0.5576784504  
1.002270799  
0.3605595014  
0.9245894327  
0.6283903379  
0.9103125196  
0.3153253524  
-0.1679088717  
0.5388704583  
-0.5493084322  
-0.4833583685  
0.4779247077  
0.08452879923  
0.3017742671  
0.7843257173  
0.1444145118  
0.5744050488  
-0.02097247039  
1.415845288  
1.305459509  
0.3630422181  
2.396186698  
0.06171216017  
-0.6996303928  
0.3313158064  
-1.403805785  
-0.8442318534  
-0.08008154746  
0.6007598659  
0.8221549613  
0.6763348148  
1.322022717  
0.4396652448  
-0.1940437676  
-1.157398523  
0.6181537993  
0.6272108566  
-1.965305569  
-0.1061497891  
-2.828906138  
-0.3048964416  
-0.676819504  
-0.4651602595  
0.5925988353  
-0.6101320212  
1.453917206  
-1.407821415  
0.7361137135  
-0.729372549  
-0.2848877488  
-0.2252018964  
0.2543611713  
0.5982157727  
-0.6904532598  
0.916745541  
-2.114747827  
-0.4994103813  
1.604561112  
0.4939450381  
-1.858351428  
-1.284934121  
0.1794891289  
0.626687398  
-0.02900962285  
-0.5429259017  
0.9829233303  
0.4275127713  
0.2946998121  
1.281211313  
0.5110772779  
-0.03499647257  
-0.4569458061  
-0.03824368011  
-0.1778080734  
-0.8918370324  
0.6864988571  
-1.058643345  
0.8266512988  
1.717416837  
1.506275442  
1.189405175  
-0.06139085548  
1.972795541  
1.184816701  
1.061739101  
1.526588862  
-0.4700268063  
-0.3931477379  
-1.314096468  
0.288089089  
1.86990757  
-0.2526213876  
0.1111847065  
0.4096605045  
0.8584523626  
-1.559667563  
-2.149582551  
-0.7127309884  
-2.029818945  
-1.376312685  
-0.6115557581  
-0.08608728431  
-0.5469037909  
-3.650133842  
0.9363946643  
0.1246713258  
0.601311863  
1.645682783  
-1.171070199  
1.425491603  
0.133670508  
2.068828277  
0.3081372322  
-0.8055669356  
0.7894304366  
-0.810262667  
-1.512550795  
0.7134403702  
0.3042399821  
-0.573214971  
0.8458294604  
0.3040742347  
-0.6026076323  
0.3476225177  
0.3223807165  
-1.48055391  
-0.8465434762  
0.4864707485  
1.082767423  
-1.034959846  
-0.7575916981  
0.2869819886  
-0.52701184  
0.1395522605  
-0.9992643588  
-0.5344540687  
-1.752939071  
1.370938471  
0.06273083223  
0.2078237578  
-0.2121702826  
-0.924232466  
0.2117761382  
-1.234190729  
-0.4340912695  
-0.1060815023  
-1.086373066  
-0.0231788737  
0.1159236819  
0.2267047993  
1.228713402  
-0.4808434263  
0.6443300954  
-0.3624157448  
-1.230991316  
0.8849789984  
0.6302347885  
-0.4387958512  
-0.4151234986  
1.150834394  
0.9895234954  
0.8676172708  
1.047103494  
0.5442632781  
1.237160979  
0.6827508305  
1.436272518  
0.980009311  
-0.2116443663  
0.2743221815  
-0.52194731  
1.420084497  
1.36993308  
0.554543071  
-0.1930864158  
-0.3472276043  
1.103708608  
1.063247395  
0.161541546  
0.5696268133  
1.211945284  
1.782066102  
1.032546736  
1.670562915  
-0.6987861578  
1.226914664  
0.4567778344  
-0.05002340947  
0.8265570565  
-2.687944571  
0.7564899464  
0.8533303827  
-0.7588908214  
-0.5930523046  
-2.643616251  
0.4804464648  
0.6089411621  
0.7047662183  
0.3894356466  
-2.137080675  
-0.05753063298  
-1.248112154  
-0.2730651649  
-1.354682837  
-1.473586698  
-0.9203055428  
-3.763901085  
-0.5689947535  
-2.854787916  
1.426320938  
2.021893426  
-0.9282038799  
0.4948222452  
-0.3012362604  
-0.2335782388  
-0.8508255285  
0.4348775676  
0.04492301611  
-1.023040689  
1.136607013  
-0.1438396891  
-0.2258494841  
0.4943273058  
0.4663377545  
-0.3880334675  
-1.165709058  
1.606791734  
0.7653597639  
-0.7283788528  
1.162984319  
1.440485614  
2.186514419  
0.6416999838  
1.243248211  
0.6707052466  
0.4609446203  
1.280826691  
-0.1776254727  
-0.8510105738  
0.5415342152  
0.4125924646  
0.2936318514  
-2.137845339  
-1.111082386  
-0.02119384899  
-0.3322482534  
-0.591809463  
-3.513152889  
-1.21038699  
-0.1274190553  
-1.015985276  
0.322855459  
-0.7410028609  
-0.2183761959  
-0.706479739  
-1.173317476  
-0.3901095352  
-1.133524322  
0.2575502052  
-0.6499029854  
-2.036333388  
0.7146797761  
-0.4865127403  
-0.03962012405  
-1.310443865  
-0.1076266368  
0.3592855427  
-1.290406308  
0.2542649407  
0.6410547443  
0.4009814199  
0.05811098062  
-1.892130729  
-1.315333729  
2.512773256  
2.279814743  
1.962636481  
1.029834664  
-0.6566923018  
-0.2181955206  
1.677314794  
0.5175799976  
0.6884335455  
1.531649008  
-1.165583991  
1.324246216  
-1.225106078  
-0.795107556  
-0.6318878855  
-0.9784585896  
0.5424196247  
0.9936139921  
-1.968400954  
0.7786456866  
0.5329574937  
-0.6133648679  
0.2344009197  
-1.410560039  
1.589378371  
0.9784095443  
0.4215367454  
0.06437461508  
0.5160914931  
0.9309033703  
-0.4592861034  
-1.460013542  
-0.2873139946  
-1.845785574  
0.4829516967  
1.253425339  
-0.7452791481  
-0.09988484824  
-0.7706268485  
0.530341792  
0.2135424058  
0.05312585098  
-0.3443919156  
0.1952421846  
-0.5433699124  
-0.001208620066  
-0.8220672987  
-0.2393187132  
-1.560245647  
-0.4692640193  
0.7322582339  
-0.9976582088  
0.2564082636  
-0.2212434496  
1.318161222  
1.246098858  
-0.6883527602  
0.08356120046  
-0.9645133658  
-0.410181716  
-0.06199661305  
1.504039126  
0.2716449823  
0.5119874529  
0.1828852117  
-0.7448150667  
-0.7678866177  
0.0008061677553  
-0.2286934779  
0.5535312431  
0.283315037  
-0.06186718885  
0.5290346708  
0.2952414659  
0.3637695462  
1.657084439  
0.9723799093  
0.5946819924  
-1.121658053  
0.297294092  
-0.3145184418  
1.180315664  
0.5235788891  
-0.1475915562  
-1.406637799  
-0.7043732524  
-0.4165960483  
-0.01035846199  
0.6565790031  
0.8161190218  
0.2973476329  
0.05341218513  
0.3734691628  
-0.9721106597  
0.3262031708  
-0.03587229315  
-0.7203702156  
-0.1198572695  
0.1417630694  
-0.5460928831  
