2.053103964  
1.266559194  
0.4150507591  
0.4596426201  
-0.5271158804  
0.9442975424  
-1.432555314  
0.1981156333  
-1.024806492  
0.3016625817  
0.8413590076  
-0.6802425212  
-0.3072225774  
-0.3669093647  
0.9937868289  
-0.3614432856  
1.380150008  
-1.595093274  
-2.071422375  
-0.8074531551  
-0.4167886915  
-1.269449439  
-0.272710924  
-1.859325111  
-0.3358673164  
2.21388297  
-0.4267533831  
-0.110510238  
-0.4720918726  
-0.3309252959  
0.08595566903  
0.1316708207  
1.143369687  
0.272986909  
0.04103149137  
1.20053427  
-0.07216920894  
-1.66286669  
-1.228365721  
0.8600469914  
0.3029273908  
0.142631302  
-0.546877677  
0.4176904723  
0.2855026019  
-0.4022335889  
0.1429511074  
1.242875309  
0.1867546168  
-1.245160333  
0.61350256  
1.998698166  
-0.5858897209  
1.354747326  
1.164547062  
0.953165638  
-3.44018792  
-0.008153908638  
0.380685242  
0.813407478  
-0.0539656543  
-0.3294840726  
-0.375114286  
0.8337803726  
-0.1583953492  
-2.498341438  
-0.06663795178  
-0.8189328047  
-2.586815605  
0.4321002572  
-2.252604321  
1.482466223  
0.2780700046  
0.863083005  
0.7834900773  
1.089791404  
1.467917987  
0.7867214  
0.3647650202  
0.1049699229  
0.02375279746  
1.328144724  
0.1477654387  
-0.2107712864  
0.8246703674  
1.016898247  
-1.835886001  
0.8695447764  
0.8156068696  
0.9690269292  
1.567881078  
-1.404177896  
-2.019387151  
-3.650062849  
-0.08829986957  
-0.002871413373  
-0.2698934876  
-0.4279512111  
-0.3263984581  
0.2983119571  
0.06589279048  
0.8673878195  
0.9218607956  
-0.5425073384  
0.5999569257  
0.8818208659  
-0.4567979623  
0.5583788844  
0.7236997213  
0.7552145684  
1.002876141  
0.08180921863  
1.342107007  
-0.2798088348  
-0.06937993807  
1.158569539  
1.81392709  
0.3050850003  
0.37076782  
0.5480306105  
0.3131196299  
-2.04421748  
-1.133658784  
-0.8566934336  
-0.3427810665  
-0.1248958058  
-0.07524534765  
0.1049553849  
-0.3392046554  
-1.285896114  
-0.3253281206  
-0.7781888155  
-0.05540268498  
0.485800757  
-0.597904324  
-0.9570363976  
-0.5442451642  
-0.611894085  
-0.3632781726  
-1.401161145  
-0.5851658189  
-0.577004448  
-0.2418329243  
-0.1661925032  
-0.9554300736  
-1.590174786  
-0.7303789375  
-0.04432859808  
-0.9257343873  
0.8602987042  
1.294435264  
1.506985959  
0.4082892867  
0.9710658485  
-0.1670883949  
0.9282751173  
-0.21805318  
0.2290705442  
0.9226585806  
0.4037203321  
-1.585963091  
0.4302120568  
-0.3045635291  
0.6316252331  
0.9921179309  
1.133649658  
0.1725253091  
2.056943374  
0.485040042  
1.986065689  
-0.5703276671  
1.009821188  
-2.593096602  
-0.00104933158  
-0.3570371896  
0.6249723095  
1.238308663  
2.05095297  
0.5740040861  
1.238677211  
0.06891761467  
0.4050538223  
-0.1268843727  
0.5762328225  
-1.04055466  
0.6706316668  
-1.072125509  
-0.9617820231  
1.298035948  
-1.619083793  
-0.6260455696  
-1.928145447  
1.179094469  
0.6850540584  
-1.76899039  
-0.7750790555  
0.881984892  
-1.586812651  
-1.15777401  
-0.1640151591  
0.5236913553  
-2.240477044  
1.000667083  
-1.092109479  
0.4327793564  
-0.01876566392  
-0.5811692029  
0.4699059695  
0.4286030567  
1.926668375  
0.9824781412  
0.3446226721  
0.7638346641  
-0.8861401355  
1.220780777  
-0.6055626115  
-1.307293298  
-1.315625201  
0.5443385966  
-0.2194536454  
1.666963627  
-2.317067432  
-0.02294807929  
2.266817502  
0.3157612412  
-0.3018163703  
-0.09716789011  
-0.2436039058  
-0.5077334127  
-0.07333062735  
0.6549714257  
0.5879729365  
-0.4423590242  
0.09507752487  
-0.3242564915  
-0.7558130284  
-0.001960730683  
-0.158025121  
0.13583028  
-0.6773103706  
0.1501936635  
1.63095212  
0.7250381571  
0.2135420509  
-0.6248281329  
0.7504365874  
-0.9106631646  
1.387719059  
0.4713095742  
-1.228863722  
0.9581683665  
-0.2675570924  
-0.6472203562  
1.650916539  
0.3104476493  
0.101607752  
-2.815269837  
0.5220329554  
0.07562225828  
-1.808153421  
0.2771075761  
0.08304731981  
0.2107778273  
-2.219977448  
-0.8326860325  
0.7969249578  
-0.6207755637  
-2.194075642  
-0.3318876859  
0.2946481518  
-0.5884809534  
0.5955400242  
0.8043771332  
-2.721741476  
0.1995546295  
1.198294208  
-0.1418440077  
1.221089454  
0.3954925956  
0.6306443495  
-0.1066804897  
1.417464441  
0.4095376585  
-0.05055607271  
0.99818713  
-0.1187934851  
1.003515188  
0.6812940438  
-0.1809388814  
0.1190237451  
0.1456469179  
0.7740401386  
-0.5217901003  
-0.3691203383  
0.593206921  
1.685602336  
0.4126153862  
1.244305769  
-1.262260835  
-0.2963797209  
0.8178037637  
0.1611540351  
-1.658474845  
-0.4238072278  
-1.224350196  
-0.5873495373  
0.3285941272  
-1.201047788  
0.6097959989  
-1.328610745  
0.06376939291  
0.3861648398  
-2.032602839  
-0.6324582451  
-0.9564997831  
0.2974042712  
0.700135923  
-1.482684557  
1.680610083  
1.419121485  
-0.08314172717  
-1.462784196  
1.157146897  
0.6122130798  
0.4875441946  
0.3984245872  
-0.3694169374  
-0.774364431  
0.964884821  
-2.010174539  
-0.2662498466  
0.07640077625  
-1.556311605  
1.947415714  
0.3070189548  
-0.6162557347  
2.013818491  
1.789296308  
-0.1197765069  
-0.1391309112  
0.8774524935  
2.162387093  
-0.6364487635  
-0.469368237  
1.692130006  
-1.03543635  
0.8214350038  
0.4142340542  
-0.5768091705  
-1.482275046  
-0.8609211892  
-0.7453640474  
-1.431647373  
1.122537039  
0.7909986613  
-0.4352064641  
0.3997252398  
0.4737489789  
1.371689842  
-1.017453183  
-2.274000984  
0.661662111  
-1.090485196  
-0.4648085636  
0.1699635384  
0.07198057962  
-1.338438848  
0.1404018707  
-0.6828964093  
-1.19683782  
-0.1147008043  
0.789609063  
0.8140795  
1.059436556  
-1.367309203  
0.5969792674  
-0.7892742276  
1.174901532  
-1.355061387  
1.174383059  
-0.5008137758  
-0.3686408938  
0.7707399416  
0.04624156887  
-0.472920974  
0.1980813483  
-0.7477297466  
0.2112090048  
-0.2095949774  
0.4771234189  
0.3784734201  
-0.8676980838  
-0.5303038481  
1.094361934  
-0.3942665671  
-0.2645348649  
0.5445104649  
0.3131871429  
0.05866083968  
-0.3114827557  
1.278331253  
0.5185969585  
-0.3283389544  
-0.5219677637  
0.2325823008  
-0.08515861909  
-0.8114823777  
-0.6337510972  
-0.7774123996  
0.6157766781  
-0.4480996024  
-0.7574937797  
0.9414349487  
0.8201216226  
0.3593318316  
0.5725670908  
-0.6642255906  
