2.007826487  
-0.8338371095  
0.9728455648  
0.4166496709  
-0.6221868191  
0.2656283249  
-0.47323689  
0.9599069334  
-2.751870756  
-0.2677136702  
-0.715853285  
1.813680784  
1.469699703  
-0.1934508797  
-0.9364445204  
-0.2765774902  
1.154658743  
-0.5357397607  
-3.453189909  
1.531838842  
-0.321996307  
-2.834559644  
-0.4585733096  
-2.812149452  
0.7695802987  
-0.164320118  
-0.03032543683  
0.8665919348  
-0.1668870943  
2.610090259  
1.201887241  
1.386192878  
1.82221158  
2.026973623  
1.067826017  
0.2640773362  
0.2068222702  
-1.416648924  
-0.08768179277  
0.9615571169  
-0.8064610769  
0.3623095131  
-0.7238205748  
-0.5209667973  
-0.7270448362  
1.764151637  
0.6839419081  
0.159720415  
0.0005434936234  
-0.9451674787  
-0.0290551666  
1.82828696  
0.2493404141  
1.128435742  
0.6125080192  
1.060483705  
-2.953283103  
0.4861537364  
0.9375647141  
-0.4225985612  
0.2445113188  
-0.9567362583  
-1.516762611  
0.9552225543  
-1.285526021  
-3.350360409  
1.352917651  
-0.3297839342  
-2.480166414  
0.9923982147  
-2.503804433  
-0.5174528346  
-0.2639658718  
-0.07051592426  
-0.07951584187  
1.267622785  
-0.5328795505  
0.641972598  
1.231872172  
-0.5158438207  
1.603080917  
0.5695383468  
1.219659539  
0.3635855838  
1.576609737  
-0.6508893342  
-1.174279554  
0.5131276627  
0.07974158242  
1.495343733  
0.3410803703  
1.254297905  
-0.6126394064  
-3.472400308  
-0.6314929133  
0.08925559801  
-0.3236652016  
0.1488132245  
1.04869381  
-0.8065657607  
-1.188474134  
-0.3508836528  
0.4198641021  
0.5334914862  
0.06387011738  
1.011380595  
-1.013337167  
0.1190760843  
-0.4382883705  
0.2913322212  
-0.1644835232  
0.3164417128  
1.241986143  
1.325447592  
-0.4978972927  
1.325165277  
-0.1477939049  
-0.1064467923  
-0.1820500729  
0.398039308  
0.7348398432  
-0.9318084499  
-0.4729571199  
-0.1644160144  
0.09644972305  
-0.9923400756  
-1.035118264  
-0.502671288  
0.4380856972  
-2.112567687  
-2.793733646  
-0.6013543229  
0.5922682283  
-0.2445598246  
-0.8120998612  
0.4920631414  
0.4241706398  
0.09589856802  
0.2850206597  
1.507725212  
1.294778533  
-0.1928917237  
-0.05184706841  
0.1466292201  
0.3108732892  
-0.6741481845  
0.4276786403  
-0.7146693382  
-0.1306181104  
0.07278361212  
0.8398338367  
1.689867404  
-0.3288807458  
0.9245550544  
-1.508261632  
-0.5359814423  
-0.0781376504  
-0.4935156384  
1.001485979  
0.9969590783  
-1.609458239  
0.04808991278  
0.3034458995  
1.247554277  
1.560257575  
0.7726470202  
0.300818624  
0.409707975  
0.7559563197  
-0.038737683  
1.718842736  
-0.7858121727  
-2.93746359  
0.3837745617  
-2.202407441  
1.339020176  
0.4430273358  
1.05190953  
0.2079168175  
0.5130735524  
0.3378718054  
-0.8870464959  
2.107757517  
-0.01852633786  
-0.5975154198  
-0.1319011451  
-0.6712468526  
-0.4551595026  
1.168174816  
-8.404709799e-05  
0.08692935732  
-0.7304545365  
-0.4795320871  
-0.326628486  
-0.4623441708  
1.738603078  
1.745836204  
0.13378375  
-0.1739297104  
0.0705392139  
0.9365098131  
-0.5455686312  
0.3763121455  
-1.363232452  
0.9414128238  
-0.6543012424  
-0.8178112449  
-1.436677806  
0.6510110368  
-0.1440238125  
-0.4866307019  
-1.544277553  
0.8116946948  
0.04217586904  
-1.14992406  
-0.3498825621  
-0.8782782017  
-0.1162106739  
-0.0156094411  
-0.229458537  
0.2180277508  
0.1581290233  
-0.5075167416  
0.9073125415  
-1.26717105  
-0.115762879  
-1.057555464  
0.4975276155  
-0.1425012123  
-2.711234654  
-0.5259473182  
0.3310902651  
-0.12425511  
0.3398081562  
-1.522766047  
0.6510876342  
0.3738684938  
0.7244470972  
0.4099120725  
-1.426240692  
0.210522691  
0.1012264825  
0.7461988106  
0.2819475577  
0.1774330021  
0.878254383  
-1.845240162  
1.641253833  
-0.6072202456  
0.7468941817  
0.6055497085  
1.118591468  
0.9207054441  
-0.6931235817  
-0.01869673563  
-0.4454804207  
-2.470949916  
1.54543301  
1.493244823  
-0.4442005591  
1.141316086  
-0.2949037989  
-0.345016672  
0.2073515932  
0.2725524623  
0.5104100515  
-0.3312261507  
-0.8250331721  
1.005715487  
0.7545693705  
-0.8012897034  
0.7920131727  
-0.6215641009  
-1.058088376  
-0.2923789044  
-1.373123174  
-1.818962826  
-0.8588189557  
-0.1038750724  
-0.7904998049  
0.3265976802  
0.8564488522  
-0.4323068672  
-0.07004774526  
0.05790679856  
0.3122231796  
0.5260924196  
-0.5941075908  
0.9995569813  
1.839464201  
-0.2199778452  
0.5218340754  
1.143320063  
-0.5531983274  
0.674235535  
0.765977725  
0.7415623571  
0.1806835134  
0.3127088747  
-0.7191509415  
1.021965144  
0.252273611  
-1.06178039  
1.007030146  
-1.782911956  
-0.8607359933  
0.1630930262  
-0.5580231608  
0.4374926368  
-2.690901545  
1.136885432  
0.6562190958  
-1.466792818  
0.9834580284  
1.186625464  
-0.1319212607  
2.134096047  
-2.327520138  
0.4911620561  
0.5677784378  
-0.6658552362  
-1.813522972  
1.062056098  
-0.8346233344  
-0.009455985146  
0.8851623998  
-0.06854865502  
-0.01274218375  
-0.5834861069  
-1.666795661  
1.066758625  
1.053601106  
-0.3991463791  
2.716186398  
-0.2037055378  
0.2642083192  
0.9406577515  
1.630860159  
0.3674051149  
0.07563020988  
-0.2442053296  
-1.293978013  
-0.7042390313  
-0.1522106264  
-0.2761396173  
-0.7163745469  
0.4043378218  
-0.7083643795  
1.502933964  
-0.3914619419  
0.287038945  
1.231459388  
-0.3237816513  
0.1281208535  
0.2614488807  
-0.8813350766  
-1.036835409  
0.4434973926  
-0.03260643834  
-0.02786147882  
-1.085138991  
1.058521277  
-0.4571130718  
0.2958563348  
-0.1294300421  
0.1280314435  
0.364612976  
0.5025857634  
-0.8454229557  
0.1134876513  
0.4556631692  
-0.647081611  
-0.6300629635  
0.2025251207  
-0.3529175373  
1.34323259  
-0.8362512787  
-0.7673505028  
-1.613291037  
0.6337158675  
0.002727487253  
-0.128291695  
-1.020327717  
0.8537116388  
-0.8085702646  
0.5573506272  
-0.8955664434  
-0.2784402916  
-0.2374500125  
-0.1755365358  
-0.01889157081  
-1.173157746  
0.07929664489  
1.228315663  
0.3275762786  
0.3319146167  
0.8074673678  
0.2057867577  
0.3721780123  
-0.7932117042  
0.2116792486  
0.1973977289  
0.1562290138  
0.4833897348  
0.7612174217  
0.1534768947  
-0.7335259361  
-0.09310715085  
-0.4801732029  
0.04579446066  
0.1984171592  
-0.07560230194  
0.6151828566  
0.6657649035  
-1.195500302  
-0.4244185563  
-0.2832202976  
