0.08375653024  
0.9842588069  
0.5467723654  
1.243840248  
-0.8106748809  
0.4529905678  
0.3914210022  
-0.3137870192  
-0.5047334538  
0.1316679027  
0.3239185333  
0.8038299259  
0.1303617061  
0.2854790534  
0.7875820826  
-0.4356495746  
-2.12797107  
-0.1124106705  
-0.9633113386  
-0.3238637461  
0.8871539446  
0.7221668814  
0.5902450635  
-1.138076107  
0.3921244687  
-3.192325516  
1.142626145  
-0.09232728342  
-0.3664524448  
-0.647851672  
0.07552985371  
-0.1907387843  
-2.923611288  
-0.1127101288  
-0.2524803155  
-0.5949652358  
0.4596674137  
-1.201076769  
-0.2853282092  
1.010044272  
0.07978605264  
-0.07436332046  
0.1762236687  
-0.3586749819  
-1.296133952  
0.7081603105  
0.6392273082  
1.607516633  
1.318323146  
1.825706095  
0.1197952804  
0.7437513032  
1.188608168  
1.36077173  
0.3698181546  
0.5545161276  
0.0535063602  
-0.09621745206  
0.1467399332  
0.4496880945  
-1.118622847  
-0.3202834018  
-0.8542832778  
-2.100487324  
0.7377583857  
-0.6891931533  
0.5655415165  
-0.1008498744  
-0.3401105958  
0.2120008583  
-0.6962295557  
-0.02753663316  
0.7718684815  
1.571540413  
0.4776989866  
-1.738295492  
-1.402127485  
1.082499134  
0.4476030379  
-1.031422695  
1.842905213  
0.2225051679  
-1.637583878  
0.795983657  
0.1621374903  
-0.3208222385  
-0.9338734027  
0.6632627662  
0.5629863139  
-1.123599256  
0.792920659  
0.3853432468  
-0.2236926638  
-0.3442856848  
0.6405612386  
0.9754587973  
0.1868886818  
0.1589057309  
-0.2961879932  
0.1217077674  
0.07331666179  
0.008350627589  
-1.592683722  
0.6328979178  
1.041195566  
-1.151981286  
1.390671193  
-0.04649028861  
0.2106215797  
1.027689688  
1.3119237  
1.192589738  
1.893457956  
2.115160765  
-1.100166812  
-0.04872645755  
0.3146639599  
-0.3250470164  
0.6322139292  
-2.501809532  
-0.01311436772  
-0.3093354745  
-1.339319504  
-0.3424641544  
-0.5088497821  
-1.04057313  
-0.6122830485  
-0.8898767852  
0.1729838218  
-2.122350435  
-0.7535036613  
-0.3436591667  
0.2574529595  
-0.1651408074  
-1.060984313  
0.3137638931  
-2.607111799  
1.024323748  
1.166047782  
0.4509610627  
0.6587192173  
0.6105561877  
-0.5278073659  
0.05656901777  
0.8308456394  
0.5796340753  
-1.110129031  
-0.5964946672  
-0.4223870978  
-0.004704277264  
-1.216713909  
-0.3674840152  
1.753954479  
-1.57933827  
2.067586562  
0.9518907148  
1.348869696  
-1.395273517  
0.7744325433  
1.093922611  
-0.9232740376  
0.3921046485  
-0.2650470792  
0.7982163029  
-2.327916887  
-1.014671358  
0.9960516412  
1.930933255  
1.078109132  
-0.9987190519  
0.2689209747  
1.758473973  
0.2751705087  
0.7404307922  
0.01657618971  
2.081403476  
0.7179883661  
0.7845208703  
1.430723682  
-1.502764737  
2.163820394  
1.693037388  
1.653339324  
1.804357788  
0.6346190039  
1.466006882  
1.151025806  
-0.6282687244  
1.12079598  
-2.081785746  
-0.4779649623  
-0.3528515553  
-0.6351557285  
-0.1124219721  
-1.849591818  
-1.422932954  
-1.136457628  
0.339686834  
0.1155493667  
-1.169900992  
0.6124759061  
-1.657920688  
-1.631326648  
-1.769605976  
-0.570176351  
-1.421822002  
-2.252425797  
0.2730111491  
-1.746708454  
0.4805157522  
-2.868163317  
1.21445067  
1.686124477  
-0.04952410382  
-2.211270046  
-0.4503415053  
-1.324123814  
-0.02615177525  
-0.4807797403  
0.9874960606  
0.8605246581  
-0.5105015744  
0.7342999389  
-2.654055632  
-0.2002188025  
1.329953314  
1.022935895  
-0.4713282212  
0.6328328825  
0.3573154665  
0.2684022525  
-0.2204553389  
-0.1442576673  
0.01274627224  
0.1027162199  
0.898398818  
-0.01173826746  
0.06643609194  
-1.003075215  
-0.05286191777  
0.3080231321  
-0.1715611758  
-0.7392312805  
1.170633448  
0.5586148458  
0.9261556443  
-0.05334653318  
0.4724286139  
0.3697854821  
0.4842822118  
1.609523382  
1.41714991  
0.4993569428  
0.5204303192  
-0.2274127765  
-0.1345229807  
0.4619823003  
0.9047069799  
-1.023052962  
0.9658217148  
1.377629779  
-1.047933212  
0.1465736501  
-0.7335218712  
-0.07469356625  
0.4608113295  
-0.1810405552  
-0.3019156238  
-0.6117854641  
-0.1123079541  
-1.414634782  
-0.3723386486  
-0.4651566278  
-1.572352224  
-0.01082626005  
-0.4374536505  
0.3993618122  
-0.8364626549  
-0.2850278319  
1.364164615  
0.6656671196  
-0.03141185154  
1.409397547  
-0.4617869511  
1.232115886  
0.5255267637  
-0.4427152629  
0.5952947582  
0.7110460975  
0.1639497839  
0.02217545735  
-0.1787268674  
-0.5665012745  
0.09491094709  
0.2839694163  
-1.040366315  
0.493399313  
-2.889817396  
-0.3111205941  
0.03087349009  
0.38615504  
1.242001885  
-0.9126342373  
0.5391189676  
-0.632830357  
-1.112499395  
0.971262601  
-2.350433619  
0.8391601613  
0.6419961545  
-0.3628894436  
1.427711857  
-1.109739731  
-0.06549666085  
0.2164918789  
1.55056466  
1.064046656  
0.04800915574  
0.692451726  
0.4264029293  
1.174713504  
-0.1086635801  
0.1883847691  
1.725983966  
1.789266378  
0.1351771475  
0.5011683113  
-0.876635658  
1.212962283  
0.534069308  
0.4138812951  
1.072375329  
1.082720269  
-0.6428542989  
1.902766544  
0.6685096568  
0.1580054026  
1.490500317  
0.7902565956  
1.9811294  
-0.2635003893  
0.9301494698  
-1.721169781  
-1.328469654  
-0.8232517881  
-0.6110687544  
-0.697895574  
-0.8190854397  
-0.02408240416  
-1.069101749  
-1.133788418  
-0.7557583916  
0.2613067242  
-0.9537781667  
-0.343566614  
-1.787575099  
-0.4596339412  
-1.173837485  
0.1286168036  
0.1662634658  
-0.4316043435  
-0.2097870753  
-3.26923938  
-0.4983020917  
0.650122402  
-2.023682813  
-1.393917736  
-0.0938845971  
-1.940966753  
-0.8869669713  
-1.151472921  
0.5206690916  
-0.8812936612  
-1.612786399  
-0.4425390143  
1.316910161  
-0.9108459936  
0.4496927895  
-0.7132762557  
-0.2178884486  
0.6050944243  
-0.2868985303  
0.7775941353  
0.9537456201  
0.8746512231  
0.06184124645  
0.1053408352  
0.1332606668  
0.6852620301  
0.366302841  
0.4947199374  
-0.3584257908  
-1.323431281  
0.5782273554  
1.190618666  
-0.05121315734  
-0.9420124503  
0.09091476084  
-0.127468985  
0.6254675857  
0.8302336334  
-0.7612017056  
0.3900791343  
1.236516042  
1.180334535  
0.6271649097  
-0.2494135687  
-0.2444290827  
-0.4633610773  
-0.09575054972  
-1.069756567  
-0.09174058308  
-0.07443995925  
-0.12569377  
-0.8052194407  
-0.1575576399  
0.3957931112  
