-0.4018580531  
-2.522497753  
-1.967159008  
-0.6288504815  
-0.1842839295  
-0.2792885771  
-0.07510601118  
0.1187632146  
-0.4128547665  
-0.5129086242  
1.304812426  
1.262181703  
0.274228422  
0.1143136948  
-0.695311558  
1.467919326  
1.378017761  
0.8944491543  
4.168884487  
2.051557548  
0.3074747209  
-1.037658795  
-0.6599190804  
-0.1616443419  
0.5530839922  
-0.261809119  
1.460943952  
-0.3035681413  
0.73435561  
2.120518747  
0.2792852521  
0.4802239286  
0.6819762906  
0.7352799803  
-1.428990471  
-1.853348321  
-1.727728749  
-2.001086001  
-0.8837411563  
-2.792024042  
-3.183271079  
-1.560794634  
-2.481721249  
-1.39358709  
-1.975069467  
-3.044640892  
-2.810782198  
-0.8011678868  
-1.306949554  
0.02558050941  
1.383856471  
3.664893456  
1.422905006  
1.658904504  
1.348355063  
1.328463234  
0.4140206828  
-1.351914442  
-0.8990134976  
-1.509287816  
-1.742108338  
0.3425064006  
-0.04749429133  
-0.006375175668  
1.031887819  
0.6864247796  
1.821275211  
0.3384985196  
0.9624575203  
0.08353214857  
0.4076438211  
-0.6532111424  
0.3223401576  
1.560217918  
2.244532519  
2.263376478  
1.909821874  
0.1593339658  
0.007906525093  
0.648671194  
0.7738784029  
-0.5761998247  
-0.02727771042  
1.541623182  
3.736302547  
5.200111989  
5.596331177  
0.6085621394  
0.000258813326  
0.3741702771  
-0.3376641311  
-0.069423379  
-0.522085126  
-0.3346970828  
-1.230183134  
-0.7425527535  
-0.4520235601  
-0.05197225195  
0.3342089723  
-0.07391547612  
-0.4111123251  
-0.5311168748  
-0.934752882  
-0.4732127358  
-1.35334744  
0.01086595125  
-0.6513672836  
0.812676183  
-0.2929943201  
0.135870283  
0.352487189  
-0.09392546408  
-0.9991069955  
-0.6279199027  
-0.3096451391  
-0.8780020692  
0.2298660915  
-0.1998220455  
-0.2348672622  
-0.5408675143  
-0.462508051  
0.404797945  
0.2729885189  
-0.6085157945  
-0.2253035854  
-0.3572767127  
-0.03676979893  
-0.6768795071  
-0.6560823388  
-0.7218078761  
-0.5888195221  
0.2490572204  
-0.4728810769  
0.2233909327  
-0.4120248662  
-0.7010036826  
-0.3692793914  
-0.1505548022  
-1.230477657  
-0.4187004999  
-0.9578588124  
-0.06458892779  
0.1544150717  
-0.195668477  
0.2100047659  
-0.9012981323  
-0.3996995236  
-0.3169813032  
-0.2517340395  
-0.2034640887  
-0.09809072491  
0.0793317275  
-0.1492642007  
-0.4219768445  
0.4238153102  
-0.06883448064  
0.1928180123  
0.5599805592  
0.03754541289  
0.1251171946  
0.2400504349  
-0.6656449674  
0.1004996991  
0.4985860731  
-0.4397353326  
-0.2809154235  
0.08746459018  
-0.01062842634  
0.08157491518  
0.2475695952  
-0.2021710062  
-0.006333960683  
0.1897957914  
0.2121176783  
0.4242083839  
0.1315605502  
-0.6551375641  
-0.01490678128  
0.07009610129  
0.3429844867  
0.04576188365  
0.3007114202  
-0.03612579795  
-0.1158797074  
0.1931639387  
0.1409956085  
-0.12149587  
-0.3516201397  
0.7806526429  
0.4513017682  
-0.7991974794  
-0.2137380169  
0.9772645614  
-0.2369114596  
0.001213099439  
-0.3772610005  
-0.02513330646  
-1.265894947  
0.5747283551  
-0.1406142507  
-1.092721626  
-0.4304026595  
-0.6527717993  
0.09316359414  
-0.9626927649  
0.07419730581  
0.03870181937  
0.1181714944  
-0.1290410932  
-0.2822705496  
-0.6389113834  
-0.3951926853  
2.887979823  
3.022256973  
1.817534938  
0.5014451722  
-0.02650368664  
1.329035572  
0.7188958769  
-0.6190228689  
-0.2753518288  
-0.5606145999  
0.1166925909  
-0.0328517681  
-0.1969373572  
-0.4426317502  
0.5539592164  
0.3969711293  
-0.182405352  
0.07964332055  
-0.1130802031  
0.06877033517  
0.02643984591  
0.7330280259  
0.3906790559  
-0.4394544739  
0.4746651825  
-0.4872625978  
-0.2070219755  
-0.8995682455  
-0.3761862389  
-0.5608885177  
0.113140816  
-0.7769927373  
-0.1644803202  
0.3216241743  
-0.8646240068  
0.3078176779  
0.2177638539  
-0.6685099505  
-0.4411563788  
0.208158805  
0.1212254056  
-0.1060494762  
-0.168695875  
0.1053635575  
-0.4461848732  
-0.188959186  
0.3324448524  
-0.1074531285  
0.1543372854  
0.1330893439  
-0.316111315  
-0.1803489763  
0.1753360678  
0.6399210225  
-0.1190308593  
0.2977344208  
-0.05480015797  
-0.0503261671  
0.112262206  
-0.05262086412  
0.140308303  
0.3609489687  
-0.3181871276  
0.3032457876  
0.623787695  
0.305558986  
-0.351646465  
0.4382180351  
-0.6872544626  
0.3270043231  
0.5952029928  
-0.1466236007  
-0.2401748465  
-0.4552228419  
-0.5766200847  
-0.2824906922  
-0.08960171135  
0.02903806312  
0.3431731409  
-0.1857992215  
0.7288712457  
-0.06421101137  
-0.4505017564  
-0.1752697321  
-0.3555099832  
-0.02429245169  
-0.4188918934  
-0.4057842306  
-0.7438664092  
-0.2146590247  
-0.505800763  
-0.4108905793  
-0.1378179803  
0.2636814812  
-0.08162511659  
-0.004659588204  
-0.4073730017  
-0.1174037033  
0.7876327733  
-0.3913536951  
0.3875144451  
-0.6850612539  
0.1906368146  
-0.09880697807  
-0.1011635219  
0.366113404  
-0.5267968243  
0.6326540574  
-0.2040002687  
-0.7093319608  
0.9149605417  
-0.3762194666  
0.381503905  
0.2859651766  
0.01320652297  
0.8892936608  
-0.1605149802  
0.3612178068  
0.979387818  
-0.2398482091  
-0.07846456927  
0.0008702393476  
0.1861484009  
-0.3224720307  
0.2260690246  
0.1745020592  
0.4648119399  
0.4105447638  
0.0800368538  
-0.1375636913  
-0.4938729621  
-0.2231553302  
-0.003945391811  
-0.1760386439  
-0.2812968813  
0.4910172342  
0.327581602  
-0.2520294387  
-0.6270589904  
-0.09826280314  
0.8333159273  
-0.2778536299  
-0.2572731856  
-0.1430538296  
0.3647352662  
-0.2532443005  
0.2463367356  
0.1706771684  
0.2752349707  
-0.03302206471  
0.2515747596  
0.5362823881  
-0.2784771106  
-0.1635028769  
0.2869156538  
0.02986815824  
-0.02498934636  
-0.3967833354  
-0.5706354476  
-0.828909694  
-0.1588473865  
-0.7656317644  
-0.4553876047  
0.2011160888  
-0.1709471524  
0.1380175915  
-0.09944214592  
-0.3293252637  
0.7803513235  
-0.5480446865  
-0.2249136068  
-0.3106935449  
-0.158592402  
0.1181443068  
-0.0816557369  
-0.1221205729  
0.05992255299  
0.6833473884  
-0.291631931  
0.1942278135  
0.1376580979  
-0.04169484542  
0.1358742094  
-0.1960548453  
0.230247045  
0.3685017859  
0.08867611075  
-0.4670370326  
-0.08102032503  
0.8430053755  
0.6120218411  
1.23971216  
-0.5205715688  
0.205907373  
-0.1942136695  
0.06036990667  
0.1771216221  
-0.6956026087  
0.2721559235  
-0.3244596869  
1.072851218  
-0.03298337362  
-0.5607321914  
0.269751599  
-0.0161337208  
0.143806217  
-0.5998736129  
0.843402174  
-0.0230893153  
0.4036841198  
-0.03029179275  
-0.3511374989  
0.2879825102  
-0.4661659449  
-0.03166081515  
-0.726309956  
0.1380863066  
-0.1510448313  
-0.4395651377  
-0.1112382126  
0.3200529173  
0.2261780268  
-0.6381227179  
-0.9631722318  
0.00392854043  
-0.2240366795  
0.2157816456  
-1.01267529  
0.7725492488  
-0.1798152288  
-0.2336491695  
0.7706122717  
0.1511723477  
0.07777757514  
0.07403713663  
0.3340510251  
-0.2811457347  
0.636492893  
0.2048312428  
-0.1270340012  
0.4868140281  
-0.2500561011  
0.3434795952  
0.4268247304  
-0.9245605721  
-0.06302069812  
0.386895332  
0.4255322027  
0.4532040656  
0.01757490477  
-0.1266726296  
0.2928558178  
0.152169801  
0.5814285059  
-0.5755103199  
-0.1433132245  
-0.2679289648  
-0.6740530161  
0.4467133395  
-0.2562466418  
-0.2189290164  
-0.5235153757  
-0.1998012521  
-0.5801341074  
0.1881808034  
0.362061563  
-0.3857482097  
-0.07843797217  
0.06819793012  
-0.1857615231  
-0.01258710499  
-1.092013289  
0.2098543219  
0.2066335267  
0.5315373055  
0.9783547315  
-0.6109094072  
-0.1602078351  
0.4229316835  
0.1032445062  
-0.7941734026  
-0.1982318348  
1.747101214  
1.139486446  
-0.08474741069  
0.1003388627  
0.08650631981  
-0.07734772819  
-0.1928962184  
-0.26959486  
0.1469213772  
0.1139378666  
0.1460391994  
0.4558668518  
-0.3595149539  
-0.08949639665  
0.001115481114  
0.3407751609  
-0.05035066678  
-0.2186184864  
-0.3231112801  
-0.7691405043  
-0.3958221488  
-0.05622097376  
0.008859665181  
-0.1886362749  
-0.2125899397  
-0.3762698758  
0.2534911319  
0.04522265861  
0.3212164262  
0.0001119637465  
0.4577937016  
0.1373683585  
0.1672640274  
-0.460997056  
0.2243877486  
-0.1063762051  
0.4116926009  
0.1210739966  
0.195819628  
0.08195390162  
0.4807748428  
-0.2268815816  
-0.3597533903  
0.002562428951  
0.0262233441  
-0.4262578481  
0.5416220315  
-0.6206602187  
0.1097877463  
0.2287943251  
-0.8012230979  
-0.2559242898  
0.3810837166  
-0.5855200362  
-0.3085862588  
-0.03569221545  
0.4902410774  
0.1648424077  
0.1308471703  
0.2070513989  
0.4507526598  
0.6539431009  
0.4270725325  
0.1732109432  
-0.151846147  
0.2937767263  
-0.1474510443  
0.329023151  
-0.4450584736  
0.05573493712  
-0.4248003189  
-0.3654545972  
0.5085089129  
0.1108146933  
-0.8248398225  
0.2434984108  
0.07190577243  
0.0316592171  
0.05651243054  
0.3012899242  
-0.5031382802  
0.2483945848  
-0.06256646533  
-0.1908088764  
-0.1186326021  
-0.06430393346  
0.2807471696  
0.5194237221  
-0.01873547559  
-0.1881442416  
0.1280002721  
-0.3174439414  
0.2884366041  
-0.7193734622  
-0.2798558474  
0.2868636468  
-0.2077337161  
0.1851743389  
-0.5316812981  
-0.2932645634  
-0.2231633493  
-0.3407262713  
-0.005681962447  
-0.392195655  
0.1368193252  
0.3864679256  
-0.07371787737  
0.3287353889  
-0.2339691898  
0.177321457  
0.5740256434  
-0.7263480314  
0.6834033957  
0.06034979212  
0.2306684484  
-0.5345625209  
-0.4140609008  
-0.07936181396  
-0.3798838308  
0.2205898292  
0.2955168169  
-0.08791146935  
0.07186766019  
0.2954492031  
0.7981385129  
0.2283072537  
-0.1211349041  
0.09812170425  
-0.5534276514  
-0.0718247337  
0.3008874294  
-0.1653002704  
-0.08821951484  
0.385329032  
0.1891863777  
0.5776447067  
0.1525004861  
-0.4197312883  
-0.3249828576  
0.5093746901  
0.3780337212  
-0.4641500805  
-0.5590506899  
0.2065408701  
-0.888482769  
-0.4467708879  
-0.4126077007  
0.0983212733  
0.06695173692  
-0.1819535965  
-0.1267707172  
-0.2116097796  
0.1219997953  
-0.3016591227  
-0.7004778927  
-0.6312510596  
0.5296704566  
-0.2089037894  
-0.2079515781  
-0.3064204345  
0.0689022559  
-0.5012245392  
-0.3900175036  
-0.3713549678  
0.1795541064  
4.272146911e-05  
0.2715574098  
-0.7091645282  
-0.6826705515  
-0.4541325056  
-0.497227544  
-0.4097711346  
-0.9091490572  
-0.3362420161  
-0.2782170657  
-2.000475702  
-0.8797314185  
-0.9826707078  
-1.463086162  
-0.7427760693  
-0.705604145  
-0.8168775231  
-1.612519305  
-1.650889333  
-0.4589610845  
-0.09791691716  
-2.237106915  
-1.058119669  
-0.9124048552  
-0.4685935203  
0.9380486427  
-0.274033776  
0.07749650962  
-1.729610419  
-1.686862933  
-0.6837283552  
-0.5272830513  
2.319361481  
2.750359185  
1.485623807  
0.4310891802  
1.499542553  
0.7206013553  
1.250248584  
0.7603624822  
0.8641280989  
-0.6322266788  
-1.206320297  
-1.233833208  
-0.5996818239  
-0.4852605773  
0.6815439483  
0.4195914004  
1.02979748  
1.230223254  
0.8166821543  
2.848252778  
2.941636082  
2.835295833  
2.533275938  
2.244097941  
2.110546016  
2.689634054  
5.643231575  
3.888152811  
3.748872219  
3.950961795  
0.8796457122  
-0.2096578366  
-0.1648309448  
0.3598250406  
-1.097487253  
-0.7706546037  
-0.3916478442  
-1.365319654  
-0.5827416892  
-0.9254399819  
-0.8424869522  
-0.03019060985  
-0.1502585975  
0.1519661526  
-1.10915237  
-1.002170005  
-1.233361054  
-0.8101566606  
-0.161979278  
-0.9648134918  
-0.1756833325  
-0.4326793849  
-0.7256318221  
-0.653431151  
-0.735138558  
-0.4474162444  
-0.9105582041  
0.01761564819  
-0.7926320431  
-0.6984611822  
-0.3948396704  
0.07227718362  
-0.2563325091  
-0.04243635865  
-0.3367174629  
-0.3002777795  
0.02997019448  
-0.4067048745  
-0.3352465578  
-0.5067557832  
-0.3577561772  
-0.2806685932  
0.8209553609  
0.2307124177  
-0.704718981  
-0.3249765346  
0.4121315694  
-0.4753088235  
0.3744278185  
-0.397238582  
-0.1092373467  
0.2912750373  
0.2172005344  
0.1620999666  
-0.1843861919  
0.1717546372  
-0.3320137027  
0.4622450438  
-0.6939960772  
0.4835891675  
0.5711677368  
0.2885483589  
-0.109126434  
-0.009642993852  
-0.3059169273  
0.6092474561  
0.198789454  
-0.03806277313  
0.1640583605  
0.2886591165  
0.08935602766  
0.07670618066  
-0.406487507  
-0.4254806272  
1.102949137  
-0.3642859289  
-0.00903206942  
0.001368824737  
0.4306842273  
-0.8947197559  
0.08207836321  
0.2542635647  
-0.6066485494  
0.2969440952  
0.09024764478  
-0.3266357923  
-0.2945525469  
-0.4079900743  
0.5673546255  
0.4355780552  
-0.2796573908  
0.04072641569  
-0.3175062595  
-0.1386471272  
0.146576935  
-0.4279645657  
0.1043317932  
0.06417934825  
-0.5258283881  
0.3465567992  
0.2484598585  
-0.2290130283  
0.04611106215  
0.2117420155  
0.289995756  
0.04859905336  
0.03855037521  
-0.3300178769  
-0.2049657835  
-0.3813291236  
-0.141333894  
-0.1637878307  
-0.2619188905  
-0.1825145515  
0.09467425861  
0.1361174803  
-0.6368340174  
-0.2685150212  
-0.1044363561  
-0.5135713198  
0.1152462229  
0.01785331067  
-0.1707638537  
-0.3292756026  
0.3174008254  
-0.1032370838  
-0.05927707932  
-0.5342995357  
0.3165861317  
-0.03498346218  
0.7130566594  
0.04454560193  
-0.004469048495  
-0.6687983178  
0.05941258639  
0.1361339798  
0.642678381  
-0.5620113026  
-0.1383884982  
0.1901499215  
-0.1329407726  
-0.4554866244  
-0.2347529925  
2.582684572  
0.1627232861  
-0.1361241845  
0.1455471915  
0.0668865984  
-0.3865421536  
0.5936908196  
-0.03928991206  
0.6182988276  
0.09529030703  
0.2691079778  
-0.2589782752  
-0.07806626035  
-0.4427164279  
-0.08241918736  
-0.2250282002  
-0.05038890783  
-0.02947512569  
-0.5009723257  
-0.2142810483  
-0.5078959672  
-0.1077881755  
0.7640627777  
0.206266828  
0.4632289966  
0.09116071186  
0.1380774603  
-0.1060692366  
0.7260340532  
0.01264688486  
-0.5315229508  
-0.002515003014  
-0.4208004602  
-0.3806126365  
-0.0421703862  
0.4705059815  
0.3111397342  
-0.2354396897  
-0.2369476828  
-0.1420588303  
0.3747669636  
0.04911692733  
0.637634232  
-0.09453604427  
-0.03407595309  
0.2846575398  
0.8079198852  
0.08809862863  
0.4638813964  
-0.7479900781  
-0.03743315382  
-0.3832724872  
0.01327330453  
-0.163376479  
0.4141979165  
-0.4272578066  
-0.2753979344  
0.1441970976  
-0.329147571  
-0.1276827849  
-0.3299738889  
-0.06312909983  
0.4519602073  
-0.5775846657  
-0.7127887803  
0.3365741135  
-0.5000235182  
0.6235457722  
1.140912166  
0.3783535465  
0.4775043783  
-0.2286443658  
0.376772469  
-0.3893285316  
-0.003083191449  
0.6154984267  
-0.5451288624  
0.01804884797  
0.4742872417  
-0.5268467687  
-0.1670908161  
0.0130927446  
0.07196588964  
-0.3795688742  
0.1036987903  
-0.3766514181  
-0.5055172628  
-0.5382914284  
0.4483303005  
0.2340019649  
-0.8053627586  
-0.4386381086  
0.3141448802  
-0.2131585418  
-0.3512917267  
-0.7796754786  
0.3833135544  
0.3299631174  
0.0684940792  
-0.06711966848  
0.2016499302  
0.2200213951  
0.4621427916  
-0.1113704061  
-0.3608522407  
-0.2809298532  
0.3478654119  
-0.263543953  
0.005006535736  
-0.2247879211  
0.06396228736  
-0.2287035795  
0.4178397305  
0.1652421082  
-0.1608047867  
0.1319838176  
0.2223867623  
-0.0149474773  
-0.208687529  
-0.07234971249  
0.06701012802  
-0.6285080115  
-0.09386116317  
-0.3947306113  
-0.6157771239  
-0.6447710249  
-0.3221954675  
-0.3352451688  
-0.7785110019  
0.0744698822  
-1.234975214  
0.1207925041  
-0.3544872389  
-0.821136528  
0.7337876893  
-0.4243501704  
0.1635672497  
-0.7260756748  
-0.6337287968  
-0.833040429  
-1.740155329  
-0.7116179386  
-1.184696059  
-0.2723174243  
-0.8703893161  
-1.241167009  
1.201870945  
1.468803369  
1.218422153  
-1.06289891  
-0.2974154975  
-2.274171431  
-1.760601384  
-0.642701354  
-1.374828363  
-1.613879646  
-1.417703526  
-1.669527299  
-1.595764514  
-1.013903534  
-1.609321293  
2.313998491  
1.939706083  
1.592654617  
1.275035355  
2.51424792  
1.77392285  
2.620618096  
2.776606083  
1.734422033  
1.978059109  
1.127802453  
1.674518261  
1.53857263  
2.273628447  
0.3043538873  
0.9933118991  
1.569801585  
1.720509617  
3.66075107  
3.088557927  
3.558566411  
4.594497639  
1.206913224  
3.594474264  
-0.2644236347  
-1.686252364  
-0.5665393627  
-1.355149388  
-0.5083366462  
0.1918300114  
-1.315701504  
0.722088012  
-0.4276739882  
-0.5241781873  
-1.210243188  
-1.745999541  
-0.6453648267  
0.03573635596  
-1.434870513  
-0.5306274635  
-0.661302929  
-1.009079668  
-1.018621182  
-0.5076585315  
-0.314159155  
-0.1389641798  
-0.3090374466  
-1.169903632  
-0.2534047903  
0.2134617556  
-0.7020246581  
-0.7947228745  
-0.8596690973  
0.008160591634  
-0.8435865678  
-0.9763482025  
-1.235179756  
0.0604581157  
0.09637426964  
0.06610605231  
-0.05161509006  
-0.2621587695  
-0.144586993  
-1.490463554  
-0.6129518313  
-0.4381744998  
-0.5634171755  
0.03194461819  
-0.8154995658  
-0.7768521367  
1.11829023  
0.764690961  
0.4097478061  
-0.581086458  
-0.40115355  
0.3993537422  
0.839488305  
0.3640768591  
-1.166932656  
0.3119377494  
0.3563873869  
0.02519229561  
-0.433570061  
0.3305601022  
0.4077094826  
-0.2975996974  
-0.1829935682  
0.06807265398  
0.2604954997  
-0.3507358589  
-1.114188065  
-0.4946493438  
-0.3566637536  
0.5183762326  
-1.317817992  
-0.8242541752  
-0.8696572636  
-0.7331173113  
-0.4176166119  
-0.4517592967  
-0.4034399429  
-0.4111155109  
1.86389017  
2.764490159  
0.3158472358  
-0.5649540607  
-0.9628421747  
-0.2223538693  
-0.5052180535  
-0.4221912847  
-0.3221202517  
-0.3906999124  
-0.7299469763  
-0.6914334499  
0.5712112475  
1.369257409  
-0.3702264545  
1.474233282  
1.62839102  
-0.9835847505  
-1.901048347  
1.243955804  
2.109984605  
-0.5879530209  
0.008553955155  
-0.09658431602  
-0.3884585071  
-0.09813622825  
-0.8666152658  
-0.5461360835  
1.463603873  
-0.3232694125  
-1.05995455  
0.6541087749  
-0.915514354  
-0.08130168151  
0.2978828762  
-1.275049813  
-1.792841385  
-2.11847069  
-1.374188636  
-1.280694701  
-1.340487785  
1.964251367  
0.9348527397  
1.611164398  
2.542195421  
2.68171526  
2.090556577  
1.31889883  
0.6985315093  
-0.8185916536  
-0.413539244  
-1.240884107  
-0.7954660954  
-0.4898317979  
0.5315768937  
0.4502198771  
1.062904685  
2.407279292  
2.308241718  
1.955252919  
2.292388551  
2.850858205  
1.424955604  
1.002892556  
0.5270536301  
1.317231868  
0.569516068  
0.8849619529  
0.6080764542  
0.6794202425  
-0.2517680405  
0.9377941838  
-0.533451539  
0.1511189157  
1.198633854  
-1.53661518  
-0.352873037  
0.7576203235  
0.1287221133  
-0.4395507988  
0.8621691312  
-0.8503389471  
-1.161867152  
-1.431066339  
-0.6865388819  
-0.7719811293  
-1.494307328  
-1.136468125  
-1.139181759  
-0.6694384329  
0.1578955652  
-0.5887549038  
-0.2242148778  
-0.7366266261  
-1.032293476  
-1.224734096  
-0.8026650208  
-0.6675594962  
-0.5402538982  
-0.9901369698  
0.05501181482  
-0.5768110791  
-1.221417071  
-1.006773567  
-0.8454200877  
0.3067509095  
-0.7241453189  
-0.4719651915  
-0.7277591751  
-0.4688708764  
-0.9790063279  
-0.5815765161  
0.2232855759  
-0.03513040007  
-0.4479943614  
-0.256309665  
0.2779583715  
-0.8915499037  
-0.7818122366  
-0.2313974756  
-0.4073598655  
-1.516177151  
-2.159163999  
0.6242397496  
0.4540662635  
-0.5024863897  
0.02781812204  
-0.03105201727  
-0.2894860646  
0.3688720561  
0.08823460779  
-1.030823223  
0.6586734505  
-0.0612187527  
-0.6503192569  
1.04992563  
1.615765192  
1.335448938  
0.4462894712  
1.051376812  
-0.6019139253  
-1.646199819  
0.56165165  
1.699520205  
0.4524926513  
-0.7540400086  
-0.9836411438  
-1.033701289  
0.2170227186  
2.530306878  
2.390966837  
1.777115145  
0.1395195261  
-0.1552457894  
-0.6671461049  
-0.5872977864  
-1.264511409  
0.04842110577  
0.3075362408  
0.02450664679  
0.3933174918  
0.4052163968  
1.274158102  
0.6409504969  
2.964709284  
1.730441535  
1.542540981  
2.813863074  
2.005194117  
0.8494217972  
0.8639363471  
0.2086186591  
-0.1253157585  
0.3931647244  
0.5967016707  
0.7415556139  
-1.465798275  
0.1001874037  
1.80951629  
1.86094565  
2.338998434  
2.659414283  
1.362984058  
-1.336342683  
-1.176299752  
-1.651259793  
-0.02889137762  
-1.370840402  
0.1038094975  
-0.8116987343  
-0.7485041786  
-0.5776539353  
-0.9037835068  
-0.1615343602  
-0.2810241612  
-1.244382612  
-0.634913911  
0.4731180351  
-0.9922930793  
-0.956451756  
-0.7303023224  
-0.3226661577  
-0.5267206532  
-0.7743433507  
-0.5455164715  
-1.439629997  
-0.5034858017  
-0.2638056172  
0.01757926691  
-0.9567294046  
-0.9315967511  
0.1217726091  
-0.2299177472  
-0.167490762  
-0.137623709  
-0.1294575371  
-0.7821650224  
-0.4801466027  
-0.2676850189  
0.01318752856  
-0.3655835677  
-0.7283124613  
-0.370978236  
-1.157878179  
-0.6445135851  
0.2171140643  
-0.3349273515  
-0.5101535835  
-0.5802438609  
-0.1482408076  
-0.3607173898  
-0.7230616573  
-0.3115906491  
0.187764299  
0.662415308  
-0.7023626577  
-0.2394389622  
-1.734288191  
-0.4478416669  
-1.109106168  
-0.2117289239  
-1.874098851  
-1.196858135  
-0.9117131273  
-0.7721591847  
-1.382036259  
-1.219490134  
-1.132931031  
-1.351064399  
-0.2069138558  
-0.283356481  
-1.087111015  
-0.9283909916  
-2.308298489  
-1.62311935  
-0.2331629099  
0.4598193134  
1.287233868  
2.258929858  
1.905804486  
2.00812019  
2.809261639  
2.853270763  
0.9700769002  
0.3477927109  
1.864347619  
2.180161062  
1.077390067  
1.644852247  
1.38300045  
0.4095484897  
0.770667735  
1.098335669  
1.544646214  
-0.1800795214  
-0.6892113537  
0.04160380207  
2.465597357  
2.399143763  
2.331610242  
1.640009868  
-0.01718646168  
-0.2188110737  
-0.7475782212  
-0.3126801644  
-1.473725065  
-0.6260751523  
-1.878944944  
-1.770120573  
-0.994847176  
0.3719224326  
-1.742475569  
-2.019125931  
-2.292329682  
0.4690073284  
-0.1582601197  
0.07530749637  
-0.03000747764  
-2.036256044  
1.549458269  
2.699679397  
1.712464757  
2.661436855  
0.9601245304  
1.659245534  
3.230444333  
1.160778695  
2.10171105  
2.52050474  
1.937893941  
1.390182296  
2.083942697  
1.072426782  
0.8187453515  
0.8998400808  
-0.208594612  
0.9784868059  
-1.331788457  
0.2755338287  
-2.197992329  
-0.2444959899  
-1.474256531  
-1.791286358  
-0.05854590855  
-1.165583267  
-1.639919689  
-2.195432594  
-1.135725572  
-2.038625159  
-0.6275109326  
-1.070924355  
-1.532213999  
-1.263678938  
-1.106448152  
-1.42874621  
-1.240035343  
-0.5919098303  
-0.9647288124  
-2.188848998  
-1.104659294  
-1.271657416  
-0.6139583727  
-1.467076199  
-1.501099328  
-1.021850301  
-1.151821439  
-1.224648517  
-0.5460095343  
-1.013125954  
-1.293726626  
-1.338439405  
3.33954823  
0.9275957705  
0.4503264353  
1.839728415  
1.18754686  
2.855197164  
1.115077675  
0.6439784523  
1.572681359  
2.427121778  
1.77871825  
1.998795082  
2.419300535  
1.095587691  
-0.4947616982  
0.2753945761  
-0.3278378079  
-0.465931345  
-1.473325006  
-1.809399971  
0.07363924579  
0.4756331549  
-0.5411321365  
0.2510275359  
0.3072513081  
-0.1659584001  
0.1757361958  
0.3744417523  
2.125965784  
2.784883303  
2.035571334  
3.038389973  
0.2184165754  
0.8801331267  
-0.1091909023  
0.909994914  
0.05833508895  
-0.9401762529  
0.7338997922  
1.636218384  
-0.8446147003  
-0.5505307282  
-0.9959440558  
-0.5732217288  
-0.3083285308  
0.09339741726  
-1.580545338  
-0.2735779466  
-0.5967844864  
-0.6046032941  
-0.6817593263  
-0.3118335446  
-1.218339547  
-0.9338844853  
-0.6744884143  
-0.7213788032  
0.6550990241  
-0.5790261671  
-0.6126967116  
-1.190457668  
-0.2931653585  
-0.7932649753  
-0.9039630331  
-0.03598725409  
-1.021693337  
0.2168739941  
-0.4359598015  
-0.501631204  
0.1393415428  
-0.4176718248  
0.01229907896  
-0.2432541061  
-0.7217756337  
-0.4180785786  
-0.5241679364  
-0.1997285493  
0.01484928039  
-0.7465376753  
-0.3405633458  
-0.791152436  
-0.9503571102  
-0.06122500925  
-0.5036066526  
-0.9220690911  
-1.350651277  
-0.755399629  
-0.9983176366  
-0.6426097706  
-0.8924595565  
-1.167730812  
-1.664807358  
-1.946314862  
-1.317808362  
1.573820668  
2.776360057  
3.081600213  
2.694804776  
3.38433099  
3.099189734  
3.488666307  
1.445521868  
0.8109873204  
0.7482076716  
-0.1699130662  
-0.620941042  
-0.8683245515  
-1.189100654  
-0.4456641555  
-0.7463084216  
-1.185005318  
-0.7784918788  
-1.071171584  
-0.7579735311  
-0.9198004704  
-0.8671902668  
0.285085429  
0.1801071066  
-0.6509295828  
0.4641589139  
0.568168234  
0.9939285849  
0.6992581786  
1.578163135  
1.457556675  
2.466157606  
0.8109760063  
1.808847614  
-0.5192094783  
-1.250958718  
-1.215349884  
-0.7026308016  
-0.1322217057  
-0.638775048  
-1.537986931  
-1.41253953  
-0.9491499273  
-0.4983657051  
0.6310912882  
2.244597101  
1.923109712  
2.02131944  
2.208497004  
1.953534201  
1.949028647  
1.547481274  
0.1066253068  
1.154559804  
0.2859066006  
0.01302427632  
-0.6915739942  
-0.1410340428  
-0.5794489706  
0.02121783738  
-0.3512837604  
-0.5031673855  
-0.5915678441  
-0.1751618708  
-0.2941763874  
-0.1189133957  
-0.6351448572  
-0.3270089602  
-1.086838501  
-0.5933753797  
-1.098964569  
-0.7837200232  
-0.4632652468  
-1.239752627  
-0.4862141383  
-0.2190909212  
-0.8690770139  
-0.6426408481  
-0.2538796337  
-0.6880802895  
-1.077947735  
-0.3948553789  
-0.8463880757  
-1.26093391  
-0.9699200794  
-0.5602125476  
-0.8001231936  
-0.9023515351  
-0.332790572  
-1.48935613  
-1.494992864  
-1.108551001  
-1.598412192  
-1.312836484  
-1.742038691  
-1.390314061  
-1.071636537  
0.1537277053  
1.918629651  
1.727099273  
1.330727616  
1.218617249  
-1.12477668  
-1.587096812  
1.261138342  
1.748828692  
1.331687646  
1.224074868  
1.536241658  
1.320446149  
-0.1255272681  
-0.3127161749  
-0.3090601692  
0.6216126738  
-0.3407979319  
1.478261724  
1.553394698  
1.770635811  
2.191343583  
1.440098675  
0.2088886125  
1.665724267  
1.387432192  
-0.2429549943  
-2.059328071  
-0.2794052125  
0.009489149698  
-0.3712958794  
-0.9599472054  
1.405295595  
0.5157237323  
2.259638643  
1.51376446  
0.8156005637  
0.1793203882  
0.1372204113  
0.000248896658  
0.1983511998  
-0.4028009042  
-0.8924618737  
-2.290672122  
-0.6219559983  
0.8685082298  
1.57024088  
1.579549267  
2.082173955  
1.054940704  
0.9287132004  
-0.7658596904  
-0.2531295638  
-0.8000969593  
-1.060207519  
-0.711753895  
-1.04378105  
-0.4572827314  
-0.4155226675  
-1.635135019  
-0.7818198053  
-0.7102541587  
-1.996768744  
-0.1360764225  
-0.451468216  
-0.5642097751  
-1.493905752  
-0.3366885708  
-0.5290610209  
-1.060792463  
-0.9653027942  
2.086323536  
-0.5738268568  
0.7536979371  
1.155292744  
1.759734204  
1.095136732  
0.3461797761  
0.805762908  
0.3134801842  
0.859618603  
-0.6637599082  
0.2233217496  
0.3242185996  
0.4812499505  
0.4050030287  
-0.4427423509  
-0.7083024732  
-0.8135091849  
-0.8900938573  
-0.4960539472  
-1.425099927  
-1.477611806  
-1.301672706  
-0.5964031546  
-2.195886565  
-1.437620226  
-1.084609762  
-0.4389718051  
0.2216907102  
0.4245927035  
-0.08411356618  
-1.216105688  
0.004008570084  
1.153765903  
2.075304059  
0.9995323349  
2.14698892  
0.8641979672  
0.02006378829  
1.414816978  
0.6382872376  
0.4470739969  
-0.8099689524  
-1.382731313  
-1.236148486  
-0.7525805821  
0.9370514984  
