0.01976816874  
0.9452847021  
0.6783750777  
0.2330416782  
0.7237078557  
-0.4123660313  
-0.08599738647  
-0.5367884631  
1.062192947  
0.9175181159  
-2.733833562  
-2.006363365  
1.245233648  
0.49329922  
0.1779597522  
0.08774478662  
0.1624035686  
-0.5425652938  
-1.399415654  
-0.04983090496  
0.9210491113  
-0.3233571712  
-0.0754556212  
0.4663346131  
-0.2742731217  
0.2195243927  
-0.5402643006  
0.03914882782  
-1.26710121  
-1.03864658  
-1.170988551  
-1.204455626  
-1.159926458  
2.108739441  
1.407652138  
-0.07195366756  
0.6728889902  
1.546341373  
0.6940342447  
0.6175104732  
1.127553505  
-0.05901738035  
1.380476802  
-0.6946283483  
0.05186345026  
1.024133777  
0.9522714441  
-1.345371107  
-2.294804719  
-1.514813267  
0.5170222397  
-0.1218446254  
1.113900653  
-0.521854772  
0.2092480552  
-0.9081891421  
-1.291260819  
-0.5042940868  
-1.217842522  
0.6322660831  
-1.037128758  
0.403394943  
-0.9929150249  
1.02418286  
-0.01597881038  
-0.9266010082  
0.5201196281  
0.02150562704  
1.336298154  
-0.3834297883  
0.3124269411  
0.08317886192  
0.8733380095  
-2.314973787  
1.904129651  
-0.1560292995  
0.1842476169  
1.008645993  
-0.2984585539  
0.2425683654  
-0.8663107815  
0.05087044538  
0.4789525995  
0.3984495565  
-1.82733744  
-0.2685063499  
2.715600879  
-0.8400244269  
0.05728279188  
0.7154064412  
-0.3500733426  
0.5699061839  
1.274049594  
-0.2285528876  
0.9073296996  
0.4332604447  
-1.855033671  
-0.291796817  
-0.602911876  
-0.5162561527  
0.7935329469  
-0.2598095498  
2.021661431  
0.9024132033  
0.619841835  
-0.1183454755  
0.1915600654  
0.6786121404  
-0.1724288224  
-0.3888616454  
1.11710862  
-0.4274805814  
-0.07542599486  
-0.3069927513  
0.1218722388  
-1.032947605  
-0.6070493415  
-1.043824724  
0.7830106176  
0.08637571066  
0.4778829252  
-0.327396102  
-0.4056320477  
-0.4910807307  
-0.4499424853  
-1.629093157  
-0.682648838  
1.057091965  
0.3486878697  
0.3846046882  
0.3274214182  
0.5919277041  
-0.3774362389  
1.224406024  
-0.3098660503  
0.2532541323  
-1.116164275  
-0.6854465755  
-0.3848449178  
0.7466814002  
-0.577721633  
0.009456031225  
0.704126163  
0.0729301226  
1.055723496  
-0.655592072  
0.5432479386  
0.8118213028  
1.522544687  
1.33771836  
0.5566603199  
0.1618304968  
-0.9610424048  
-1.722291926  
-0.6406982862  
0.2038746453  
-0.1168498263  
-0.994443148  
-0.6287854194  
-0.2547693689  
-1.190267182  
0.5892636726  
0.313512047  
-0.38206057  
0.4038562257  
-0.4690340222  
-0.7405761011  
-0.8080899072  
-0.4046354748  
-1.143989031  
-0.1358502055  
0.5810907922  
1.157767035  
-0.3839162527  
0.968657882  
0.4296634584  
-0.06931975065  
0.7469633763  
0.1152802143  
0.1542324877  
-0.06190403339  
-0.7962418776  
0.3167764722  
-0.3142253737  
-0.6858386837  
-1.546706751  
0.07814064291  
-0.1311098686  
-0.231907098  
0.4011572621  
0.2462442002  
0.837330336  
0.3599406862  
0.4397471641  
-0.3287176839  
-0.4618002759  
-0.6508533806  
-0.06088391643  
0.4943604938  
0.2722472704  
0.2273796462  
-0.6962208993  
-0.7382753219  
-0.1044856368  
-1.080217867  
0.8121314902  
0.339169711  
0.4057291139  
-0.3570465436  
1.423741755  
-0.7886872455  
-0.6941359558  
-0.2669095565  
-0.2723676254  
1.183619478  
0.8905040882  
-0.9759063433  
-0.2563609915  
1.226824119  
0.2049076371  
1.210522498  
0.4972130974  
0.4988472656  
-0.2568717438  
0.4877304223  
0.4542819449  
0.2603026354  
-0.1515760616  
0.3047629138  
-0.1856824826  
-1.187429163  
-1.279831773  
-2.057718617  
-0.3772431364  
-0.4390729972  
-1.262826879  
-0.2554820109  
-1.662078977  
-1.085925459  
-0.3125742702  
-0.9202323171  
0.1101329287  
0.8858028682  
-0.005811074354  
0.04743245889  
0.2989644176  
0.06597850796  
-1.173422112  
0.3504548622  
0.743791708  
0.8657360467  
0.5576714631  
-0.6377148258  
-0.09555027649  
-0.694215235  
-0.2867575303  
-1.698627465  
-0.5693914993  
0.4833227039  
0.1168811944  
0.2281515839  
0.5247969426  
1.02361362  
0.8275456885  
0.4615063914  
1.614312407  
0.8342127256  
1.181340969  
0.3437162818  
0.9649873233  
0.1159772963  
0.3171507659  
0.8916261449  
0.8373783259  
0.04285735636  
1.119096692  
-0.9296909409  
-0.2502448802  
-0.5431836938  
-1.484858463  
-0.8150625261  
0.2644019346  
1.191700266  
-0.1981719833  
0.3094732301  
-0.6520063916  
-0.2387846044  
-0.4802786122  
-0.04828918922  
0.7117453126  
1.101795699  
0.1543470139  
0.5334420717  
0.1431022783  
-0.4416155901  
-0.02352150646  
0.8448399172  
-0.8642860712  
-0.9886489074  
-1.507475231  
-1.352094505  
-0.1285755805  
-0.609628913  
0.5003967543  
-0.4727971964  
-0.7994036927  
0.3691813598  
-0.3876182866  
0.6591244538  
0.3793145593  
0.9851698165  
-1.289191666  
0.3816818922  
-0.07259097779  
0.8159664549  
0.0365608603  
0.4896356637  
0.1142171051  
0.256865808  
-0.08883162048  
-0.2166372906  
-0.3276278522  
-0.1616758628  
-0.3500870726  
0.5643203659  
0.3299349932  
-0.03124885414  
-0.3511350287  
0.3133075111  
-0.4673451933  
-0.4921675172  
0.3485542342  
0.678992757  
-0.6709835927  
0.4973380525  
-0.04063181581  
-0.5150269787  
1.492461724  
-0.2188447429  
-0.7585693891  
0.4961818595  
-0.1164817519  
-1.379669082  
-1.519994322  
-0.5433519809  
0.1964509639  
0.7935614658  
0.4224775638  
0.6147228739  
-0.2519636208  
-0.8188208707  
0.6200295942  
-0.3254677  
-0.0245608698  
1.051894722  
0.2895676746  
0.1716909492  
-0.2503637417  
0.06337553417  
0.01506535582  
-0.3298542701  
-0.2082777469  
-0.7300233244  
-0.5129786557  
1.220240459  
-0.05937071371  
-0.2373816324  
-0.03780236319  
-0.8484766252  
0.2315133214  
-0.1186732473  
-0.346375462  
0.2483259351  
1.279555828  
-0.3863309955  
1.239390309  
-0.08009808214  
-0.6377523504  
0.2519219441  
0.09299443526  
1.104285852  
0.7487345422  
0.04114140903  
1.443629763  
0.7082993747  
2.228311966  
0.673459735  
0.3364029027  
-1.470032936  
0.02198252685  
-0.4717962879  
-0.8325698125  
0.2348840777  
0.02977165812  
1.034431494  
0.3393642333  
0.1438608332  
-0.7611268692  
-0.3677898081  
-0.5547473295  
-0.5355628802  
-1.251203807  
-0.2451722428  
-0.01284967468  
-1.198468567  
-0.5503311383  
0.3279676341  
0.6691545745  
1.145375425  
-0.1785264837  
-0.6844070214  
-0.2024843388  
-0.203041691  
-0.06560194816  
-0.05896437654  
0.1471949212  
0.4721603242  
1.02499208  
-0.2988712625  
0.1673492192  
-0.2866889983  
-0.3855557148  
0.005943736242  
1.214621541  
0.2127908343  
0.5601796706  
0.3023348504  
0.0516937356  
0.3473214268  
-1.143452854  
-0.6686131815  
0.547909146  
-0.06364444943  
-0.4775635732  
0.192039086  
0.3346089731  
-0.5385479553  
-0.5078620794  
-0.8596263812  
-1.071346449  
0.06352449498  
-0.7468290272  
-0.8786733543  
-1.084665612  
-0.3845303057  
-0.02659946467  
0.2489767705  
-0.1531267076  
0.5303168395  
0.2949269841  
1.341587289  
1.097356545  
-0.06317052038  
0.9047547859  
0.04891092724  
0.9554030783  
1.007494204  
-2.216726788  
-0.6310556907  
-0.1709532782  
-0.6888245624  
0.428650566  
0.6349372946  
0.1873479728  
0.0792878044  
0.7133560436  
0.9282274173  
-0.4059983801  
1.092665708  
-0.1415761921  
-0.9193754304  
-0.4365611135  
-0.208962684  
0.4483137665  
-1.056695133  
0.1708000146  
-0.3485581094  
-0.7285275544  
0.0109053147  
-0.3875277679  
0.00440601977  
-0.2918716847  
-0.5370689704  
0.2402721558  
-0.2985228028  
0.0278380713  
-1.009635472  
-0.217985158  
-0.2177593014  
0.403426566  
-0.8942366856  
-0.1024346947  
-0.5005808857  
-1.214078691  
-0.9533633936  
-0.965879631  
0.6059751081  
0.9961484922  
0.4431257442  
0.540120674  
0.8702248495  
0.3531558399  
-0.3187406324  
0.7517683843  
0.3725786839  
-0.8706044099  
0.1044263558  
0.3198990556  
-1.633910576  
-1.746609037  
-1.001987893  
0.3048173186  
0.1235489933  
0.210169194  
-0.2237551043  
0.6694744367  
1.33622665  
-0.1820905169  
1.387498309  
0.9727096134  
0.4172771341  
0.3921074283  
-0.3504629937  
-0.8334893259  
0.7921292375  
0.3931041695  
-0.6496904203  
1.703782575  
-0.3647997948  
-0.08169775407  
0.7776563267  
0.3532538257  
0.5569372306  
-0.2564915814  
-0.3822228133  
-0.3354292627  
-0.303690117  
0.2492219511  
-0.2949847276  
-0.1063735799  
0.0605953708  
0.6292113389  
-0.01382607191  
-0.6919316743  
-0.3879210972  
0.8777904285  
0.8953021993  
-0.3883990543  
-0.3289373007  
0.1827054309  
0.8685296738  
-0.4642648812  
1.090282044  
0.9686482096  
-0.05766829721  
-0.4734299047  
-1.139523041  
0.5460930525  
-0.4793714345  
0.05879552702  
-0.8180300098  
-0.7367123493  
0.886059379  
-0.01087192583  
-0.3033896322  
-0.8167764499  
-1.459803175  
-0.1632523434  
-0.2205526474  
0.3211153592  
-0.05244994679  
0.09633931534  
0.7211568264  
-0.9250893189  
0.2089920854  
-0.1215531149  
-0.3543692152  
0.237790858  
0.05843746204  
0.4143414238  
0.3810764412  
-0.4594379913  
-0.2842058391  
-0.3910164483  
0.7382863225  
0.4203032822  
0.2090077028  
0.005616844199  
0.4432252589  
-0.4052003586  
0.5332841001  
0.8220864773  
1.026491228  
-0.9526358377  
1.066335799  
-0.2248685083  
-0.9110729264  
-1.297703341  
1.22090991  
-0.08912436119  
0.7846347381  
0.8480983474  
0.3978730097  
-0.1975563717  
-0.8041720396  
-0.8130285873  
0.4771088948  
-0.02947040198  
-0.1301906315  
-0.107440496  
0.2442391271  
0.5707018563  
-0.1420619318  
-0.05993136962  
0.44012806  
-0.3469234238  
0.3318279412  
0.379216918  
-0.0138297231  
0.351860871  
-0.1851463343  
0.2524010201  
1.590297563  
1.99047193  
0.5996844844  
0.2448944433  
-0.2968373027  
-2.78037467  
0.09703914386  
-0.7953979527  
-0.004828862344  
-1.904656101  
-2.129585844  
-0.1857364501  
-0.5377130042  
-0.4599474639  
0.4465532591  
-0.0423890257  
-0.1169411392  
0.1481734938  
0.6263343995  
-0.2317462884  
0.1357423531  
0.155899149  
0.3771342976  
0.3280597543  
0.7470190078  
0.1270904647  
0.4500176624  
-0.08420873359  
-0.4862391619  
0.8259637377  
2.008499541  
1.481402891  
0.6700405435  
1.208427327  
1.469266221  
1.021296635  
1.023613847  
1.374283113  
-1.096724405  
0.913209148  
1.072348175  
1.779794959  
-1.758825706  
-0.004119241504  
0.5921104163  
-0.597558045  
0.3859885653  
0.5818362045  
0.05541551665  
0.3801288208  
0.1025458228  
-0.1327553884  
1.493699907  
0.9265189154  
1.477865547  
-0.1978765832  
-0.2177219042  
-1.319663644  
1.173151125  
-1.050955745  
-1.422362417  
-0.09150836677  
-0.1761450785  
-0.01693602874  
-1.292829138  
-0.1579023231  
0.4711705911  
-0.6019624829  
-1.682055458  
-1.798289648  
-0.07679723644  
-0.8988615308  
-0.7899562389  
-0.8077497184  
-0.9451922187  
-0.4892249757  
-0.3500442112  
-1.490540854  
-1.213521697  
-1.507729283  
-1.996236437  
-0.9279032403  
-1.520793418  
-0.2829634129  
-0.3284700436  
-1.392048246  
-2.164670636  
0.4575906076  
-0.3502132243  
-0.7880622572  
-0.5407470137  
-0.2261067511  
0.09312116655  
-0.1730087821  
-1.399594368  
-1.148516608  
-1.591025333  
-2.794465142  
-0.5293900534  
-0.5596014053  
0.3030737802  
1.199906364  
1.57676894  
0.9115699151  
1.440652231  
0.443370494  
0.6875201948  
-0.1061767325  
-0.08216000738  
0.3113902858  
0.8526388681  
0.1243342142  
0.6787289828  
0.06089052375  
0.9550995203  
0.3456616414  
0.2601469241  
-0.1385489837  
1.753864082  
-0.4209733524  
-0.1019432718  
-0.3508513183  
0.3228720627  
0.9744481523  
0.6169614363  
1.663010503  
0.9827161334  
0.2517021535  
-0.5881277603  
0.4131278687  
0.5424804473  
1.184792823  
-0.04788215951  
-0.06317491833  
0.02649967945  
0.6719055203  
0.6334151042  
0.7312108787  
-0.03341540359  
-0.0002458612177  
-0.1154598721  
-0.8043562571  
0.1014058686  
-0.6248319885  
0.04249137681  
0.3486623415  
-0.5506692594  
-0.1453730123  
0.6032368845  
-0.2871058594  
0.4761820644  
-0.326021879  
0.7277316427  
1.581082071  
-0.662291583  
-0.2445434257  
1.248491651  
-0.02868619859  
-0.3174909133  
0.7658463318  
-0.7801683391  
-6.347843985e-05  
-0.7334868428  
-0.009823138851  
-0.1590547886  
-0.565123063  
-0.2885384212  
0.4460433669  
-0.2455485441  
0.3676027648  
-0.4331376207  
0.006124207376  
1.235603091  
0.3094049848  
0.5998800764  
0.182337552  
-0.5266108887  
0.1889111748  
-0.5245355487  
-0.5162951247  
-0.3573727615  
-0.9652419128  
0.2860262309  
0.0338626883  
0.4438215942  
-0.9117521072  
-0.9739814942  
-0.2773305046  
0.2547650825  
-0.4247934096  
-0.08909690612  
-0.2216961655  
-0.04814522301  
-0.02833459822  
0.3328966653  
-0.4626812059  
1.335334631  
0.8048848092  
-0.5709954382  
-0.07525648532  
-0.1088306117  
0.1875824526  
1.615949635  
1.428349555  
0.5272289057  
0.111885752  
-0.4118677324  
0.2711408395  
0.1052134873  
0.01339357132  
-0.7747045443  
-0.1111277469  
-1.419240442  
-0.5865432598  
-0.184676714  
-0.3990736447  
-0.796076448  
-0.531029915  
-0.5723538208  
-0.3015098157  
0.2606581228  
-0.2854778672  
-0.1582019009  
-0.957335672  
0.580112128  
-0.3552695153  
0.01787444401  
-0.4057493391  
0.385168157  
0.3603520706  
0.1452959178  
-0.08726795094  
0.479499627  
0.5926735808  
0.521277694  
0.4185532497  
0.6252169408  
0.483618886  
1.007163685  
-0.2949837722  
-0.01393831614  
0.2452351847  
-0.6210401714  
-0.6823845758  
1.259841235  
0.3170329284  
-0.4649198452  
-0.676343182  
-0.1684667665  
-1.129325249  
0.4201800221  
-0.6206079107  
-0.1717658617  
0.2286363712  
0.8521650701  
-0.05975062264  
0.9082470447  
1.026713262  
0.1963249833  
-1.146602951  
-0.9429316746  
-0.2667656252  
0.3604655041  
-0.3687092612  
0.1784092802  
0.8923772541  
0.6763658089  
0.5275952662  
-1.194448509  
-0.1901978135  
-0.3326572606  
-0.8713539126  
0.07121361315  
-0.762171779  
0.1284050669  
0.1574158216  
-0.0810166958  
-0.2565597126  
-0.2252208498  
0.6614230988  
-0.1284718076  
-0.05318002799  
1.21421302  
0.01657737836  
0.0544619076  
0.03497597947  
-0.08457087856  
-0.2595708945  
0.7809077509  
0.3385381465  
0.4497886066  
1.511412784  
-0.9103962081  
-1.005514777  
-0.2542730374  
-0.3448175348  
-0.4915189076  
-0.5265620301  
-0.7144896482  
-0.4998956051  
-0.7864259415  
-0.5306725215  
-0.5512946924  
-1.237799541  
0.485901786  
0.6357789788  
0.106484665  
-0.6050066508  
0.3815146417  
-0.1913347381  
0.1368226268  
0.2028226942  
1.262802921  
1.062648656  
1.410172657  
-0.9624005363  
-0.7119296462  
0.2546083782  
0.1088545426  
0.9984815438  
0.6120369007  
-0.09286046203  
1.487237158  
0.7006100768  
0.3124298048  
-0.4259142695  
0.1374768685  
0.1039693993  
-0.6570898835  
0.2900265452  
0.02163083462  
0.5472207809  
-0.1559955424  
-0.2427703189  
0.5522337423  
-0.8766519536  
-0.7994102001  
-0.6290232117  
0.1113853793  
-0.2825195504  
-0.03911077732  
-1.069437989  
-0.530790382  
-1.260168319  
0.062379656  
0.3952640864  
0.07327214261  
0.474569176  
1.073690675  
-0.3486512428  
-0.1052085738  
0.2515042253  
1.466933957  
-0.01157706105  
0.0364720799  
-0.5004288954  
0.74440376  
-0.2986208278  
0.08090071531  
1.374759287  
0.7956757361  
0.03579592385  
0.765345668  
1.87488478  
-0.09614855605  
0.0009091725452  
0.3477921296  
0.1042381603  
0.3588083688  
-1.123596079  
0.01736203107  
1.169125138  
0.8534974973  
-0.2059246467  
0.569132323  
0.9676562735  
0.2189802861  
0.6607148532  
-0.05994097731  
0.5870408565  
1.523158164  
0.04427886801  
-0.1119044173  
0.7270073596  
1.920969211  
-0.9011356204  
1.785860922  
-0.04634156511  
-1.540579339  
-1.538694167  
-1.576039591  
-0.6423598777  
0.6411547899  
0.8000931402  
-0.05628887345  
-0.3444333394  
1.169774391  
-0.04875717761  
0.5037919663  
0.6149795263  
0.3596993454  
0.4639152978  
0.7687193318  
-1.649490609  
-0.7623781659  
-0.9893538881  
-1.485074265  
-1.90038032  
-0.5133615991  
-1.302905952  
-0.05946438191  
-0.5236199289  
-0.6871212942  
-1.211612143  
-0.8061259238  
-0.3676690009  
-1.660575601  
-0.6190825549  
-1.579255785  
-0.0234315323  
-0.2654938104  
-9.959080546  
0.4374898032  
-0.307913032  
-3.573213103  
-2.946006887  
-1.495007682  
-0.927990156  
2.151814098  
-0.624611672  
0.730019835  
1.158359744  
1.899496273  
3.171129131  
-0.9273395187  
0.06287277944  
1.377743785  
1.207528873  
-0.49020666  
-0.3946459841  
1.567929619  
0.4418172587  
-0.252627678  
0.8806454619  
1.312639086  
0.5003213048  
-0.05805343273  
0.05663913363  
1.331149013  
0.7961197261  
0.3167790314  
-0.1688471923  
-1.102534265  
0.7069445401  
1.475536033  
0.05884966271  
-0.3482566224  
1.484078281  
0.3734713704  
-0.2956764084  
-0.2612640639  
0.9470088761  
2.189761517  
0.8515423454  
0.1770841984  
-0.4021868231  
-0.3368033856  
-0.4983101154  
0.5490902535  
0.1669203668  
0.4841269294  
-0.5337610813  
-1.200133079  
1.020078222  
-0.2735992392  
-1.019776234  
-0.2974457189  
0.2188076077  
-0.761214898  
0.1666070963  
0.205432787  
-0.5197867049  
-0.6982861525  
-0.1492382659  
0.822857461  
1.105379781  
-0.9355965155  
0.7490115453  
-0.3375980611  
0.1808655697  
0.2751553297  
0.02732843684  
-0.1428799966  
0.5069523015  
0.575242898  
0.6994046615  
0.165018746  
1.398816591  
1.748687918  
-0.02068141018  
0.8629399573  
0.4817006642  
-0.9533497156  
-0.3555480445  
0.5482595961  
-2.763128424  
-2.93788218  
0.1353320674  
0.536299962  
0.7306594717  
-0.2436423441  
0.6093768175  
0.8281292658  
0.553394554  
1.016012909  
1.256952596  
0.3342528093  
-0.1439307341  
-1.918772843  
1.19044566  
-1.810766386  
-1.551955469  
1.525111662  
1.628006926  
-1.46609805  
-0.6893084  
-0.6378490502  
0.4028768765  
0.5054070233  
1.591964416  
0.8505726634  
0.8569998218  
0.4066573878  
-0.5789919456  
-0.5216443528  
2.300636844  
-0.4066247139  
0.8054605776  
1.873819584  
-0.5991526912  
0.2817666805  
1.476470838  
0.1738746793  
0.6023567113  
0.6088657104  
-0.3775992482  
-2.127081298  
-1.85232307  
-2.080969896  
-1.832921701  
-0.9765858992  
-1.652217127  
-1.019100157  
-2.275374106  
-0.2497185967  
0.08343465303  
-0.1837759115  
-0.4852953504  
0.4280255124  
-0.576213391  
0.4674584166  
-0.4758918703  
-1.352226481  
-1.81407539  
-1.482810486  
0.7033159353  
-0.5332932356  
-1.740641775  
-1.880407249  
-1.50639863  
-1.770120169  
0.5501619783  
-1.15450312  
0.5077592707  
-1.413064811  
-1.083555408  
-0.6594714886  
0.4134461626  
-1.821694386  
-1.143485357  
1.374549583  
0.8419523276  
1.058001461  
0.8344172377  
1.263799266  
0.6614859329  
1.810731322  
1.894142912  
1.184561237  
1.590923574  
1.803374113  
0.2521507425  
1.139195579  
0.9044566309  
-0.4732846925  
-0.5950802033  
0.4903874077  
1.316306354  
2.124352569  
1.186231577  
1.513893638  
1.331888544  
0.0227205849  
0.81178696  
-0.1998648671  
1.335010126  
-0.5313085504  
0.3240883451  
1.347736647  
2.036244781  
0.19267421  
0.8493495044  
0.583711734  
1.204761644  
0.3264711783  
2.103543049  
0.8740741128  
0.8468351664  
0.1013315832  
-0.03794111874  
0.08747556013  
-0.8366663399  
0.09984298254  
-0.2355214489  
-0.1328502616  
-0.5972636566  
-0.1914423386  
-0.9779199337  
0.1540221575  
-3.20963486  
-1.359972581  
0.5715536271  
0.3006640099  
-1.769481165  
-0.4359811407  
0.1326754088  
0.2246882873  
-0.5758422319  
1.469312402  
1.166607778  
0.003999418357  
-1.885961604  
-0.6291238866  
0.8662936746  
0.188976515  
-0.7392672089  
-0.0162914821  
0.7295750103  
-2.264184922  
-0.8369785619  
0.264702186  
0.6644087618  
2.077133957  
-0.06707465979  
0.7053693748  
0.03293520334  
-0.07802095141  
-0.9007281493  
-1.545616223  
-1.033316335  
-1.040218309  
0.6221926124  
-0.6339498019  
-1.278607665  
-3.562296585  
-2.782749267  
-0.9211216837  
-1.531085506  
-1.479205187  
-2.081249967  
-0.6321439946  
-1.577753082  
-0.7595854647  
-1.421781434  
1.224910335  
-1.24418208  
-1.845089446  
0.04626662727  
0.4898147646  
-0.3136597968  
-1.295810471  
-1.221963651  
-2.176665381  
-2.074749788  
-1.478398408  
-1.807631065  
0.2997438186  
-0.6681108795  
2.3013884  
2.266185588  
2.024784496  
1.591662897  
0.9756151081  
1.085890956  
1.110047386  
0.7804097861  
0.9942798184  
0.281444989  
-0.8005664616  
1.610178102  
-0.007748274485  
1.618898969  
0.7110814155  
-0.3301129295  
1.328639258  
1.080959367  
0.5256377441  
-0.1492985659  
1.434324501  
-0.4768886958  
0.3291266939  
0.3677749929  
1.013748065  
0.08662326797  
0.083163157  
-0.6495962054  
1.175727087  
-0.8623566974  
0.3791026911  
0.2803432814  
-0.7011400962  
0.5064991898  
0.4585149323  
0.3479728189  
0.3288410702  
0.8217459072  
-0.03596541181  
0.7482456846  
1.357622005  
1.753228824  
1.847866544  
-0.7630338885  
1.456845812  
0.2627840021  
-0.1536041934  
0.736762707  
-0.1499200826  
-0.4730568197  
0.112897487  
0.2857991126  
0.4703856657  
0.7069602152  
0.9599989106  
-0.5691180311  
-0.9541793119  
0.6635500417  
0.9572021238  
1.595985183  
2.891214362  
2.14063805  
0.8672549534  
0.6833475975  
1.555905998  
2.362195613  
-0.6075043735  
-0.7815367076  
2.343789896  
0.6622548977  
-0.5373859136  
2.222031714  
1.314982182  
-1.751921455  
-2.289638759  
-0.8970075146  
0.473371478  
-0.4553948108  
-2.724535247  
-2.238327109  
-2.668231413  
-1.31419053  
-1.031120864  
-1.147224655  
-2.17642679  
-1.242381459  
-0.8400994474  
-1.833586617  
-0.5890445489  
-2.143147134  
-0.3665472932  
-0.6339840673  
-0.1184963082  
-0.0007611205349  
-1.843234723  
-1.428463267  
-1.641120268  
-1.224101369  
-1.732423067  
-1.115989739  
1.213782178  
1.422823536  
0.1203626384  
-1.149238232  
2.05306076  
3.416100385  
0.9740264284  
-0.366547975  
1.708167797  
1.708400256  
-0.3229176462  
0.9199769082  
1.189826186  
-0.2752522172  
0.3250264018  
1.587074061  
-1.265146185  
-1.473410364  
0.3386101494  
-0.4548168389  
-1.034375083  
-1.810848219  
-2.003939195  
-1.39786994  
-1.725267378  
-0.3845424641  
-0.8189780592  
-1.194146565  
-2.583733291  
-3.773143193  
-1.861634105  
-1.329314652  
1.286895142  
0.174372043  
1.774123841  
0.7167003412  
1.584120743  
1.247283595  
1.675461047  
3.298462654  
-0.1898240717  
2.659221628  
2.097219815  
0.8338599537  
1.047024274  
1.344579572  
0.6391912659  
0.5407594655  
-0.06845268928  
0.2660956402  
0.5717655543  
1.242782878  
0.07875639219  
1.046918715  
0.8970652864  
0.6340224411  
0.524089478  
0.183760289  
0.9343996731  
0.09174148409  
1.026624283  
0.5577559991  
1.101346094  
0.7410690885  
1.173726258  
0.3301137774  
0.3013197825  
1.647618631  
-2.492018399  
-3.170760267  
-1.049942747  
-0.8608318007  
-1.078008633  
-1.579723361  
-0.7021998484  
-1.305065902  
-0.07124061601  
-2.008323372  
-2.156726225  
-0.8830311201  
-1.730784009  
-1.376124309  
0.3100700966  
1.627479327  
1.956321192  
2.218647693  
0.3353286401  
0.7648380459  
0.5938792322  
-1.73969094  
-0.810431762  
-1.160135257  
-0.5043735445  
-0.1015077184  
0.1677377393  
-1.644611404  
-2.125757659  
-4.455410142  
-2.7349191  
-2.699255846  
-1.576648942  
-0.8344498861  
-0.2521767228  
-0.8852541203  
0.7745386758  
2.334510109  
0.6919147532  
-0.5696678141  
1.838312628  
1.513207766  
0.4370762662  
0.731274469  
0.7697449169  
1.613974296  
1.809024593  
1.426976742  
1.687570689  
0.8233882848  
0.1735414776  
2.573490592  
0.2691979128  
-0.770703378  
0.6445273201  
0.348427961  
1.250338568  
1.067929759  
0.64406607  
1.729679806  
1.661825102  
0.7223806231  
0.6610653018  
-0.3156053872  
1.56458414  
-0.1950995106  
1.51402352  
0.3886163502  
-0.07002432336  
-0.7116897396  
0.7820867698  
-0.6393497985  
-0.8862055435  
-0.08025785178  
-0.8807420578  
-0.6588410362  
-1.45808001  
-0.3429777138  
0.2875653666  
-0.2576126275  
0.4034961241  
-0.5676634468  
-0.1286480479  
0.4456497906  
-0.2229294226  
-0.8896461758  
-0.4785435355  
-0.4062010859  
0.07426935992  
0.8980267143  
0.2253011849  
-0.1575205985  
-0.25832992  
-0.2646887314  
-1.709597199  
-2.246844603  
-2.053756339  
-1.147060773  
-0.03397616122  
-0.5403022695  
-1.321892898  
-0.4655005436  
-0.3132089152  
0.3339152234  
2.021081739  
2.223878073  
1.546723927  
0.9651465729  
0.991952485  
1.664945727  
0.5208448041  
0.7361949528  
1.785552634  
1.818749883  
0.6828583053  
-2.045774808  
-1.158786044  
-2.052822527  
-1.607883882  
0.2538858572  
0.2426232672  
-0.525736763  
-1.739379605  
-1.640782854  
-0.9084877525  
-1.431254935  
-2.578038565  
0.9817044412  
-0.4535870458  
0.4356627191  
-0.02444471814  
0.8623415283  
0.4367440577  
1.21911877  
0.577431017  
0.5623601481  
0.910916033  
-0.798163308  
-1.097379681  
-1.879163702  
-1.522812965  
-1.599032417  
-1.086204558  
-0.5330371755  
-1.624127617  
-0.07588342588  
-1.233011063  
-0.1031537958  
0.922244046  
1.533701541  
0.06232912374  
2.450952835  
-1.509741955  
-0.1192178555  
-0.6433028931  
0.357538454  
0.7128769181  
-0.5904056325  
0.5871613199  
-0.2987847929  
0.2907253613  
0.5923832599  
0.2236773315  
0.9484172807  
2.50946483  
0.2540311044  
0.4507678501  
-0.1124623805  
0.09206220634  
1.760110391  
1.263040983  
1.535342793  
1.267751768  
0.2412858382  
1.334240292  
0.8678037235  
-0.2277466679  
0.4841852213  
0.08028112054  
-0.6455232464  
1.603514096  
0.5743617547  
0.79880973  
0.8506304822  
-0.2766386752  
1.721937032  
-0.1469522491  
1.587296109  
-0.1045890584  
-1.485221049  
-0.7028433674  
-1.237698262  
-0.9402655927  
-1.291881921  
-0.4803800429  
0.562374802  
0.2999969298  
-1.203296485  
0.1876215658  
-0.2644723481  
-0.8822206872  
0.07103060523  
-0.8713121384  
1.41123121  
0.6239210975  
0.9997755614  
0.09037152165  
-1.604408429  
-0.8624862592  
-0.6023143775  
-0.6974761348  
-0.7317566725  
-0.3495516873  
-1.274386576  
-1.539752647  
-1.500569439  
0.2787470935  
0.2372608575  
1.536269928  
-0.2041098787  
0.09026503659  
1.018513766  
-0.9844973452  
-1.317474964  
0.5307433583  
-2.302998677  
-0.5717748332  
-0.2634241009  
0.08520864227  
0.5213633093  
0.9615814807  
-0.7742633513  
0.3059370735  
1.423599148  
1.270721027  
-0.5722070037  
-1.192337525  
-1.824267133  
-0.953705624  
-1.833723666  
-1.466294889  
-0.8445798432  
1.241359026  
1.015238126  
0.6354614075  
0.1187774327  
1.316662701  
0.7534004309  
-0.07396083507  
-1.080910499  
-0.3289972101  
1.189587429  
1.38752298  
0.5901545555  
1.333619957  
0.8896745206  
0.4311010828  
2.104678639  
2.0634807  
1.033836648  
0.6936387673  
-1.682686335  
0.1875611643  
-1.53373487  
0.1797977999  
-1.674118589  
-1.596748887  
0.1063973892  
-0.06056945672  
1.209986412  
-1.457866823  
-1.461915489  
0.6296966256  
0.2275616974  
-0.5344904204  
0.5125064084  
0.8628905593  
1.322216553  
1.10361006  
1.03127513  
0.07354960165  
0.4112589999  
0.1799908407  
-0.8798644938  
0.5022117659  
1.672298869  
-0.03910970195  
1.327496863  
0.2388336887  
-1.56862786  
-1.305578378  
0.04635992415  
1.472247705  
-0.01971616275  
-0.7291364692  
-1.006273273  
-1.390026078  
0.2098794441  
-0.4094268226  
0.04718709754  
-0.7188127449  
0.09881456271  
0.7543113516  
0.5338627309  
1.115983771  
1.190042048  
-1.098059601  
-0.916850349  
