-1.341251593  
-2.913936621  
-1.784082157  
-1.232107484  
-0.02878767684  
-1.490590109  
-1.841236265  
-1.201005699  
-0.9774126749  
0.1213833996  
3.385807221  
4.551482455  
2.105913589  
0.006071928328  
1.267008386  
1.521324331  
0.7114918877  
2.513064426  
3.14673651  
0.8641835574  
-0.8407022296  
-1.126669264  
-0.5040436538  
0.243051462  
-0.8287036334  
-1.744671496  
-0.9811868967  
-1.373582423  
-0.1588113432  
-0.348909233  
2.620349459  
1.676992233  
3.724375582  
3.482836983  
0.5219597016  
-1.235037734  
-1.111384491  
-1.049967419  
-0.6470539017  
-0.5209540296  
-2.465872319  
0.1434835384  
-2.076160603  
-3.018746599  
-1.409760511  
-1.509621112  
-2.422303286  
-1.913476665  
-2.934677867  
-1.083734626  
-1.002616748  
3.335036848  
0.9561507549  
-1.431343948  
1.713784204  
3.92341706  
1.775442352  
-1.349747935  
-0.459304048  
-0.9226632178  
-1.326339829  
0.3996015283  
-0.02845461299  
-0.5258740608  
-0.1399456462  
0.1202670708  
0.7943752533  
0.3102593205  
-0.0255775476  
-1.583623124  
-0.5940133271  
-0.712328477  
-0.1356666409  
2.187378931  
4.298649802  
2.899687259  
0.5629519659  
-0.4115466536  
-1.71532295  
-1.504375994  
-1.280421617  
-0.1043331321  
-0.007493658625  
2.115749405  
2.886466654  
8.161882709  
7.341713546  
0.8553225753  
-0.4468373119  
-0.5858785995  
-0.7992500655  
-0.181152564  
-0.03385166381  
-0.7156727991  
-0.4638258107  
0.4030867414  
-0.6904034585  
-0.6118484661  
-0.8739694223  
-1.337549133  
0.09722224059  
-0.6083573583  
-0.4540062678  
-0.3851102248  
0.1706294848  
-0.5174790095  
-0.5869792531  
-0.653923597  
0.5603670446  
-0.09273641716  
-0.8209053738  
-0.7818711105  
0.09162537285  
-0.02334922224  
1.319485937  
-1.34615236  
-1.035364452  
0.2094218946  
-0.3855944826  
0.992746729  
0.1076348213  
0.7105785547  
-0.4777954284  
0.2274050014  
-1.41437731  
0.02245057975  
1.349410998  
0.03741543143  
-0.7175439902  
-0.01661710029  
-1.495956183  
0.03774530294  
-0.756399667  
-1.009164835  
-0.7491511433  
-0.3142321599  
-0.5077206966  
-0.07455116442  
-0.2163894817  
-1.035367648  
0.4831140163  
0.02086419976  
1.110875866  
0.4359862687  
0.4820147795  
0.5674132022  
1.055765844  
-0.1120099492  
-1.15311935  
-0.87880139  
0.245748397  
0.4738547917  
-0.623136545  
-1.220915243  
0.06137030059  
1.26290316  
0.9126683989  
-0.8760407739  
-1.741612219  
-0.2786164006  
-0.4271810255  
0.2007352261  
1.257070758  
0.972347309  
0.2679589723  
-0.4728054196  
-0.1949198671  
-0.6339864127  
-0.8774605203  
0.09693283208  
0.5327396762  
-0.1066367774  
0.4319967081  
1.516150941  
0.1815481421  
-0.1520261812  
-1.906075311  
-0.8290149025  
-0.9240451743  
0.5837258172  
0.1351877783  
0.3903443145  
-0.2253429353  
-0.6927619362  
0.3115244168  
-0.8302082741  
-0.6842794306  
-0.4982883945  
0.2117321021  
0.7092691375  
-0.03280116901  
0.1769124325  
-0.09765800436  
0.9527425769  
-0.94463012  
-1.002883176  
-0.2992887559  
-0.3644225937  
-0.4099774187  
1.723337808  
-0.4234625805  
-0.3551712877  
-0.7151081916  
0.9777639616  
-0.5639240923  
0.5857693661  
-0.4541414117  
-0.4033793645  
0.372870124  
-0.01972887783  
-0.7084818117  
-0.6555393437  
1.200888786  
1.349861271  
1.367031622  
0.8647577012  
-0.3582134629  
0.3383395865  
0.341302865  
0.1294611907  
-0.1838411398  
0.4397661218  
-0.9947237398  
1.434318625  
0.7652923406  
0.7895424165  
0.2895978061  
0.7570668792  
0.6923847219  
0.5836619213  
0.1792280047  
0.05929893391  
-0.5130684998  
0.1092537675  
0.2282893973  
-0.2661706763  
-1.597792376  
-0.4719594497  
-0.7667143352  
-0.4774832286  
-0.7878636854  
-0.2599640427  
0.1070719563  
-0.4225343112  
-0.2130549182  
-0.285316658  
-0.6764127719  
-0.3660981299  
0.468525695  
-0.01338239417  
0.3905785327  
0.3176153244  
0.5521282805  
-1.223061049  
-1.604856672  
-0.9629098219  
-0.6655581465  
0.2917663862  
0.1649230143  
-0.0352318152  
-0.5916562178  
-0.7342502861  
0.4082598738  
1.311309934  
0.1967417063  
0.6428939452  
2.829162253  
1.013657559  
-0.2872137843  
-1.045993187  
0.2170189403  
0.02976842485  
-0.4757843455  
-0.6922332951  
-0.04502308512  
0.7556821829  
-0.1099765714  
-0.8988106321  
-0.5826604123  
0.7908606341  
-0.2355011183  
-0.6585907372  
0.2701816892  
-0.7328017123  
0.9819521107  
0.1968150719  
-0.1753474549  
0.09361547123  
0.800623651  
0.6055748194  
0.1062710078  
0.1332858427  
0.09796265864  
-0.2778118332  
-0.6805057839  
-0.05892767567  
-1.000916478  
0.4131934003  
0.02602980738  
0.05080569557  
-0.8896660466  
-0.455357014  
-0.5418865509  
-0.02322244797  
-0.5212844652  
-0.1179953605  
-0.6167360397  
0.4157446819  
0.4699901467  
-0.8605160879  
0.298183235  
-0.1190891056  
0.9516282041  
0.5380480866  
0.3333536916  
1.412169615  
0.866134678  
0.3322052189  
0.4999070469  
-0.35986455  
-0.09489365557  
0.146455242  
-0.7937654356  
-0.8025252916  
-0.1130005426  
0.07442263147  
1.16663309  
0.1733226194  
0.9434106532  
1.208103089  
0.6369372306  
-0.3619235478  
0.007519124663  
0.2557782492  
-0.4540539285  
0.2677931429  
0.07821066072  
-0.08015773074  
-0.8299264805  
-0.9579488787  
0.4700717333  
-0.6948449607  
-0.2535455463  
-0.3600251701  
0.05237225547  
-0.4202291107  
-0.3759005183  
0.5851082432  
-0.1261528402  
0.4277113838  
0.8193013244  
0.3052081495  
-2.020119815  
0.4963607012  
0.5347481855  
-0.9305314799  
0.4240278856  
0.1971114343  
0.06542378339  
1.40463415  
0.1085281864  
-0.8185221761  
-1.494153008  
-0.5792372309  
0.08163310843  
-0.121456638  
-1.27382494  
-1.384382405  
-0.7622371597  
0.028744942  
-0.6210652217  
-0.5035846085  
-0.03622968331  
-0.2423862005  
0.2931601122  
-0.100453776  
0.6954504138  
-1.250559547  
1.090300673  
-0.05195874974  
-0.1284840292  
0.4761302405  
0.8884667122  
0.6877123193  
0.410002931  
0.8079230805  
0.3098146088  
0.03048047678  
0.5233879019  
-0.3546254748  
-0.2441485307  
-1.020856358  
0.122861337  
0.4787230421  
0.4011222266  
0.6980210107  
-0.2745523332  
-0.4068454324  
0.6140117964  
-0.2426630707  
-0.5435023975  
-0.06893419449  
0.1109587576  
0.657301739  
0.4937475962  
-0.6543096905  
0.03957548834  
-0.2035865711  
-0.2141229938  
0.6522226594  
0.5512128376  
0.4380201544  
-0.3699992248  
-0.6066199135  
-0.6636590808  
0.1498543526  
-0.7010139224  
-0.28996185  
-0.3491430784  
0.1911269567  
0.8337876208  
-0.2299266292  
0.1797241788  
0.1686049663  
1.438604015  
0.9840470069  
0.3939520112  
-0.2877856426  
-1.065590008  
-0.09576818013  
0.7601616501  
-0.6943551162  
0.5240400472  
-0.1975904147  
0.4279770258  
-1.344517228  
-0.8187670534  
0.5861448824  
-0.7490238208  
0.07606406587  
0.0217872616  
-0.1785315165  
-0.4791558771  
-0.01732832498  
0.01052144164  
-0.9015745547  
-0.9689345209  
0.2849395859  
0.7449894144  
0.9746677904  
-0.6717674248  
0.8078191453  
-0.1340847031  
0.09104912312  
0.9429848679  
0.5744174853  
-0.3732964609  
-0.3760856339  
-0.5253173271  
-0.1662549193  
0.6963825821  
-0.7794144567  
0.2718582855  
1.08199524  
-0.5229524848  
0.1947353487  
-0.1935323592  
0.1612659253  
-0.5694465564  
0.4111580522  
0.9030969836  
-0.3245862475  
0.38444087  
-1.122739821  
-0.03813942286  
0.05249121956  
-0.2867857077  
1.027519606  
0.4050165115  
0.3272613647  
-1.48075007  
-0.09163171663  
0.6823975343  
0.1816108288  
0.229527132  
-0.2828404175  
-0.9079908151  
-0.2027686728  
0.4396804642  
-0.7606319699  
-0.3257025429  
0.790597154  
0.2673717613  
0.08089135079  
1.565811441  
-0.1339563306  
0.9643506318  
0.9240397953  
0.507845174  
-0.2311240645  
-0.4491477828  
-0.3725534008  
-0.5449082554  
-0.2484091738  
-0.5157334816  
-0.3926357709  
-1.326593647  
-0.4807331864  
0.3223859143  
-1.033443921  
-0.2397939128  
-0.1502565555  
-0.729736657  
-1.164155256  
0.007930869234  
0.2797441947  
-0.1009798426  
0.8777956311  
0.5925325881  
0.1970287712  
1.061236194  
0.09374423507  
-0.1738786381  
0.4604355699  
-1.713390892  
0.5036099809  
-0.8147724403  
-1.206969626  
0.3452210639  
1.535734809  
0.003552831816  
-0.09815257814  
-0.2461204331  
-0.5225236332  
1.570831333  
-0.2396089907  
0.1524578943  
1.285373599  
0.5268379332  
0.5158982039  
0.3832767663  
-0.05982750071  
-0.4886854738  
-0.1280135592  
0.1814192645  
1.335858994  
0.6836829724  
-0.3223553332  
0.924235577  
0.6479589396  
-0.1117485063  
-0.9122770097  
-0.03191874124  
-0.5502062305  
0.4963508697  
-0.5380636082  
0.01380294321  
-0.7169395979  
-0.4190695906  
-0.1530669345  
0.6358511907  
0.5398095991  
-0.06476757992  
0.2217063979  
-0.4151334134  
-0.7919956875  
-0.7609405455  
-0.01017189222  
-0.4927200842  
-0.5721259659  
-0.9196516395  
-0.4088737762  
-0.0274802365  
0.130086543  
-0.3541023055  
0.1620327926  
0.1506886641  
0.09332963829  
0.01779581083  
-0.3106889947  
-0.1336154884  
1.223684104  
0.2582960601  
-0.7177150037  
0.08191434009  
0.5428913037  
0.3999902143  
0.8044865002  
0.2501360949  
-0.3461193037  
-0.39228481  
0.2198154017  
0.5198904486  
0.1677414748  
-0.274462656  
0.494252513  
-0.7122112289  
-0.1712644907  
0.1186145938  
-0.01347402016  
0.6809177651  
-0.0571762495  
-0.5433906115  
0.5217598887  
-0.4955343393  
0.1922361411  
-0.03494682973  
-0.9934000214  
-0.4584471846  
-0.8983650161  
0.6558471684  
-0.6133723543  
-1.027786587  
-0.212197108  
-0.1859418162  
0.6579847567  
0.1971105534  
-0.1620926842  
0.1475618952  
0.892613781  
0.9415314046  
1.54640998  
0.2344263531  
0.1136081469  
0.7343789058  
0.2330546523  
0.8054620105  
-0.6102870963  
0.2571241921  
-1.079278836  
-0.09198299145  
-0.55675318  
-0.2263015643  
-0.9297532026  
-0.7485807854  
-1.399766868  
0.2162685078  
-0.149894845  
-0.6061383416  
-0.5112348475  
-0.5595509562  
0.02320658671  
0.4330320371  
0.3626525774  
0.138907452  
-0.1910349961  
-0.5306138992  
-0.3216919637  
-0.4050566327  
0.00427820681  
-0.4010547577  
0.6999844709  
0.6491037502  
-0.2122265473  
0.5016950721  
0.8614180235  
0.8340872744  
0.5231616579  
0.7676303371  
-0.1574956731  
-0.9990462872  
0.3091741889  
0.615166159  
-0.7513722393  
-0.9800760898  
-1.305708554  
-1.085674587  
-0.7174901368  
0.1101516925  
-1.847310639  
-0.4070952073  
0.02157729938  
-0.4316041948  
-1.011026875  
-1.150656645  
0.7436164833  
-0.7033261695  
0.1929110446  
0.04927001303  
-0.5919590152  
-0.7258575961  
-0.6019259765  
1.439176408  
-0.1626476155  
-1.129389569  
-0.3888308548  
0.345084626  
-1.829583918  
-0.1013346589  
-0.5376385703  
-0.3487413985  
0.08827254966  
-0.02513651538  
0.1980996535  
0.3416559579  
0.2621847147  
0.1708859522  
-0.326172036  
0.03356411014  
-0.3564661102  
-1.92751109  
-2.285564883  
0.1373883486  
1.362526099  
0.7446531785  
-0.1496111845  
0.5573805553  
0.3979568808  
-0.0149268933  
-0.04140718557  
1.944247431  
1.531168399  
1.622450194  
0.06946170334  
2.251181224  
0.6822254106  
3.221676681  
4.043748435  
4.71697979  
5.265784965  
4.600445814  
0.3346241645  
-0.1149841511  
-0.8672526631  
-0.5415186439  
0.2790342827  
-0.3135612533  
-0.4478338311  
-0.6780010445  
-1.431302261  
-0.1105101902  
-0.3352455654  
-1.45452667  
-0.8296497849  
-0.3586723964  
-0.5242804576  
0.1555720384  
-1.523770709  
-0.6246647636  
-1.001579478  
-0.07606495386  
-0.7047393346  
-0.4516896945  
0.5193672475  
-0.9000722796  
-0.05990408642  
-0.5878287938  
0.9430440901  
-0.1855530675  
-0.594925632  
0.1036732358  
0.858860586  
0.2879133429  
-0.03502940939  
-0.2363340448  
-0.6421362021  
0.3274407764  
-0.5276921647  
-0.7287296244  
0.3345025313  
0.2293972552  
0.255435936  
-0.8613600087  
-0.03118372006  
-1.257254203  
0.3255700459  
0.353102901  
-0.213432003  
-0.1567406756  
0.1973908367  
0.5163352856  
-0.443283369  
1.041407298  
0.2343662111  
0.4258349025  
-0.2027812064  
-0.9128198511  
-0.179921377  
0.05684874219  
0.07354416195  
-1.226293827  
-0.355454168  
0.574662834  
-0.5212284484  
0.1393534972  
0.4940613396  
0.4724738572  
0.2636636547  
-0.974751411  
-0.4606857836  
-0.2651452482  
0.3351304458  
0.1804096824  
0.7494706165  
1.008603053  
0.07014806503  
0.3118111246  
-0.4339717194  
-0.9877289005  
-0.6643807968  
0.03323580653  
-0.1465630751  
0.0735510046  
-0.1679803137  
-0.5511459258  
-0.5689587521  
-0.3091865779  
-0.3619976775  
-0.3393928613  
0.1921504932  
0.4405525198  
-0.5737505002  
-0.08209351236  
0.320085527  
0.5932494244  
-0.3801055688  
0.2182547106  
-0.5717763538  
-0.04994380592  
-0.166757183  
0.6529471268  
0.4052308121  
0.452296398  
-0.7207262755  
0.6053199245  
0.0664805876  
1.994533296  
0.6843965053  
0.2787584345  
0.08496425315  
0.8678606265  
0.6353479818  
-1.038523852  
-1.245076281  
-0.5087030826  
-0.3398132487  
-0.2980762552  
0.06726396928  
-0.79423976  
0.9187521959  
-0.818768943  
-0.2082211588  
-1.217027412  
-1.047964559  
-1.6136246  
-0.7800575581  
0.02187739371  
0.5554755413  
0.07090154878  
0.4207468427  
0.3686885714  
0.6319060931  
0.4420914782  
0.728347043  
-0.6773303365  
0.4532157749  
0.8752566678  
0.2140813262  
0.008462822713  
0.7496670321  
-0.004982282898  
-1.3008037  
-0.6443347455  
-1.159093713  
1.378840884  
-0.59210552  
0.5948042069  
-0.2223091544  
0.1602322285  
0.4056412418  
0.745857332  
-0.5732925608  
-0.4866692266  
-0.1696936811  
0.4977448546  
-0.5846241835  
-0.08329423375  
0.5891902924  
0.274979356  
0.3292371812  
-0.08289581164  
-0.9987201693  
-0.4340657159  
0.5941218505  
0.7617004649  
-0.02118846639  
0.8088128211  
0.5821174777  
1.309430297  
-0.687903026  
0.7338362185  
0.0002460988117  
-0.5908177874  
-1.268794278  
-0.4335671734  
-0.4451132641  
-0.7013050677  
-0.9668248096  
-0.2563269482  
0.3966866085  
-0.4393924264  
-0.04470477347  
0.07546439707  
0.2203626619  
0.7784188593  
-0.0291126618  
0.5623839112  
0.5114459917  
0.3445868365  
0.3554618793  
0.6713202871  
0.1167236415  
-0.01152162758  
-0.5221029726  
-1.269024112  
-1.361189398  
0.3649669646  
-0.01502255197  
0.3324160798  
-0.6313142658  
-0.1273508187  
0.06752911813  
0.1390141187  
-0.0549520647  
0.07413437673  
-0.04441315432  
-0.6773741578  
-0.01826435368  
1.139377187  
-0.6457087048  
0.4031714644  
1.469919475  
-0.05270893463  
0.7033997859  
0.2250513224  
1.497809344  
0.9636652768  
0.5809638803  
0.3169908667  
-0.001319230777  
-0.4269404307  
-0.56790001  
0.227045995  
-0.3547683017  
0.9430412662  
0.9162260456  
0.5843658727  
-1.287517638  
-0.3222130216  
-0.5928331209  
0.3014631963  
-1.751334306  
-0.4346579145  
-0.3584002433  
-0.2473955885  
-0.3303959353  
-0.3027262005  
-0.5756306905  
-0.517952693  
0.568944893  
0.479477518  
-1.095298065  
0.6794215796  
-0.5903196651  
-0.4738930403  
-0.3416598055  
0.381741353  
-0.6831254491  
-0.6525733314  
0.06237370159  
-0.3856836028  
-0.2526352302  
-0.4220183706  
0.3384402944  
1.086578407  
0.4943843334  
-0.5764370616  
-0.07889397665  
1.515798355  
-0.4242039677  
0.6304847459  
0.940411178  
0.3622732426  
0.3191809958  
0.1237730283  
1.16283013  
0.8513283934  
-0.5905393479  
0.8297224038  
0.1854577941  
-0.3825786708  
-0.2290893668  
0.2620505678  
-0.7784098505  
0.6443351946  
-0.7622464857  
-0.9992344802  
-0.564994051  
-0.5356041778  
-1.498193117  
0.1824324356  
0.2179191004  
0.3436337397  
-1.082803897  
-1.674193259  
-1.500954253  
-0.4961880393  
-0.2652693188  
-0.1299194657  
-0.4294040063  
0.06098957599  
0.1655843935  
1.514359878  
-0.7100434651  
-0.9448102005  
-0.792064724  
-0.3677315082  
-0.6686718344  
-1.210301398  
-1.853073358  
-2.098913706  
-1.703287352  
-1.440201896  
-1.811568165  
-1.816764874  
0.6266886408  
0.5568168307  
2.524738201  
2.488873079  
0.5807920939  
0.4407703081  
0.4257844121  
1.05026884  
1.741669265  
1.676711138  
-0.03003489768  
-0.6770758125  
-0.985356137  
0.4976802322  
0.6186004163  
-0.9225079816  
-0.4369352935  
0.8033827025  
-4.493264375  
4.707758593  
3.414255503  
4.097618671  
4.600772011  
5.160302012  
-0.6556057166  
0.3774987332  
0.05962526089  
-0.4833023085  
0.6835002259  
-0.1491884329  
0.5433224811  
1.113405467  
-0.3561756603  
0.3006973644  
-0.208969935  
-0.8939882992  
-1.016856098  
0.7838681908  
-0.606638083  
-1.079201782  
0.1905852012  
0.9610340541  
-0.5478214307  
-2.616495749  
-0.5945537211  
0.4054606333  
0.7340244556  
-1.387078902  
-0.8186042817  
-1.24418747  
0.02551284761  
0.4661807394  
-1.444848077  
-0.8994764095  
0.8203984304  
-0.5754592251  
-0.3333908056  
0.726685889  
0.2963917881  
0.06470528819  
0.03321622235  
0.5961486921  
0.5348584037  
-0.7271996464  
-0.3186574399  
-0.9759442322  
-0.3050200627  
-0.4980183925  
0.8996322244  
0.1009474138  
0.292612502  
-0.2056079866  
-1.370636141  
0.3263409223  
0.4885940313  
-0.8637321215  
-1.079974879  
0.8282733151  
-0.737761767  
-0.9940601099  
0.01376319527  
1.221752853  
0.1452787182  
0.8229630142  
-0.2642302102  
-0.1002981608  
1.407233778  
-0.02466863501  
0.3362535439  
-0.9835445323  
0.8206376896  
1.334412451  
-0.1728794836  
-0.6547898384  
1.389779211  
0.2538838839  
-0.4248110112  
-0.9047005505  
-0.5948769583  
-0.07190512552  
-0.1298239683  
-1.169671501  
0.5407860252  
-0.3027827142  
-0.0524261875  
0.544336194  
-0.1198070876  
-1.75651148  
0.1589438954  
0.1773633568  
-1.057472274  
-0.1630814229  
-0.4642721893  
-1.399142647  
0.0606547194  
-1.175808327  
-0.05646325416  
1.511941355  
-0.5007491558  
0.397835868  
-0.2110063858  
1.908300396  
0.001543488965  
0.6456634817  
0.9303280232  
0.4234906506  
-1.587755811  
0.2978124068  
0.6861094572  
0.8210449325  
-0.5941466556  
-0.7696247137  
0.09457557763  
-0.8687715851  
-0.1338066807  
0.4523102252  
-0.9981724536  
-0.7314433739  
0.3205224528  
-0.5065306011  
-1.331889829  
-1.036368298  
-1.556518134  
0.6535958896  
0.3011511854  
0.322280297  
1.037184846  
1.999811758  
2.971617289  
3.276162213  
0.0414536703  
-1.285308239  
-1.302281826  
-1.054802384  
-0.5099384818  
0.722662097  
-0.1220209428  
0.7626604969  
0.2562045211  
0.6948862789  
0.5524232721  
0.3414118843  
1.868060553  
1.398323595  
1.626252603  
0.8427879414  
-1.155690539  
-0.8859879865  
-1.081036507  
0.357738913  
1.341008752  
-0.2130485329  
-0.01213363269  
-0.3110476324  
0.4343251766  
-0.648588318  
-0.9223145612  
-0.9219366087  
0.9465573051  
1.332841108  
1.383113865  
0.09421133553  
0.9612678817  
1.207207943  
0.8789207354  
0.4068899108  
-0.8908331353  
-0.9644442045  
-0.9281007521  
-0.5878276492  
-0.2330797362  
-1.18955555  
0.438456192  
-0.06940151665  
-0.6915054992  
-0.7181660817  
0.4754815753  
-0.6701993673  
-0.3586685017  
-0.6032771744  
-1.086301823  
-0.6150705621  
-0.8397751457  
-0.2986054498  
-0.7545184316  
-0.06899111402  
0.2367965306  
0.631175742  
-1.268066965  
-1.017920398  
-0.7914197032  
-0.1139048796  
-0.4074845755  
0.4578751787  
-0.2722043817  
0.323070724  
-0.9895014293  
-0.5633160479  
0.3943156356  
-1.835053908  
0.6158451454  
-0.2743156676  
-0.5651784146  
0.187747469  
-1.290522628  
0.3391592109  
0.05125856697  
0.2356450677  
0.7292852021  
-1.326019466  
1.04677586  
-0.6781274735  
-2.357829964  
0.4060969291  
-0.1386172716  
-1.047148623  
-0.605095887  
0.7870120255  
-0.6772311653  
0.04232456414  
-0.6035693018  
2.120837923  
-0.6082550392  
-1.321690846  
0.09719024757  
1.630689465  
1.044694648  
-0.6773829435  
-1.008617943  
0.2384138391  
0.6081849998  
1.001772822  
1.584535622  
1.18210519  
-0.2095516533  
0.06895915188  
-0.5979566136  
-1.206429182  
-0.2651959552  
-0.4164084974  
3.185245619  
4.270965151  
0.866947235  
-1.560441991  
-0.194538083  
1.289322756  
1.706208813  
1.07343742  
0.1184547048  
0.4731077434  
1.715839564  
-0.4829789879  
-0.5057642076  
-1.03432223  
-1.033734209  
0.5054920021  
0.8790697091  
-0.09570264089  
-0.2670099048  
-0.2237449951  
-0.589548118  
3.297238114  
3.395906247  
2.267312964  
1.332808813  
-0.8810640932  
-0.8777818665  
-0.2354529313  
-0.07409375947  
0.5430817967  
-0.8899713197  
-0.8998690582  
-0.1154681094  
0.3473566861  
0.01214678883  
-1.0487179  
-0.208769709  
-1.053903423  
0.211080717  
-0.1063751636  
-0.4113002501  
-0.04188048272  
0.05374584018  
-1.128200185  
-0.2995530083  
-1.583138406  
-1.081171672  
-0.9677371019  
-1.045201976  
-1.11869401  
-1.246108609  
-0.220658783  
-0.1185156505  
-0.2315749635  
-0.8252984175  
-0.5615954761  
-0.7247431266  
1.949488524  
1.619854491  
-0.4610760616  
-0.3081364312  
0.355410365  
0.7005578847  
-0.7445060426  
-0.3914744353  
0.8960657437  
0.8196947979  
0.492802233  
-1.255909756  
-0.2652662633  
-0.4458684711  
-0.1732359568  
-0.3487615913  
-0.1042465154  
-0.7971140045  
-0.4276437265  
-0.7217398188  
-0.1361070183  
-0.2613889777  
-1.006155227  
-1.616606734  
-0.3612469539  
0.277463856  
-0.9526045862  
-0.8983627719  
0.08656646973  
-0.1953537399  
-0.1698574708  
-1.559622532  
1.165435873  
-0.5028484067  
0.6457144433  
-0.8528618139  
-0.1800002204  
-0.6479368402  
-0.7499011563  
-0.8739685676  
0.8127052349  
0.5097182331  
1.672670452  
0.377097857  
-0.03638039181  
0.410417537  
1.657115433  
1.691117051  
1.116230876  
0.00497875356  
1.13774899  
1.159019394  
0.6886709568  
1.32524273  
0.3027183978  
-0.1107327861  
0.3965026681  
-0.02303813533  
-0.3693528737  
0.0707356699  
0.07971259925  
-0.7475815968  
2.161203854  
-0.05055619809  
0.2422494324  
0.6224346644  
0.6448490551  
-0.1618925161  
0.1761625174  
-0.8933380933  
-0.1743303296  
-1.31399371  
1.682966522  
-1.204225633  
-1.30434013  
-0.7672467374  
-0.6057459053  
-0.3331486618  
-1.328827435  
-1.036530185  
-0.7057064202  
-1.17821848  
-0.3781282893  
-0.4290966742  
0.570652015  
0.9016250912  
1.415839881  
0.9048801094  
0.7841649324  
3.930368438  
4.838923593  
1.484718755  
1.826836075  
0.2526414714  
-0.6212583446  
0.1985716887  
1.106371912  
0.6031326194  
-0.7953697411  
-0.299897568  
-0.6088007512  
0.1705473276  
0.03757520573  
1.028458697  
-0.5945800697  
-0.5152572413  
-1.005247797  
-0.4165888676  
-0.1621821828  
0.7280497591  
0.2171727806  
0.01854693265  
-0.6483769201  
-0.8070957419  
-2.079952457  
-1.147600756  
-2.451002148  
-1.121563445  
-0.3122172766  
0.3040426489  
-1.54695888  
-0.7537018146  
-0.7834832601  
-0.6261984836  
-0.2390378506  
-0.4190947319  
-1.416987287  
-1.255291641  
-1.169376023  
-1.092890655  
-1.168054268  
-0.7494732228  
-1.153190223  
-1.147732703  
-1.175499052  
-0.9211611223  
0.921299029  
0.1969517623  
1.191197453  
1.869327877  
1.763693489  
1.325127232  
-0.5199491452  
-0.1527651588  
1.028869987  
2.223408889  
2.643457537  
2.001379828  
2.721961752  
0.1320281231  
-1.269390188  
0.2464966681  
-1.096329127  
0.08592800023  
-1.229946542  
-0.4995180137  
0.8582403562  
0.9041723004  
0.7666713272  
-0.8425981275  
-0.7710022006  
-1.309357986  
0.7814937891  
0.8576398163  
1.00077073  
1.964075423  
1.300018954  
1.628687133  
-0.7657457183  
0.6715603772  
-0.2665524811  
-0.1743833873  
1.605095991  
0.03451794602  
-0.8202381147  
-0.4205390817  
-0.2964611907  
-0.05717388529  
0.2145911391  
-0.7027576364  
0.2076291333  
-0.3173335983  
0.2138355065  
0.3450992648  
-0.02205349721  
0.5000035613  
-1.748563492  
0.6370087352  
0.1525652097  
-0.5249951081  
-0.9241054928  
-0.6489642919  
0.3028628887  
1.312421897  
0.3758062495  
0.9444515982  
1.31109615  
-0.02167589436  
-1.339457961  
0.4668105259  
-0.9574773585  
0.4429155269  
-0.1954991504  
-0.9375907159  
-0.4439869307  
0.09546790738  
-0.4895360759  
-0.692097505  
-0.8789578693  
-0.1352779035  
-0.6648739874  
-1.098761567  
-0.8481602456  
-0.903975175  
-1.260056632  
-0.9341472501  
-0.3609932959  
-1.231507774  
-0.2015078579  
-1.19340407  
0.9013750519  
-0.6160357269  
0.2095179534  
-0.1982093401  
0.1505987693  
-0.5689297892  
-0.4388114551  
-1.649686168  
-1.207528851  
0.8244098151  
0.2717898806  
2.890435034  
1.130594892  
1.347564345  
0.7806039667  
1.563440341  
0.6187761035  
0.4707001177  
0.06575918633  
0.7342401631  
-0.2721171346  
0.5358587979  
0.6175387093  
-1.05333366  
-0.410817687  
0.9445903319  
-0.9474836477  
-0.9578057228  
-0.08258573718  
0.2004352934  
-1.747145799  
1.014585062  
-0.5513306655  
-0.4802437501  
0.1350248636  
-0.3879126214  
0.5747617524  
0.04675862268  
0.5703909096  
1.3702365  
-0.1507985353  
0.3841693579  
0.3484719149  
-0.318873744  
-0.6398136151  
-0.2758343076  
-1.435593458  
-0.2123466241  
-0.3991001765  
-0.02345643614  
-0.1551541854  
0.4037744678  
0.07767180578  
0.009638020855  
2.920605493  
0.3937876223  
0.4844819573  
1.245486429  
2.209231437  
0.6024986835  
0.4765733688  
0.000998657564  
0.2757350925  
-0.4366535498  
0.5211382576  
-0.9376697528  
-0.04928059028  
0.2088445193  
-0.7052262058  
-1.025455317  
-0.198098242  
0.5647857499  
0.2919207333  
-1.485073929  
-1.172869423  
-0.8107210193  
0.9367645188  
0.2455118444  
-0.3645136951  
-0.9516971768  
0.2698588232  
-1.091922224  
-0.6048652759  
-0.05767151557  
-1.238659798  
1.03651769  
1.151404109  
-0.5406206718  
0.06172218403  
-0.00586937597  
0.5318454436  
-0.8762363746  
-0.7228978481  
-0.7478076422  
-1.687097863  
-0.3270489852  
0.02753738575  
-1.42465681  
0.08457735937  
-0.9636455038  
-1.119497546  
0.1491395588  
-0.4458950084  
-0.8576303139  
-0.6891308766  
-1.816098491  
-0.6543694408  
0.0600754073  
0.7270884022  
0.800071003  
1.642154795  
0.8991756617  
0.4458542838  
0.5113292804  
1.132336351  
0.1594227122  
0.7903079748  
0.2040592978  
-0.2031506546  
0.3932090416  
-1.618283035  
0.9357908632  
0.4613298081  
1.341491428  
-0.5774913948  
1.139774817  
0.3650035949  
0.5332873832  
-0.01215049923  
-0.2084507467  
1.155470039  
-0.1122438189  
0.6963831765  
-0.7327080469  
-1.004358438  
-0.5993329559  
-0.444940171  
-1.300405834  
1.360953737  
0.9820431949  
0.394794721  
1.85363182  
0.3274802391  
-1.146202679  
-0.03622355962  
-0.3112988479  
-0.9734159798  
-0.1095046127  
-1.057338215  
-0.607058674  
0.5387650374  
1.547848229  
0.6084644326  
0.3636147952  
0.9247786053  
-0.8918393769  
0.3393543237  
-1.121057032  
-0.5676339471  
0.5525319191  
-0.117143078  
0.6683238823  
1.97970301  
0.1411039007  
-0.2763265653  
-1.549431218  
-0.7184547197  
-0.3416846026  
-0.2519160981  
0.4548516456  
0.01364446999  
-0.6053581012  
1.146522745  
1.780935578  
1.949146506  
0.4180679248  
0.2654869191  
0.4005499369  
-2.213025696  
-0.6980889232  
1.701694066  
0.5601568679  
0.6585607465  
-2.183729074  
0.1455939746  
2.000034326  
-1.350356537  
-0.6117127712  
-0.6352180744  
-0.2187599088  
1.9372139  
1.146716841  
-0.4486257237  
-0.05595065738  
-0.4280806477  
-1.447147761  
-0.8780115891  
-2.411258562  
-0.8267957281  
0.1386452992  
-0.3146775785  
-1.810958685  
0.6923641939  
0.8743121548  
0.9682783084  
-0.3864717105  
0.7116986379  
0.2332465107  
-0.3917535868  
0.6280667626  
-0.3871485141  
0.5927867509  
-0.0359289898  
0.791279211  
-0.5693076724  
0.7147191492  
0.5234763358  
0.2656143904  
0.4710562021  
-1.701080269  
-1.194032878  
-0.801800457  
0.8924374917  
1.206816686  
