-0.02530452595  
0.1450760434  
-0.1624492317  
-0.2587902222  
0.0338096452  
-0.174270475  
-0.03004555858  
-0.2128025188  
-0.03683916459  
-0.1098131446  
-0.07909541414  
-0.03018687606  
-0.1681823665  
0.01660283846  
-0.1101975427  
-0.1439786655  
-0.03598875562  
0.1619781893  
3.025270505  
0.5398609751  
0.2673548424  
-0.003951261591  
-0.1924255791  
-0.306529816  
-0.06803870538  
-0.1591652112  
-0.4019890742  
-0.2042755712  
-0.1134591883  
-0.3848134615  
-0.3718517103  
-0.06596884083  
-0.3154118481  
-0.3893584608  
-0.3257068309  
-0.547672169  
-0.4564914014  
-0.3737300786  
-0.4815579597  
-0.4932440682  
-0.4536768042  
-0.3137204923  
-0.648883908  
-0.5341778484  
-0.7529476981  
-0.6112115708  
-0.5878110335  
-0.5718684316  
-0.9030012667  
1.05932066  
1.508195497  
-0.3206872563  
-0.7323733004  
-1.000849541  
-0.9259943336  
-0.9364004222  
-1.017913361  
-1.019611308  
-1.127270031  
-1.06986668  
0.2857221311  
0.1971538241  
1.519371057  
-0.6435022195  
-1.210845681  
1.025800757  
0.7258840128  
-0.273658529  
-0.5248916425  
-0.5279123739  
2.692405692  
3.606004775  
3.722960506  
4.349359316  
3.530311893  
0.1600220756  
-0.8841573135  
-1.005307905  
-1.148297957  
-1.468321001  
-1.274401207  
-1.385217318  
-1.535197689  
-1.607737933  
-1.659890811  
-1.725773194  
-1.712767275  
-0.0446837064  
3.294150515  
2.585876295  
3.491068738  
2.553308119  
-0.1049414718  
-0.9785430424  
-0.6735041724  
0.5473652918  
-1.298905779  
-0.4707940217  
-0.7574773345  
-1.046107656  
0.3922101541  
0.793537761  
0.7634237402  
0.8017204559  
0.4356596668  
0.4915049023  
0.2606551165  
0.7851757909  
1.2660739  
0.7233286551  
2.185380731  
1.561215834  
1.699127103  
0.09946447137  
-1.526696322  
-1.75076771  
-1.553702088  
-1.287977679  
0.9241407166  
1.425659835  
2.730428799  
2.728793755  
2.228968469  
0.9359861704  
-0.6918515126  
1.554285828  
1.034607063  
0.9871380445  
-0.1672966446  
-0.7906524681  
-1.03430411  
-0.8598118979  
-0.9441088523  
-1.056662339  
-0.9234926643  
-0.9420161381  
-0.7747291295  
-0.7315874845  
-0.9345834255  
-0.7157213813  
-0.6218477889  
-0.7658149677  
-0.6822689467  
-0.4082047686  
2.662143515  
2.337614302  
0.1559362386  
-0.1408775703  
-0.1157537633  
-0.4808717177  
-0.2285057596  
-0.4586306673  
-0.3757632126  
-0.395498206  
-0.2377238179  
-0.3237872174  
-0.4473400657  
-0.4621457079  
-0.6903466702  
-0.7193368127  
-0.6396062579  
-0.7453038694  
-0.6427541076  
-0.766892118  
-0.5727880843  
-0.4058253296  
-0.6324853991  
-0.6696938041  
-0.6316060835  
-0.3060106873  
-0.6580188939  
-0.5726938222  
-0.6909535974  
-0.7637987057  
-0.8365649678  
-0.8665133904  
-0.9691185681  
-0.8745640597  
-1.000793833  
-1.026618793  
-0.9982353386  
-0.953093173  
-1.054117483  
-1.123380522  
-1.09052957  
-1.050458902  
-1.327104667  
-1.353875658  
-1.263447352  
-1.374629486  
-1.203996489  
-1.577520841  
-1.623510918  
-1.334381382  
-1.458901301  
-1.307735509  
0.5387632971  
3.188140525  
2.775250196  
2.702986963  
2.800247532  
2.429696327  
2.412763771  
3.138424166  
3.139144251  
2.661583652  
2.649430619  
2.292837663  
2.474060615  
2.87064669  
2.977065468  
2.817484174  
3.206511848  
2.835539993  
1.159564731  
-0.776089503  
-0.8064824017  
-1.332345704  
-1.495626772  
-1.607975969  
-1.439400619  
-1.544836992  
-0.7450279375  
0.08524427924  
0.1386543927  
-0.03087950151  
1.238767451  
-1.235682241  
-1.629212468  
-1.573512405  
-1.605627202  
-1.595666942  
-1.411215772  
-1.644707922  
2.001225957  
2.723268248  
0.9427587487  
0.8834743566  
-1.174168976  
-1.591683622  
-1.77504666  
-1.649001168  
-1.900538272  
-1.821889498  
-1.383704176  
-1.869607807  
-1.820065417  
-1.572438168  
1.533805609  
1.732403105  
2.009657931  
1.915308005  
1.950696755  
1.804751916  
2.496432247  
2.362579011  
1.836051695  
1.850228171  
2.353017849  
1.441466123  
-0.02151695785  
-1.117876793  
-0.7165707005  
-1.476485774  
-1.459055877  
-1.648963925  
-1.79771142  
-1.586560298  
-1.658475146  
-1.610071649  
-1.622756276  
-1.599731804  
-1.309228916  
-1.195117916  
0.1935923067  
1.584569363  
0.1910069187  
-0.4877114275  
-0.6469760574  
-0.7319708823  
0.4953023929  
2.002933304  
1.58608411  
1.996781945  
1.63119299  
1.372385166  
1.259994161  
1.379707475  
-0.06557494699  
-0.5868487423  
-0.7388954672  
-1.082268202  
-0.7223690968  
-0.1943039415  
-0.779902966  
-0.8428728232  
-0.5972827672  
0.4663099378  
2.048757521  
-0.1045407119  
-0.5156138452  
-0.5065613131  
-0.6161636571  
-0.7779153069  
-0.5569871156  
-0.4770128207  
-0.234066499  
-0.8263290931  
-0.7524150324  
1.332138984  
0.328690362  
-0.1408565012  
-0.2251926758  
0.2515430882  
0.9654794347  
0.7293738087  
0.5254330155  
0.2142307598  
0.1228836958  
0.791319479  
0.6238332838  
0.8745559285  
3.176435732  
2.58513452  
0.005171985691  
-0.4990157356  
-0.2342966856  
-0.3670996452  
-0.6728801093  
-0.3668471656  
-0.3849083979  
-0.3738467261  
-0.2192428763  
-0.4324307543  
-0.2342175737  
-0.369317221  
-0.1637943519  
-0.2798379262  
-0.4153922415  
-0.3508747809  
-0.3071917111  
-0.2204968631  
-0.232457138  
-0.3213478639  
-0.3177994719  
-0.2182069901  
-0.1050432528  
-0.2604150926  
-0.3083708332  
-0.07292606629  
-0.225642662  
-0.189658858  
-0.2152493701  
-0.1772699651  
-0.1491149466  
-0.2764743562  
-0.1653457458  
-0.3700184772  
-0.1141520135  
-0.2931265068  
-0.1941169931  
-0.1342112168  
-0.2468330098  
-0.1155406731  
-0.1231789442  
-0.1654481801  
-0.02054071038  
-0.1983036477  
-0.2697222677  
-0.02038151189  
-0.3813883033  
-0.3060513547  
-0.2383506848  
-0.1014383033  
-0.2611912626  
-0.1801556889  
-0.2228979085  
-0.1867589822  
-0.0920615953  
-0.0170461298  
-0.13682053  
0.04152134898  
-0.1926345868  
-0.1539281745  
-0.1872931684  
-0.244470236  
-0.1834409643  
-0.1358573802  
-0.3995580459  
-0.02214564481  
-0.3676990465  
-0.4102069349  
-0.2284832912  
-0.391708352  
-0.1346678805  
-0.3917706385  
-0.2659922797  
0.1669296876  
1.467864513  
1.098107294  
0.3500033718  
0.2215825814  
0.3901710214  
0.1914257928  
0.2020549665  
0.06470736781  
0.1089522905  
0.1372066149  
0.05033313088  
-0.01243432365  
-0.02538665824  
0.1324897606  
0.1980509902  
0.0193129191  
0.05182736198  
0.1698110213  
0.01610209002  
0.2716956074  
-0.0456974576  
0.05974111153  
0.07835231098  
0.01772745581  
-0.02124246605  
0.08925181823  
0.1123611567  
-0.1318413966  
-0.07797829429  
0.1465802681  
0.1095514382  
0.1941084576  
-0.07072355614  
-0.0128766734  
0.01414317712  
0.09310889649  
0.005113060632  
-0.1308153077  
-0.04302562101  
0.1786240778  
0.100001852  
0.09313055507  
0.01575110756  
0.0192076733  
0.05526658867  
0.03804036115  
-0.06086142267  
-0.0889951327  
0.05087301924  
-0.06532930668  
0.9698577906  
1.411429956  
0.02586005317  
-0.2380650794  
0.38726828  
-0.4125093401  
-0.358721153  
-0.2101146555  
-0.002070933718  
0.1044860675  
-0.08505696779  
0.04006229882  
-0.040168323  
-0.1884883821  
-0.1500404162  
-0.04079672041  
-0.04658093404  
-0.166403297  
-0.1236903299  
-0.1258201614  
-0.01468254833  
-0.1230957132  
-0.124884481  
-0.2641762631  
-0.3477116053  
-0.1469501707  
-0.09300794286  
-0.321921158  
-0.2613927385  
-0.2289141325  
-0.4165170773  
-0.1865340748  
-0.05999967869  
-0.1083481469  
-0.1741541348  
-0.0772041427  
-0.3210850424  
-0.08964463872  
-0.1646628752  
-0.2151675474  
-0.2572766265  
-0.3054212092  
-0.200050745  
-0.3784712295  
-0.2253128809  
-0.3109534471  
-0.2626230997  
-0.02793029153  
-0.2344825222  
-0.2080003077  
-0.2065703369  
-0.1940463374  
0.1519160732  
1.517970395  
1.439954975  
1.375156117  
1.407645169  
1.033670916  
0.7672652076  
0.518360908  
0.5225939614  
0.5214147647  
0.5057663953  
0.2278571818  
0.1873333128  
-0.07648662512  
-0.3365147063  
-0.2324606868  
-0.2576517003  
-0.4087581417  
-0.1888603786  
-0.651755047  
-0.08739404374  
0.1408764847  
0.7903575048  
-0.4715145412  
-0.629145036  
-0.6586170987  
-0.4323923647  
-0.5342365804  
-0.5637722506  
-0.3476495105  
-0.6192627252  
-0.4212325161  
-0.5778770271  
-0.5933619105  
-0.3787899569  
-0.4580725967  
-0.3927154887  
-0.4015203323  
-0.547474788  
0.03867377686  
1.108103851  
0.4778064199  
0.9099827271  
1.333769248  
-0.1195357096  
-0.315737867  
-0.5126920869  
-0.366868108  
-0.3799371928  
-0.4964913577  
0.95930198  
-0.1977480406  
0.417295987  
0.02471021687  
0.01647624997  
0.2124214564  
-0.2808293598  
0.2626834942  
0.1727945296  
0.2593630285  
0.5786723348  
0.8430246218  
0.1907198386  
0.1926800006  
0.1376636478  
0.7249206622  
0.1807339429  
-0.4824666181  
-0.1078327454  
-0.2676588103  
-0.2072776824  
-0.3653236145  
-0.4803264416  
-0.1187171923  
-0.625332245  
-0.7504649454  
-0.8969636224  
-0.6343876123  
-0.6922917979  
-0.6337958264  
-0.705363267  
-0.650307636  
-0.7837304936  
-0.8393902965  
-0.1806104817  
-0.2960029508  
-0.132722483  
-0.173815795  
-0.06555401854  
-0.1094027885  
-0.2626396095  
0.04729421033  
0.4578399721  
0.2352821401  
-0.2549504562  
0.03599160536  
-0.8829850082  
-1.114827559  
-1.200443166  
-1.269156862  
-1.519245313  
-1.469122456  
-1.210890572  
-1.312924347  
-0.3982227648  
0.1993366739  
0.6263558616  
0.1495664269  
2.201334902  
2.70515486  
2.266643139  
2.234336888  
2.286437712  
3.077337396  
2.611412179  
2.40620597  
2.331436664  
2.754602478  
1.733087464  
0.127665042  
-0.4438094297  
-0.4002897986  
-0.7204717103  
-0.4839981371  
-1.165684345  
-0.6679720326  
1.895451862  
2.014136158  
1.253307014  
0.4115022764  
0.1142187383  
-0.2250122167  
-0.335837562  
-0.6743559136  
-1.197060071  
-1.096043375  
-1.08371467  
-0.4806174045  
-0.6256560794  
-0.4451349444  
-0.8208626288  
-0.8319029701  
-0.4383601961  
0.6479305196  
0.7457222878  
1.627987646  
1.604070432  
0.4353230391  
-0.4613757892  
-0.394190948  
-0.6251935516  
-0.6969071582  
-0.5094667803  
-0.3746105688  
-0.1760615297  
-0.3822140268  
-0.4664083923  
-0.4176507907  
-0.2044623413  
-0.3186356503  
-0.06513396207  
-0.2469064616  
-0.05624145207  
-0.2479201515  
-0.266288302  
-0.4576653857  
-0.4337731365  
-0.2737688189  
-0.546360367  
-0.4138417445  
-0.4955702009  
-0.4686325336  
0.2581096237  
0.766411797  
0.4026667666  
0.7099602654  
0.651740065  
1.365689534  
-0.2686089449  
-0.3915514384  
-0.3366630883  
-0.2518312482  
-0.5219932374  
-0.1336108408  
-0.3527388784  
-0.3642060928  
-0.4047308215  
-0.2070104683  
-0.1733867145  
-0.07169585691  
-0.2144860617  
-0.2302031197  
-0.1996949428  
0.01008542125  
0.02146480822  
-0.08354451279  
-0.15604819  
0.1875385327  
0.2827783771  
0.02427451173  
-0.07943272573  
-0.08848996758  
0.09358089586  
-0.02108155383  
-0.147729075  
-0.171030513  
-0.1880599325  
0.0214896687  
-0.1442234977  
-0.1559462732  
-0.0437586344  
-0.01389165865  
-0.1011041505  
-0.05696349908  
-0.1173097201  
-0.0651640172  
-0.09204092327  
-0.09167886722  
-0.0370222358  
-0.2403678834  
-0.00995236905  
-0.1125333483  
-0.1523532648  
-0.01988389675  
-0.03154989722  
-0.08368499656  
0.1227896636  
-0.01350858931  
-0.1786608995  
-0.1481473662  
-0.2261923576  
-0.333383058  
-0.3932648686  
-0.2909038015  
-0.1957370054  
-0.2347924631  
-0.2111707684  
-0.329952394  
-0.2230106455  
-0.3335371067  
-0.2822186145  
-0.4765082225  
-0.4684360606  
-0.4190733945  
-0.398936628  
-0.451896046  
-0.2343920772  
0.9151309916  
0.6917466428  
0.3844025647  
1.457385539  
0.3053604096  
0.08302786195  
0.01766453557  
-0.3561397032  
-0.01163560362  
-0.2747683345  
-0.3441381147  
0.5045282254  
1.076533398  
0.287922171  
-0.7559642593  
-1.0079046  
-0.3578076693  
0.2341974983  
-0.0292623974  
0.227244228  
0.5620944298  
0.3947567977  
2.114275628  
1.475571666  
-0.7091471507  
-0.9696893542  
-0.3937258661  
-0.1174013645  
1.100832738  
0.1079339608  
0.1025635191  
-0.02886311089  
0.05336200758  
-0.3255979063  
-0.2139573972  
-0.1071293913  
0.6820555825  
-0.4323859775  
-0.7692264659  
-0.2017570066  
0.6980166011  
-0.08874437078  
0.2532021311  
0.3727461433  
0.1850052027  
0.3030574343  
0.1485105569  
0.4530012189  
1.444367535  
-0.6239733557  
-0.6458744545  
-0.543326636  
-0.422963762  
-0.8199645161  
0.2956774857  
0.313868453  
0.08701775677  
0.09443052533  
-0.1204174205  
-0.05414217158  
0.05911351705  
0.005109477496  
1.045984699  
1.972110319  
1.652152721  
-0.779521941  
-1.174585239  
-1.27024272  
-1.366213314  
-1.279728224  
-1.196680844  
-1.236155461  
0.239345039  
-0.3474652912  
0.269753734  
0.3450322122  
0.4233398431  
0.1797399857  
0.7653906948  
0.09635226242  
0.07952571819  
0.08955114696  
0.5160998266  
0.03743874542  
-0.9213848887  
-0.4828824364  
0.8101843205  
0.1214179723  
0.1866109086  
0.1313139227  
0.1269739986  
0.314591934  
0.1578265161  
0.9226676814  
1.91319025  
-0.2782881808  
-0.7784104476  
-0.8389475904  
-1.113014214  
-1.18311667  
-1.076457962  
0.2220146392  
-0.3626653891  
-0.1133417015  
-0.05786980429  
0.2177232116  
0.1386227971  
0.2598203997  
0.2377179758  
0.7769455741  
-0.06959422108  
-0.2238195355  
0.7107981978  
0.1783782777  
-0.1392315307  
0.08002851875  
0.0007400348813  
1.09315697  
1.283005819  
1.03686964  
-0.3912574138  
-0.65306052  
-0.9261707064  
-0.8756692501  
0.054499986  
0.5766479855  
-0.03623833837  
0.07553002191  
-0.3732750015  
-0.2240804327  
1.201178916  
0.4736124027  
0.1346959343  
-0.04800543367  
0.1504124312  
0.9012894278  
-0.2245483594  
0.9697362936  
0.1390212939  
0.03080338672  
-0.01161906107  
0.2595094183  
1.456443505  
0.4735157225  
1.267951974  
1.329648554  
-0.08222316484  
-0.3250989192  
-0.3511455181  
-0.4620152797  
-0.425310841  
-0.2492007755  
-0.3169104653  
-0.39004053  
-0.3608869442  
-0.2342030697  
-0.3553406742  
-0.2507073222  
-0.299749377  
-0.3820031996  
-0.1880463244  
-0.2631173732  
-0.2815379847  
-0.2816363387  
-0.3658179743  
-0.05086365044  
-0.3117841139  
-0.3205561241  
-0.1231895371  
-0.1004390399  
-0.182118253  
-0.2107149956  
-0.3516063465  
-0.1234674619  
-0.2392230902  
-0.326605312  
-0.3149625851  
-0.3633230133  
-0.2392566422  
-0.4016184206  
-0.4742469094  
-0.4124200045  
-0.2820706457  
-0.2702882272  
-0.4502915631  
-0.339620555  
-0.479766694  
-0.2976293359  
-0.4791574108  
-0.5279227554  
-0.5106143132  
-0.4298496456  
-0.4620857186  
-0.7202647995  
-0.5595620864  
-0.6713613912  
-0.759911491  
-0.9596501218  
-0.9759439967  
-0.9875499918  
-1.007416153  
-0.8076120015  
-1.079934486  
-1.110195292  
-1.069272708  
-1.157477202  
-1.205848696  
-1.278859344  
-1.154429995  
-1.36477181  
-1.299764195  
-1.330106813  
-1.489139113  
1.277522582  
3.004146984  
2.976265895  
2.924773694  
2.67649771  
3.161375826  
2.771598655  
2.830270143  
2.751534715  
2.787991615  
3.033310624  
2.789329163  
2.776414999  
2.887774922  
2.591749461  
-0.1348191879  
-1.446725211  
-0.9950170849  
-0.5044158618  
-0.2528182615  
-0.7449300781  
-0.4680616774  
-0.5422711915  
-0.6821574979  
-0.534463779  
-0.63218499  
-0.5515224962  
-0.7121259487  
0.5677598764  
0.7397572742  
-1.044416799  
-0.9753166087  
-0.7332980391  
-0.1617021259  
-0.023163255  
-0.3610797534  
0.02686084927  
-0.1410784146  
0.3383505619  
0.03617926122  
0.03764411105  
0.3540908713  
0.07944109285  
0.060082724  
-0.1676446627  
0.02949809933  
