0.7404302571  
-0.01682721915  
-0.1874876618  
0.1669161121  
0.03190251394  
-0.09448483046  
0.5103200998  
0.4890856035  
-0.07039749072  
0.6459522923  
-0.07848019431  
-0.3656156068  
-0.1737024538  
0.5581370551  
0.004758751306  
-0.6443406481  
0.9467176371  
0.5147308781  
-5.138854767  
-1.429134409  
-0.06331633329  
-0.3665489162  
0.7089821276  
0.1145396266  
0.007386249033  
0.5139303924  
-0.2283935943  
0.1046862621  
0.1020730378  
0.7024232604  
0.3729560637  
0.4846802083  
0.363509236  
0.1119719615  
0.128808845  
0.955012756  
0.2185133845  
0.5515218283  
0.1700130457  
0.4745514651  
0.3337565987  
0.4599187546  
0.5033429706  
0.6679196913  
0.4472912325  
0.5568501243  
1.297228638  
0.7685862294  
0.7533284834  
0.08376363198  
-3.022038829  
0.2263714485  
0.9160613301  
0.6814997869  
1.130619014  
0.7865259096  
0.2575756228  
1.426730525  
0.6500679799  
0.9340021044  
-1.216767728  
-1.849926113  
-1.125977752  
0.08995156599  
0.7359137955  
0.3530331285  
-2.172434663  
0.1415179653  
0.5594141263  
0.6439041783  
-1.154864466  
-3.996154057  
-2.980830256  
-4.119245613  
-3.559510155  
-1.102290157  
1.404811415  
1.959312861  
1.416570451  
1.452394446  
1.727592387  
1.715351812  
1.917614004  
2.142273011  
2.014536206  
1.702186935  
1.77956304  
2.234939655  
-1.730967961  
-1.778404771  
-3.227604744  
-2.831136164  
0.170322268  
2.849631913  
3.168457191  
-1.980410748  
-0.5725032743  
-0.0150264818  
0.08902796096  
-0.1268461836  
-1.208293987  
-1.222405413  
-1.904373307  
-1.516126472  
-1.283050002  
-1.624881595  
-1.248195879  
-1.37829313  
-1.922814535  
-2.085940654  
-1.964977793  
-1.849535066  
-2.646992653  
-1.349802355  
0.8955256971  
1.589353651  
0.7508619374  
1.969668536  
-0.9528653131  
-1.258275226  
-1.461157345  
-3.315025643  
-2.364569446  
-2.179399924  
-0.04516500832  
-1.124093578  
-2.460690848  
-3.003389977  
0.8688640142  
1.276914604  
1.40865181  
1.309229724  
1.696838978  
0.9258699684  
1.691978817  
1.228852111  
1.176093009  
1.512314432  
0.9047221127  
1.148124426  
1.629765645  
1.789088576  
1.017757926  
1.73143987  
-0.9738335962  
-2.192658541  
-0.4182714188  
0.4732976071  
-0.04033941571  
0.5474862602  
0.5777885218  
0.369751685  
0.3132288777  
0.4120239697  
0.2596123506  
0.2196235373  
-0.04712486971  
0.1857013577  
-0.1900002179  
0.9631846302  
0.1725632211  
0.3784415014  
0.8467687114  
0.9406654914  
0.4765743999  
0.2488702529  
0.3132384596  
0.2351430745  
0.8733705251  
0.9087410097  
0.5368985796  
0.3729872013  
0.7923309608  
0.2815030722  
0.9621516447  
1.179969101  
0.5239921351  
0.3089732283  
0.8520791621  
1.125076939  
1.52679487  
1.05623936  
1.025180856  
0.9820412579  
0.9883301125  
0.3496377507  
0.9943877633  
1.567254887  
0.9294648922  
1.657825645  
1.735670888  
1.367008981  
1.705293038  
1.259795828  
2.030429276  
1.959795341  
1.091682301  
-2.354026929  
-1.533650442  
-2.915930489  
-2.74664611  
-3.590403436  
-2.920656725  
-2.690077368  
-2.611489315  
-4.06391851  
-3.314129625  
-2.892025182  
-1.985711756  
-3.32926785  
-2.427389212  
-3.16566387  
-3.313112769  
-0.8857386026  
-1.728697149  
1.889481018  
2.837083676  
2.504710403  
2.185592462  
1.867472837  
2.070946577  
1.745115411  
0.8896117514  
-1.819183604  
-1.589438245  
-1.78451941  
-1.771919361  
0.4632856618  
1.378827009  
1.195922335  
1.458300959  
1.683046316  
1.113940969  
2.152314322  
0.52573838  
-1.45035218  
-1.065440046  
-1.324432108  
0.9888320154  
1.548446162  
1.59333595  
1.484674932  
1.553737452  
1.363837042  
1.483207505  
1.030711007  
1.137004942  
1.869215036  
-0.8491804748  
-2.385339337  
-1.241769094  
-1.867162734  
-2.513805166  
-2.675748142  
-2.660868072  
-1.97135921  
-3.948578934  
-1.778420119  
-2.28290329  
-3.603033561  
0.3418001163  
1.463317794  
1.801461891  
1.094821673  
1.186724709  
1.082555707  
0.8584343858  
0.9849950452  
1.345511222  
1.611023504  
1.002023674  
1.569087273  
2.203158634  
1.253705151  
0.6341045818  
-1.784337099  
0.08018645229  
0.1271402092  
0.1099159907  
0.04094720633  
-0.7682589318  
-1.695488014  
-1.067894384  
-0.7370316178  
-0.9076459111  
-1.417295386  
-1.712595441  
-2.446949597  
1.19235088  
1.015082254  
0.8034823204  
0.846968616  
0.9411141563  
1.009679897  
1.174113945  
1.14428775  
0.1398859622  
-0.9979086225  
-0.2039691012  
1.039311855  
0.3679439459  
0.8885893141  
1.277597182  
0.8230782184  
1.087635486  
0.8240591947  
1.001848452  
1.1325145  
-0.1113978664  
-0.7931143852  
-1.598660721  
-1.021013436  
-1.674583181  
-1.247824936  
-1.625701804  
-0.5869446692  
-1.074371634  
-1.91778865  
-1.258614436  
-1.211572012  
-1.519043245  
-0.62822099  
-1.913190302  
-1.73970845  
-0.03868148099  
1.016028796  
1.074275532  
0.8119041962  
1.042531708  
1.209230107  
0.7905442617  
0.3751276799  
0.2794837252  
0.3967357035  
0.5690333555  
0.8044650031  
0.3870835966  
0.06410062774  
0.5833251652  
0.2443607729  
0.09570275707  
0.4848011692  
0.5589460868  
0.1697567324  
0.04904525208  
0.76042204  
0.5408542162  
-0.1503686066  
-0.2225602821  
0.4744364411  
-0.0880914949  
-0.4406208095  
-0.2702143345  
0.1327501795  
-0.3667674584  
0.3748490847  
0.2140303506  
-0.09381174146  
0.0617593297  
-0.2861363676  
0.2377065174  
-0.3364252387  
-0.07085099706  
0.4490429952  
-0.03196996419  
0.3489214769  
0.6083727378  
-0.1286588886  
-0.1423030974  
0.190033675  
0.1876980865  
-0.2697189338  
-0.2532766767  
0.2537158308  
0.04765975609  
0.08659203012  
0.007618619798  
0.1338415266  
0.4523847439  
0.4210011615  
0.389236767  
0.1926990362  
-0.3579063228  
0.5353916958  
0.4536442186  
0.1678641083  
0.1017755528  
0.280007345  
-0.1485108002  
-0.1174103538  
0.2117798824  
-0.2632384521  
0.1210098571  
-0.2426648646  
0.5482180405  
0.2363555825  
-0.4080662927  
-0.09817846564  
-2.310351099  
-1.350289759  
-0.2565750076  
-0.1468809173  
0.2003184137  
-0.5903536745  
0.5129776032  
0.2457586532  
0.03017981673  
0.1141152681  
-0.2362632029  
-0.05561170968  
-0.5743243954  
0.005905486402  
-0.3229521543  
-0.2401241816  
-0.253770778  
0.2542634186  
-0.355937601  
0.2820136019  
-0.06646694102  
-0.4156925915  
0.2733712215  
0.4076589229  
0.2038392739  
0.09064193171  
0.1470607668  
-0.1236914194  
0.1029053951  
0.6308610044  
0.2883191218  
0.3131351072  
0.3564335085  
0.2597552465  
0.1420527562  
-0.0412086163  
0.824193461  
-0.3477724185  
0.5864330419  
0.3606054934  
0.180603835  
0.00756501606  
0.367583246  
0.4330771389  
0.1742931741  
0.3491207054  
0.140562954  
0.4012661316  
0.2614567733  
0.467925091  
-0.8805662923  
-1.496980455  
-0.103563284  
-0.9072748459  
-0.4951234331  
-0.0894022415  
-0.4381190947  
-0.4209564007  
0.2038558568  
-0.004241216725  
-0.8691698562  
-0.339498903  
-0.1122930662  
-0.5195185266  
0.08286171021  
0.5251810914  
-0.1380789699  
0.113362235  
0.2608668217  
0.2911682238  
-0.182692273  
0.519911843  
0.2725295973  
0.06216515582  
0.4064993114  
0.1940409153  
-0.05161509491  
0.4780803881  
0.2902526263  
0.6510956913  
0.02516341859  
0.1495683351  
-0.09728613116  
0.2261004736  
-0.3312114883  
0.4366447524  
0.7593462683  
0.6080712023  
0.9749377882  
1.03321279  
0.3736761276  
1.043310748  
0.7812617277  
1.016451935  
0.3037807791  
0.435160469  
1.136140018  
0.2778709625  
0.5607856661  
0.5090372049  
-0.06071840349  
0.1611235169  
0.7790545342  
-0.866017425  
-0.3513965012  
-1.032138172  
-1.149172285  
-2.27206575  
-0.5436365915  
-0.4696386813  
-0.2447037931  
-0.3161596627  
-0.2448204994  
-0.2638697595  
0.0593100803  
-0.2399254542  
-0.7769539481  
0.1550691878  
0.2198673068  
-0.7820312018  
-0.1459195303  
-0.3199329335  
-0.1777504033  
-0.9462559319  
-1.563499497  
-0.00298853076  
-0.1796737702  
-0.0798477517  
0.3507796912  
0.6010315347  
0.4620316994  
0.4823996392  
-0.4052127544  
-0.1079679113  
0.5406564452  
0.6630195048  
0.2411388469  
-0.07634511412  
0.2345528804  
0.2546716023  
0.08735336417  
0.137316007  
-0.9016554468  
-0.7459128858  
-1.356917084  
-1.818753307  
-0.06865507242  
0.3581052361  
0.8549657075  
1.074715649  
0.2555633937  
0.6112660022  
-0.4171199524  
-0.4581934563  
0.2622390069  
-0.136737208  
-0.4509477892  
0.08654841019  
0.4220537793  
-0.3800665247  
-0.6588169816  
-0.6147501406  
-1.274810194  
-0.1166511775  
-0.2238267821  
-0.1960796473  
-0.8266184848  
-0.6998054248  
0.9545838931  
0.3182461235  
0.1174915727  
0.5809869784  
0.08295564023  
0.6409122525  
0.9500537256  
0.4446830727  
0.04128724291  
-0.1158796062  
0.3386930206  
0.06168346205  
-0.01100487161  
0.3284731083  
0.5239409695  
1.260707409  
0.1784943936  
0.6420636952  
-0.03335822539  
-0.2626884343  
-0.3236580927  
-0.4289658883  
-0.1923953551  
-0.04821160208  
-0.205672889  
-0.6194518736  
0.04692753347  
0.600857458  
0.215956098  
0.6021991105  
0.1644545588  
0.5896567998  
0.9837380016  
-0.02590113317  
0.03634403451  
0.5719399476  
0.3682110784  
0.8829354297  
0.4312153265  
-0.4748570611  
-1.613213513  
-0.7211489714  
-1.219331895  
-0.5608239404  
-1.025272725  
-0.4479298008  
-0.4709912294  
-1.28275117  
-0.9205894872  
-0.9905828236  
-0.8085664452  
-0.2730207567  
-0.9017705794  
1.693167021  
0.6670986328  
0.1762054213  
0.8815483747  
1.541108046  
0.4911490836  
-1.07911287  
-0.09437657185  
-1.508875756  
-2.121473514  
0.157386369  
-0.4994837998  
0.2579256225  
0.7838465053  
0.7769514092  
-0.07291465148  
0.4464312068  
0.302236382  
0.9369643569  
0.4374910503  
1.301812189  
1.450758924  
0.5817744471  
0.8806042027  
-0.5641035151  
-0.7212785024  
-1.581991722  
-1.642732821  
-0.563113557  
0.3125134141  
-0.01334391064  
0.2286488763  
-0.3112211658  
0.3575385828  
-0.3973420019  
-0.2993085037  
0.2958607505  
-0.136097798  
-0.03125925736  
0.1929355503  
0.3910963127  
-0.3757075636  
0.1532192907  
0.3017760708  
0.626936203  
0.07654732027  
0.4215971802  
0.0002882614806  
-0.06975391022  
0.02135840476  
-0.2636962628  
-0.09916381284  
0.1880428918  
0.09121083357  
-1.629326825  
-1.330737113  
-0.4641878544  
-0.9309437586  
-1.299819991  
0.3991534933  
-0.2662573238  
-0.08365435241  
0.498495772  
0.02621795011  
0.5390764983  
-0.1326144639  
-0.2784975557  
0.3342312034  
-0.1287464907  
0.11696615  
0.3421337392  
0.06415510265  
0.7353097957  
0.6705463022  
-0.2079311899  
0.1602723403  
0.1793041717  
0.08100339617  
0.2273135962  
0.4897533898  
0.009034010612  
0.1682807372  
0.6705203824  
0.4817298518  
0.2868226905  
0.1885798256  
0.2205106945  
0.2236990093  
0.3970146008  
-0.1711973915  
0.1406271381  
0.03117222092  
-0.6353783151  
-0.04277950874  
0.4666743539  
0.4925784831  
-0.3683997135  
0.119066492  
0.1250666261  
-0.2867777642  
0.2206822461  
0.008498402289  
0.4851879513  
-0.5652792459  
0.05616247788  
0.01413761626  
0.2563965719  
0.003655048309  
0.5141103564  
-0.08532525935  
-0.3206314135  
0.2947657742  
0.9151680622  
0.6294899714  
0.4105794234  
0.5574644271  
-0.07974245892  
0.8191442292  
0.3304860884  
0.7940027313  
0.5850619135  
0.5398654637  
0.5936918534  
0.5078545571  
0.4779338321  
0.665096715  
0.6969066785  
0.7238526878  
-0.8502453039  
-1.098009464  
-1.324999818  
-0.5775986749  
-0.4016942313  
-0.05396085714  
-0.1035039165  
0.07509560373  
-0.587652795  
0.04282983431  
0.5100236819  
-0.7350040503  
-1.057513465  
-0.1892513758  
0.06413578325  
0.1699283338  
0.3104451506  
-0.9322315602  
-0.9811553685  
-0.5676760361  
-0.6386190252  
-0.06236805057  
-0.04689907272  
-0.5604553102  
1.177408673  
0.6112709504  
-0.4335944068  
1.137139626  
-0.01381738785  
-0.05732274608  
-0.5825904674  
0.4300066727  
-0.8141726402  
-0.9215328422  
-0.6352717225  
0.09464443377  
-0.7958904476  
1.160569295  
0.9906127376  
0.8884297892  
-0.5972415635  
-0.2737730387  
-0.8253168034  
-0.1793507785  
-0.3760006491  
-0.3889870635  
-0.7674293261  
-1.204113361  
-0.4525458166  
0.5256324288  
0.7999560238  
0.1719950944  
1.816230133  
0.5445359009  
0.7026109793  
0.3288591927  
0.3413123662  
0.208684824  
-0.1297361788  
-0.07343310721  
0.3928490728  
0.2281229938  
-0.3825880243  
-0.7728047159  
-1.42410182  
0.8787253129  
-0.1534157888  
0.2907304392  
-0.1112742019  
0.3231120629  
-0.102094075  
-0.01786008288  
-1.052095642  
-0.4916082773  
-0.3030391758  
-0.8098349616  
-0.2931272134  
-0.1953326368  
0.2176252539  
0.1014273202  
-0.2442600078  
-0.434176392  
-1.126058013  
-0.4308209815  
1.425948164  
0.9799445757  
-0.1422808735  
-0.4102659518  
-0.8499987139  
-0.3941398751  
-0.08286491728  
-0.2278519937  
-0.5265611054  
-0.3839018831  
-0.938160831  
0.7089367061  
1.768221406  
1.103137522  
1.753330682  
1.03991561  
0.6894314787  
-0.6869038239  
-0.6358094065  
0.1672183475  
-0.5120713474  
-0.2607768381  
-0.8507645885  
0.4815994566  
0.6464498754  
-0.6812217931  
0.1070192543  
0.2456135171  
0.1367438163  
-0.5750461465  
-0.8498967733  
-0.3491983183  
-0.5197139046  
-0.2317515098  
-0.3096062686  
-1.094653525  
0.153152299  
0.9741362459  
0.5678979401  
0.7126698653  
-0.5147425314  
-0.06863244445  
0.05053970745  
-0.2131481392  
-0.497493811  
-0.5453913785  
-0.03976920598  
-0.8026481204  
-0.9880199978  
-0.4732077359  
-0.5002936564  
-0.3874265749  
0.2755489696  
-0.6001571012  
-0.6900564629  
-0.5176931392  
-0.4517268356  
-0.6611584121  
0.2556339366  
-0.8947190818  
-0.3213368553  
-1.350707911  
0.1161660869  
0.674714589  
0.5308818971  
0.2367486951  
0.4914781019  
0.6181726256  
0.2193859601  
0.4078980599  
0.4937525961  
-0.08965638052  
0.4632792153  
-0.1460939003  
0.8337654744  
0.4288932883  
0.6713820336  
0.5187328615  
0.04696992336  
0.2701155145  
0.5388373023  
-0.2040322863  
-0.2140649606  
0.5307491117  
0.2300742571  
0.02523338762  
0.6574023384  
0.144718147  
0.07022572013  
0.3577334068  
0.3157308685  
0.1569612095  
0.09636631632  
-0.2122388166  
0.382783094  
0.4013065016  
0.06264976946  
0.07849905681  
-0.06104511085  
0.6005787543  
0.2140908631  
-0.01858881549  
-0.412925249  
0.3933868945  
0.06425331749  
0.4180307957  
0.3821449372  
1.048209999  
0.1806498959  
0.3006035451  
0.08152497983  
0.151425513  
-0.1900959324  
0.3937415791  
-0.1537776064  
-0.552666202  
0.3539231736  
0.1060936748  
-0.06300677198  
0.09851434308  
0.3136253724  
0.2760757676  
0.4936400371  
-0.1686230494  
0.9390731404  
0.4454341452  
0.4422390729  
0.7494679935  
0.1687314094  
0.1668288742  
0.1384780449  
-0.6269620395  
0.05088119206  
-0.1622097959  
0.2817967539  
0.02471922963  
0.09942594275  
0.1248058056  
-0.1538840033  
0.5570870477  
-0.02017743625  
-0.3333288362  
-0.4499877701  
0.3781458623  
0.133175695  
0.4923713062  
0.7193208571  
-0.3070752266  
-0.2524032461  
-0.5671364381  
-0.2745065733  
-0.4974112632  
-1.054536703  
-0.3169124051  
-0.567363679  
-0.4690281608  
-0.414111294  
-0.1142532503  
-0.59226708  
0.5077439298  
0.9381991498  
0.7833595635  
-0.3541869395  
0.2882603769  
-0.2074370488  
-0.05927011234  
-0.3000303718  
0.2505430191  
-0.006459804032  
-0.7470744121  
0.8231872619  
-0.4453577156  
-0.1962898649  
0.7992189558  
0.5463224962  
