0.6520908711  
1.411794455  
0.5136385446  
-0.7707815723  
-1.042350653  
-0.04404034937  
0.6922170998  
0.9812527616  
1.18166849  
-0.4771316833  
0.1017005902  
-0.0049817767  
0.458019155  
0.4359302647  
0.3909342181  
-1.301612429  
-0.777004353  
-0.6051457593  
-0.9905900306  
-0.2128684219  
-0.9255240471  
-1.582656416  
-0.364419989  
-0.7091113929  
0.2524132753  
1.523604119  
1.798690332  
0.5067587728  
-4.334346054  
-1.258291277  
-0.7409699602  
-0.1231147937  
-0.4858638331  
-1.305265452  
-1.779917136  
-0.1469025582  
0.7759059163  
1.992146501  
1.900049647  
1.764019059  
-0.5688626931  
0.5381320268  
1.478147491  
2.556502404  
2.679867024  
2.618272206  
0.6827954663  
-2.3879375  
-0.9647189025  
-0.7844306679  
0.6425932767  
1.025323045  
-0.09316398476  
-0.4876939558  
-0.5408278216  
0.1872467352  
0.3694815198  
1.475003322  
-4.235256978  
-0.9884383737  
-0.8094156808  
0.6133747313  
0.7592331379  
0.9587326641  
-1.016294476  
0.4487742373  
0.2737603492  
0.6465598783  
1.22951973  
1.279472687  
0.2585727894  
0.04516696976  
0.2199783245  
0.7633044646  
1.214119648  
0.5960656826  
-1.955778  
-1.059054211  
-0.111466029  
0.9547755252  
1.563758063  
1.505857777  
-3.508032617  
0.1208933693  
0.1661541412  
-0.1314272244  
-0.9228019924  
0.00787585384  
-0.4757101673  
-0.1671270578  
-0.6401170919  
-0.784451831  
-0.07234715859  
-0.371986861  
-1.391793285  
-0.8750868219  
-0.7309228247  
-0.6979592332  
-0.4070605104  
-0.3101274062  
-0.4521591506  
-0.4517510244  
0.04894245341  
-0.6088939507  
0.2558465553  
0.8004784805  
1.833306069  
-0.1767133861  
-0.3402967597  
-0.2707075374  
0.5256535031  
1.133506112  
1.047097513  
-3.776124457  
-0.5683281848  
-0.01913473416  
0.9446500085  
1.556818249  
1.7562063  
-0.338734233  
-1.41850264  
-0.6670159326  
0.9927510069  
1.474801092  
1.262087298  
-3.392285193  
0.349024522  
0.2078677404  
1.516872686  
1.150616261  
0.5171124666  
0.06895419791  
0.7604883896  
-0.6318769532  
1.035239154  
1.17550333  
1.311987437  
-0.9174296532  
-0.3932861724  
-0.2916424297  
0.4536526715  
1.060521643  
1.341441189  
-1.750491425  
-0.7784614433  
-0.2235255427  
-0.7773274305  
-0.5615154349  
0.03969859287  
-0.7904172991  
0.3283210543  
-0.2342267491  
1.00838387  
1.051330079  
1.444962532  
0.5946029009  
-0.2094578113  
-0.6546932968  
0.6127276971  
0.9932131981  
-0.1467426189  
-1.859649012  
0.3992365445  
0.16623072  
0.4857295427  
1.264498379  
1.124999155  
-2.270213913  
-1.555903439  
-0.7181034825  
-1.20950765  
-0.9473280133  
-0.5536382498  
-0.4800123101  
-2.578935282  
-0.470737863  
-0.05352278871  
0.7268374012  
1.089691686  
1.601462461  
-1.00704202  
0.3123712533  
-0.3203976815  
0.7032161128  
1.048973708  
1.024892266  
0.2864716051  
-0.01855313382  
-0.2098552625  
0.287769989  
0.6735545902  
0.8462591663  
-0.2668909982  
-0.02234327375  
-0.7283942257  
-0.4398575022  
-0.5821706402  
-0.5919201012  
-1.513833168  
-1.060273153  
-0.3856763725  
-0.1819150775  
0.9522359366  
0.4013743166  
-0.5278313391  
-0.8220290894  
-0.3193914591  
0.9309440953  
1.134387026  
1.446120699  
-1.050540388  
0.4744283872  
0.4839138553  
1.224802242  
1.526918966  
1.336089268  
-2.223406241  
-1.287601511  
-0.3113642541  
-0.2316068755  
0.7988235075  
1.464234159  
0.08072093212  
-1.779994604  
-0.1079802923  
0.7977397844  
1.477650716  
1.428206149  
0.5475895085  
-2.101245722  
-1.033349716  
0.5872669495  
0.2842251789  
0.8598768067  
-2.538006448  
-0.8691144479  
-1.052214021  
0.3269628594  
-0.9972508344  
0.9143951142  
-1.576219755  
-0.6932440364  
0.825832505  
1.627605364  
1.998247737  
-0.3611397226  
-0.3014594037  
0.2987094007  
-0.7556705457  
0.03852362267  
-0.2292108623  
-0.06195050575  
-3.623148255  
-0.4273531105  
-0.6595076165  
0.1880145265  
0.6843379443  
1.305637152  
-0.1872616075  
-0.2768036648  
0.0372457968  
-0.2674159319  
-0.381701886  
-0.07528365732  
-0.4874118255  
-0.3122886344  
0.2429182277  
-0.05720179323  
-0.4616313121  
0.2628658004  
-1.650131252  
0.3522555848  
0.03462537387  
0.9862103452  
1.680897176  
1.365576287  
0.7585970179  
0.3797180643  
0.2581846695  
0.9444539489  
-0.9891381076  
0.1378614822  
0.4754602251  
1.217377966  
1.660486679  
2.314521438  
0.823676514  
0.6235462296  
-1.236058754  
-0.05800475206  
-0.1678630536  
-0.1687822598  
-0.07525020122  
0.1737028686  
-2.422731126  
-0.8962034921  
-0.4470640943  
-0.07834698917  
-0.1887800181  
-0.3259212056  
-0.2010366534  
-2.732135964  
-0.09924824094  
0.3861696778  
0.1400912293  
0.475705296  
0.1300887241  
-0.8978698088  
-0.4683528232  
-0.4767607549  
0.4433123093  
1.308483762  
1.707228629  
-2.374751802  
0.2225584616  
0.3452994924  
0.7927585074  
1.427170386  
0.9731227298  
1.65457968  
-1.748719908  
0.6606072119  
0.5929262257  
0.03515561679  
0.3379204154  
-0.8273782089  
-1.906253808  
-1.457740682  
-0.1658141464  
-0.0716067567  
0.6641615613  
-0.1760779213  
-1.071298278  
-0.228605399  
-0.5518548517  
-0.04365667606  
-0.718259529  
-0.343982614  
-1.208400021  
-0.503868454  
-0.1760304545  
0.7459043794  
0.4440605467  
0.466146725  
-0.8867188139  
0.2828093032  
0.7997883837  
0.4098084132  
0.6123912417  
-0.05743764452  
0.108355015  
-1.167317863  
-0.4236629342  
-0.6169671314  
-1.391333764  
-1.651501256  
-1.357173  
-0.959422355  
-0.2882948614  
-0.2399141895  
1.359768796  
2.08300946  
2.38110286  
0.2947125338  
1.143946554  
0.01162880489  
0.6092180875  
0.08750743108  
0.1696611688  
-1.774433666  
-0.6758793207  
0.1385553327  
0.7276431  
1.27396082  
1.882781832  
0.9529398956  
1.842835315  
1.693954983  
0.8649670453  
1.236973749  
1.598990566  
1.059865541  
-1.222490017  
-1.29982115  
-1.274804305  
-1.418862899  
-0.695940824  
-0.3367005666  
-1.639110782  
-0.07139170583  
-0.2581322845  
-0.03281742796  
-0.7201736114  
-0.4639676793  
-0.9556888991  
-0.7883903571  
-0.09186616967  
0.8518353891  
0.4541603431  
0.5409479609  
-3.250510238  
-0.3607653003  
0.01194663022  
-0.04369931252  
-0.07531752992  
0.4530594371  
-1.254623954  
0.06914142001  
-0.2678777149  
-0.3499708108  
-0.2866634004  
-0.2062180336  
-3.116381334  
-1.15058691  
-0.3807563331  
0.4337551641  
1.222963503  
1.588113197  
-3.076022609  
0.8979459616  
0.7334992308  
0.961378481  
1.749729224  
1.654606464  
1.718708029  
0.779236477  
0.4844975891  
1.388862048  
0.8424556036  
0.8934522501  
-0.1873880076  
0.5971244259  
0.4614320254  
0.9226593466  
1.288805169  
1.490464246  
-0.7314961967  
-0.03593763958  
0.1820899284  
-0.4752471632  
-0.4598500607  
0.06443338064  
-1.144988273  
-0.5420601018  
-0.3556716587  
-1.773304153  
0.1217447085  
0.2955638863  
0.4882401635  
-2.984609029  
-1.642935405  
-0.796589244  
0.3884918935  
1.533677476  
-0.3941926161  
0.2977456614  
1.078351176  
0.7906845048  
1.531346883  
2.062919082  
1.062287745  
-0.4765541003  
0.2708165721  
-0.8248731145  
0.118658057  
0.3063882048  
-2.922601055  
-1.276790481  
-0.4745806442  
0.453071309  
1.647615442  
1.820903695  
1.654582791  
-1.521385803  
-0.8313348976  
-1.509897214  
-1.295218735  
-1.286634402  
-1.616684435  
-2.159741282  
-1.769306782  
-0.3164066306  
0.6284024939  
0.9924147918  
0.6310204952  
-0.05389892912  
-0.2328267548  
0.4748076267  
-0.6896749176  
-0.8833664771  
-0.9160241928  
-1.745267974  
-1.149692671  
0.1871688189  
1.550863696  
1.772546686  
0.8607682974  
-0.993923329  
0.04847998865  
0.3808057469  
0.7084605342  
0.2519088699  
0.4412850248  
-2.009401712  
-0.6847649657  
-0.5498953948  
0.2579739776  
1.355962104  
1.704451827  
-0.2497870095  
-0.5430376843  
0.09094314508  
0.3535685184  
1.528642878  
1.358131541  
1.463279825  
-0.1297095325  
0.6143329485  
0.1728007305  
0.7869430777  
1.425340097  
-0.3699038174  
0.9278265006  
0.3851019113  
0.2274134119  
0.7476232115  
1.46852203  
1.732626072  
-1.100343599  
-0.4749413888  
-0.5166547048  
-0.4204212653  
-0.473845687  
-0.1259317672  
-1.350805764  
0.1422460802  
0.04073031139  
0.3296973237  
0.5015947548  
1.164697695  
1.032820971  
-0.1043716435  
-0.210751472  
-0.2169617222  
0.2522737911  
0.2561297419  
0.4904837398  
-0.2576580136  
0.08281039004  
0.2763152804  
1.152734744  
1.163522225  
1.615802314  
-0.6757608322  
-0.8152077895  
-0.9545402537  
-0.7822423041  
-1.107458563  
-0.9767072514  
-1.846634721  
-0.7396850263  
-0.8001039508  
-0.7840087332  
-0.8100896492  
-0.5483741244  
-2.260943784  
-0.9726908664  
-0.4606707673  
0.6803864924  
1.443106359  
1.58966574  
0.1758566872  
0.7732785618  
0.0440617906  
-0.5501551339  
-0.1633600373  
-0.4039133401  
-1.925618899  
-1.001946187  
-1.158313328  
-0.4833705173  
-0.7542224699  
-0.6828249717  
-0.6830443825  
-0.3736275752  
-0.2112912162  
-0.06164052473  
1.020213955  
0.6405555385  
1.444051089  
0.1344306239  
-0.2884615789  
0.07876161301  
0.3765816795  
0.9934451932  
0.6565523556  
-0.4861667338  
0.8100147153  
0.4566248965  
0.3971410946  
0.5118078226  
1.633034966  
1.870881921  
-0.3235247189  
-0.4830367707  
-0.1060514043  
0.3593280105  
1.163190264  
0.6245890469  
-0.7888816765  
-0.2230114822  
0.1929571074  
-0.01490002008  
0.2858723449  
0.09379298661  
-0.775275886  
-0.347681493  
-0.38804115  
0.2506587899  
1.446941161  
1.815792808  
-3.091053533  
-0.7117563903  
0.5077035909  
0.5584301924  
1.307300453  
1.298902146  
-1.889140875  
-0.2962527969  
0.4903909372  
-0.01375807015  
-0.3525509136  
0.4100175434  
-0.8836756003  
-0.3623359268  
0.1876290293  
-0.4161008936  
0.3145051829  
0.1475097954  
0.3384297644  
-0.4280948599  
-0.03003209957  
-0.3050223345  
-0.4799744298  
-1.547765698  
-0.0006065344742  
-3.085044721  
-0.5347843663  
-0.9267342812  
-0.3499271139  
0.1620502136  
0.960491234  
-0.5064563896  
0.6529745675  
0.5576947439  
1.471145136  
1.159994876  
1.231508739  
-0.1665241971  
-0.277636868  
-0.4690600678  
-0.5655863873  
-0.4551291751  
-0.8109799419  
-1.279196031  
-0.03118933197  
-0.3169659497  
-0.7193183944  
0.4176098688  
-2.981557314  
-0.2640805031  
-0.5036549239  
-0.2385772929  
-0.427861786  
-0.2052263824  
0.03531569  
-0.5599911976  
-0.7650624122  
-0.2886531006  
1.140724642  
1.321890247  
1.544330889  
-0.5817357807  
0.4270930554  
0.3434912853  
0.9433572218  
1.098249422  
1.524269163  
-0.8630093572  
-0.3551013666  
0.6428954009  
1.393772572  
0.7863338559  
-0.8038286563  
-1.072735726  
-0.2229001057  
0.2732287836  
0.5247508678  
0.3333276654  
-0.3319998321  
-2.160231459  
-1.024418425  
0.1078317272  
0.832604598  
0.7999102197  
0.3417776838  
0.01405482863  
-0.2296293559  
0.3548613465  
0.616820396  
1.055770112  
-0.8550591363  
-1.188321375  
-0.3700415222  
0.1371508389  
0.9853996093  
1.484821224  
0.6552403827  
-1.090780379  
0.1471241283  
0.3715449567  
0.8813056284  
1.226313277  
-0.0480585096  
-0.1218059664  
-0.03840845651  
-0.9704318462  
-0.3514873126  
-0.6268023917  
-0.6358330239  
0.07558686657  
-0.4471768028  
-0.2899158519  
0.4741444204  
1.25262573  
-0.2824946393  
0.4178093769  
0.4899766993  
-0.2203980074  
0.5319707764  
0.2135913013  
-0.7925497503  
-0.7444759991  
-0.1056004148  
1.149286761  
1.577723454  
1.273797068  
0.7750199413  
-0.6457362355  
-0.1163456566  
0.1423812053  
1.677292424  
0.8232751601  
-0.3667242543  
-1.067338183  
-0.286172302  
-1.027914014  
0.8203574953  
0.9681183781  
0.7945885959  
-0.5368473728  
0.08379246297  
-0.3933276473  
0.2135844042  
1.116853049  
0.91189028  
-2.534455282  
-1.707822094  
-1.039595942  
0.3370463776  
1.141255533  
1.103809179  
0.5600082651  
-1.353168041  
-0.7973058787  
-0.4495839161  
-0.6833220895  
0.4451579171  
-0.1229264063  
-0.8711733281  
-0.48883333  
-0.9422046421  
-1.023076174  
-0.8904808495  
-0.9186056135  
-2.239399991  
-0.8945213492  
-0.6900901689  
-0.4618266677  
0.7893999972  
0.699644895  
0.8322942348  
0.2891994144  
-0.01460982351  
-0.3453314427  
0.7065592456  
0.1330090231  
-1.13742017  
-0.0212222556  
-0.05315037314  
1.049521224  
0.5073674266  
-0.422717347  
-0.1050021712  
-0.01331776316  
0.1092221521  
0.494044411  
0.9809511702  
0.16874334  
1.005085869  
0.2463337094  
0.7033939025  
1.283205554  
1.457450044  
0.09639143264  
-1.723091549  
-1.465354796  
-0.2851996827  
0.3800873473  
0.5890269491  
0.3899473523  
0.08591822786  
-0.7588147014  
0.132255942  
-0.04553376115  
0.2763148067  
-0.7083614674  
-0.5148694877  
0.1178680071  
1.254695859  
0.9444577173  
1.534674558  
0.2822481023  
-0.3560434048  
0.1426861031  
-0.3879801971  
0.3025739177  
0.5282464713  
1.062255849  
-2.123848224  
-1.026358802  
-0.05853895274  
0.690948421  
0.7596272314  
-0.5535102217  
-0.2201947961  
0.4883670976  
-0.3208350119  
0.581624811  
0.6221080905  
-1.983778757  
0.3154177805  
0.4326634928  
-0.02270859174  
0.3234820671  
0.5002698781  
-1.633082433  
-1.525689155  
-0.4122738275  
0.302287764  
0.0004901900102  
-0.6908862703  
-1.145530556  
-1.185634251  
-0.1966730991  
0.5886138937  
1.005770541  
1.298189997  
-2.733477137  
-0.7461931842  
-0.07329092694  
0.1287380741  
0.58837988  
0.2362461624  
-0.7393938004  
0.9262535476  
0.3888548467  
1.156245405  
1.507343557  
1.741139654  
0.3289655673  
-1.580825395  
-0.6297334245  
0.7800070731  
1.760581887  
1.592182488  
0.2193292015  
-0.4227083408  
-0.3719809918  
-0.9927166572  
-0.4737222571  
-0.7031164072  
-0.8294787673  
-0.592481319  
0.3175061612  
0.008525510464  
-0.04501676299  
-0.1741868907  
0.3958956249  
-1.837254468  
-0.8869923523  
0.2865456129  
0.9761442638  
1.306238113  
1.332801641  
-1.363211452  
-0.981192195  
-0.5315830439  
-0.2307460921  
0.8078997994  
1.388771608  
-0.2575493965  
-0.4293835331  
-0.7901029242  
0.02923229809  
0.7008400398  
0.5786485683  
-0.4018029184  
0.08896657897  
-0.9070351219  
-0.395295023  
-0.1857616051  
-0.5675750546  
-1.476252783  
-1.137545842  
-1.047424376  
-0.3775693298  
1.168438351  
1.383062099  
0.3026557116  
0.1023390745  
0.1598086948  
0.7132126703  
0.9257848944  
1.757663758  
-2.302890053  
0.7709186693  
0.07907310095  
0.7420991638  
1.266981337  
1.489135689  
-0.07141280913  
-0.8310347442  
-0.782840367  
0.04608506332  
-1.163760056  
-0.139682293  
-1.03733734  
-1.022223652  
-1.011654321  
0.2031215339  
1.284162207  
0.6967259447  
0.1486124061  
-0.03250629208  
-0.612206998  
-0.8681064518  
-0.2864820102  
-0.2547056853  
-0.5224235522  
-0.7791314543  
-0.7010180508  
-0.7173978502  
-0.1413229237  
-0.1138199984  
0.02675288079  
-0.833138018  
-0.8985091335  
0.11379227  
0.9917339565  
1.409419437  
1.19863482  
0.9816393319  
1.191559055  
1.176023502  
1.804101117  
1.907920622  
-0.2209645461  
0.1772135652  
0.4380177138  
0.5989138891  
1.248618848  
1.966765951  
0.7365983837  
0.05022676157  
-1.133141901  
0.04684767534  
0.3859268599  
0.9152858828  
1.006021575  
-2.366588564  
0.288008989  
0.09447024141  
0.7805883756  
1.333145979  
1.218104939  
-1.16856433  
-0.9178073518  
-1.318182028  
-0.8218589341  
-0.1290439897  
0.004591979739  
-1.323439702  
-1.069182564  
-0.01540490538  
0.7760419362  
1.573488741  
0.6199187446  
0.2081180613  
-0.4534391651  
-0.6930222639  
-0.9997254958  
-0.5096417782  
-0.4515206591  
-1.413465408  
-0.9260921938  
-0.6580835099  
-0.03292600548  
0.8536265267  
0.7522194354  
-0.9368138182  
-0.6605413106  
0.2035444042  
0.7813270444  
1.562795796  
1.204531681  
-2.862611771  
-0.8915351961  
-1.000072419  
-0.8467142769  
-0.3674059309  
-0.3258704664  
-0.9320822503  
-1.060418329  
-0.7037299677  
-0.3737734687  
-0.8369844151  
-0.8442318778  
-1.040327966  
0.2904015227  
0.06766498416  
0.7115670238  
1.532591656  
1.379517748  
1.726267751  
0.8067362116  
0.4421936504  
0.615819478  
0.545620365  
0.4017208476  
0.2267686894  
-0.3862391974  
0.175840485  
0.2144634998  
1.028730305  
1.407053746  
1.256034853  
0.2791918258  
0.3430401595  
-0.4088875505  
0.2913671879  
0.8558508094  
0.05367343974  
-1.146338217  
-1.112408957  
-0.6786343366  
-0.878947372  
-0.1066510795  
-0.5862378635  
-1.279885534  
-1.661367239  
-1.146722854  
-0.9156671902  
-0.3900595184  
-0.8044943906  
-0.7908547377  
-0.4182939118  
-0.2015147944  
0.7643628096  
0.9340002769  
0.8720994109  
0.5398638889  
-0.1067680333  
0.1012077052  
0.03965879081  
0.002835537684  
0.2959624619  
-0.009947867335  
-0.09980839215  
-0.08935077025  
0.932282679  
1.932828645  
1.86783566  
1.058662143  
-0.8573920318  
-0.02959874595  
-0.6492586232  
-0.7456424074  
-0.3066117737  
-0.3815891144  
-0.2812988794  
-0.56946318  
-0.382125963  
