-0.5500016779  
3.472325187  
-1.391267961  
-0.2650057066  
-1.903859851  
0.3849302167  
-2.299424302  
-1.604846022  
0.1824486849  
-0.8960272314  
1.740095876  
-1.198020578  
-2.096295656  
-0.2679307607  
1.318534107  
2.111510657  
1.381059634  
0.05408298338  
0.1944141933  
1.104438719  
1.25792084  
-0.069326866  
0.05403405302  
0.6492393017  
-0.08696418082  
1.440824466  
0.8952632402  
0.3154841627  
0.2211741765  
0.8172421042  
0.5730788659  
-0.143898679  
-0.285566334  
1.132613855  
0.6653665158  
0.8673971913  
-1.999698113  
-1.403516007  
0.3584327085  
-0.6667139555  
-1.713041341  
-1.71216295  
-0.5050058748  
0.1675593042  
-0.7118963755  
0.845186712  
1.100899952  
1.408883654  
-1.028166951  
-0.04488127049  
-0.6145033544  
-0.3454137118  
-0.3461171301  
0.01388448983  
0.8506803097  
-1.428889103  
0.9581209949  
1.557763029  
0.07739384948  
-0.7045344054  
1.033182498  
-1.698144543  
1.19717036  
-0.8084989402  
-0.8859197311  
0.6534383888  
-1.167571963  
-0.54222437  
0.09729164369  
0.4042235706  
0.3278831295  
-0.08476096557  
0.5982978924  
0.5740937869  
-0.1546607643  
0.8099220302  
0.3866098728  
1.007113604  
0.1691160887  
0.8041018247  
0.4562840903  
0.5758995255  
1.455254681  
-0.1275788904  
0.5824615414  
-1.251052112  
-0.7626692347  
1.150995408  
0.5026252706  
0.4263888708  
-0.9720755756  
1.422333635  
-0.7494004744  
0.2787071948  
0.1817534891  
0.2357405846  
0.04947459333  
1.57643385  
0.6848362677  
0.03633731438  
0.05541543549  
-1.309332688  
0.5243062592  
-0.7153114854  
0.9325365238  
-2.375968786  
-1.719012305  
0.7436263206  
-0.09983328119  
0.7149163256  
-2.709011431  
-1.530383714  
-0.7945165238  
-0.1127260388  
2.090434146  
-0.001515277645  
-0.8301382034  
1.431259494  
-0.7936737253  
-0.7672934607  
-0.02683102578  
-1.156504068  
-0.3728727979  
-1.844196287  
0.4505251467  
-0.4472344621  
0.4785317097  
0.02934434047  
0.01643222089  
1.013873525  
-0.3742517384  
0.8171911696  
0.5765781146  
0.3586986006  
1.594641806  
-0.6595117821  
-0.158655837  
-0.5648657154  
-1.785029591  
-0.5430133307  
-0.02020383556  
0.9329122968  
0.3682199378  
-0.1843733372  
1.688671762  
1.133984115  
1.665270127  
0.2368321668  
0.3626134074  
1.299255137  
-0.1615028333  
-0.139319363  
0.8689581286  
-0.4913612528  
-0.2586211476  
-0.1011940192  
-0.2511070612  
0.5293073723  
-1.050076107  
0.04274678864  
-0.1366093672  
2.896002064  
-0.9117937833  
-0.6787249006  
-1.640865787  
0.6596421745  
-2.237250067  
1.489316453  
2.074829504  
0.01674840776  
-0.1640327338  
0.6750528401  
0.199889279  
-0.0483157957  
-0.3888092013  
-1.788632923  
0.0554138746  
0.1908099344  
-0.4356146544  
1.093400208  
-1.566956265  
0.9111690334  
-0.3445236685  
0.2273495314  
0.2983356515  
2.420770834  
-0.1655596488  
0.3093438786  
0.3449415592  
-0.8057525525  
-0.5552629829  
0.3256286861  
1.221285376  
-1.113773422  
0.9849434538  
0.4653797534  
1.600066944  
-1.636014538  
1.32069567  
0.1374080729  
-0.8719416405  
-0.2939207791  
-0.9229348202  
-1.213145715  
-0.3623400968  
0.8434675796  
0.3680093951  
-1.473146685  
1.170852684  
-0.2635759711  
-0.2385027938  
-1.218239867  
-0.6376711649  
-0.751546169  
0.673984185  
-0.7665960149  
0.7915829856  
0.7940893845  
0.1789537805  
0.9080661428  
-0.398072672  
-1.124951855  
0.5942710708  
-0.4654230148  
-1.64494223  
0.6021401775  
-1.310028169  
-1.266852438  
-2.118195407  
0.6485824221  
0.3202581036  
-1.728212966  
1.574826016  
-0.1129734743  
-1.134469176  
-0.4964948975  
2.277106512  
1.073150408  
-0.2630484319  
-0.1947174212  
0.1276873496  
0.1573493709  
1.275797177  
1.861749056  
1.124162072  
2.531933723  
0.939449366  
0.2067582486  
1.175381385  
2.353426337  
-1.175040466  
-0.7551979284  
2.473905031  
-1.301574649  
-1.638482581  
-1.658144172  
-2.400518415  
-2.546794199  
2.08830065  
-0.4982414352  
1.082824364  
0.4011029659  
-1.359910157  
-0.009507147583  
2.064637088  
0.9414667703  
-0.5809117235  
0.362276234  
-0.5542806615  
0.7879861573  
0.2440284467  
0.2441338388  
-1.37285311  
-0.6965425704  
0.4351550794  
-0.1556889543  
-0.2189995501  
-0.1230669715  
-0.4317347536  
-0.179349889  
1.213921529  
-0.2223057999  
0.7812448801  
-0.4452356982  
0.3202858927  
-0.6112248665  
-1.075753543  
-0.8375701602  
-0.5494225944  
-1.228471609  
-0.4094824575  
-0.7817621288  
-0.6699970961  
-0.8803252942  
-0.8647581502  
1.523666689  
0.3004202624  
0.80617086  
-0.45147906  
-1.960778738  
-1.342466164  
0.1055964177  
-0.326377166  
0.3142163272  
1.563862082  
0.4443656607  
0.02862630891  
-1.884951459  
0.6427564319  
-0.4204832144  
1.418742511  
1.050865007  
0.7418754927  
0.02969515288  
0.8115757677  
0.9025729274  
0.2735007759  
1.270749954  
-0.4961324978  
0.2165038069  
-0.9027150573  
-1.077897598  
-0.3442736972  
0.3334281034  
-0.9091079615  
-0.3280012167  
-0.9538928171  
0.789236432  
0.1683302478  
-0.5925930424  
1.29575159  
-0.2459368553  
1.547516299  
0.8217188263  
0.2265635771  
1.820193311  
0.2062878345  
-0.3074622738  
-0.9787756106  
0.3939851921  
-0.619155875  
-0.9774140737  
-0.8122918918  
-0.6698269683  
-0.6606895622  
0.2587031197  
-0.241793478  
-0.2044116203  
0.5450383275  
0.276551507  
1.618195293  
-0.7739296408  
0.01222589216  
-0.1701338254  
1.452242863  
-0.7302650487  
-0.6387444936  
-0.2257933335  
-0.5905467763  
-0.8691391802  
1.094648794  
-0.3073736507  
-0.1671060567  
0.1635100048  
0.577414318  
-2.296750177  
-0.2321892541  
-0.3114788596  
-1.305938373  
-0.3553349905  
-0.09707847902  
-1.229540505  
0.03597955668  
-0.6572485086  
-0.4825043983  
-1.045178914  
-0.2022367536  
-1.0828479  
-0.4824980057  
0.1918246276  
-0.5784402073  
-0.1624768683  
-0.6220956702  
1.613100126  
0.009187679328  
-0.3261975184  
-0.2712961901  
1.490888703  
0.8841473634  
0.03312228229  
-0.3156938613  
0.2137491166  
0.4398879975  
0.8410318705  
-0.05670623432  
-0.4042384977  
0.9270864108  
0.0006887122408  
-0.269855392  
-0.1313358387  
-0.4064002551  
