-2.791796004  
-0.3245171363  
-0.9252871428  
-0.3587732105  
-0.08193890614  
0.5759931774  
0.05556386772  
0.799554495  
1.961237517  
-0.05094659131  
1.792621389  
0.2260531878  
0.09926238251  
0.07912769859  
-0.3032210632  
0.2497439781  
0.1461102973  
0.2244699001  
-0.6677763526  
-0.2573549298  
-0.59663681  
0.3750012022  
1.088984104  
-0.7995757235  
0.1413788235  
0.0422249266  
0.2750910693  
-0.02340416281  
0.4807031388  
-0.8405809189  
-1.373654243  
-0.9816212088  
0.3323425387  
-0.8319511701  
-0.0181075688  
-1.692125467  
-0.641233891  
-1.470550621  
1.174038238  
-0.1255835984  
1.426549421  
-0.1262383559  
1.213846079  
1.096613478  
0.1163600068  
1.705955375  
0.2097505422  
0.9562686802  
0.4415823359  
-0.3478234121  
1.258272145  
0.3809050364  
1.020555289  
0.4125440657  
-0.8403055344  
1.979506341  
0.01181589021  
1.594811867  
-0.3147008176  
-0.1284752687  
-0.7013516633  
-0.877698628  
-0.03400313874  
-1.022320252  
-1.219202733  
-0.9845866743  
1.058066893  
0.4714900885  
-0.09179890549  
0.4783414705  
-0.4971992708  
-0.829893312  
-0.1109773195  
-0.25076169  
-0.1755096371  
-0.2377256903  
0.08461356705  
0.6190646805  
-0.5271792793  
-1.9544889  
-1.309966769  
-0.003789412029  
-0.08672125802  
-1.095040257  
-1.812712733  
-0.1392089387  
-0.7897943166  
0.7562175403  
0.3424320094  
0.5705064139  
1.120549157  
-0.6850109805  
0.1725085734  
0.3665279378  
-0.3143061139  
-0.1931138078  
-0.3436508038  
0.5884578947  
0.8158797716  
0.8568611268  
-1.326523161  
-0.06416524093  
1.817755235  
0.3958305518  
-0.1714654955  
0.7027643285  
1.069141269  
0.905171053  
-0.2625968132  
2.530291753  
-0.08692051848  
0.156653187  
-0.8955772577  
-1.361355898  
-0.4750723901  
-1.018427109  
-1.411575211  
-0.972908997  
-0.887202231  
0.3929218683  
0.193884206  
-1.112245127  
1.158864228  
-0.7425256694  
0.2043523234  
-0.5139174392  
-0.3582451036  
0.5583030179  
-0.04253063592  
1.309016509  
1.853285536  
0.702848509  
0.7475386087  
0.7360567121  
1.240225201  
0.902438029  
-0.1126398525  
2.094879956  
-0.6222026707  
2.228014012  
-0.7716484151  
0.791547902  
-0.09375189928  
-1.262097658  
0.14392057  
-0.8764414715  
-1.044078606  
-1.258117691  
-0.5053655369  
-0.2934468697  
-1.141026563  
-0.5993889328  
-0.9526095816  
-0.1093191964  
1.489173435  
-0.6537086171  
0.9550830447  
0.6011177134  
-0.1923286752  
-1.132276681  
-2.000614434  
1.166113444  
1.884716335  
0.05049276782  
-1.417376453  
0.3286501815  
-0.4714926286  
-1.063564942  
-0.7951952575  
0.8867469558  
0.2766022916  
0.3961484957  
-0.5779146183  
1.727985058  
-0.2809134088  
-0.854640577  
0.06743881562  
-0.2633657964  
0.186226014  
-0.9891118806  
1.132443247  
-0.2558941628  
0.8646932311  
0.9544714025  
0.24461079  
-0.895041675  
-1.324483918  
0.919082528  
-2.140646957  
-0.03747809727  
-0.5195194544  
-1.156872737  
-2.232464613  
1.537295444  
-1.163507859  
0.1420169464  
-0.7770450644  
0.1994179859  
1.593003786  
0.4066525895  
0.7989558878  
-1.705154317  
-0.5994655198  
1.187257747  
0.5260004307  
0.5379829809  
0.8989579414  
-0.2900373599  
2.345944894  
1.48998755  
-0.6007261813  
-0.181081704  
1.01628072  
-0.7397372162  
0.6697282752  
-0.4207511993  
-1.208645229  
-0.1749447573  
1.120209148  
-1.40712083  
-0.8860260274  
-1.008471156  
-0.2636863665  
0.5243974406  
0.3871745066  
0.6560717096  
0.5904559531  
-1.130004384  
-2.053089243  
-1.99775114  
0.5713676907  
-0.1058501557  
-0.6230404215  
-0.1697944229  
-0.4872465625  
-0.0620660023  
0.8489893679  
-0.8660018417  
0.575268798  
0.8535669837  
0.5977154368  
1.411817399  
0.3455297741  
1.521426106  
2.618217528  
0.5673789633  
1.579861919  
0.5180979598  
-0.6188701611  
1.572092911  
0.08765986082  
-0.602686889  
-1.014248633  
-0.3244495466  
-1.573772939  
-2.531376352  
-4.995345252  
-2.878695563  
0.03759585543  
-0.1283039238  
0.6738991394  
-0.40199566  
0.2149070449  
-0.1792256934  
-0.05653505395  
-0.7945691072  
0.4406887472  
0.4158192544  
-0.6607501433  
-0.232543797  
1.169326713  
-0.4996562853  
2.009931659  
0.1973904088  
1.661082025  
0.7917640269  
0.7055746792  
0.9185920445  
0.9658448766  
0.407145354  
0.7217034914  
0.4848695629  
0.80261012  
-1.361109854  
-0.2173556136  
-1.142572922  
-1.109898735  
0.3037059788  
-0.4865624358  
0.05597710147  
-0.7440326202  
-0.6065272166  
0.5128008111  
0.1837399425  
-2.134295351  
-1.5500581  
0.7545090216  
-0.2198723441  
-2.266063054  
-2.281963908  
-1.391475472  
0.3258124859  
0.1815635078  
0.2996230959  
0.3368348509  
-0.03458739287  
-0.4525967279  
-1.146658137  
0.4833846809  
-0.6022784333  
-0.01275125425  
-0.5127136783  
-0.2170491978  
0.3489996795  
1.300226337  
0.04985335012  
0.4220036995  
0.9690918405  
-1.594524404  
-1.301406242  
0.4920973601  
1.525338157  
0.6592384502  
-0.2613290848  
0.9404018385  
0.2089011752  
1.199804068  
1.243599442  
1.074791348  
1.45938279  
2.134829124  
0.8148423416  
-0.7085791845  
0.1487647772  
0.6158074929  
-2.135701908  
0.5093759068  
-1.205681195  
1.311564121  
1.151577619  
-0.6099387643  
1.128974576  
-1.161051063  
1.69993745  
-0.345162853  
-0.4302303298  
-0.1980980175  
0.5707547313  
-0.07532357735  
-0.2596506295  
-0.5580575634  
0.1388473295  
0.005735438506  
-0.4885385337  
0.1533906622  
0.3762269534  
-1.312644007  
0.3897625184  
0.1121583705  
-0.8539995253  
0.5981129956  
-0.2581202969  
-0.2472311562  
-0.5855898164  
-0.3179450367  
0.08916354605  
0.6769858967  
-0.3536347614  
1.067866597  
-0.5878559052  
0.8233218652  
-0.8350026211  
0.373298865  
0.4918664513  
1.049400813  
0.3251746447  
2.752444762  
0.34959554  
2.233573619  
-1.415492475  
-0.4144697005  
0.5565692125  
-0.954486764  
-0.05645536349  
0.9726103476  
0.4520721773  
1.574471466  
-1.207880641  
-0.679847042  
-0.9389596572  
0.140920921  
1.506669244  
-1.655154362  
1.350721716  
0.102666976  
-0.4753016107  
-0.978612371  
-0.7152488784  
-0.3603471732  
-0.5899544714  
-0.3764348215  
