2.402503845  
-3.67217755  
1.713043076  
0.7136261948  
1.483036038  
-0.5560934682  
1.920579517  
2.587944382  
-1.553489044  
-0.6796445391  
-0.1934260402  
1.193286764  
2.177994391  
-0.6540834876  
-0.9295139909  
-0.6077543141  
-0.8900806404  
-0.9221279799  
-1.410167892  
-0.8694231089  
-0.5764935383  
-0.9782401478  
-0.3097688772  
-0.5401769912  
-1.161165281  
-1.472833112  
-0.7914105163  
-0.3705398435  
-0.3290357301  
0.45794423  
-0.5815016486  
0.3333797388  
-1.122362462  
-0.09887001755  
-0.4575559678  
-2.107928215  
2.630601954  
0.1973095955  
0.4326128851  
1.250559685  
-2.26092586  
2.488842452  
0.3703574023  
0.09668669963  
1.230292447  
-1.241895566  
0.622282029  
-0.02675952587  
-0.00114314325  
0.9674299903  
1.266921526  
2.109516677  
0.8435610317  
0.4151806614  
0.455078343  
0.1309446571  
0.7291816377  
-2.594929322  
-0.2286222036  
-2.15900092  
0.48148772  
1.120692941  
-2.171671682  
1.39186436  
1.144655599  
-0.05860300276  
-0.5147008117  
-0.3504309282  
-1.035044945  
-1.691001405  
-1.075801956  
-0.7597050656  
-0.3186828004  
-0.3088318764  
0.03140941591  
-0.359253774  
-0.7408549072  
-0.8107733488  
0.09791838805  
-0.003682831178  
-0.04035374992  
-0.3947462159  
-0.2683352347  
-0.08461103202  
0.003573568358  
-1.628824018  
0.4060417464  
0.07434707325  
-0.3441918149  
-0.5460544958  
-0.2141859699  
0.6101629258  
-0.03801392774  
0.393356981  
0.273192036  
-0.5493874548  
0.2493588418  
-0.0454548256  
0.4267229314  
0.1324678501  
-1.503609043  
-0.4031969852  
-0.619193208  
1.047509602  
0.005371338635  
1.381593042  
1.900479755  
0.259383757  
-0.1205333495  
-0.4655291049  
2.422320855  
1.496251345  
-0.3879271748  
0.3711905013  
-0.6877194981  
0.4496181002  
1.135248987  
-2.298991522  
0.3563376628  
-0.9638018441  
0.1072640204  
0.4704001432  
-0.8974940324  
0.6568878262  
0.07250335947  
0.1794426842  
-0.334071046  
0.4062256112  
0.9105964586  
0.2419773673  
0.08339086344  
-0.373416428  
0.4047650208  
0.9437837539  
0.1553842162  
0.6458173941  
0.01125988117  
0.358909127  
0.5800038063  
-0.01592182255  
-0.06370352025  
-1.331890788  
0.1942838623  
0.2806106085  
0.1488185574  
-0.4443148248  
-1.236297253  
-0.5297633949  
-1.035250519  
-0.02871646778  
0.6411651057  
0.002115954023  
-0.4091378642  
0.393858144  
0.07121281796  
0.009661155572  
0.6425029907  
-1.008007297  
0.6952623801  
-1.057167633  
0.06072163319  
-2.948681965  
0.6115037627  
0.8095079783  
-0.05796232954  
0.3280204433  
0.1852002757  
-0.2849600498  
0.03474447366  
0.7298234579  
0.6091442598  
-0.0638653856  
0.2943068054  
0.1833648993  
1.537424629  
2.271251377  
-0.4945053716  
1.059061444  
0.5834424668  
0.2983264379  
-1.040074218  
0.4242682309  
0.2565216149  
-1.239648007  
-0.02355665599  
-2.434561149  
0.2817448577  
0.7241218685  
-2.344916666  
0.461911661  
0.4184858461  
0.1539845835  
0.357069291  
0.5752923097  
0.6683892503  
-1.419114003  
0.3176144564  
0.8394377857  
-1.89403197  
0.7176693844  
0.4501339455  
-0.1349440561  
0.3266625783  
0.1813178203  
0.3396272755  
0.4618264939  
-0.6593430445  
-0.7820105177  
-1.674020542  
0.7023446664  
1.193356609  
-0.9469782768  
1.077899451  
0.8915710347  
-2.861443257  
0.8896279609  
0.6348393772  
-0.4055645227  
0.4716673867  
-0.7706732058  
0.2985658269  
1.068111703  
-0.7147217887  
0.3388174811  
0.1753751217  
-1.161455871  
0.3216142088  
0.02262433065  
0.3490034536  
-0.8499625498  
0.4638703721  
0.3532347281  
-2.880858792  
0.5359206063  
0.3895110919  
0.8463443184  
0.2323353945  
-0.3972050551  
-0.1486104496  
-0.8152414118  
-0.3881465769  
-0.5671170063  
-1.384632463  
0.1796117719  
-0.4888352188  
-0.4387870147  
-0.01274561545  
-0.4984954876  
-0.2382597995  
-2.135039621  
0.637724062  
-0.0454466379  
-0.3769650937  
-0.602047241  
1.551937011  
2.698122502  
3.194663023  
2.909773581  
-1.249671047  
0.9633648441  
-0.2909725071  
-1.072362576  
-0.301302889  
-0.7555196556  
-0.944391536  
0.5558074039  
0.7407732557  
-0.146436735  
-0.06906690523  
-0.3478971836  
-0.9847681321  
-0.5882731253  
-1.326970116  
-0.2453608923  
-0.7320513288  
0.09758374067  
-0.04795162963  
-1.152154615  
0.01839672866  
0.4619344065  
-0.8971001159  
-0.3241245694  
-0.6827173027  
1.653477996  
1.920020352  
-0.514568469  
0.7774323724  
1.917175283  
1.070667794  
1.377169491  
-1.25637003  
1.054268888  
1.763861988  
0.3881586569  
1.255735791  
0.2134421346  
0.08585641067  
0.645586344  
-0.04825459703  
2.684139833  
0.7166532453  
0.06589476205  
0.2817905384  
-0.4651634479  
0.1293318457  
-0.9230380997  
1.277461487  
2.295397384  
-1.056379473  
0.1718966464  
-0.5652070205  
0.1017470536  
0.1398058092  
-1.081092726  
-0.3638237459  
-1.497100897  
-0.838164569  
-1.009162016  
1.722689719  
2.033253557  
-0.9097199029  
1.105614569  
0.3235291789  
0.1238478996  
0.3032800098  
-0.7891769618  
-0.7025869846  
-0.9390716904  
-0.9844462877  
-0.6065011852  
-0.882925944  
-0.2065478153  
-1.728897802  
-0.6931784809  
-0.8967202212  
-0.8617589234  
0.5543040916  
-1.121469057  
0.6648357012  
-0.9873361144  
-0.3656390202  
0.1908583357  
0.1669777115  
0.3763135536  
0.3972402775  
-0.09762734108  
-0.3499257831  
-0.4783973621  
-0.1615371596  
0.62915692  
0.5931333159  
0.3776785823  
0.4056602888  
-3.041481004  
0.3566610269  
-0.6488555218  
1.089843645  
1.426502239  
-0.7156577034  
0.722610382  
0.7051027464  
0.7496411181  
1.26171007  
-0.05221760094  
0.2375215384  
0.1515561489  
-0.7775300794  
-0.4855686375  
0.5380314168  
-0.2097141595  
-0.9466786688  
1.22026152  
1.315729874  
1.214570145  
0.2737206224  
0.04314699534  
-2.104468793  
0.4545327472  
-0.6705514849  
0.6046969049  
0.13390456  
-0.4748646923  
0.008412970988  
-1.199254548  
0.3997554929  
1.207031194  
-1.038840853  
-0.1289082473  
-1.03393936  
0.7691653068  
-0.1453050192  
0.2505538523  
0.544013501  
-0.1080962272  
-0.4642104417  
-0.2442525974  
-0.06338020904  
0.5319919942  
0.2439234358  
-0.1978034678  
0.4163372306  
