0.6074203124  
-0.07782315267  
-2.619463911  
-1.525661865  
-0.9046550182  
-0.7221061976  
0.816071948  
0.2781144333  
0.9463766841  
-1.330485964  
0.127127389  
0.2945749664  
1.413646445  
1.585913683  
1.922299002  
-1.096604243  
-0.7359867257  
-0.8722762721  
1.228899503  
2.055798033  
2.074259344  
-1.67347533  
0.4493225693  
-0.3212681086  
0.6979736202  
0.1114928518  
-0.9088928748  
-1.144687355  
-0.4879865779  
-0.7520959121  
1.581574971  
1.079914014  
0.6774655619  
-0.5341807149  
-0.1292100378  
-0.2799757493  
-0.2707959275  
0.1037270461  
0.8148075431  
0.6891774549  
0.737123909  
0.09732280608  
0.5125454747  
0.5053677557  
0.156968271  
-0.8357002211  
-1.100981996  
-0.8957537648  
-0.4017506389  
0.8561342564  
0.9575214341  
-1.196308915  
-1.161578354  
-1.958235005  
-0.6642427861  
-0.2249263722  
-1.586198768  
-1.381179744  
-0.7642855073  
-1.111745936  
-0.5136080149  
0.08987966342  
-2.093263564  
-0.8060919646  
-2.125662323  
-4.492615085  
-6.936550436  
-3.67027784  
-0.2500925527  
0.1219880832  
1.226317173  
1.22434793  
1.538258284  
2.039301691  
1.923855787  
2.218889635  
1.366306773  
0.1555161564  
0.8293355659  
0.7157327538  
-0.2860245887  
0.5017501376  
-0.06399976081  
-0.3666029812  
-0.04429563407  
0.06191935096  
-0.9633262409  
-0.02430285275  
0.04090122301  
0.2297838192  
1.813672844  
2.096054783  
2.012732749  
0.5626832505  
1.065082605  
0.7506786729  
0.8751765648  
1.697615631  
1.214415455  
-0.0195921153  
0.5615636843  
1.080421173  
1.146834573  
1.037697674  
0.06833408999  
-0.2465030937  
1.211899341  
1.425481112  
1.443013305  
1.656154867  
1.071993681  
-2.953959973  
-2.005223485  
-1.854291688  
-0.9296783833  
0.4850014929  
1.064763535  
-0.7267499743  
-0.08937359115  
-1.295785927  
0.1655552699  
1.463998234  
1.566864491  
0.08352907601  
-0.5889706639  
-0.9264851309  
-0.9521271329  
0.05449588697  
0.5954748188  
0.5335446421  
0.8671122857  
0.2795825888  
-0.1146607948  
0.007715427002  
0.4323833779  
-0.9627235212  
0.3934065693  
0.1712280443  
-1.4424979  
-0.7812120661  
-2.289284305  
-1.205523891  
0.09609191597  
-0.6637575095  
0.4437372759  
1.290978337  
1.356116694  
-0.9758934806  
-0.2408005565  
-1.008644193  
-0.690452631  
0.292534104  
0.1106211732  
-1.649774322  
-0.5038582495  
-0.6999696081  
-0.9925243574  
-0.2467855413  
-0.6664561936  
-1.1450883  
0.3663087471  
-0.2501908542  
-0.03477058816  
0.8836426251  
1.526726901  
0.5243899238  
1.099413393  
0.09599625745  
-0.1162017067  
0.2269220546  
-0.543249705  
0.3739571311  
0.05441796146  
0.09787818135  
0.6597903242  
1.364338677  
2.045183358  
0.5434753064  
0.8535084157  
0.3155519395  
1.31069619  
0.7144472736  
0.8383612902  
-0.1224217662  
0.0123535161  
0.5314568731  
0.8676931039  
1.272817169  
2.203635519  
-0.4519415752  
0.339758051  
-1.148980977  
-0.8791699245  
0.05926942496  
-0.1087458394  
-2.187225242  
-0.02312000595  
-2.801700522  
-3.051223583  
-0.4656205667  
-0.09575533853  
-0.5147092405  
-0.5641584715  
-0.6859673031  
-0.4444338748  
-0.577416036  
0.4070381799  
-0.1414542825  
0.3971617656  
0.5438615852  
-0.2771315316  
0.709735738  
0.2329486327  
0.2949979466  
0.1966860574  
0.2920921369  
-0.7835025475  
-2.723110151  
-0.4165185736  
0.3909307224  
-0.456095054  
0.256128837  
-1.702687784  
-1.337842799  
0.1472344844  
1.681617596  
-0.8045907401  
-0.3107545299  
-0.8025970994  
-0.2918660761  
0.5891152529  
0.8644015493  
-0.1248981306  
1.173570861  
-0.9628500852  
-0.2885691066  
-0.8557109558  
0.2270056542  
-1.507746571  
0.1647627307  
-0.4519086373  
1.028821768  
0.8068640994  
0.9522681174  
1.470245059  
0.8131626943  
-0.01169887238  
1.558601076  
1.837168889  
1.316358677  
0.4476902928  
0.4136913832  
-0.2292475779  
0.6828218819  
1.302091383  
1.065346611  
-0.09581989207  
0.9530339017  
0.2859085604  
0.04438063378  
0.5454149636  
2.109521415  
0.4860571974  
0.6541890067  
0.1319928399  
0.2323832527  
1.278426678  
1.550503937  
0.6278018301  
-1.551961594  
-1.086747461  
-1.463187402  
-1.024913199  
0.3332536481  
0.4901014399  
-0.4617048722  
-0.4099191563  
-0.6200561563  
-0.6312470673  
-0.8774382993  
-0.1426279791  
-2.657595271  
-0.9843781655  
-0.4083288651  
-0.4126176176  
0.4811828165  
1.238666436  
-1.174324993  
0.4226881037  
-0.8652543087  
-0.8196730405  
-0.5123719273  
-0.04262411789  
-3.17996124  
-0.1978552215  
-0.9277488467  
0.4332502685  
1.115876748  
0.9474373235  
1.302168946  
0.5222515375  
-0.02638474509  
-0.5589565119  
0.06375269501  
-0.7962436781  
0.5165227381  
0.2026174554  
-0.61747782  
-0.1511958674  
-0.3770752528  
-0.2363102799  
-0.6881284981  
-0.7369194724  
0.1028480276  
-0.7137748795  
0.2385600766  
1.61853444  
-1.294651802  
0.7566862349  
-0.2580022194  
1.604448427  
0.6224012528  
1.206928222  
0.3195981089  
0.07770357665  
-0.01657238429  
0.7037224019  
0.7500525777  
0.06687828972  
-0.3093704898  
-0.1842157474  
-0.9219726687  
0.2054334328  
0.3992596613  
0.660997869  
0.5465723991  
-0.344135255  
-0.4098871122  
-0.255296873  
0.3927592749  
1.045205843  
0.2942163463  
-0.4896950517  
-0.3431195967  
-1.355539959  
-0.8476403283  
-0.5333232155  
-0.5371958978  
-0.1076231336  
-0.04516715913  
0.09951444846  
0.9785254391  
1.797801107  
1.107988745  
0.7087746593  
0.360953817  
1.301914159  
1.852704441  
1.179724437  
0.4005123313  
0.4033226739  
-0.3948794302  
0.8439906672  
1.777367494  
2.115517398  
0.7226650644  
1.663105818  
1.253587479  
1.597732253  
1.532935013  
2.363256567  
0.9873721912  
1.485882783  
-1.015726549  
-2.284287674  
-1.812177258  
-1.55260877  
-1.51717951  
-2.243241695  
-0.999220155  
-1.468036711  
0.04083447968  
-0.873937992  
-2.533878527  
-1.619862005  
-1.148767124  
-1.04093075  
-0.32667574  
-0.1233763155  
-1.432363465  
-0.8649458804  
-0.8591471763  
-1.011708998  
-0.6568296181  
-0.6284214912  
-1.140563807  
-0.6439259232  
-0.0619316764  
0.08441789698  
-0.05591988634  
-0.4625305493  
-1.934023177  
-1.220015406  
-0.7429145598  
0.1088831727  
-0.02777262144  
0.4840644028  
0.5558098575  
-0.08612330195  
-0.9329278248  
0.7253214442  
0.7686970954  
1.784010118  
0.3647143531  
-0.07408036034  
-0.4095775056  
0.07131009589  
0.6002279997  
0.8790105499  
-0.8419113905  
-1.200518399  
-0.7174202844  
-1.061262969  
-0.7629582255  
-0.5053325059  
-1.314385575  
-0.5779147444  
-1.666095632  
-1.856536975  
0.1850965075  
0.1110207207  
-1.054559822  
0.469734509  
-0.1057071502  
0.02582879941  
-0.3659133762  
0.5847483208  
-0.7407180879  
1.06235777  
1.380664444  
0.7954627837  
0.7140829325  
0.2940895687  
-0.3659532428  
0.8006657247  
0.5572162183  
-0.5428593632  
0.6137593473  
1.431839034  
0.04766320369  
0.607871163  
0.539393744  
0.5132564594  
2.065413797  
2.08333654  
1.640066838  
1.171921804  
0.4853223061  
0.5592631843  
0.1818302271  
1.863475808  
-0.09832387831  
0.9148895594  
0.2272378295  
1.550029845  
1.241465618  
1.581074615  
-0.1283415471  
1.291477301  
-0.9273078225  
-0.1966751386  
-0.4590708142  
0.1627484916  
-0.7228463954  
-0.8062146879  
-0.7498016782  
0.04680038715  
0.931183128  
0.7127862048  
-0.392859087  
0.2605844777  
0.6031734951  
0.1507027572  
1.551996398  
2.129944594  
0.06576024423  
-0.3289446502  
-0.07638788369  
-0.4265734352  
-0.1607834046  
-0.1487410118  
-1.336104382  
-0.3901582164  
0.04703772255  
0.895207841  
1.303439656  
1.597713685  
0.7447328809  
0.2562553892  
0.4591700205  
-0.2231223307  
-0.1320559701  
0.1452994083  
0.5606408245  
-2.763533349  
-0.755577458  
-0.6312140305  
-4.447744103  
-4.35245347  
-3.097258673  
-2.63628414  
-2.227244398  
-1.277482027  
-0.4140830998  
0.4279201168  
0.7062250786  
0.5732780459  
0.6937339841  
0.1091539594  
0.6734201793  
0.7637722373  
1.46473003  
-1.403134722  
-0.2843688849  
-0.01871873161  
-1.063573371  
0.3732002916  
-0.2612278514  
-0.6285977928  
-0.6792602157  
-1.002910659  
0.07904443173  
0.4401556627  
0.5571667389  
0.1299621588  
-0.9744804515  
-0.3147457965  
-0.1970353586  
0.3076327264  
0.6595055077  
-2.328859367  
-1.157831649  
-0.8595500855  
-0.4868350061  
0.3144878709  
1.002249058  
0.4483501017  
0.6065994197  
-0.09062020464  
-0.4793952728  
-0.3191114882  
-0.2716930964  
-2.480487023  
-0.1389154545  
-0.1645676049  
-0.09998798986  
0.7438345345  
1.284695046  
0.8024607704  
0.9015890181  
-0.003536843945  
0.1803772635  
1.238062576  
1.10597122  
1.238701451  
0.06580872677  
-0.5737654024  
0.5178879028  
0.6277803009  
1.009576497  
1.495148596  
-0.3221977787  
-0.2843377373  
-0.09835134047  
0.004822049721  
0.07629273162  
-0.03470413748  
-0.3617168617  
0.07556868001  
1.13808556  
0.6054204467  
0.9041583637  
1.98028717  
2.356239363  
-1.538761581  
0.2304031996  
-0.4225459462  
-0.9799609913  
-0.3192450068  
-0.527222936  
0.07092960797  
0.2335257951  
-0.5669208639  
0.3724087631  
1.025463859  
-0.7080510471  
-0.5664861262  
0.602809284  
0.03684441203  
0.3151226331  
0.8926446928  
1.710113244  
-0.006112775005  
-0.3911292807  
-0.3926347081  
-0.1456325004  
-0.5165595609  
-0.3366405563  
-0.8487814788  
-0.07273744774  
-0.6253347664  
-0.6740621615  
-0.6039134168  
-0.1066645944  
-0.08776438253  
0.1409094387  
-0.2328448545  
-0.8530934505  
0.1118558587  
0.438035897  
1.324665865  
0.6643133565  
-0.0003110018242  
-1.05758029  
-0.2640788977  
-0.2657146524  
0.3686858074  
-1.409076414  
-0.420108593  
-0.2624606324  
1.20868313  
0.570205836  
-0.4472651876  
0.9821302077  
-0.05348867578  
-0.05901935173  
0.7778640594  
0.6974185068  
0.8190008455  
-0.1513980841  
-0.0439794342  
0.4788044009  
0.9522424162  
1.166947438  
0.8663682572  
-0.2631105096  
-0.5945420813  
0.3043127277  
-0.6582981648  
0.4400420702  
-1.247516114  
-0.6083361077  
-0.6417452271  
0.7146893486  
-0.363698114  
0.5648851765  
0.5703428874  
-0.06923041649  
0.07136013675  
0.9054296025  
0.2687016955  
-0.0140148225  
-2.69031186  
-2.329493186  
-1.639653962  
0.6447844974  
1.001239956  
-0.7959386792  
0.02021272526  
0.6773550809  
-0.5325281637  
0.6019936432  
0.4529750938  
-0.5490562335  
-0.2500327889  
-0.3391864057  
-0.08023051287  
0.2990784356  
0.5285022762  
-0.005099660266  
-0.4179817346  
1.010371973  
0.6490710751  
1.169836373  
1.637443187  
1.209053773  
-0.2379133982  
0.0766409001  
-0.4831858221  
-0.7110302224  
-0.193216185  
0.1528179653  
-0.4912770684  
-0.2034670734  
-0.15790137  
0.09506466384  
-0.3220313719  
-0.5331529262  
-0.7739313599  
-0.157410812  
-0.08299791946  
0.7816196384  
1.347819712  
1.816712736  
0.4230370323  
0.418450972  
-0.8904389395  
0.5423692793  
1.467688452  
0.779495415  
0.4873132239  
-0.2017634804  
-0.01163334511  
0.4894250207  
0.4138638388  
-0.8897056333  
-1.398576115  
-1.716801026  
-1.204855971  
-1.300317674  
-0.6857479906  
-0.7928318958  
-0.4426919842  
-1.224664246  
-0.1978221646  
-0.2990868453  
-0.2810566074  
-3.213822154  
-1.188278793  
-1.051997415  
-0.5707973277  
0.1173263068  
-0.2109713734  
-0.6869949704  
-0.304944364  
-1.029954166  
-1.611169291  
0.1361645973  
0.7783064935  
0.09894840223  
0.04680657029  
0.2629625148  
0.9806731133  
1.446068108  
2.192600969  
0.05488221115  
0.4055280055  
-0.1050939819  
0.5885660149  
1.538956468  
-0.5311159574  
0.9996278207  
1.703852243  
0.01942663026  
0.6275710903  
0.7654430907  
0.5671993379  
0.08701020978  
0.4034451758  
0.3482750666  
0.2466137377  
0.168196579  
-0.9795344064  
0.5158290166  
0.3766871586  
0.09166640246  
1.303628299  
1.189444715  
1.370729238  
-1.098276467  
-0.4532772033  
-0.5909317453  
0.3256243612  
1.187773397  
1.300635376  
0.5318117761  
0.8028522533  
-0.3748926532  
0.1682378061  
-0.2077632765  
0.203592611  
0.5415151027  
-0.08576658346  
-0.4155774467  
1.04469298  
1.284925579  
1.366593  
-0.1107865635  
-0.3471672536  
-0.3550993071  
-0.09373279926  
0.6575517883  
-0.9563891407  
-0.319962196  
-0.009863916988  
-2.353551594  
-1.127450485  
-1.09164551  
-1.268455705  
-1.496268342  
0.05085219417  
-1.170737065  
-0.3429626792  
0.3798101204  
-0.3476172418  
-0.2174489973  
-0.388366817  
-1.566218787  
-0.4264430373  
0.435366107  
0.360328799  
-0.6139112895  
-0.9293064958  
-1.685632324  
-0.9765916284  
-0.4894221416  
-0.09704475597  
0.9207729653  
0.2545281813  
-0.1940604801  
-0.0668345386  
0.1269019195  
-0.4439861955  
-0.8337844865  
-0.06854825095  
0.3065855768  
0.3653387099  
0.7455331707  
1.290906294  
0.8527283996  
-0.8278844377  
0.4184087195  
-0.5152248645  
1.583467336  
1.585657924  
0.5697230993  
-1.184995672  
0.01251155686  
-0.4254643096  
0.3050637456  
1.050269125  
1.230218818  
0.4339388306  
0.9184661615  
1.069918234  
-1.169045207  
-0.3947632213  
-0.480254884  
-0.2487688388  
-1.038747226  
-0.4024249476  
-1.466999063  
-0.7132569166  
0.8762214391  
-0.6491106578  
-0.1622860664  
-0.8421932241  
-0.1545587282  
0.01056855279  
0.652128286  
-0.866641901  
-0.5952963384  
-0.5979418654  
-0.1043989258  
-0.3845428283  
-0.1827211772  
-0.7100044474  
0.5993074787  
-0.6533716814  
-0.000247542992  
0.4072430323  
1.447245954  
0.8277827429  
0.1081881098  
0.705803212  
1.030140828  
0.805404653  
1.287122592  
0.5953586444  
0.5051221193  
0.9667503517  
1.50872564  
1.615480618  
0.8653408633  
1.34279286  
0.01062380332  
0.5365514232  
-0.5221849796  
0.1264689432  
-0.3955612992  
-0.543993125  
-1.108517483  
-0.08665556099  
-0.1721149428  
0.5416367594  
0.6137041523  
0.4488899695  
0.5898036725  
-0.05325146034  
0.5837619737  
1.161870589  
-1.102398417  
-0.9591099617  
-1.042690726  
-1.859502305  
-0.7306101485  
0.8127827967  
-0.0806003763  
-0.1599621819  
-0.5173717589  
-0.7951141912  
-0.6462556931  
-0.7371421738  
-0.3104933987  
-0.3362244035  
-2.998741803  
-1.441241481  
0.1986520997  
-1.950763283  
0.578151478  
1.697412951  
1.782452219  
1.38876065  
0.8117751446  
0.4443231169  
1.702245847  
1.019571046  
0.8683583522  
-1.025486091  
-1.013583595  
-0.9517253872  
-0.4214933606  
-0.8653671907  
-2.335797692  
-1.964084859  
-1.054779102  
-0.54837648  
0.2649784266  
0.1235297977  
-0.3228263819  
0.3149748303  
0.5400070996  
0.1609813018  
1.334053843  
1.058879775  
1.34661669  
0.13947995  
-0.3083596846  
-1.312180051  
-1.005850544  
-1.165284961  
-1.530844017  
0.9162240606  
0.210979496  
0.2930573848  
0.5447487735  
0.262186716  
-1.152137656  
-1.298668773  
-1.170231164  
-0.7468558056  
0.7360024387  
0.726082897  
-0.7251238789  
-0.003382731907  
-0.004433279874  
-0.5173435535  
0.4732871669  
1.80215094  
0.9849301122  
0.1215595872  
0.3286171357  
0.7656932188  
1.831989856  
0.6712388663  
1.094252738  
0.2102512692  
0.3920619438  
0.02738001647  
1.427370314  
1.30521565  
0.2739926058  
0.4458549293  
0.4753169757  
-0.3943281763  
0.134346281  
1.217725431  
1.194743612  
0.3151139012  
-1.026322481  
-0.5957264914  
-0.6281847989  
-1.017285116  
0.02122340543  
-0.2654797319  
-0.7249529224  
-0.4156385443  
-0.3341540498  
0.6610483012  
0.5356464164  
-0.5172291027  
-0.2592646034  
-0.4612301782  
-0.3199216175  
-0.5211168195  
0.02059658823  
-0.4760906841  
-0.7210253228  
-0.2435689071  
0.02524886622  
-0.3572920933  
0.1838550419  
-0.7425649408  
-0.9058394237  
-0.1515355864  
-2.705436821  
-0.8888337156  
-1.226547217  
-1.221890961  
0.4188075248  
1.369028128  
-0.1553594831  
1.165185394  
1.785336568  
1.149740152  
0.3065458915  
1.876586957  
0.4583177669  
1.075118106  
1.202031443  
0.5467899177  
0.6916944864  
-0.9707176518  
-0.8047504353  
-1.551134164  
-1.093848772  
-0.3057473918  
-1.656343088  
0.01905574189  
-0.554984515  
0.9474310414  
0.8723693667  
0.03216217727  
-0.5273981359  
-0.181665645  
0.04005105742  
0.2093445706  
0.7716010772  
-0.5514805678  
-0.7743962909  
-0.924993464  
-0.6918246884  
0.2986229463  
0.6534655211  
-0.08848152761  
-0.5033700832  
0.2314091812  
0.3017137123  
-0.2123114049  
0.1643573952  
0.6588695405  
0.4264690974  
-0.02373117455  
-0.07079814229  
1.549574109  
0.6085192708  
0.1833210066  
0.3787138525  
0.3849459658  
-0.805086485  
-0.03311863606  
1.161189961  
1.348764073  
-1.422947951  
0.5135064722  
-0.3056900146  
-0.9195465888  
0.04003082231  
-0.4032453793  
-0.8227357256  
-3.183069023  
-0.810992075  
-0.8689991495  
-0.1748657057  
0.02073703745  
1.063700874  
0.3165761644  
1.255106908  
0.07800032637  
-0.1826541019  
-0.4911321957  
0.8426145792  
0.7534255097  
0.7306397315  
-0.2493858112  
