1.428041858  
0.5811849895  
0.691071424  
1.086779897  
1.446815198  
0.9821074169  
-0.7723687619  
-0.3868670139  
-0.3192250207  
-1.137701737  
0.07275999346  
-0.3575078357  
-1.565825655  
-0.06004963967  
-0.6383663564  
-0.1059069502  
-0.3317484346  
-0.9451526145  
-0.4602361275  
0.6229464474  
-0.1718991144  
0.3667930001  
-0.7909798235  
0.8333293467  
0.05411555518  
0.1962646902  
-0.7680631313  
-0.9967884562  
-1.710382332  
-2.852932572  
-1.989121467  
1.535557689  
0.8834767628  
0.5500496529  
0.6215469658  
0.2634211647  
0.864369628  
0.2578054836  
0.3423124714  
-0.6219928615  
-0.4384068903  
0.4091433665  
0.3748424761  
0.5700768919  
0.003524684086  
-0.1750025577  
0.01854986492  
-0.203032087  
0.03413113025  
-0.3922898151  
1.340271286  
1.445441078  
0.3995273596  
0.6169560363  
-0.1040912444  
0.7425007652  
1.559226031  
-0.4574680713  
0.3849135888  
-0.09645895836  
0.1232222131  
0.4072263756  
0.7708073555  
0.2338752123  
0.4108603115  
1.896751564  
1.895370605  
1.499553687  
1.375459838  
1.597453327  
1.639511583  
1.558230458  
1.298265448  
1.894689504  
0.8187791978  
1.02471788  
0.948253788  
0.6676741586  
0.4865902289  
1.312616456  
0.954424622  
0.3354989513  
0.1933107433  
0.7749517397  
-0.5850971384  
-1.433496009  
-1.655333501  
-0.1567427596  
-2.141731818  
-1.48937178  
-1.181102289  
-1.611339591  
0.4121389036  
-1.45520599  
-1.843019921  
-0.7194487117  
-1.20723483  
-2.306937037  
-2.016444478  
-1.649042192  
-1.282636419  
-1.499767278  
-2.604393187  
-0.9149315762  
0.102023636  
-1.008369451  
-0.007363282886  
0.2918969027  
1.070794337  
1.086783202  
0.1425725253  
0.03213166756  
0.6763325753  
-1.510399309  
-0.464131261  
1.389766531  
-0.3313403057  
0.1411680291  
0.05722356661  
0.4088983278  
1.308593325  
-0.6897584929  
-0.8127157024  
-0.4631313293  
-0.3311880212  
0.9233211618  
0.6733914489  
0.5088234119  
-0.04616997729  
0.01159438957  
0.1530852074  
-0.3416910595  
1.564303446  
-0.05415950287  
0.269395915  
0.262561537  
0.1784470539  
-0.06443393293  
-0.6275106525  
-0.5336983914  
-0.4349848662  
0.252934458  
0.1386580916  
1.065267953  
1.199953317  
0.8345988664  
-0.2092776304  
-0.5480105775  
-1.177164629  
-0.7168324027  
0.6021734461  
1.124296956  
1.124589315  
0.6696679602  
1.151153581  
1.937814761  
-0.9036287062  
-0.5845126402  
0.3168439339  
-0.334402838  
-0.3640327658  
-0.9745899611  
0.05277426235  
-0.3255978728  
-0.8807990806  
0.3657508748  
-0.1294235426  
0.5168709397  
0.2919237247  
1.569884022  
-0.9684910586  
-0.9459600989  
-2.008293366  
-1.771881726  
-1.210193861  
-1.302184555  
0.4706444906  
-0.0762159165  
-0.2326555817  
-0.8125744967  
-0.940811246  
-0.9821345176  
-0.003162111264  
1.43105763  
1.297264902  
-0.8663704219  
0.7251310052  
0.3906754186  
-0.4555411889  
-0.3491967277  
-0.6252435016  
0.8149905299  
-1.327033424  
-0.5741826087  
0.7457109939  
-0.168906487  
-0.5204186289  
0.03010251236  
1.663230219  
-0.6238108619  
0.004480451379  
0.5550954348  
0.3593183734  
-0.9449591155  
-1.625847194  
0.05858911847  
0.4909831594  
1.07234839  
2.125913526  
1.878377627  
1.22742302  
-0.2182445149  
0.736379858  
-1.147556257  
-0.3535532512  
1.59566331  
-0.3764595211  
0.3925232644  
-0.3915531808  
-0.9853027243  
0.1666565782  
-2.670135216  
-1.592688441  
-0.5956047212  
-0.5618856728  
-0.3885378678  
-0.8615691318  
1.247403839  
1.280786677  
0.4437808075  
0.5817144605  
-0.8779676599  
-0.8244446507  
0.3671265536  
-1.140123559  
-1.012898256  
0.5333874681  
-0.02835563108  
0.667655934  
-0.5886594302  
1.59752396  
-0.06125116095  
-0.8129259714  
0.2044399969  
-0.1808297254  
-0.1706391416  
-0.8174004081  
0.5623328124  
-0.2215769575  
0.08859232541  
-0.352951287  
-0.6865018463  
1.066533841  
-1.320013955  
0.8528216805  
-1.51948102  
-1.442828573  
0.08559800869  
-0.3813025765  
0.5111855017  
0.6347625565  
-0.6466771423  
-0.4184904382  
-0.1118210584  
1.190754358  
0.1655832899  
-0.3655496036  
0.2498563495  
1.082175627  
1.655562802  
2.276435202  
1.697936624  
0.1974013545  
0.1133898325  
0.8751456784  
-0.9212237575  
0.8584428032  
-0.3292216212  
-0.04636360202  
0.123178462  
-1.924795569  
0.05877415382  
0.1211703579  
-0.4579228958  
-0.4854996749  
-0.8841385237  
1.021099087  
-0.5584383303  
-0.4721168319  
1.145555591  
0.1158995115  
-0.7641836699  
-0.5564973867  
0.04047863396  
1.383348937  
-0.7079545441  
0.3485098551  
-0.5240269726  
0.2407429764  
0.7310960943  
0.01284970463  
0.6726941485  
-0.5169460574  
0.2314242684  
-1.100043512  
-0.6315341458  
0.9813952669  
2.158920864  
0.1483675846  
0.5841563143  
-1.718253908  
-0.9388387105  
-0.9595582451  
-0.4820492752  
0.09649487941  
-1.931934231  
-0.1668754561  
-0.1876559025  
-0.1971813411  
-1.005629672  
0.03361132033  
0.8104174589  
-1.134088328  
0.3992358937  
-1.338414238  
-1.017854664  
-0.4669366784  
-0.7900083275  
-0.9121820565  
-0.424492045  
-0.1454470972  
-2.406431778  
-0.7942183668  
-0.2280154084  
0.2204485483  
2.086097074  
1.747437444  
-0.7916841733  
2.105434518  
0.5935276825  
1.553253635  
0.631544439  
-0.4398963601  
-1.360822306  
-1.507820743  
0.6091648943  
0.9781193781  
1.028653307  
2.239385554  
1.293962659  
2.286914932  
1.120907522  
1.799913863  
-1.280010689  
-1.073072129  
1.293789317  
-1.159951888  
-1.8872361  
-0.5251472679  
0.5044226098  
1.05513308  
0.4798910314  
0.5352866853  
-0.02575799964  
0.4186798651  
0.5925252894  
-0.8839225937  
0.7664926304  
-0.8878055274  
-0.7268744219  
0.9229786976  
-0.8777641826  
1.325842588  
-0.5578738099  
0.1088406067  
0.3096814354  
0.3022913691  
1.7147177  
-0.4338506923  
0.776465486  
-0.1654520163  
-0.5467815801  
2.51500407  
1.131327664  
0.02802306133  
1.35049162  
2.264455345  
0.6426700891  
-0.02659741189  
0.7079079187  
-0.7019596293  
0.8757403662  
-2.175208936  
-0.1051698124  
-0.8169408833  
0.2333851677  
-0.7901813778  
-1.210756679  
0.193293081  
-0.005148426092  
-0.2184034642  
-1.900885156  
0.3430275238  
-0.4022706352  
-0.2112420193  
-0.1301734673  
-0.4646582068  
0.1559993277  
-0.5693417998  
-0.1996019338  
-0.8719739162  
-1.723254127  
-0.5002927873  
-0.7458128918  
0.4824914563  
-1.880709692  
-0.8405816903  
-1.259399609  
0.1448262031  
2.198576515  
-0.5052257788  
1.605253032  
-0.9609793114  
-0.8224951174  
-2.331745522  
1.289883136  
1.577232142  
-0.9141726673  
-0.8135284809  
0.08953480381  
1.493836775  
-0.134266462  
-0.07324203897  
1.723029733  
0.1853160008  
0.2960822374  
0.7697737548  
-1.288293101  
0.1941984507  
-0.8289172681  
0.1161486069  
1.685202315  
-0.01453314809  
-1.325939949  
-0.6978058656  
0.6928784984  
-0.05706719467  
2.725787395  
0.5518845644  
0.0976053582  
-0.6191166603  
-1.191571747  
-1.66259103  
-1.365889908  
-0.6398939016  
-1.517029441  
0.4906925495  
0.3983188642  
0.2580145068  
0.8236288306  
0.5178934589  
-0.3412214138  
-1.364962739  
-0.6603001484  
-0.3567756387  
0.2554251413  
-1.687760644  
-0.3789153694  
0.4634436064  
1.924459294  
1.867658165  
0.376942876  
