-1.241772913  
-0.02781143387  
-1.614866603  
-1.839769352  
-1.890761481  
-1.819346635  
0.7550273872  
0.7057841914  
0.3355393213  
1.387335674  
0.1728600983  
0.5962912524  
0.2194875855  
-0.03208402189  
1.700020345  
0.513556336  
1.466884694  
1.132769464  
0.2292508987  
-0.5651330267  
0.5263633311  
-0.7904699148  
0.1507789005  
0.05423335781  
-0.1497278983  
1.104523269  
1.118936657  
1.095614116  
1.89545576  
2.332574907  
1.574901187  
-1.987886104  
-1.719006213  
-0.08649682532  
-0.5765158553  
-0.784366839  
-0.507520957  
-0.1612256913  
-0.2354581817  
0.135352255  
-0.0130517346  
-0.6361936281  
-0.3898198013  
0.1162958644  
-0.1756281745  
-0.257706003  
-0.130853122  
0.1634337765  
0.2696028648  
0.1560808828  
-2.051873464  
-1.928699163  
-0.967908361  
-0.8943673841  
-0.9723548499  
-0.9914862885  
-0.6656832678  
-0.7679249354  
-0.5095826859  
-0.7555021974  
-0.4406919505  
-0.720878394  
-0.6046996668  
-0.7925157445  
-0.7476234871  
-1.055334854  
-0.3332640074  
-0.2720957354  
-0.1608555824  
-0.02959553022  
0.1230181514  
-0.7129790334  
-0.2455507254  
-0.4745658922  
-0.3832275495  
-0.5879389168  
-0.6015718115  
-0.4209460609  
-0.5774637955  
-0.6140842822  
-0.1078836098  
-0.2187264549  
-1.251312092  
-0.9085547377  
-0.610452592  
0.8235408338  
0.5851082421  
-0.6896766651  
1.438671604  
1.240254582  
1.43537013  
1.769655161  
0.9842128405  
0.85596761  
0.1466435734  
1.619715462  
1.28472365  
2.46396801  
2.688875031  
1.703314717  
1.654980574  
1.574252868  
2.258503668  
0.8240766341  
1.838605573  
1.554485723  
-0.7850908653  
-0.2078050217  
-2.600942086  
-0.5934458841  
-0.6566976563  
-1.018857684  
-0.2172527998  
1.764248707  
-0.2442623354  
-0.2996831804  
-0.4194446351  
-0.4625552315  
0.3926155741  
-0.7525733312  
-1.642872409  
1.447093342  
-0.340317492  
0.976541  
0.872036717  
-0.8835496903  
-0.5847696695  
-0.2973901885  
-0.2832221837  
-0.1833640613  
1.215381854  
-0.7899200461  
-0.4159741441  
-0.1445813729  
-0.2902631264  
-0.1533573454  
-0.4166394596  
-0.1586459539  
0.004317957458  
0.3862270064  
1.531930859  
0.257480282  
0.4985282256  
-1.009155466  
0.6555531954  
0.3065852378  
1.468532623  
0.1472658718  
-0.1877384078  
-0.2588110663  
-1.48144817  
0.3861767395  
-0.9344389676  
-0.3686745424  
-0.816021506  
-2.361220372  
-0.4042046015  
-0.46523264  
1.860313986  
1.064633066  
-0.03630098166  
0.5266481792  
0.276556868  
0.9298206042  
-0.2180234707  
-0.2791720907  
-0.4404770514  
-0.2669484302  
0.3961120003  
-0.7955076573  
1.406172571  
1.840003222  
1.404944736  
1.628364576  
0.3452419281  
0.7428773808  
-0.05805001935  
-0.3888604429  
-0.1339594181  
-0.8514074596  
0.5874314378  
-0.2454820304  
-1.269210753  
-0.05243322955  
-0.2152438896  
-1.029830291  
-1.732776069  
-0.3133692792  
-0.9929006135  
-1.309700454  
-0.09172005589  
-0.7432395465  
-0.04174393237  
-0.5563260757  
1.026400454  
0.42831877  
0.832876286  
0.214945603  
0.1038854703  
0.3102669766  
-0.7726587796  
1.123841903  
-1.062713525  
0.954081983  
0.8697745572  
0.2624886731  
0.4087280055  
-0.3564720226  
-0.3544005463  
-2.944229878  
-1.104057348  
0.01691618485  
-1.559543807  
1.451367439  
-0.1591360926  
-0.5985023017  
0.1681844251  
-1.399175317  
0.6806001417  
-0.1209371333  
0.08905457218  
1.208843057  
0.488549963  
0.9773844654  
0.1448555093  
0.7510122861  
-0.3621319319  
-2.778961288  
-0.4166669762  
-0.5624804198  
-0.5762386403  
0.3736335056  
0.2464466305  
-0.4873653919  
0.7202780924  
0.04399139599  
0.781141403  
0.102376802  
-0.2754936966  
0.1881009137  
-1.094812364  
0.4150192816  
-0.3305412805  
0.4370735166  
-0.255244095  
-0.01045511697  
0.394695101  
-0.3256373177  
1.062909395  
0.3237316929  
1.170598371  
0.1779778968  
0.5827057683  
0.5332027898  
0.1913620887  
1.613921894  
0.7449755029  
-0.3818057039  
1.0520839  
0.2881903674  
-0.2458264161  
0.5828886524  
0.5609756859  
0.4643892727  
-0.2888709116  
-0.0488041874  
-0.2009729504  
-0.5692427639  
-1.770107233  
-2.627287013  
-4.253531727  
-3.593260973  
-0.7436337867  
-0.7317615434  
-1.739207473  
-0.9155579909  
-0.2042651617  
0.8752124899  
-0.5601877769  
0.8776441096  
0.1970047096  
0.5154709784  
0.7358230571  
1.644943478  
0.3252798023  
0.1613385407  
1.152623852  
1.152645357  
1.055320403  
0.1429926979  
0.5464972573  
0.1404029689  
1.355019429  
0.9626667443  
-0.9607580808  
-0.3198166739  
-1.434748705  
0.2516500913  
-0.4001317546  
-1.765663453  
-0.3458442917  
0.2637796807  
-0.2138961765  
0.1190681033  
1.273429173  
0.3623330387  
-1.407451644  
-2.27584675  
-0.05608439457  
-0.5412331131  
1.542374291  
0.9054011839  
0.02675851424  
1.192147649  
1.110538352  
1.429748797  
0.969326638  
0.9875714156  
0.07029849951  
0.5987336184  
0.6359808013  
0.7072085471  
1.480752403  
-0.02003914327  
0.436127598  
0.6944291698  
0.459996382  
0.5001598032  
1.227334796  
0.3386625305  
-0.2509638161  
1.074980769  
-0.02865784118  
0.6818798403  
0.8201167334  
-2.18511176  
-1.207670568  
0.1338560556  
-2.13345127  
-0.4879074595  
-0.8233829682  
0.9489714411  
0.9148339412  
0.5040405754  
0.5470802598  
0.5686663688  
-0.2176678685  
-1.840064545  
-1.508497864  
-1.266274202  
-1.452492553  
-0.9021128162  
-2.610048583  
1.465551003  
-0.648926587  
0.8270118197  
0.5559323976  
-0.1401778006  
0.703233109  
0.09368936949  
-0.1547584633  
-0.2522430755  
-0.5105280026  
-0.9915756869  
-1.254071052  
-0.9991286925  
0.5487778175  
0.3624098656  
1.049735406  
-1.59779643  
0.9484154932  
1.223039371  
-0.5511009404  
1.003105972  
-0.7696446929  
0.7666189813  
-0.5866665267  
-1.99788883  
0.1290456008  
-0.6929508875  
-1.282234269  
-0.984654634  
-2.31888043  
0.08363532113  
-1.943312019  
0.1266143878  
-0.5201480499  
0.5940413636  
-1.069242322  
-0.7233618315  
1.665002959  
1.245270887  
1.689160502  
0.3597145647  
1.981106628  
0.272966326  
1.507069564  
1.264925555  
-1.063415807  
1.406169312  
-0.2403122199  
1.024858468  
-0.7627902673  
-0.3129795905  
-0.4442971139  
0.2495398292  
0.7283544704  
0.3183813579  
1.451614559  
0.2320962438  
1.366892407  
0.8976181911  
0.4293678088  
0.04135265598  
-0.4463212815  
1.33557235  
-0.5469619298  
1.667868233  
-0.7865262881  
-1.337745752  
0.2559206408  
-1.046416666  
1.719858142  
-0.1113124837  
0.6343553318  
-1.575027763  
-0.3295755286  
0.8833104851  
0.5964904719  
0.9190074032  
-0.8981820007  
0.02285011795  
0.7831123945  
-0.9605829661  
0.395379659  
-1.565227588  
0.3926211736  
0.1803256988  
-0.814588638  
0.6401249428  
-0.5419188675  
0.6999076885  
-0.5806951389  
1.239161051  
-0.4551782958  
0.2022173591  
-0.02954332955  
-1.379479668  
-0.2312573241  
-1.137917991  
1.256335202  
-0.5539623573  
0.7268882055  
0.8910912225  
-0.1419635754  
0.5309116503  
-0.4858532573  
-0.125323051  
-1.409026818  
-0.2785615018  
-0.280029643  
-0.7792292328  
1.279840876  
0.8559927082  
0.7058972199  
-0.9530730545  
0.9851948286  
0.7358942878  
0.8031054485  
-1.153422022  
-1.673753373  
0.521933097  
