1.261635776  
-0.3304908572  
0.2149181856  
1.64835527  
2.088829688  
0.3206503952  
0.4550798232  
-0.7412259548  
1.107881821  
0.139910489  
0.0468887479  
-1.198450065  
-0.004158076146  
-0.7181876744  
-1.490873994  
-1.29544879  
-0.3615004879  
0.404072636  
-0.3391748303  
0.218670084  
-1.816839628  
-0.0840357066  
-1.149297118  
-1.831746228  
-0.1580190329  
-0.9886276407  
-1.043032902  
0.5049392674  
-0.2461046831  
-0.7378637054  
-1.781300945  
1.465226787  
1.337387625  
0.4474911046  
3.339417443e-05  
0.3603652742  
1.116946109  
0.8201209931  
0.3649743153  
0.8496421121  
0.1014186913  
-0.9524036527  
0.1784506444  
0.3504425538  
0.5495640345  
0.8283833762  
-0.2149573812  
-0.05656513434  
-0.1236975612  
-0.3924988693  
0.8146560526  
0.6132232128  
1.605551356  
0.521341616  
0.8389306072  
-0.4660088864  
-0.1533612227  
0.6681767423  
1.002232521  
1.320888639  
-0.1786624355  
0.7775617481  
0.6729326561  
0.6163219499  
1.110160595  
-0.3123829812  
0.04125881428  
0.4576559598  
0.8964010785  
-1.556069502  
0.9973039297  
-0.4780187621  
0.2034363188  
1.523568455  
0.08689508761  
-0.6726752852  
0.9636979686  
0.3008077571  
1.741107775  
0.5726148119  
-0.3106579837  
-0.1814655261  
2.094840603  
-0.1490093465  
0.7340042853  
-1.585209862  
-0.6456845469  
-1.859691726  
-0.2623171947  
-0.5402816641  
0.7812207429  
0.3179320695  
-1.864521991  
0.4881134523  
0.1946395784  
-1.483431644  
-1.628650498  
-0.2968736992  
-1.79475846  
-0.4840134901  
-1.973203756  
0.4205541985  
-1.355234176  
-1.287516126  
-1.186038861  
0.0128853532  
-0.2443958792  
-0.007825261546  
1.897395642  
0.2463008148  
0.06943616722  
0.6433428766  
-0.1525426735  
-0.6525490907  
-0.8174272798  
1.110443602  
0.5387684943  
-0.6510263084  
-0.2212953576  
-0.7016472653  
0.293924267  
-1.372460839  
0.4431781479  
-0.159009932  
-0.3771522138  
-0.7504910987  
1.346675956  
0.6564786584  
0.5508169214  
0.3818092351  
-2.406396609  
0.8105472045  
-1.219603986  
1.829668485  
0.7999292007  
0.8670716698  
0.779911035  
0.1895319913  
1.060215863  
0.2178827118  
-0.6987778145  
-0.07937999332  
-0.9973916175  
1.623510181  
0.4645874622  
-0.5534523472  
1.759856641  
-1.059997952  
-0.1703284037  
0.7943088497  
2.763159784  
0.1697289108  
-0.3265292007  
0.1520783594  
-0.729122632  
1.405286965  
-0.8827122941  
-0.7243042554  
-0.7829309158  
-0.6670391375  
0.3142889998  
-0.1961612074  
0.5471158893  
-1.349641773  
-1.806177979  
-0.08736511757  
-0.532498255  
-0.410140698  
-0.1145039655  
0.9534605714  
-0.7659026656  
-0.09117932493  
-1.006924897  
-1.539564826  
-0.2264642247  
0.2359679905  
-0.6286081993  
-1.602498217  
0.1842085591  
0.9268469146  
-0.8708267527  
0.2613902483  
-0.04664391732  
1.234278326  
0.2187479366  
0.537841166  
1.247271207  
0.5874687111  
0.08534163956  
0.2741019809  
0.8910858376  
-0.8156158683  
0.7287108442  
-0.1817354661  
-1.006157315  
0.2858087117  
0.7587581838  
0.243520373  
1.689650575  
-0.230383395  
0.3935239434  
-0.8660143631  
0.2487934594  
0.2147864997  
-0.4895362105  
-0.305543465  
-0.304541439  
-0.4368763213  
0.8108970812  
1.340669315  
-0.09037378143  
1.178952816  
0.152138829  
0.1332866976  
0.5635073113  
-0.07746563594  
1.220547779  
-0.2600917628  
0.01624434789  
-0.0313441165  
0.532252098  
-0.1126283981  
0.6533839106  
-1.354190489  
-1.234425353  
-0.04448999435  
-1.84973327  
0.9271619633  
-0.1469014454  
-1.332296947  
0.6973836897  
-0.1026090114  
0.5956348553  
0.1595498708  
-0.3862699879  
-0.6476455127  
-1.132259185  
1.828129336  
0.5665042143  
0.1874255071  
-0.8124652621  
-0.1509192315  
-0.4346518578  
-0.7263930413  
1.602252322  
-0.5679492474  
0.1963046628  
-0.407438362  
-0.9869825263  
0.527626855  
-0.3236986176  
-0.4386433317  
-0.07741933916  
-0.7838140371  
-0.3739522136  
-1.03868235  
-1.479418971  
-0.03725593959  
-1.79507851  
-0.1079624074  
0.3987872734  
-0.6517858254  
0.3502195573  
0.5459156436  
0.08854346112  
0.07442988272  
0.1577033505  
-0.2969012385  
1.80606322  
1.604846579  
1.459535433  
2.96080645  
1.089903132  
-0.05647651454  
0.4406337203  
-0.02479216141  
0.9549332738  
-1.924661657  
1.665692461  
-0.5740850781  
-0.5450755819  
0.0247731875  
1.335007241  
-1.048769367  
0.02030325578  
-1.685945257  
0.5205053351  
-1.455020473  
-1.836431031  
0.6559915952  
-2.136710799  
-0.2729293823  
-0.4854678476  
-3.307070501  
1.120314678  
0.8846787241  
0.7463683906  
-0.1729712521  
0.6869459075  
1.843987787  
1.149594302  
1.837384719  
-1.068481722  
-0.4619560551  
0.2559213279  
0.8012628018  
0.8725315156  
2.231245052  
0.5405851953  
1.625151484  
0.4687369819  
0.5445154801  
-0.7154026952  
-0.6860456846  
0.7456858954  
-2.341313281  
-1.442119197  
-0.4066124838  
0.8961755381  
-0.6211131542  
-1.358554966  
-0.6742733882  
-0.7639658157  
0.2873794711  
-0.1042465886  
-1.722303543  
-0.3820699779  
0.6145976532  
0.1304472991  
-0.5437117588  
1.213388638  
0.5969864379  
1.428755058  
-0.9229366582  
-0.445498364  
0.2612753297  
-0.6365611346  
0.297534585  
1.894722859  
0.2306848769  
-1.455434784  
0.1934638238  
-1.566048378  
-2.37208181  
0.07976797654  
-0.2105189814  
-1.005253512  
0.5915472386  
2.034543651  
0.382272625  
1.840318124  
0.9046774141  
2.593243976  
-0.8513114595  
-0.3182320974  
-0.8342439781  
-1.276711954  
-2.184784701  
-1.063847525  
0.4796013  
0.3003636606  
-1.022705458  
-1.171320018  
0.4631464502  
-0.08031195909  
-0.04494596114  
-1.170443933  
0.7599103987  
-0.1875135827  
0.7424332411  
0.07614067613  
-0.7384842456  
-1.107324081  
0.7828945435  
0.008952813096  
0.5833580939  
0.5678051482  
2.169046082  
0.4754552873  
0.04017772516  
1.223376268  
0.2798367217  
0.1106021447  
1.451343718  
0.7807140165  
-0.2188411823  
0.06644279003  
1.290831735  
0.6409634749  
1.000676725  
-1.500004046  
-0.1190446249  
-0.1422312061  
0.1179122008  
0.6339456708  
0.5671506453  
-1.310266774  
-0.188924199  
-0.06022220591  
-0.3296729489  
1.865103187  
-0.4899033727  
0.4002707659  
0.580217886  
0.05582099971  
0.1915610043  
1.043172359  
-2.05363282  
-1.038626296  
-1.364540002  
-1.751641165  
-1.490995942  
-0.3267400373  
-0.8524311738  
0.2117759179  
-1.556499664  
-1.059620565  
-0.9952276668  
-1.253117394  
0.1546810572  
-0.3487785437  
1.144871936  
-1.855828726  
1.52434299  
-0.933439938  
0.2067080169  
-1.098987758  
-0.7167147102  
-2.602814658  
0.9756555445  
1.419607753  
-1.254812289  
-0.4757519528  
0.1589258059  
-1.858485023  
1.713558234  
-1.419894324  
0.333048151  
1.517316764  
1.10130642  
1.224793307  
-0.8472485905  
1.205987365  
-0.8348202719  
1.509835575  
0.7486357401  
1.12070405  
1.492707163  
0.6509516073  
0.0198968986  
-0.4130963221  
-0.06742139576  
0.5125098189  
0.3612236344  
-1.967809725  
0.532315738  
-1.498432896  
0.2117579195  
0.3252163879  
2.856156599  
2.026377726  
-0.7197995012  
-1.021669096  
-0.2384976295  
-0.3400037823  
-0.3714060105  
-2.121973178  
-0.5841029543  
0.09705962352  
-0.5289031704  
0.4396751405  
0.1616607414  
