-0.3125725456  
0.9798726938  
0.5679037349  
-0.0874339014  
-0.2336490065  
0.6249593549  
-0.3412906553  
-0.5728384627  
-0.17332496  
0.007050092101  
-0.1931049815  
-0.1958717025  
-0.07752182749  
0.01177964858  
-0.04820807772  
-0.226183748  
0.1037582867  
0.1383422624  
-0.2977215311  
0.3519517053  
-1.679571803  
-0.8644781665  
-0.4924333044  
-1.090052154  
0.1360947908  
1.005992096  
1.278816818  
0.9300907491  
0.3016165432  
0.9669331082  
1.686405897  
-0.8800700212  
0.6554757373  
0.1217627148  
-0.3031547383  
-0.1611921415  
-0.7734329221  
0.4524665856  
0.1963030222  
0.4662395552  
-0.05019604912  
2.637773672  
-0.7585499379  
-0.1893490367  
0.5712697508  
-0.1387180104  
0.3342604565  
-0.4764845346  
0.9581579884  
0.4918424569  
-0.001794416613  
-0.6637710147  
-1.114161289  
1.023500302  
0.5317078488  
-0.7296516506  
0.6087921087  
-0.2056469067  
-0.2244511752  
-0.897445923  
0.2188236023  
-1.674186397  
-1.778558875  
-2.403912791  
-1.622918733  
-1.106641715  
-1.021973141  
0.2864226554  
-2.274246241  
-0.7415566217  
-0.6972816966  
-0.3678759521  
0.005116314453  
0.1133192625  
-0.02496675669  
-0.9155424105  
-1.04807446  
-1.540987705  
-1.070599346  
-2.239853434  
-1.423153824  
0.4157875408  
-0.04591089176  
0.6835141593  
0.9058098913  
1.120852845  
0.4325508045  
-0.06853941497  
2.925675737  
-0.5698785697  
0.7216782943  
0.6519851837  
0.3053333894  
0.2626079293  
1.084050222  
2.154755768  
-1.410760273  
0.9150601293  
1.608814825  
0.9648651032  
0.584165161  
1.068167547  
-0.07336541883  
-0.4201487719  
-0.2230589312  
0.3684288942  
1.328914946  
0.9266010076  
-1.000625962  
-0.5961688645  
0.694041198  
0.5162857837  
-1.713837498  
-0.6002438286  
-0.799436635  
-0.5254400782  
1.158419928  
0.2263693022  
-0.09516784754  
1.274302389  
0.5346427056  
0.04863770688  
-0.1655896424  
-0.2013098754  
0.6986022597  
-0.3446521216  
-0.00548904025  
-0.86019789  
0.04947603576  
-1.354712441  
0.9353252773  
-0.1069728112  
1.136095976  
0.8099249751  
-0.4308976144  
0.6621879011  
-0.4595447825  
1.910076839  
0.06106950816  
-0.3138077712  
0.1090275778  
-1.095723089  
-0.1879535218  
-0.07240508247  
-0.3351552231  
1.832758632  
1.439704763  
1.190077145  
-1.045293635  
-1.189262074  
-0.7462383818  
-0.3082243538  
-0.8895595252  
-0.9431046901  
-2.573484784  
-1.15084779  
-0.2341756048  
-0.540907876  
0.107767358  
0.8353545125  
0.1333921282  
1.142013114  
-0.730920044  
1.460460125  
-0.1338195523  
-0.2681442762  
-0.8727247367  
-0.2680037202  
-0.5716548778  
-1.677091907  
1.547021528  
-0.9351028335  
2.273516353  
0.8352703819  
-1.08901312  
0.03846537258  
-0.3527214333  
-0.3718129987  
-0.381590281  
-1.810241262  
0.7584495225  
-0.4160926502  
0.9030530206  
0.3276512944  
0.9689168787  
0.3310813683  
-0.6522999931  
-0.4471613795  
-0.2085536348  
-0.2370583213  
-1.587466877  
1.070876313  
-0.2577081557  
0.1536408669  
0.7158573545  
1.217747704  
1.302388065  
0.8445688511  
-0.1915786044  
-1.390182795  
1.097059718  
0.2593517166  
0.5750683514  
3.63730755  
1.720415019  
0.381696347  
2.014541698  
0.189022008  
0.1488386123  
-1.756859657  
0.6548165819  
0.2629806497  
0.5611924334  
-1.202156654  
0.1638901859  
0.3938783282  
-1.009968428  
-1.542362597  
-0.5262284724  
1.80463185  
-0.3298248142  
0.1416785216  
1.386570066  
-0.3444091001  
0.9189328949  
-1.700335431  
-1.082722982  
-0.5126087041  
1.026429147  
-0.5937873629  
0.7360566172  
1.12204637  
-0.4165228814  
-2.193672674  
0.6688201154  
-0.4111889526  
-1.010697646  
-0.1299018911  
-0.1610757335  
0.04220196454  
-2.776396387  
0.007295763865  
-0.8674121579  
0.2265394482  
-0.7186518773  
0.2706043455  
-0.4570975888  
-1.457648986  
0.4209959883  
-1.883992627  
-1.561793918  
0.8993873452  
-0.228056264  
-1.679816804  
-0.7061907644  
-0.639392111  
-0.6406235688  
0.3606007592  
0.1243175813  
0.6232328076  
0.9148515425  
0.5810707049  
-0.6673929104  
0.7678256284  
0.778563172  
1.174481852  
0.3264649796  
0.9070108014  
-0.6279513842  
-0.0244336781  
-0.2387415986  
0.5571512645  
0.1266953631  
-1.30605332  
0.2773332661  
-0.7775702916  
-0.002195104646  
0.4036639657  
-0.7165720808  
3.205688516  
2.24460063  
-0.6440154891  
1.431580328  
1.750113513  
-0.2430229627  
0.528817846  
0.7464172311  
0.05994083698  
-1.994473697  
2.114645451  
0.8315344355  
-1.543661614  
1.208972258  
1.556178151  
0.6515299722  
-0.320316217  
0.04605039868  
0.9645015471  
-0.3371055423  
-0.9918418306  
-0.4219053037  
-0.2919907311  
-1.537581487  
0.277861197  
-0.3125918112  
0.0271705459  
-1.31909735  
-1.531696003  
-1.30391642  
-0.8822911456  
0.4934638451  
0.3155595744  
-0.441543234  
-0.5201781655  
1.516889632  
0.9298845908  
1.111594404  
-0.208942868  
0.2092251732  
-0.9510428381  
-0.4231486792  
1.976670386  
-0.5531934684  
0.4326468305  
-1.010963934  
0.9625164949  
0.2993171317  
-0.7293248502  
-1.452433664  
-0.7535980126  
1.348161102  
1.049433041  
-1.998112513  
0.06341927828  
-0.3048416561  
-0.1421350599  
-0.5821563313  
0.05365578415  
1.381349899  
1.113163145  
-0.05966566946  
3.040048949  
1.099109315  
-0.8888439573  
0.8180158003  
0.7133257027  
-0.2932785354  
-0.5266292594  
-0.6886005392  
-1.021680498  
-0.4683697727  
1.219105631  
-0.8844574037  
-0.6940497186  
-0.02442360835  
-0.2077020189  
-0.3872750977  
0.2583049211  
-1.300466823  
0.04646037352  
-0.34924243  
-0.3120305274  
-0.9613927963  
0.6670383189  
-1.368145803  
0.397731476  
-1.750919112  
0.2471065409  
1.668212486  
-0.6531069475  
0.356632477  
-1.054203388  
0.5686973041  
0.867603433  
0.3438745261  
0.6618415416  
-0.9250182724  
0.1007187744  
1.386688911  
-0.3816018117  
3.572620814  
-0.452615259  
0.7624556511  
-1.431430715  
-0.9243216091  
-0.01742937217  
0.2234396357  
0.2168333479  
-0.103760771  
0.08012595086  
0.0708130808  
-0.1511199563  
-1.502748148  
-1.058863366  
-0.2720506658  
-0.8934135443  
0.2791946852  
-0.4154826731  
1.494406946  
-2.094266792  
0.5632224452  
1.753021585  
0.7985438751  
1.787050932  
-0.6808501168  
0.4373733257  
-1.103789494  
-0.347227949  
-1.807596435  
-0.0885710833  
-0.867269743  
0.1884753807  
0.6171001309  
-0.6858106539  
0.7308917638  
-1.215115879  
-0.3739651471  
-0.4187698614  
-1.655527488  
0.300628652  
-1.356280719  
1.335099461  
0.1130063671  
-0.999219067  
-0.2924958845  
-1.967066802  
-0.7453210701  
-0.8807772637  
0.7033368909  
0.8643626528  
1.364861575  
1.981448616  
0.111231874  
2.004042283  
1.862279165  
0.1941784808  
-1.33374576  
-0.7418005927  
1.066095693  
0.2900391073  
2.181148148  
0.103958926  
0.6262583637  
0.4481272041  
-0.2286110816  
-0.2499657008  
-0.4014630714  
1.397699816  
0.5802639964  
0.2595725552  
-0.9708106967  
-0.3589927786  
2.119387927  
-0.3586083683  
-0.9171064678  
-0.7709124865  
-0.7569548584  
-0.09582831725  
1.213897868  
-0.5269571133  
-0.8080516048  
0.2298030443  
0.03767933882  
0.09597013868  
0.05890574148  
0.5998683664  
0.9464669025  
0.7405464557  
-1.128586948  
-2.456839442  
0.4294471676  
0.411915332  
