0.4464800827  
-0.5186298808  
-0.8596107866  
-0.341277088  
-1.055984537  
-0.3797642459  
-0.5530254833  
-0.01658446018  
0.5479961926  
-0.001712986625  
1.024507306  
-0.3415463687  
-0.007308500855  
0.5469157043  
0.474477975  
-0.2677054366  
0.8867233209  
-0.1394648678  
-1.335544025  
-0.615394168  
-0.4659021736  
0.847990787  
0.5222397445  
0.5031758012  
-0.04737002745  
0.8250658254  
0.730443545  
0.3197297616  
0.7553583936  
1.062447649  
0.175856938  
1.383918121  
0.9479873301  
1.503284802  
0.7912464053  
-1.800351264  
0.321493224  
-0.3079923226  
1.607764741  
1.615155615  
0.6451244226  
-1.093960446  
-1.31909142  
-0.7538423153  
-1.852473435  
-1.63521952  
-2.280540374  
-2.02823757  
-1.440276094  
-1.0814502  
-1.264882346  
-0.9065847209  
-0.06259823898  
-0.2151684919  
0.2560158411  
0.691926352  
1.172544627  
-0.01496939727  
1.266396251  
0.2145317353  
-0.1092308128  
1.072966796  
0.3172990027  
-0.1189582836  
-0.09550983273  
0.772899808  
1.112058393  
-0.1162552246  
-0.2494158571  
0.84516739  
-0.2583721458  
0.9828937869  
-0.3644268835  
0.1462152697  
-0.2153209007  
0.6871544447  
-0.4120420866  
-0.7519218548  
0.6529976197  
-0.4941824  
-0.2852840435  
0.3999185399  
0.3755019944  
-0.3082847323  
-0.299116543  
-0.6380590524  
-0.4455267637  
0.2284588006  
0.3633204738  
0.1972910029  
2.466158657  
0.6080584723  
0.7717687399  
1.299374568  
0.1643222187  
0.6810953847  
1.225282883  
0.2025323605  
-0.8583082677  
-3.777579342  
-2.654873107  
-2.361460828  
-1.541559477  
-0.5903603833  
-0.7260868997  
-1.726926171  
-1.743514052  
-1.062256758  
-1.180679445  
0.01376913677  
-0.6556584411  
0.06088053964  
0.7637800687  
0.5124294754  
1.223218365  
0.720117538  
0.5259122462  
1.251495249  
1.418462878  
0.4036203268  
1.34973619  
1.992248951  
2.226034403  
1.468127043  
0.5047005119  
-0.01145546706  
0.05098221736  
0.8672466166  
0.1585605639  
0.4761920304  
0.4428469529  
1.622734881  
-2.297356497  
-3.57276462  
-2.363543994  
-0.565754378  
-1.497739669  
-2.640029223  
0.3305774068  
0.3075913333  
1.035298115  
0.7857063977  
0.6296893487  
0.536200049  
0.2933615367  
-0.2266808142  
-0.1122433084  
0.6948941726  
0.3042730004  
0.7110118164  
0.3663200837  
0.2941343809  
-0.2696836112  
1.514092955  
0.5504690031  
0.2571451178  
1.503340416  
-0.09174846862  
0.04471674622  
-0.2030698569  
0.4247298087  
-0.05636567475  
1.041785539  
1.172453103  
-0.2426678506  
0.1501006703  
-2.212103539  
-2.674397735  
-1.282544495  
-1.838608928  
-0.7596622705  
0.5385695375  
-1.359410315  
-2.269767649  
-0.5617850708  
-1.873781274  
0.6428767459  
0.5821485088  
-1.42361816  
0.4193125155  
0.6745744864  
-0.3192941915  
1.139910636  
-0.1698194866  
1.104409352  
1.16174941  
0.6323043823  
0.1039275914  
0.04702878225  
0.2863973071  
0.9351641005  
0.7585083888  
-0.1253497036  
0.1404320274  
0.08176999801  
0.3905569817  
0.2940172271  
1.290163631  
0.7595737499  
-0.4264464724  
0.1422927085  
-0.01338509036  
0.3645634988  
0.8704575613  
0.3239059915  
-0.7120285931  
0.3458408966  
1.244833299  
-0.2062256618  
-0.07044162905  
0.5206357514  
0.7381211295  
0.651818817  
0.4395520427  
-0.02298898277  
0.2886391597  
1.125522922  
1.116192454  
0.2181441822  
0.4512684853  
-0.4562893472  
-0.3203179662  
-0.1686322603  
0.867551555  
0.4616462864  
-0.4845053911  
0.4847226012  
-1.085613942  
0.06108246441  
-0.547522428  
0.6760676052  
0.289439181  
-0.3409215559  
-0.0002359031081  
0.1395849223  
-1.787286583  
-2.298784842  
-2.872543378  
-2.937158691  
-0.8105399723  
-0.6517546253  
-1.269544692  
-0.9086392683  
-1.884539626  
-1.384665686  
-1.501416163  
-1.648874526  
0.7266338978  
1.005182201  
1.629277826  
0.6993232471  
1.483371477  
-0.1925179947  
0.1719345843  
0.6173256519  
0.8502830958  
-0.05934556453  
0.8414907991  
0.4985715182  
0.3260772677  
0.4833077183  
0.0619174135  
-0.7016493188  
0.8020283048  
-0.2055268516  
-0.2192976781  
0.07385972731  
-0.5655479422  
0.03325638923  
0.1530144719  
-0.166165103  
0.1394359028  
0.4864397068  
-0.175881886  
0.8022745355  
-0.4035447863  
0.3264413995  
1.486920085  
-0.1455425121  
0.1343257936  
0.07607919187  
0.7745851545  
-0.7597579796  
-0.7511928955  
-0.4457761036  
-0.2692030774  
-0.5256523368  
-0.7269275067  
0.0305415759  
-0.1302687755  
-0.8844968807  
-0.7583694056  
0.1101905976  
0.6207692034  
1.165329351  
1.237338405  
0.3476522019  
0.685584224  
-0.2038276201  
-0.2273917369  
0.368911052  
0.1280759697  
0.5424368253  
1.05240216  
-0.1265107479  
-0.4934898138  
0.2627603926  
0.7173759693  
-0.09484700081  
-0.8942638912  
-0.1275712839  
0.08902554291  
-0.8495323372  
0.02135310914  
0.6152592525  
0.01707000074  
-1.209243095  
0.03408635234  
-0.3454181401  
0.6099374775  
0.217596561  
-0.4263338369  
-0.1601315324  
0.6072748091  
0.3219508293  
-0.01761133515  
-0.7316656307  
0.1751848088  
-1.433297215  
-1.759561354  
-1.843208312  
1.560397277  
1.852619401  
1.383912311  
0.8111660803  
1.594389492  
0.4848554798  
1.661922983  
0.3034893401  
0.3070431916  
-0.1938507022  
-0.2168931768  
0.6171700893  
0.8280596181  
-0.3002081865  
0.8907127444  
0.3784157538  
-0.821532467  
-0.3178618833  
0.6554102188  
-0.3400306854  
-0.02127484339  
0.1652863055  
-0.3267207239  
-0.7024290436  
-1.266794615  
-1.907715843  
-0.8345193402  
-1.039223117  
0.2970332901  
0.4179526006  
-0.4868628577  
-0.788233494  
-0.2726642434  
0.1292613205  
-0.1585253311  
0.6436436494  
0.3398285606  
0.7903938459  
-0.6585576231  
-0.352761178  
-0.2351984342  
-0.2685054121  
-1.220415  
-1.413422823  
-0.9839469595  
0.1402873357  
0.1938489806  
-0.5172928186  
0.4382055786  
-0.1204056721  
0.1554136813  
0.9433361583  
1.353855475  
-0.04089497811  
-0.2279571263  
0.6767866079  
-0.03023996051  
0.5351531842  
-0.9781068106  
0.432106478  
-1.052240526  
-2.271357988  
0.1071716551  
-0.3132970603  
0.3906909581  
-1.820173557  
-0.9405168471  
-0.003293291007  
-0.115522222  
0.642070519  
0.2097104387  
1.025295809  
1.180461924  
0.5674040531  
1.067404963  
0.8186906732  
1.03400088  
1.507135652  
1.136544595  
0.1650386273  
0.1854452452  
1.171368533  
0.6246154683  
0.7454550839  
0.1025402237  
-0.3253192052  
0.4058264758  
-0.1312770491  
0.6738643152  
0.9251324269  
-0.7754853288  
1.101089167  
-2.993300984  
0.3444626213  
0.7871972977  
1.766544147  
1.644273257  
-0.01268164899  
1.441180138  
1.213456609  
0.5142915363  
-0.1369474958  
-0.4513058201  
-1.366382621  
-0.8480345105  
-0.5872119324  
-1.030527121  
-2.026770355  
-1.325126093  
-0.1019613243  
-1.292785722  
-0.3580089471  
-0.09530865373  
-0.6914312568  
-0.04838602639  
-1.336634168  
-0.1476672181  
0.1338297267  
0.811442991  
0.4019138511  
0.2089789896  
0.99623808  
-0.7714324042  
-0.2048319194  
-0.737111721  
-0.474017057  
-3.504419768  
-0.4905468031  
1.886252368  
0.746815884  
-0.3183157745  
0.4605734665  
0.1571875567  
0.05914758172  
0.3653969153  
1.093095369  
1.166689749  
0.1055043705  
-0.2942345425  
0.210264849  
0.211249588  
-0.01511281292  
-0.9395815631  
0.5172552814  
0.8256933092  
-0.06016517838  
-0.3096405182  
-0.3826734455  
-0.764256003  
-0.5512492978  
0.3930023303  
0.7960974036  
0.3109761977  
0.5785136678  
-0.6896508456  
-2.337712038  
-0.9461784004  
-0.5982206858  
1.834817264  
0.612640819  
0.6129894662  
0.8064663219  
0.7940449942  
0.2558195397  
-0.5303721101  
-0.1787725676  
-0.336365896  
0.1440638501  
0.6791816025  
-0.5070595888  
0.0172786255  
0.5467504456  
0.6138892546  
-0.9123897015  
-0.2076970292  
0.1221104418  
-0.1258730399  
0.3859848259  
-0.4621883409  
0.5581927356  
-0.8697117839  
-0.08913927617  
-0.1087580298  
0.467231121  
-0.5290688524  
-0.7724809988  
-1.06969082  
-0.7210373551  
0.03722764732  
-0.3430638111  
0.3959230643  
-0.7150379097  
-0.6687394711  
-0.4516303781  
-0.4490993202  
-0.8873229658  
-0.5889056253  
-0.5829617248  
-0.7088144784  
0.9121847409  
-0.07714868023  
-1.444236757  
-0.8816539165  
-1.953596267  
-2.266618294  
2.311452791  
1.126612678  
1.830429408  
1.335331406  
-0.5085675272  
1.268549487  
1.354363997  
-0.4561840609  
1.279219587  
-1.38663459  
-0.2905583672  
1.224740294  
1.528253686  
1.686235904  
0.9102645165  
0.8087271943  
2.282823516  
3.662832735  
0.6722717382  
1.394581117  
0.7891758418  
-0.2804396149  
0.6100427556  
-0.00100187909  
-0.0005757550583  
-0.7337209857  
-1.781788003  
-1.279374883  
-0.6146805764  
-1.262258334  
-2.000983086  
-1.475929893  
-1.322253627  
-0.9054005501  
-0.8260034038  
-2.492127436  
-1.620417227  
0.4469638597  
0.8208984542  
0.4741545125  
-1.567716878  
-2.450104523  
0.3304638588  
0.9639354879  
2.543355015  
2.510809006  
0.350884727  
1.392140848  
1.891087229  
2.417805118  
1.118667051  
-1.770366923  
0.3929298394  
-0.9772447697  
-1.479251326  
-0.04154240407  
-0.6364326087  
-0.007595154074  
-1.143263606  
-1.562099804  
-0.5726457894  
-1.024951758  
-1.522343119  
-0.7242901205  
-0.1290979165  
-0.3893945602  
-0.2711417084  
-0.2446499553  
0.2066846514  
1.088347277  
2.555385453  
0.9501326123  
-1.637359373  
0.6292915482  
1.13963699  
2.47001588  
2.595142621  
-1.16135239  
0.5378351955  
1.260651176  
1.894528627  
1.686175789  
1.610288322  
-0.346775991  
0.2350739877  
-0.1961654623  
-1.716538683  
-1.742576559  
-0.7030671708  
-1.413079956  
-1.065711001  
-0.645417465  
-0.3150994011  
-1.828704673  
-1.14609381  
0.8101515948  
1.131400238  
1.394183558  
0.5177897716  
-0.1764738926  
-1.093107758  
0.09655510248  
0.8119046815  
-0.8696412169  
-0.04768778786  
0.09554117593  
-1.209801218  
-1.437953055  
-0.6074073506  
-0.720825105  
-0.5582479226  
0.8541559167  
3.126432587  
0.238528837  
-0.7063930567  
-0.6186438679  
1.026277358  
2.609780126  
1.142362394  
-0.3510806926  
1.156447827  
0.08144254611  
-0.7219272407  
-1.20526154  
-1.91785249  
-1.87707352  
-1.29324344  
-0.8530641667  
0.4286912533  
-0.2435861416  
-0.5089369437  
-0.8834753664  
1.43627657  
0.3802624337  
0.1211247958  
-1.937406235  
0.2035470117  
-0.2087749111  
1.811347076  
0.9756988217  
-0.7717534857  
-0.8786967415  
0.2798664609  
1.332631037  
1.78499908  
0.231148021  
-0.00250682279  
0.6105116123  
-0.5290042114  
-0.3635275547  
-0.8283276311  
-1.938086649  
-0.9649602759  
-0.08460293973  
-0.1718039161  
-1.727525076  
-0.939136852  
0.0440226559  
-0.6698839523  
0.1285480733  
0.4858970777  
-0.4344964192  
-0.8380933343  
-0.4987893357  
0.3144636734  
1.86122047  
2.50052488  
1.02308604  
-0.2394765831  
0.1142526938  
1.749305181  
1.877758252  
0.3442528772  
0.6038856156  
1.088659409  
1.766193179  
2.08401802  
1.092163803  
-1.864496615  
0.004932887991  
0.171005758  
-0.03965360181  
-1.436608274  
-0.7497375573  
-0.6567702114  
-0.3660787975  
-0.5496542118  
-0.8974112946  
-0.9516167733  
-1.646307558  
-0.8369243251  
0.8822883305  
2.481600148  
1.067654679  
-2.708406162  
0.03639246311  
0.8076562244  
1.383350576  
1.844224713  
1.492411476  
0.549847077  
0.7405277257  
0.03465075001  
-0.9377911925  
-1.306844197  
-1.891614395  
0.1194927682  
0.08324566678  
1.764197927  
2.277126112  
1.190167638  
0.746189166  
0.8273493446  
-0.5462818531  
-0.635823409  
-1.272208999  
-1.882825283  
0.787486174  
0.2395115061  
0.009962984063  
-0.8401627785  
-0.000966339225  
-0.786842897  
-1.768084335  
0.5541357954  
-0.6398893305  
-0.67226064  
-0.2108941735  
-0.6121881992  
-0.2675396512  
-0.02690649697  
0.04617069413  
-0.9987421028  
-0.6309065461  
-0.6139721525  
-1.107998113  
0.2372312544  
0.4381507887  
-0.3148699727  
0.003316280107  
-1.160311705  
-1.604573495  
-1.425598002  
-0.613706277  
-0.5874578782  
0.268379444  
-0.3848424447  
-0.4276754218  
-0.05216908558  
-1.169389659  
-1.47099688  
-1.533837942  
-0.00104669402  
-0.5279235312  
2.01766241  
2.55141443  
2.649155778  
3.268046797  
-0.6383489654  
0.5206980055  
0.4479315905  
0.099848802  
-0.8649997703  
-0.1480489067  
-1.024612531  
-0.6418101622  
1.686271295  
0.5837355803  
-2.396318027  
-3.646140716  
0.7691871737  
1.478704633  
2.154433673  
1.076353142  
0.6788514877  
-0.2383955466  
1.462859974  
0.8984772455  
0.8614624532  
-0.9006620609  
0.5989494979  
0.3854142245  
1.569445487  
1.366807841  
-1.191970549  
0.9809066204  
0.02519612507  
-1.088864478  
-0.5242223673  
-1.399707493  
-2.071346838  
0.5211693904  
2.504339187  
2.864473771  
1.076693345  
1.022862097  
-0.698093057  
1.715729914  
1.94767411  
2.363614418  
-0.8064259154  
-1.408935014  
-0.9169595718  
-0.3451588998  
-0.6265975075  
-1.693661057  
-0.8774687868  
-1.089863171  
-0.4608806872  
-0.4992641087  
0.1243598838  
-0.3573509495  
-0.487995529  
-0.5572993528  
0.009675464485  
-0.2374076481  
-0.6690664869  
-0.3720534504  
-0.9707130107  
0.7624072605  
-0.4560645012  
-0.3576396793  
-2.042933551  
-1.246611551  
-0.7694101671  
-0.7022725608  
-1.210009798  
-0.5006634366  
0.1207759296  
-0.2774608307  
-0.1942514893  
-0.216990238  
0.6960941017  
-0.5122814743  
0.4766072841  
-0.7062566807  
-0.1142542424  
-0.5845041454  
0.2879342155  
0.6827478661  
-0.5112275204  
0.281017233  
0.5869996394  
1.277071673  
0.8106331392  
0.3158730418  
0.3560988754  
0.6209097375  
0.4430071753  
0.8548448147  
0.6748999299  
1.158758356  
-0.1375716558  
-0.2036871321  
-0.2206089125  
-0.375974965  
-0.04763883313  
-0.1723694783  
-0.1271482471  
-0.03042201683  
-0.1950068437  
0.9053955659  
0.7354944976  
-0.5985726704  
0.29833479  
0.2818056422  
-0.1502577339  
0.1679546996  
1.646110162  
0.2587704411  
0.8822402738  
-0.7028877845  
0.2800689795  
1.502158087  
1.622837967  
1.008036301  
0.4949489589  
0.6512163016  
0.2935599124  
-1.012261357  
-1.429950896  
-1.397938767  
-0.400603656  
-0.8904204265  
-0.6245148342  
0.2321976681  
-1.136473503  
0.5163178442  
-0.2541766909  
-0.2602518042  
-0.6364191343  
-0.2066735727  
-0.1658637332  
-0.8209128197  
0.172535419  
-1.024792131  
-1.7322092  
1.58221412  
2.641737602  
2.344485079  
0.4539945007  
-0.2317458984  
0.08787708682  
-0.8558184911  
-1.242777598  
-0.2094799527  
-0.3944084292  
0.4319536604  
-0.3532198749  
0.4918712378  
-0.07537475488  
-0.4813951506  
-2.434679243  
0.8248853776  
0.9119710862  
1.642977543  
0.9226274887  
-0.9980113111  
0.6158502462  
0.1715566155  
-0.8850566747  
-0.7898946954  
0.1897657845  
-3.353240703  
-0.6315335939  
-1.786406293  
-0.9484115431  
-0.4245982862  
0.7043829714  
0.6030617882  
1.212566971  
0.3434315308  
-0.4916325263  
-0.5084087598  
-1.728190199  
-0.05542557691  
-1.256298136  
-0.2982519853  
-0.875142466  
-0.8913739289  
-0.2834489444  
-0.1631846161  
-0.5542935515  
0.0552552913  
0.5230802726  
1.094209176  
0.4233253568  
1.200932717  
0.5653729121  
0.2478265465  
-0.08159148856  
1.089039582  
0.7757287385  
0.7702302996  
0.3899133018  
-0.3505122402  
-0.1125924857  
0.07715739388  
-1.338744191  
0.6086142699  
-1.367289205  
-0.03789631964  
0.3942073311  
0.004606247311  
-0.3731555685  
-0.1563448132  
-0.4173035569  
0.1293273483  
-0.6052033656  
0.03724135286  
0.5631188255  
-0.5472226171  
0.08860774632  
0.2154644581  
-0.02984365263  
0.9027433746  
0.5934478442  
0.7397154736  
0.9076073098  
0.6450024964  
1.077946326  
0.7290417348  
1.463961354  
1.442885581  
0.3549945001  
0.5946464026  
0.2341101435  
-0.2788541473  
0.2079177531  
0.5552668942  
0.4818372141  
1.148594148  
1.917308348  
0.8494143388  
0.2210916703  
0.6301693214  
1.069650007  
-1.546056041  
-1.964978596  
0.06595803393  
-0.4990750897  
-1.653346836  
-0.6865467891  
-0.9203151773  
0.5972694645  
-0.01645380572  
1.218799482  
-0.5238396287  
-0.6572882542  
-0.3065026604  
-1.485426267  
-1.337358385  
-0.6332688323  
-0.5195206989  
-0.8088011136  
-1.193534863  
0.1300503271  
-0.4126855404  
0.2640183  
-0.7749703747  
-0.04890311596  
1.508122189  
-0.05208405957  
-0.05706574423  
-0.3781622181  
-0.4247351237  
0.975194531  
-0.0338171718  
0.1311111228  
-1.571415537  
0.2522521358  
0.05555861491  
0.9549506428  
0.5509255831  
-0.2722956057  
0.1087929116  
-0.5196213646  
0.5947314874  
0.3290148433  
-1.123534897  
-0.3420567533  
-0.8951469758  
-0.1485219332  
0.6594942847  
-1.470687683  
-0.1578857816  
0.4370134615  
0.3118265476  
-0.0678931928  
-0.02104549236  
-0.2023350826  
0.5010409947  
0.4541481796  
0.5203038756  
0.4746550228  
0.6494284042  
0.7194455204  
-0.06477325117  
0.7319398767  
-0.1649238968  
0.6263235953  
0.5031773948  
0.2501640334  
1.282255616  
-0.8852255459  
-0.03232927931  
-1.120757556  
0.2475039736  
0.4150160839  
-0.1014555099  
-0.7752253776  
-0.05094780026  
1.01228721  
0.8529291264  
1.527383497  
1.64247469  
-2.084082124  
-0.3614096511  
1.715768793  
-0.2714695733  
-0.3582322851  
-1.776326057  
-0.7620858061  
-0.7392626467  
-2.277268957  
-0.3434125993  
-1.735197125  
-0.7758771139  
-1.547056315  
0.04092845612  
0.4969092596  
0.9781633279  
0.2944761666  
-1.347359792  
0.3123389378  
-1.751420955  
-0.2971817902  
0.8043117336  
2.032761832  
0.9508890022  
0.1321862687  
-0.7162691564  
-0.6710457476  
-0.773018041  
0.04384203518  
-0.7227590787  
-0.265286188  
0.413673309  
-0.5492359021  
-1.332105248  
-0.3102557037  
-0.4707454307  
-0.2005767686  
-0.296177176  
0.01262717667  
-0.5809815629  
0.8142045402  
1.008128694  
0.2620062142  
1.098039793  
0.498496908  
0.1971497159  
1.266789883  
0.8163568933  
-0.0258332528  
-0.7369030499  
-0.5736324807  
0.3809190045  
-0.06236505969  
-0.8281600293  
-0.4610464022  
0.04359669149  
-0.07089953085  
0.1566102548  
0.3957917057  
0.3236241482  
0.57279091  
0.7459378528  
1.370729479  
1.104837074  
0.9847784155  
0.2500481268  
0.1374832495  
0.9216900648  
0.7236036525  
0.8705277531  
-0.4339009715  
1.268659058  
0.4682580891  
0.05249026061  
0.6278776676  
0.9216620057  
1.158838547  
0.6956610805  
0.6209950089  
0.238826916  
1.274624488  
-0.05128561654  
0.5148681955  
0.6202689592  
-0.1327209695  
0.1296722015  
0.5262277381  
-1.864227519  
-1.435128952  
-1.137145915  
-0.5828539491  
-0.2296510153  
0.3006516541  
-1.181753776  
-0.7438024384  
-0.04659452668  
0.6943382886  
-2.806815896  
-0.7726453183  
-0.8817648141  
-0.3940193253  
-0.6959788452  
-0.9011215937  
-0.5213435384  
-0.7734216178  
-1.809914847  
-1.093126526  
-1.12212538  
-0.08486981335  
0.1348634259  
-0.2796466795  
-1.151935506  
0.1513472565  
0.6262937419  
-0.7047426672  
-0.7331895633  
-1.093218185  
1.320765966  
-0.2212986123  
1.43125342  
1.072132863  
0.3597515432  
0.8043230121  
1.767879299  
0.8818288668  
1.747359681  
0.5162035484  
0.3207449233  
-0.1851866432  
1.227100737  
-0.2204012133  
0.371696693  
0.8130449764  
-0.6078338867  
-0.1913341627  
-0.4891983994  
-0.1949733963  
0.9768742872  
1.802125163  
1.666146488  
0.02886320431  
0.696052746  
1.77607293  
0.292739327  
0.9853703912  
0.3384079383  
0.74472258  
0.9592934297  
-0.2286887864  
0.2319913376  
0.3954804288  
-0.03287906537  
-1.437033083  
0.6122242895  
1.598644071  
-1.894046037  
-1.528813259  
-1.110779316  
-1.134641691  
-1.056661142  
-0.8607632442  
-1.831277983  
-0.6274102963  
1.633398598  
-1.127323922  
0.6340988131  
-1.112114467  
0.5433187529  
-1.884600554  
-0.7185636614  
-0.4924069766  
0.7353114138  
0.1747117511  
-0.01271933551  
-0.7044723207  
-0.4259593848  
-0.04638062609  
-0.4727854756  
-0.4622881023  
0.6105009461  
-0.2942510744  
-0.7346643044  
1.538186184  
0.115757754  
-0.05132295332  
-0.6270950375  
-0.4723667627  
-1.250892652  
-1.293706674  
-0.7746791707  
-0.8238773412  
-0.4777143609  
-0.779886749  
0.1037346207  
-0.3684043781  
0.414119787  
0.2901203112  
0.5360382401  
-0.1874930861  
0.02786806423  
-0.1778479859  
-0.1886044588  
-0.184019488  
0.1622798529  
0.3162696319  
0.1723117835  
1.243139615  
0.8868854403  
1.162642295  
0.1844186818  
0.8800094628  
0.8016823465  
0.4881371108  
1.149254595  
0.2009475009  
0.6141945144  
-0.4616804116  
0.1701473726  
1.38032612  
-0.02366135733  
0.2641066977  
-0.7404426819  
0.9281429621  
1.056898165  
-0.4503784108  
-0.6997002611  
-0.6914895699  
0.04134810877  
0.06742361959  
-0.7478581321  
-1.354966581  
0.3861841171  
-0.7655534311  
-0.5105322341  
0.989016777  
0.868417349  
-0.577120536  
-1.532058654  
0.3889364217  
1.285860252  
1.463886406  
-0.2645510468  
-1.369664376  
-0.05284354179  
0.5258492705  
-0.5259445982  
-1.224651863  
-1.288807095  
-0.779364731  
-0.6122119277  
0.815773885  
1.164134354  
1.516258634  
0.6951873397  
-0.3995579739  
1.352248569  
1.480756367  
0.7572846717  
0.5693639739  
-0.09527370366  
-0.8286753082  
0.4096083884  
1.355989832  
1.119578931  
1.238679708  
1.183266079  
0.5582632978  
0.5221915353  
0.3910695938  
-3.545365986  
-0.4683626226  
-1.312506803  
-1.88352059  
-1.665498044  
-2.127943666  
-0.9619327547  
-1.481619006  
-0.5271615795  
0.1903960231  
-0.9785762497  
-0.1030045916  
-0.5938858428  
-0.384355123  
1.824616672  
1.009803679  
0.609043466  
-0.6881465926  
-0.2514935826  
-0.9079873605  
0.236719977  
0.05962950114  
-0.3432330988  
-1.142740907  
-1.207186097  
-0.1771177675  
0.277539887  
-1.160337779  
0.2372473953  
-0.44029326  
0.2121844282  
0.3027667549  
0.7252454498  
-0.4285249913  
-0.4883975912  
0.6944759134  
0.5272145508  
-0.2926419837  
-0.4725236881  
0.9957709495  
0.7352041648  
-0.3503590967  
-0.5359988035  
-0.2577962032  
-0.2837353432  
-0.1708565878  
-0.220898761  
0.2178756111  
0.4734823071  
1.201063794  
1.561302161  
1.7644853  
-0.01145091492  
1.124983456  
1.006935138  
0.1080371994  
0.2619406905  
0.359363659  
0.1862520608  
0.5373593698  
0.3074866878  
0.7942168912  
-0.2536907023  
-0.09479090794  
0.8330930886  
1.169863786  
-0.1078300428  
-0.4805872272  
-4.306618172  
-0.3594440663  
1.3272098  
0.7922801395  
-0.7926947051  
-1.921494311  
-1.175665938  
-0.1034550937  
0.5960304746  
-0.4272509004  
-2.030222764  
0.009593858042  
-1.240235174  
1.357047721  
-0.1257994745  
-0.2949847499  
-0.1388329269  
-1.408440428  
-0.4397164342  
0.6001170317  
0.303479768  
-0.311383268  
-1.166858206  
-0.3901657125  
0.05754641087  
0.4539379123  
-1.894483785  
-1.515565495  
0.3872907936  
-0.7745151407  
0.4956351404  
0.03843120609  
0.8563672992  
0.668907603  
0.2124196065  
-0.122603969  
-0.302354426  
-1.022209361  
-0.1494814009  
-0.02046400926  
-0.9295786859  
0.4831460558  
0.6758659392  
-0.2432920941  
-0.3511772954  
-0.5319052983  
1.679334818  
1.306585498  
0.4039191774  
0.4492083548  
1.093111969  
0.4036275868  
0.7744799783  
1.008362005  
1.089291594  
0.6299677025  
0.2269478723  
-0.6771285865  
-0.02847264914  
-0.4197138781  
0.04944144269  
0.2005318324  
0.1480574878  
1.205410247  
0.4814574984  
0.1971939927  
0.9407598804  
1.39944985  
-1.054086816  
-1.507170729  
-0.9541327314  
-1.264283095  
0.1336650565  
-0.3026619806  
0.5266095886  
0.8693702181  
0.2115594134  
0.9326125054  
0.05464964306  
1.111079904  
1.051106305  
0.7372731716  
0.495972572  
1.687556238  
-0.1008276366  
1.987034776  
0.7125692208  
1.001922318  
-0.1090289849  
0.5841511813  
0.926499905  
0.07171928891  
0.1837298684  
-0.536478201  
-1.308718778  
-0.9637160794  
-1.475506615  
-0.9974762133  
-1.513899582  
-1.366278167  
-0.01133410938  
-0.590793766  
0.8804254007  
1.088813598  
-0.8584621785  
0.7375467749  
2.755913995  
1.452748294  
0.3410179441  
0.008030076241  
0.5563945639  
0.02343190947  
-0.2439943023  
0.3804895165  
0.7483359293  
1.496241915  
1.274129958  
1.123933109  
-1.843653297  
-0.794135758  
-1.924713036  
-1.509222472  
-2.427724279  
-0.3239255898  
-1.790891546  
-2.225510735  
-0.6353144978  
-0.6663998301  
-0.9709992307  
-0.2603227091  
0.2658778354  
0.01783366518  
0.5642313079  
0.5375829797  
0.5388297068  
1.152852777  
0.4219437183  
-0.8146152188  
0.02598825353  
-0.6960872646  
-0.2638340564  
-0.5285736374  
0.1915429728  
0.5111823007  
0.9034653642  
1.091507847  
-0.02894040253  
0.3037986705  
-1.102333072  
-0.1030020966  
-0.02670788756  
-0.3565607476  
-1.52087364  
-0.9157950051  
-0.03689174344  
-0.7345031154  
1.129781952  
1.72830932  
0.5293113639  
0.4451218828  
0.5803445732  
-0.02983860759  
0.2984657364  
0.8158399419  
0.09563781529  
-0.2123032743  
1.375316188  
1.344066936  
0.58863835  
0.6416380098  
1.30798074  
-0.3221427951  
-2.427621624  
-1.200811927  
-1.025825394  
-1.65206089  
-2.045206489  
-1.714917623  
-2.162062834  
-0.4048946254  
-0.1301319036  
-2.137691065  
-1.087956518  
-0.3491537512  
-0.6405949775  
-0.8527294701  
-0.4713276542  
0.5396112491  
0.8057700675  
0.7991672123  
1.45389254  
0.9508380425  
1.294712836  
0.08197319772  
1.026062005  
1.539586736  
0.643662073  
1.36031113  
2.005150043  
0.9248562791  
1.535505848  
1.525913796  
0.3312871653  
-0.2963805964  
0.2227961751  
-0.2211033138  
0.02916836242  
0.5187698647  
0.07207310358  
0.1502159837  
0.6106557096  
0.8642369244  
1.162148807  
0.479991914  
0.7791954956  
1.834657922  
-1.009504836  
-2.57267455  
-0.6015744525  
-1.909151064  
-1.897601207  
-2.040962203  
0.2512202975  
-0.876009645  
-1.422798631  
0.1344581776  
0.615514449  
-0.4435393737  
0.8007925324  
-0.2038593118  
-0.2424563147  
0.9164102229  
0.8876721024  
0.08203188514  
-0.2123751949  
-0.6767783367  
-0.5731078662  
-0.2846053054  
-2.63098361  
-1.02944865  
-1.184773191  
-0.04503387446  
1.314203684  
0.6456573147  
-1.048412767  
0.6643523728  
0.7973117354  
-0.3177213347  
0.6162395051  
-0.2281595165  
-1.161602514  
-1.112056607  
-0.6318141099  
-0.2058082809  
-0.2370073341  
-0.6469168573  
-0.2508164404  
-0.4024132988  
-0.2858615582  
0.2297063191  
-0.8826696069  
0.5673128413  
-0.7407805921  
-0.7517260035  
-0.5328801341  
1.108565105  
1.229576134  
3.260777713  
1.810701915  
0.8999151747  
2.058878419  
0.9251581684  
0.5597289673  
-0.05121923275  
0.4695451175  
0.08282470808  
0.2533130799  
0.6033303808  
1.325566363  
1.843865695  
0.8110852179  
0.2502959468  
0.2043793862  
-0.07357046677  
-0.6013925886  
-2.682159034  
-3.540385979  
-1.592063318  
0.0519877866  
0.2222255493  
-0.234234561  
-0.3497497453  
-0.4925487937  
0.08286987761  
0.1188430275  
0.9139729917  
0.1932158039  
-0.6609023785  
0.6417330982  
1.24260111  
0.8712571411  
-1.927302538  
0.2203925925  
-1.425804273  
-0.3269303825  
0.1916937367  
0.5330836605  
-2.236535997  
-1.328836055  
0.3598193256  
1.02651597  
-0.2251885188  
-0.3944707331  
-0.6249202392  
-0.5812346837  
0.01071619798  
0.3698486628  
1.70406171  
-0.6566521294  
-0.4587420653  
0.3187973456  
0.0481952752  
-0.3250959608  
-1.28118316  
-0.4608305817  
-0.1476824543  
1.285771599  
1.804050217  
1.306007362  
-1.691022412  
0.6141374986  
1.18642618  
1.253255671  
-1.022412734  
-0.7052157733  
-0.260669587  
1.013545905  
-1.065046116  
-0.418989929  
-0.223711012  
-0.7291600596  
-0.6573866052  
-0.1372158558  
-1.260949334  
-1.015972476  
-1.55974072  
-0.4786201529  
-1.393576613  
0.1815322213  
0.2513361966  
-0.5821032985  
-0.4603617417  
0.2047828504  
0.3319462804  
-0.1062663333  
-0.4198403755  
0.2084577053  
-0.1316422831  
0.4507096009  
1.269681789  
1.198924437  
1.05031002  
0.6211912401  
0.1983133466  
0.9114612262  
-0.5802071588  
0.6442682241  
-0.2924426531  
0.5419717619  
0.01512682458  
0.6076092868  
0.3027800136  
-0.6339924072  
0.06269533932  
0.4088682836  
0.9911591955  
1.503430737  
0.7850395946  
0.46297691  
-0.4314248831  
0.7407153791  
-0.253107151  
-0.8487284844  
-0.1320840105  
-0.105819978  
-0.5870105083  
0.3409152794  
-0.343369586  
0.7287965624  
-0.2463654642  
-0.1017765686  
-0.04559281317  
-0.2332507907  
-0.8243435205  
-0.9859641717  
-0.9143581816  
-1.262692375  
0.294462708  
-0.4477066545  
0.7228134217  
0.9250724991  
0.2619399882  
-0.7260414583  
0.5002224399  
1.285525801  
0.8535060665  
0.3273410946  
1.730979071  
2.333831125  
1.74771047  
0.9199682473  
1.209284445  
0.8106977161  
0.08144028067  
-1.161292743  
-2.111983048  
0.1213986098  
-1.899769802  
-1.911605296  
-1.664076502  
-2.996506202  
-0.5924754296  
-0.2582453438  
-0.4987359605  
-0.6261872535  
-0.9118246305  
-0.2608139225  
0.7363117637  
0.2200438132  
0.07249030717  
1.278173239  
1.189388969  
0.7056762985  
1.655336612  
1.533802822  
0.55876263  
0.6443824525  
0.9063251391  
0.7769903004  
0.9703631921  
1.558820869  
0.7360663935  
1.501640509  
0.5698768777  
-0.9844923206  
-2.916349436  
-1.290901595  
-2.299755264  
0.2868794014  
-0.9491446803  
-0.8140856344  
-0.1296664779  
-0.2535048515  
5.112405928e-05  
-0.02910430862  
-3.242464968  
0.5543789889  
0.2205694715  
-0.1168754188  
0.6193568314  
-0.968904489  
-0.7760239507  
-1.056726136  
-1.653706824  
-0.0730227982  
-1.849008751  
-1.220681114  
0.3776505489  
0.2773551771  
0.007987651279  
0.06653146815  
0.06136893441  
-0.4150093085  
-0.0888492221  
0.532634974  
1.855424519  
1.164798937  
0.208348451  
0.2686614099  
1.094379182  
0.8749924319  
1.070993507  
0.7234172795  
0.3604785669  
0.2579323213  
-0.4452566622  
-1.202703676  
-0.2448131812  
-0.7098316563  
-0.9040437066  
-0.06418444435  
-0.4704988591  
0.05165726464  
-0.6055924002  
0.3884748834  
0.8854972908  
0.2404258167  
0.2797804677  
-0.9998577821  
0.2654434111  
0.2984456461  
-0.4696090383  
0.5075741586  
0.2573884431  
0.3118850096  
1.723591267  
0.1904660941  
0.5248197524  
0.4810948356  
0.9602681265  
0.8817036439  
2.239865301  
1.241803327  
0.1792983486  
0.7875589716  
0.4549472302  
1.051553935  
0.8393352899  
0.6225063523  
-0.8566210295  
0.3070575767  
-0.1980148573  
1.016293721  
0.6980193872  
-0.07621889969  
0.3713894653  
-0.2414623838  
-3.345129493  
-0.5843599085  
-1.600515739  
-1.555025377  
-0.7150935987  
-0.2844847698  
-0.9583277208  
-2.251558683  
-1.799616223  
-1.35244822  
-0.5040949292  
-0.5732601359  
-0.5980658799  
-0.7500033456  
-0.3126456661  
-0.7940892598  
-1.441996519  
-0.5434156263  
1.305231354  
1.371814764  
-0.2173989304  
0.1005915327  
0.3789424755  
0.8400277229  
1.054209541  
1.350229987  
-0.4396096522  
1.130634546  
0.8702823488  
0.6148837208  
-0.2753299364  
1.383474919  
1.363295626  
-0.4277565071  
1.60848871  
1.153345525  
0.7185623442  
0.2579686395  
-0.00654794223  
0.7662726307  
-0.4080933169  
0.2845777934  
0.1875404246  
-0.8008299055  
0.3025179832  
-0.9164714438  
-1.152039485  
0.6870138133  
0.2787522247  
-0.5298284009  
0.9847592704  
0.6329951662  
1.225314484  
1.361076663  
0.8027638279  
1.535808947  
0.8667088245  
0.7875981468  
1.64332522  
-0.6504055862  
-3.741284205  
-0.9924209994  
-1.994412362  
-0.3816263373  
-0.4727206624  
-2.439734544  
-0.02529444046  
-0.5537923839  
-0.8502968418  
0.4726034414  
-0.8168503222  
-1.88093884  
-0.4147342184  
-0.6981565755  
-1.788551993  
-0.9142021046  
-1.573162636  
0.5508000675  
-0.6030673541  
0.2725117202  
1.735085987  
1.595990097  
-0.2961471761  
1.418703684  
-0.04561815872  
0.5797905636  
0.3971592144  
-4.481927627  
-1.312913989  
0.695020013  
-0.5630173179  
0.8745978978  
0.5903694601  
-0.796682502  
0.3600782839  
0.01523945243  
1.251020093  
-0.08144737545  
-0.6621677335  
-1.103544584  
-0.027867793  
-0.1270590976  
0.2120036606  
0.1350440337  
-0.5135645372  
0.7064882707  
0.8809388889  
0.6170244797  
-0.2031079384  
0.5138635087  
0.6190245236  
0.686933607  
-0.2240549148  
0.8035948039  
1.389500977  
1.267379255  
0.07007169392  
1.589831197  
1.448340339  
-0.0008043512074  
-0.2409913534  
-0.1733458848  
0.5182883442  
-0.6324032256  
-0.9856211239  
-0.4893717419  
-0.4559640603  
0.03696624747  
-0.7556153795  
-0.3646918845  
-0.1772120768  
-0.2643701402  
-0.3135759541  
-0.54394975  
-0.4845703553  
1.116531177  
0.1246710679  
-0.6459031391  
-1.201638862  
1.049013013  
0.4244046743  
0.2823626408  
-0.6542985261  
0.1442086694  
-0.2809112188  
-0.5376026855  
-0.4488884719  
-0.0327904948  
0.3090687436  
0.8702124925  
-0.0745099407  
0.5605307105  
0.6938431366  
0.3319829089  
-0.792598581  
-1.097690794  
0.4738740161  
-0.6445803521  
0.3409904377  
1.172404247  
-0.1958631418  
0.3358912226  
0.6039874396  
2.156080033  
1.252775997  
0.3359468456  
-1.686033069  
-0.3676950518  
-0.4632722987  
1.036958965  
-0.9673624914  
-0.3846283363  
-0.486782187  
-0.695752192  
-0.9851823661  
-0.6320333333  
0.006723403207  
0.2692588331  
0.3934499169  
-0.3162108024  
-0.1718321972  
-0.2242769298  
0.03726064239  
0.4901677318  
-0.4022702317  
0.5802040334  
-0.009131401964  
0.3135369031  
-0.3831702421  
-0.0004349027043  
0.7562964959  
-0.4551596897  
0.2831125196  
0.607565129  
0.91296305  
1.161612395  
-0.1876681623  
0.4559040012  
1.581851437  
0.9882202411  
0.184528923  
0.0441361029  
1.339283939  
0.944653117  
0.3803824948  
0.5410656535  
0.2202673482  
0.7950588055  
-5.799900908  
-3.871835493  
-0.1828893606  
-0.6169229839  
0.09591119885  
-1.716795876  
-1.286242259  
0.3132214195  
-0.3262434279  
0.1039061254  
-0.8242133195  
-1.239716065  
-0.1690897086  
-0.3642794612  
1.172876316  
-0.3432243271  
-0.2493969783  
0.3581906646  
-0.6312977183  
1.755522899  
2.072912638  
0.5056578489  
1.459172744  
0.7423912028  
0.244865376  
0.9450991472  
0.6931403332  
-2.230476593  
0.8804141836  
-0.5231526289  
1.09787943  
0.4296046736  
-0.04356587441  
1.173071917  
1.378873551  
0.7275307771  
0.4727320912  
-2.040466693  
-2.062545472  
0.1727103545  
0.4703735548  
-0.2950183867  
0.3524592376  
0.7028524069  
-0.8057126185  
-1.257036987  
-2.210206531  
0.3335045424  
0.3469837423  
0.2298918658  
-0.3489249405  
-0.396164586  
-0.1111064023  
-0.1069298689  
0.3255427919  
-3.108515162  
0.1533661278  
-0.8734979879  
0.9713232532  
0.3262206935  
0.7371276035  
-0.5309657961  
-0.328636487  
-0.1838073697  
0.1827731433  
-0.8676478507  
-0.5433943666  
-0.5241295297  
-0.2441696834  
0.4048444381  
-0.1973233514  
0.4504484172  
0.4519241365  
0.3986339063  
1.079169814  
1.602121033  
1.44879085  
1.665881791  
1.380876519  
1.435965114  
0.9356317914  
1.164020557  
-0.09489132841  
1.396312353  
-0.1911908856  
0.8221946361  
-3.063762966  
-0.3440264358  
0.214868401  
-1.268855293  
-0.03735741  
-1.33799845  
-0.1438235493  
0.09171672999  
-1.10582952  
-1.6871755  
0.02009413301  
0.4305006913  
-0.6126672316  
-1.262217313  
0.6694797552  
1.350663414  
-2.277390163  
-0.8349071499  
-0.4829693765  
-0.6077146768  
-0.1228994881  
0.04209450206  
0.5189712167  
-0.3141033763  
0.4758737137  
-0.117757725  
-2.626095518  
0.7624484966  
-0.256895477  
0.6461956802  
1.340622981  
-1.098534508  
0.7189168334  
0.9263357571  
0.01290237388  
-0.5256932694  
0.1234407795  
0.4650606088  
0.8559142328  
-0.5045248812  
-0.5363876207  
-0.7452796504  
0.0630090691  
-0.6052888528  
0.4548555339  
-0.0982617434  
-0.9845359709  
-0.7469112513  
1.101538903  
-0.01889802105  
0.9294206731  
-0.204913093  
-0.072859269  
-0.02809418394  
0.4140764372  
0.5058750926  
-0.4113252539  
0.07361573967  
-0.1069521868  
0.3497241153  
0.3431909806  
-0.3399985516  
-0.4663675613  
-0.5457302205  
-0.5827457205  
0.3073393972  
-0.9387312157  
1.51989547  
0.2033582049  
0.4945980228  
0.7191342597  
0.1480715736  
1.398206778  
0.7706801347  
0.9212122123  
0.335744897  
-0.5967118455  
0.7515798845  
0.1319725754  
-0.3469820448  
0.7234676784  
0.05621641855  
-0.1326841442  
-0.03808016518  
1.227099671  
0.4189542108  
0.03537275809  
-0.2522013255  
0.6069691514  
-0.2797021982  
0.7997300578  
1.180567704  
0.379940798  
0.2712813497  
0.1484126693  
-0.3831401141  
0.03628330274  
0.5566288652  
1.39781565  
-2.293220025  
-1.335918241  
-3.133449987  
-0.6630067164  
-0.7399612547  
0.3037207853  
1.002388145  
-1.470467032  
0.06634342857  
0.3730988177  
0.3201227477  
0.5147849695  
-0.09388478292  
-0.4565235628  
-0.2962730054  
-0.2393163231  
-0.1714982548  
0.3664466432  
0.3908970747  
0.1804132509  
0.505605624  
-0.1930914615  
0.4335194215  
1.431436255  
2.487419984  
2.177237283  
0.6589362928  
0.7240090415  
0.7100639234  
0.7760036157  
-3.144829376  
-2.908820658  
-0.5629819571  
-0.639238058  
0.251544428  
-0.1953137828  
-2.533977108  
-1.730240905  
-1.496293745  
0.4455167563  
1.680969124  
1.133609948  
1.548074515  
0.177752728  
0.2788464119  
-0.3576804054  
0.4718089769  
