-1.419465997  
-0.6584718711  
-1.071256044  
-2.430090033  
2.137627674  
0.07421497791  
0.4310414331  
1.185577746  
0.1408270113  
1.207041115  
-0.09176624231  
0.726974761  
1.289941227  
0.7814987108  
1.59296626  
1.029552993  
1.913686353  
0.3868900031  
-0.319921048  
-1.111109367  
-0.8677413549  
0.5024099275  
0.2386466171  
-1.32872507  
-2.661684649  
0.9905228078  
-2.224958364  
-1.084666591  
-0.9835626846  
-0.8217965424  
-0.133411595  
-2.037118886  
0.449167604  
-1.009738336  
-1.130323431  
-1.398476142  
-1.16692677  
0.4076456408  
-1.062259587  
-1.145778045  
0.341676098  
-0.4358874756  
0.2737891663  
0.1985039652  
1.932771583  
1.020204234  
1.46414486  
0.9093509423  
1.214932016  
0.4647537432  
1.56087082  
2.004335604  
1.847449389  
-0.3351301532  
-0.1745164415  
1.394663112  
0.2331461457  
1.036728406  
0.5417798111  
-0.8762006911  
1.356665644  
0.1577448693  
0.06815363225  
0.373859717  
0.3828782525  
0.2550815026  
0.8345345813  
1.02954983  
0.3429211147  
0.3271113562  
0.4627145272  
-0.4105655108  
1.541921118  
-0.2126020903  
-0.5038145054  
-0.7754382084  
0.2713450825  
0.8609953553  
1.220145005  
0.863800671  
-0.4261003079  
-0.120942265  
-0.2405827192  
-1.98666092  
-0.8478927762  
-1.376338515  
-0.7125034093  
-0.3614746924  
-1.153987094  
-0.6441436736  
0.4346989611  
-0.04347439679  
1.32680153  
-0.7696234443  
-0.07684561936  
0.8775522152  
-0.2719961173  
0.09307317998  
-0.8541446304  
-0.6133479541  
1.020792427  
-0.04051511972  
-0.4302984053  
0.2779218311  
-1.704241566  
0.5640269141  
-1.416624161  
0.260416928  
-1.788774861  
-1.153839007  
1.648230919  
0.4276855806  
-0.2266537184  
0.1370432698  
-1.476342315  
0.8273455187  
0.02980497545  
0.05090854075  
-0.0400893584  
0.2567993658  
-0.1308875471  
0.08842842239  
0.3393943408  
0.04286767156  
0.1874203518  
0.2283911583  
0.1423787639  
0.8530595047  
0.1155267559  
0.9417681885  
-0.5236917279  
-0.1199759712  
0.7827815193  
0.7931884119  
0.5413161402  
-0.1119367324  
-0.7930561978  
-0.3517643548  
-0.3081333392  
-0.1408481297  
0.7132331401  
0.1308089172  
-0.4639816224  
0.04513144694  
0.1063703992  
0.1178778765  
0.2815717135  
-2.060619876  
-1.604510035  
0.8082480359  
0.05318398917  
0.1967919455  
0.3341263733  
0.2109200843  
-0.2179930118  
0.3146013813  
0.2997366221  
0.2990228837  
-0.3710116761  
1.32046267  
0.2658532966  
0.6947271171  
1.35252823  
-1.019752653  
1.340910956  
0.8255432722  
-0.4248914667  
0.5856945451  
0.3916326704  
0.7727089663  
-0.1589579063  
0.1286262917  
1.073656365  
-0.8351549197  
0.03550428684  
0.198100134  
-0.5760114511  
0.4698711925  
-0.9293015136  
-1.252201626  
0.3008583138  
-0.06141693401  
-1.540944227  
-0.05721254227  
-0.4477007333  
-0.8147525695  
-0.6083546542  
0.536456124  
-0.2787900273  
0.9394763242  
0.2791554573  
0.1954490227  
-0.5673403452  
-0.4890437019  
-0.5416500762  
-1.700471155  
-0.487387106  
-1.11158292  
-0.6543857534  
-0.6768073717  
-0.430458938  
-1.434379006  
0.4891031753  
-0.9698999977  
-0.244927548  
-0.7534888446  
0.347406971  
-0.06395590748  
-0.3899046369  
0.03103657433  
0.1295457424  
0.7472299051  
1.293228859  
-1.057761069  
0.2840904162  
0.7021496512  
0.7694791839  
0.4088624545  
0.2105766332  
-0.736601441  
1.182224273  
0.8223603498  
0.9051912351  
-0.1488422213  
-0.7831511378  
-1.393331398  
-0.1534946524  
-0.4313857905  
0.3650263418  
0.8229504747  
0.8556510376  
1.542764906  
0.9978248312  
0.324119108  
1.634795773  
0.7141021247  
0.9518009735  
1.302745261  
1.545867613  
0.9167485658  
1.07145397  
0.3946035874  
0.9484338407  
2.322362209  
-0.3466882552  
-1.14640858  
1.134186102  
0.7283923025  
1.765312293  
0.8687819377  
0.4836814814  
-0.03043205824  
0.8391201165  
-0.2885728728  
0.4014525418  
0.7726850955  
-0.07745999179  
1.25206346  
-0.8225938509  
-0.2862458548  
-0.4294990429  
-0.3657574545  
1.450862038  
0.1583107178  
-0.1958221491  
-1.315271281  
-1.216898318  
-2.654162909  
-2.21155315  
-2.814921182  
-1.441190006  
-1.124310086  
-0.6731796646  
-1.39014472  
-2.358928058  
-1.645727555  
-2.225638253  
-1.31610262  
0.8142922815  
0.7027122885  
1.869617374  
0.02402082195  
-0.3595694227  
1.543441037  
-0.7867068624  
-0.1536342019  
-0.897348806  
0.3252296039  
-0.06992852201  
1.177858607  
0.3415946877  
0.3568101761  
0.07850358715  
0.5726438248  
1.312354443  
-2.092645301  
-1.885557659  
-1.795745292  
-2.954514341  
-0.5208420376  
-1.814191083  
-1.8273729  
0.2941870667  
-1.13529914  
1.07592661  
2.175166312  
0.8368115122  
1.109008826  
-0.2937357455  
0.8114554053  
-0.5221238525  
-1.25431695  
0.8661548771  
-0.03912650077  
0.09591772845  
0.3027671693  
1.119205998  
0.313413116  
0.3044585128  
1.174796617  
0.7769699584  
0.1997230885  
0.677659955  
1.014468394  
-1.038750492  
1.111733272  
0.3281023125  
0.3851013115  
1.061197902  
2.185740807  
0.9838948044  
0.2670759514  
0.9630003973  
2.45804027  
2.25963102  
3.461705475  
0.0479932298  
1.386245956  
0.2719404995  
0.7328352363  
1.042955649  
-0.5529524347  
-0.4730468923  
0.6173829573  
0.5918589642  
-0.5918389256  
-0.5433209383  
-2.837488451  
-1.847552046  
-0.9650052792  
-2.405508416  
-1.852383941  
-1.139560799  
-0.9150634093  
-1.127759821  
-0.8060690618  
-1.695607436  
-1.702759392  
-1.013025882  
-1.301571024  
-0.9328255123  
-1.472584844  
-0.9134746717  
1.126337944  
1.41759603  
1.172042791  
-0.5450515796  
0.7276732257  
0.8417129113  
1.519858275  
1.234104179  
0.5639308492  
0.5318795028  
1.490428162  
-0.9246707301  
-0.983059977  
-1.799807824  
-1.443342837  
-1.932359302  
-1.046585456  
-1.976007038  
-1.082733794  
1.315708866  
0.764679411  
0.4767762647  
-0.03164765628  
0.2839691071  
1.076196976  
0.7828133308  
-1.845883986  
-1.899912438  
0.2211873393  
-0.3382538041  
0.1902451874  
0.6796493678  
-0.1682743966  
0.1236379677  
-0.5093522641  
-0.6675472338  
-0.3429155243  
0.535049935  
0.6569975102  
0.1634357558  
-1.309134593  
-1.506505939  
-1.168943181  
0.3321430071  
-1.145884378  
-0.2350816171  
-0.8848384635  
1.274976635  
-0.2689690086  
0.6807493812  
-0.3118049031  
0.4556199547  
0.1001861605  
0.7978295921  
0.7589892937  
-0.6152705774  
0.507206808  
0.5775050255  
0.9507800023  
0.5389490433  
0.4301526439  
0.7033628308  
-0.1335822087  
0.8190529393  
0.2719945106  
-0.2273076959  
1.226840392  
0.1227193795  
0.595458644  
0.5787051119  
-0.5299571228  
-0.3767025005  
0.6233251393  
0.3356437755  
-0.5759501527  
-0.07442773763  
-0.2482422585  
-0.1634089354  
-0.4391615822  
0.4628312302  
-0.9682047645  
0.8939549537  
1.214606674  
0.01114735688  
-0.5133521207  
-0.2164085718  
-0.4212246811  
0.2815100371  
-0.05940222841  
-1.109023379  
-0.507802624  
-0.7184073846  
-0.1471079645  
0.489182465  
0.6230273201  
-0.2890191562  
-0.3467509134  
0.2520543086  
0.9265465143  
-0.147858717  
-1.108431019  
1.07046317  
