-0.9094670315  
0.9944723868  
-0.5512074429  
-0.9101334833  
-1.950966909  
-0.3891448104  
0.8820146973  
0.6483547019  
-1.641544777  
1.266093849  
-0.3458048833  
0.6242537945  
-0.3848516281  
0.1321033406  
0.2068884872  
-0.5427451476  
1.544885312  
1.003312528  
-0.8378091542  
0.4368629846  
-0.634643959  
1.905971182  
-0.4098155538  
0.5080859206  
1.161953891  
-1.364320415  
0.04243458942  
1.799693087  
1.034946429  
-0.4076118447  
1.659661791  
-0.8025313405  
0.07059548991  
0.1866414757  
-0.1906239045  
-0.2431368434  
-0.1481925557  
1.423677474  
-0.8492855973  
-1.868256614  
2.546231711  
0.03657042696  
-0.4633124797  
-0.5461853324  
0.1903148934  
-0.7118670065  
0.3270083149  
-0.4579135403  
-1.029287708  
-0.5284434084  
-1.538491168  
-0.5319891164  
-1.075635893  
-0.9609579573  
-0.2748449656  
1.690554249  
-0.4242379323  
-0.8856696536  
0.5870626043  
-0.8695992429  
0.238381797  
0.2348076735  
-0.9645723339  
-0.5190726637  
-0.4119289833  
0.4376329784  
0.05638179852  
0.1268209438  
0.5273258681  
-0.9319084147  
0.6910327747  
-1.125260968  
0.3012060026  
0.5178521887  
-1.176562877  
-0.1654550261  
-0.2590098971  
-0.600284754  
-0.61156338  
0.4177378657  
-0.1520885392  
-0.8644908314  
1.606852384  
1.085169638  
0.5883830132  
1.360940722  
1.27485094  
-1.630560097  
0.8454771079  
-1.237928733  
1.408560763  
0.3363926208  
2.600335353  
0.230950149  
0.5617128176  
-4.0173434  
0.8371507856  
1.539839416  
0.4765133271  
0.1157171629  
-1.117308604  
0.3607689677  
-2.360534366  
1.225288084  
-0.6482116302  
1.042997576  
-0.3457625344  
-0.9664435865  
0.09443074831  
0.7792143077  
0.4704256461  
0.4061014175  
-2.343326077  
0.7085643099  
-0.4411067255  
1.386748951  
-0.4814699801  
2.2837876  
0.1961477711  
0.5285123924  
-0.3127190307  
-0.382810132  
0.1926882028  
-0.9831685148  
-0.5424449533  
-0.2473159103  
0.4844791886  
0.2923195047  
-0.6646511259  
-0.6540114346  
1.052453136  
-1.668254649  
1.183113021  
0.7731853356  
0.1604068469  
-0.8541553234  
-0.1569964333  
-1.243672718  
-0.232978015  
-0.2751258693  
1.168007503  
-0.7415944486  
-0.7490960651  
-0.2884510082  
-0.927339586  
1.134453662  
-0.4944198514  
-0.5558832068  
-0.1147000533  
0.2870776992  
0.7132088294  
0.1622596188  
0.05429500459  
-0.4257901951  
1.138250345  
-0.166718808  
-0.7451585107  
1.216531423  
-0.0102625283  
0.00660002052  
-1.240219615  
0.7398097014  
1.987302659  
-0.172839483  
0.685919627  
0.6162887776  
0.115521841  
0.02381331286  
-0.4587218295  
-0.372826146  
-1.996008062  
1.263840616  
-1.059937539  
0.4351097682  
-1.358156864  
-3.792731024  
0.0741260414  
-0.1360497776  
0.8147595729  
-0.1785493862  
0.9112951077  
1.348825037  
-0.6449316505  
0.9608657474  
0.04735544526  
-0.4355311475  
0.01275247359  
0.1105694944  
0.7176091075  
2.537899231  
0.02400123438  
-0.215684169  
0.1655348623  
-0.1888152475  
0.7608494116  
0.2359557742  
-0.5477451285  
0.5859241706  
-0.6882115264  
2.962161545  
0.6272931554  
0.5074698365  
-0.7075764137  
-1.057736848  
0.6498453433  
0.8123964669  
0.9135695714  
-1.325150833  
-1.198954908  
-1.070001386  
-0.8041907313  
0.4250860372  
0.2839653704  
-0.8630241137  
-0.759352407  
-0.4486608928  
-0.9337472628  
-2.770921526  
0.3864601092  
-0.2223147508  
-0.8845802749  
-0.02183917019  
1.272959886  
1.440121161  
0.2850695769  
-0.4484308909  
2.06256141  
1.898733354  
0.0131866406  
-3.052829359  
-1.27098825  
-0.007819720331  
-0.5764906298  
-1.086131579  
1.025863622  
-0.1380217971  
-0.4649159122  
-0.5148707402  
1.21209289  
-0.3961120928  
-0.8519018797  
0.5278437551  
-1.165344423  
1.601896525  
0.09181609755  
-1.537529905  
-0.5172586144  
-1.134292152  
0.06578476936  
0.2798288529  
-0.2351565871  
-2.15343269  
-2.629551165  
0.27237528  
-0.5265801025  
-1.184224409  
-0.498412661  
-0.1552652253  
0.7814540559  
0.4923291838  
-0.9913199889  
-0.5625303558  
0.02932337224  
-0.002531348819  
-0.07109330034  
0.4890515917  
2.437943704  
1.978305364  
1.552938534  
0.4665898773  
0.7113600026  
0.2281967767  
1.635868351  
1.45222585  
-0.214092839  
0.8129209724  
0.5250758558  
1.692921041  
-1.24455046  
-0.431215361  
2.080975017  
1.474663537  
0.5919285156  
0.11458684  
0.5941067118  
0.09035499554  
0.3007019442  
-0.618880982  
0.2019906752  
-0.08449169928  
-0.5683369794  
0.5685529164  
-0.661423566  
-0.1786332412  
-1.794193848  
0.2382144252  
1.508439033  
-0.2305812432  
0.4791673841  
1.452806179  
-0.2496663235  
0.9630239492  
0.5571447032  
-0.2359090542  
0.4177566782  
-0.3014832241  
-0.0001295415942  
-0.7938764767  
1.399335617  
0.9172346394  
-0.7483867549  
0.1697937502  
0.04363510592  
-0.9984772783  
0.129746315  
-0.8507557104  
-0.2568721841  
-0.8959526338  
-0.118358448  
-2.067254534  
0.3629541768  
-0.6620270524  
-0.4513927198  
-0.3210773076  
-1.066921388  
-0.05365492227  
-1.008386617  
0.243966227  
-0.9159897579  
-0.682371463  
-1.332127686  
-1.555391468  
-1.321073131  
-0.0296024764  
1.031414689  
0.1165105452  
0.7695253068  
-0.8782226025  
0.2649784612  
-0.8728239998  
-3.247741407  
0.6831392507  
-0.1177409074  
-1.388041784  
0.02246343294  
-0.6574166341  
-0.003224929986  
-0.6320279547  
0.5089971773  
1.795041524  
-0.4494811779  
-1.482538429  
2.165745273  
0.3067402013  
0.4193402782  
0.4214380518  
0.8574713841  
0.4060688189  
0.8152362583  
1.513920679  
2.70090831  
0.04650712972  
-0.7228789071  
-0.6486157357  
1.120004213  
-0.5517143474  
-0.6220903549  
-0.8436481759  
0.3174831792  
-0.4475707626  
-0.6709024565  
0.137565759  
0.3029690926  
3.575727804  
0.9132090454  
1.714130807  
0.5220246709  
1.302347736  
1.417170782  
1.105720322  
1.050855793  
1.409274075  
-0.6936990336  
-0.1554669611  
-0.1456512901  
-0.575040371  
-0.8568303696  
0.599221672  
0.9369314324  
-0.1303650737  
-0.6078092982  
-0.4695669836  
-0.3737233768  
0.6545678056  
-2.32011942  
0.02151340892  
-0.2780722811  
0.3583589296  
-0.07761973047  
0.1228594376  
1.08772333  
-1.387062856  
0.7648846988  
-0.01560632343  
0.6564302207  
-0.1324437969  
-0.1404949408  
1.603847899  
0.2582009139  
-0.6714071515  
-1.052213962  
-0.1588423942  
-0.8001013842  
-0.7658789914  
-0.538966087  
0.3393238056  
-0.4850258611  
1.158915758  
-0.02082206322  
-0.1628829545  
-0.7728648518  
-1.169106274  
0.1251437809  
-1.278385246  
-0.3269711019  
0.395785672  
0.5569281531  
0.330206906  
0.8110761514  
-2.139646733  
0.218641444  
-1.054865224  
-1.997706167  
0.7939941736  
-0.268952403  
1.131098239  
0.5265581648  
-0.46362869  
-0.1094470571  
1.391739453  
-1.062791812  
0.4131177484  
-1.700396698  
0.7939257711  
-0.1180048415  
0.9189905296  
0.4990893372  
0.8156439899  
1.096418021  
1.019742436  
0.45933577  
-0.1828094967  
0.431211973  
0.08611521688  
-0.5652895687  
-0.08772670535  
0.6675836701  
-0.2819469522  
-1.166825829  
-0.7264962476  
-0.1534847318  
-0.8454780385  
0.2460698841  
0.2147826051  
-0.165546879  
