-0.833632022  
-0.5371530442  
-0.6604180053  
0.03326373073  
1.260398657  
0.006108255506  
0.123653444  
0.222409189  
1.230493381  
0.9448237065  
-0.1481344533  
1.333118148  
-0.005880612845  
0.02350391781  
-0.5620112919  
-0.003843912889  
-1.712038739  
1.381560476  
0.1389737364  
-1.088621728  
-0.4629992775  
-1.513816991  
0.7012064409  
-0.8923852305  
0.2154216289  
1.293640628  
-0.7433195224  
-3.016004694  
-0.7575407641  
0.9040120982  
1.004128217  
-0.2884087997  
-0.5511823898  
0.4977064985  
-0.2881407442  
1.062897461  
0.7001691934  
1.09061286  
0.06864336341  
0.5894000212  
0.4284477268  
-0.1956994875  
-0.3548292126  
-1.077779487  
-0.8953809377  
0.5726611382  
-0.5010156131  
0.3262467826  
-0.5714416741  
-0.3896697149  
-0.5144799065  
-1.158615275  
0.3942919461  
-0.2072915044  
0.3461374555  
0.3774346904  
-0.3318741139  
0.4170330526  
-0.7749754185  
-0.1983861616  
0.1210683045  
0.5813129625  
-0.1048398618  
-0.5527410912  
-0.8734553119  
-0.7441897583  
-1.043527712  
-0.7792073393  
-0.1697138054  
-0.2540560916  
0.3420354308  
0.1512210318  
-0.09737261768  
0.4673640091  
-0.09743872295  
0.4362423711  
-0.327699208  
0.3131651706  
0.4015845679  
0.4050871321  
1.499761422  
0.312009523  
-1.982926234  
-0.7988218589  
0.2674021989  
-0.5018972136  
0.7096665587  
0.2843184875  
0.1318844324  
0.86236381  
-1.1295957  
0.2967558138  
-2.549415567  
1.196159941  
0.7247465449  
1.066544173  
0.697507408  
-1.156946038  
-0.07418750223  
-0.3226437742  
0.1858962023  
-0.412737864  
0.6887376461  
-0.2143121053  
1.319597934  
1.057418148  
0.8439524547  
0.7044392389  
1.504047991  
0.5987625407  
-0.5052858395  
1.495737444  
1.127746705  
1.109295985  
0.730544723  
0.4545430883  
-0.1401892257  
0.6013643592  
-1.155910246  
-0.4874883031  
-0.6887685266  
-1.653875933  
-1.641509826  
-0.9337020349  
-0.8215507967  
-0.05252865323  
-1.008833904  
-0.9742024024  
-0.7998794491  
1.326407434  
-1.224863959  
-0.9728078676  
0.4780110122  
-0.1978800789  
0.6036629597  
0.554628735  
-0.2136980655  
-0.8234382738  
-0.3169054558  
0.6104574525  
0.293175212  
0.1804469541  
-0.6206059954  
-0.471075946  
-0.1024873154  
0.5510574064  
0.2276558087  
1.775503417  
1.159932525  
-0.7677060125  
-0.8673203362  
1.018084274  
-0.09287725413  
0.4083264485  
0.298339821  
-0.1482958859  
0.1641035316  
1.090253012  
-0.2371459109  
0.4593711533  
-1.632704992  
-1.217161632  
1.663811443  
0.7384233191  
-2.460093576  
-0.05418522024  
0.2652101154  
0.2225313972  
-0.7074730196  
0.2068396168  
-0.4135774839  
2.462650647  
2.70177998  
-0.5208639828  
0.2021471979  
-0.0517592206  
-0.5183756566  
-0.8210933  
-0.9773383608  
-0.8121246221  
-1.802276377  
-0.5390643989  
-0.5161748479  
0.3102309721  
-1.184482607  
-0.8066544907  
-0.4153536497  
-0.1466431099  
-0.5361308793  
-2.930461302  
-1.285942839  
0.830979991  
1.654371271  
2.355705183  
1.351671542  
0.9430955554  
0.981158691  
1.995226549  
0.780976126  
-2.011366847  
1.592495881  
1.220753784  
0.812948876  
1.554136491  
1.30346528  
-1.274438818  
0.5399304105  
0.3588749409  
-0.3965299767  
0.9062906551  
-0.3902260351  
-0.3872647421  
-0.01111985263  
0.002358655668  
0.4929220496  
0.2205246876  
-0.9309507277  
-0.1876533676  
-1.112175336  
-0.5572645729  
0.3923076955  
0.1359786818  
-0.8259390064  
-0.006593960269  
0.4732914393  
0.4740384239  
-0.3333170681  
-0.9531244066  
-0.07234177755  
-0.3528090426  
-0.3258091556  
-0.8184666181  
-1.435181417  
-1.094996881  
0.8139977485  
-0.5399260571  
-0.3213751112  
-1.291549012  
-0.7809631506  
-1.346836937  
0.1289002468  
-1.716027832  
-0.678588115  
-2.693401802  
1.959109886  
1.098995675  
-0.7532850293  
-0.7854097487  
-2.506541883  
-1.235693457  
-0.4319345837  
-0.9413040602  
-1.092596408  
-1.264884375  
-0.5552171028  
1.104233522  
1.173064662  
-1.144536117  
0.754850362  
2.194826162  
1.638096113  
0.8838839329  
1.583584375  
-0.1375017522  
0.1798277905  
1.095257674  
-0.6705322227  
0.8865288597  
1.11403439  
1.370880716  
2.01979003  
0.9171295276  
-0.3432575149  
1.375645535  
0.8353119716  
0.8417573169  
1.199835739  
0.3801384372  
0.01455478313  
-0.8525260507  
-0.1723006539  
0.9857753468  
1.668384796  
-0.5570176485  
1.133373394  
1.437352264  
0.2450973692  
-0.9047248726  
-1.12311958  
-1.672781683  
-0.6874082587  
0.5486318935  
-0.8312664294  
-1.317676237  
-0.7639006677  
0.3502551749  
1.152956859  
0.76023205  
0.1819472275  
-2.14930022  
1.061524085  
1.798111882  
0.1888718307  
0.3850624418  
0.8877468345  
-1.151757413  
-0.7761195512  
-0.304443786  
0.9232098373  
1.390596972  
-0.359255103  
0.2772236523  
-0.03840905742  
-0.04929660401  
-0.08192329578  
-0.6372621858  
0.9258731717  
0.4692301904  
-0.4079370464  
-0.4170762484  
-0.8738305628  
-0.5029681149  
-1.602779287  
-1.060719673  
-0.9768715939  
0.1036638004  
-0.1638620859  
0.02478934666  
-0.3102953103  
-1.451550305  
-0.5755008898  
-1.04451136  
-0.8191143959  
-0.1605245828  
-0.3488310234  
-3.324107741  
-0.1212265961  
-2.489902054  
-0.3348213472  
0.1761045465  
-0.6146725125  
0.6766910684  
2.364838444  
1.423108822  
1.008905495  
1.634775465  
1.320620234  
0.05006156069  
1.156471219  
0.1146173659  
1.32617797  
0.1622455988  
1.013275862  
0.8929080479  
0.555406972  
1.413499619  
1.14237074  
0.1438004145  
-0.2529082517  
-0.3259669643  
-0.8175070111  
0.8494273337  
1.751373459  
1.332955689  
-0.0003228477298  
-2.100376703  
-0.4806756242  
-0.9088542394  
-0.844840917  
-1.416991624  
-1.20160661  
-1.287451114  
-0.5364313654  
-3.794837821  
0.9490092031  
1.607186798  
2.056786163  
1.614209935  
2.025627669  
-0.01980866208  
2.646481027  
2.202597703  
0.8223142296  
0.4660396893  
-0.1407411285  
-1.453988401  
-1.511192734  
-1.337987934  
0.4222639883  
0.8355629303  
0.1247816512  
-0.3231235951  
0.4866669014  
0.4059671006  
-0.2163483144  
0.3986972853  
-0.8112100528  
-0.1424117127  
0.8854785536  
-0.9246292008  
-1.346718713  
-0.7673494174  
-0.5410650453  
-0.07838838077  
0.4346293663  
0.9312517572  
1.313135953  
-0.2744338007  
0.9392869244  
0.1847520886  
-0.5628266831  
0.2822050196  
-0.3615748744  
-0.6598348571  
-0.910210435  
-0.03439578361  
-0.09510562776  
0.3560199041  
0.5441751992  
-1.057492354  
-0.4673751016  
-1.243827466  
-1.737614242  
-1.783312312  
-0.132562208  
-0.07876959876  
0.8565913089  
-0.5582971121  
-0.2340502866  
1.119107526  
-0.1408202701  
0.4741216874  
0.01987266684  
1.116177821  
0.9124785235  
0.2350599059  
-0.1107534404  
-0.2706248181  
-0.141808756  
0.1972525683  
-0.5985078834  
0.3536505318  
0.726069159  
0.0108590674  
0.9838429944  
-0.7582684218  
1.552807904  
1.208426811  
0.0242963546  
0.008915767929  
0.2738198419  
0.1632688326  
1.426494025  
1.147676698  
-0.2866455304  
-1.03753987  
-1.024632213  
-1.124248398  
-1.126699778  
-1.70720492  
-1.386069637  
-0.5410843782  
1.316154626  
0.7664750343  
0.9387577162  
