-0.8031262238  
-0.5652835696  
-0.1925834373  
0.685048097  
-0.3434839532  
-0.1876250383  
-1.575384415  
-0.1832986753  
-0.7268724781  
0.2337301329  
0.05631779999  
-0.05238632121  
0.7013165929  
-0.004858721992  
0.07127620294  
-0.2176171432  
0.3629384052  
-0.5303865429  
1.82578407  
0.2594956859  
1.274133117  
0.4960683735  
0.1929609749  
-1.829359232  
-0.2267622185  
1.952739643  
0.0803312569  
0.5774922884  
-0.4363447806  
0.3429225543  
1.090486134  
0.584143213  
0.7502426873  
0.0234921318  
1.243717401  
2.287423926  
1.400706934  
1.021427225  
0.4213201117  
0.9899118471  
-1.444474475  
-1.145341748  
0.3455722102  
-1.318273297  
0.009224031007  
-1.940587722  
-1.15172609  
-0.07570906696  
-0.9787752554  
-0.8617268288  
-1.578309396  
-0.9620794799  
0.7214133881  
-0.05685714356  
-0.5240694022  
-0.5786463348  
-0.2489844017  
-0.5723465476  
-0.9183567483  
-0.08410572838  
-1.524158879  
-0.1407501291  
0.8369571165  
-1.104690541  
-0.5213910639  
-2.565812555  
0.563010491  
-1.900357498  
-1.24147289  
-0.685532503  
-2.243228066  
-0.7795721643  
-0.3608936691  
-0.4583498531  
-0.4440440591  
-0.5711203222  
-0.04520350089  
-0.2341204187  
0.2487993669  
0.6922115237  
0.4218313032  
1.632475211  
0.5297979621  
0.0137953856  
-0.1151697213  
0.9736971814  
0.2019891125  
1.114515928  
0.6908395141  
0.7295404406  
0.5660601224  
0.1191271903  
2.33403455  
1.038616596  
0.03992936666  
1.226742707  
1.191917884  
1.052566565  
-0.02525415666  
0.3932584165  
-1.422018644  
-0.02252706695  
1.231656236  
-0.01885638153  
-0.1015110133  
1.316407276  
0.9125338643  
0.4194463964  
0.2995884316  
1.018381665  
-0.1301202601  
-0.01444392724  
0.7870719906  
0.9125162771  
0.9766689323  
-2.467194727  
-1.006938573  
0.3913865852  
-0.6354452811  
-0.2229373448  
-0.7623517967  
-1.824246514  
-0.8783827512  
-0.5686611616  
-0.1448601578  
-0.3811926372  
-0.1412815083  
-1.50671897  
-0.7370047316  
-1.380251132  
-0.2493185631  
0.6905192793  
-0.2194981365  
0.4714174908  
0.6522612413  
-0.2281863401  
-0.4274921978  
0.04559099563  
-0.371214305  
0.157161296  
-0.9636596355  
0.08669556556  
-0.985341554  
0.09774634846  
0.03109342167  
-3.467767397  
1.523036922  
1.960250605  
1.431438561  
-0.5908689944  
1.218291241  
0.02549896108  
-0.5930022619  
-0.3141588133  
-0.02162233368  
-0.7531266059  
-0.6813130197  
0.3963023061  
-0.05185268882  
0.03605032188  
-0.5718500632  
-0.8361543755  
-1.429107547  
0.7533033051  
-0.4987585809  
0.1275625323  
0.5479428186  
0.3638305416  
-0.4609135744  
-0.02857194357  
0.6436842604  
0.9472966819  
0.9334838325  
0.4579254401  
0.8820274045  
0.1455230345  
0.1291754469  
0.3739433405  
-0.6177974105  
-0.1254099677  
0.06361070749  
0.4353270893  
-0.1121288171  
-0.8809142451  
-0.4048382564  
-0.6285782838  
-2.278508018  
0.2910568731  
-0.3002365017  
0.3856918886  
-0.6779940407  
0.6004448478  
0.7913924129  
1.380707413  
0.7973649379  
0.3498504482  
0.733359114  
1.24869428  
0.2830152096  
1.578148466  
1.190449935  
1.279496966  
2.697865753  
1.612233374  
-1.363686129  
0.3147256995  
0.4239752811  
0.1950940193  
-0.3863072746  
-1.250341483  
0.5673829355  
-0.1417986554  
-1.514041358  
-0.2374554792  
-1.445303737  
-0.3049426687  
-0.7123650189  
-0.02564170416  
0.6667067821  
-0.6235616962  
-0.4284473936  
0.01081298297  
0.5315765759  
-0.3557688273  
0.6098970524  
1.048324816  
-3.489819007  
-0.6689519958  
0.01467715661  
-0.5627483949  
-0.588312754  
-1.144883739  
-0.7745377306  
-0.756704799  
-1.05069382  
0.6285774272  
-0.8721237178  
-0.5301328786  
-1.392357701  
0.2728371023  
0.05910499674  
-1.070702803  
-0.08056507206  
-0.1032120692  
-0.2169612282  
-0.7380563746  
-0.5859650027  
-0.8253203661  
0.3399909448  
0.1411826189  
-0.9641528761  
-1.002644288  
-0.6909300051  
0.01426603157  
-0.5998873014  
-0.1023540104  
-0.545928473  
-0.1109997116  
-0.1982765501  
0.01121252719  
0.398336705  
-0.3363263769  
-0.7797148706  
-0.7813263101  
-0.4658192223  
-0.1218807407  
2.005555602  
1.956479325  
2.748474875  
0.7748519255  
1.207695366  
1.632849096  
1.26840886  
1.533313559  
0.4336941318  
1.260983649  
1.358423584  
2.312246936  
-0.6109559232  
-0.3566043184  
0.7208081174  
-0.9648359404  
-0.707328211  
0.4631498332  
0.1136585896  
-1.026269955  
0.6188488975  
0.07056097422  
-0.2338733044  
1.482556686  
0.535604241  
-0.3030931732  
-0.9793273134  
-1.087286217  
-0.8612063069  
1.576531225  
1.691329447  
1.909062671  
1.214946042  
1.174975662  
1.372165483  
0.6666863394  
-0.4409673607  
-0.8601754346  
-1.595298317  
-0.1025235042  
0.406649691  
1.37193853  
0.3677740961  
1.157009093  
0.3176184808  
0.2664677865  
-1.064976081  
-1.349520927  
-0.5506387808  
1.050987427  
-2.314676204  
-0.7471987877  
-0.5426602814  
-0.3731252591  
-0.7007475432  
-1.094939699  
-1.10359111  
-1.392953201  
-0.6857611806  
-0.1812194897  
-0.05708088895  
-1.395169925  
-1.356229319  
-1.861989061  
-0.7383403937  
-1.360125501  
-1.495490848  
-0.8355102621  
-1.758902116  
-0.0288413788  
-0.398666702  
-0.3507550709  
-1.856164603  
-0.6722813006  
-0.1199261582  
0.2373555579  
-0.2386905099  
-0.6769105672  
-0.3439697062  
1.076147721  
0.4381681927  
2.044868509  
2.155355337  
2.837087554  
1.665577387  
1.55440675  
2.417670345  
0.9800477189  
1.315546348  
1.493858559  
1.245687903  
0.6722235303  
0.8977081618  
1.13283772  
1.238012777  
-0.1974397485  
0.3494793361  
1.485069235  
-1.550092016  
-1.426311962  
-2.047135644  
-1.458174247  
-1.178784413  
-1.644715254  
-1.199356383  
-1.429394401  
-1.712927045  
0.881021544  
1.111945663  
1.101274044  
1.291537619  
1.761678899  
2.353896652  
1.04967286  
1.738210429  
2.972678449  
-0.03204467692  
0.02339465654  
-0.5722664171  
-0.7504373026  
-1.098232328  
-0.9659982338  
2.647261032  
1.827312581  
1.512993973  
-0.6259446338  
-0.9681489023  
-0.5458997124  
-0.8633702926  
0.1941819856  
0.3251377331  
-0.578663447  
-0.03296522599  
-0.5286846254  
-0.834382586  
-0.2801444274  
1.739518358  
-0.7415000433  
-0.06042258209  
0.2871830238  
-0.05661767172  
0.1770646953  
-0.1951314045  
0.3215038657  
-0.7183801438  
0.1204360629  
-0.4542122829  
-0.06925037171  
0.5663735825  
-0.4114030479  
-0.3900484846  
-0.03663808209  
-0.3607564429  
-0.5922438354  
-0.5984254713  
-0.09075841281  
-1.517618193  
-1.517119898  
0.2428666755  
-1.266165746  
-0.5954498784  
-0.4824961503  
0.4416966366  
-0.600275277  
0.04732035794  
0.5691281896  
-0.3623508805  
0.2350261894  
0.8149913531  
0.2697838261  
0.688270749  
0.1817405111  
0.1006631536  
-0.07073476591  
-0.1061585163  
0.08275348061  
0.5806557422  
0.03816486045  
0.9760955478  
0.9788083606  
2.212325129  
0.2764257198  
0.5650399238  
0.1779905984  
-0.02466635247  
0.2476559242  
-0.2110545578  
0.2443436309  
-0.7117302659  
-0.4863145644  
-0.9360844072  
-0.6555607807  
-0.9613523431  
-1.063143169  
-0.7362378896  
-0.7169501638  
0.2758004676  
1.7793312  
0.1654858241  
