0.4842033994  
-1.078425498  
-0.1261305906  
-1.475673128  
-2.164458394  
0.5931266954  
-0.353991816  
0.8117040244  
1.136093659  
-1.21014685  
-1.300284928  
-0.04314590719  
0.7675462205  
-0.08573046175  
-0.1034459693  
0.4231076837  
0.9733766951  
0.2327534443  
2.71041549  
0.000864764128  
0.8342912767  
0.4758282078  
1.86287853  
-0.4832957381  
0.1722592531  
1.041175609  
-0.4752824979  
1.326081094  
-0.1393843936  
-0.05958475839  
-1.180252148  
-1.468500239  
-0.1754438462  
-0.6251713405  
0.7014650444  
2.060841805  
-0.4973805238  
0.2448069156  
-0.9978258367  
0.4289264149  
0.6096321566  
-0.03150251378  
-0.1171920021  
0.1370715742  
0.6355850141  
-0.2476037975  
0.6916912177  
-0.09762331551  
-0.110836587  
-0.7843542229  
-1.623301678  
-1.294499302  
-1.820828659  
-1.768101519  
-2.127488094  
2.477316454  
0.7214416309  
-0.02744978476  
1.27321736  
-0.1420135719  
1.70348048  
0.5086263864  
-0.3572657804  
-2.110053975  
-1.284969502  
1.526325406  
-1.204184283  
0.7247931933  
0.2650855012  
0.2925549932  
0.1494224878  
-0.585391294  
2.698964711  
-0.4493583812  
-2.21123222  
0.3911188595  
-0.05470167827  
-0.07756185875  
-0.8174679516  
1.034239478  
-0.5743463073  
0.8096568749  
1.2771707  
-0.1604395182  
-0.2072751397  
0.2991555699  
-0.2308138309  
-0.1950110862  
-0.2902969733  
-1.213623004  
0.9242681704  
-0.483566357  
0.5363664509  
-0.1099900057  
-0.03152679245  
1.62546241  
-0.3094645215  
-0.5139675112  
-0.6857951044  
-0.4733553284  
1.046645867  
0.9721321726  
-0.2287216467  
-0.1493560318  
0.05393481099  
-2.24548689  
1.23567527  
-0.9789891735  
0.1232250827  
-0.8350942176  
1.473609178  
1.034851836  
0.8080937917  
0.5133041364  
-0.3427093144  
0.5226729847  
1.434888973  
0.3032767304  
-0.9275726021  
0.03574531426  
0.05135871221  
1.550698178  
0.05724910491  
-1.482129293  
1.196896161  
-0.870299718  
-0.5817900054  
1.087070898  
-0.5479422531  
1.237173389  
-0.536057733  
-0.08903472341  
0.9962471128  
0.4021155928  
0.22367597  
-1.804282319  
-1.355586411  
-0.638621076  
-1.805362943  
-0.8958197309  
1.596579128  
0.7634197286  
-0.5779524898  
-1.818989334  
-0.1736446458  
-0.4659847635  
0.3808427329  
-0.824487697  
0.297053685  
-0.4595581504  
1.840892443  
-0.3769792883  
-1.196781601  
0.438684545  
1.285540686  
0.7231812255  
-1.300691437  
-0.2249930201  
-1.282512552  
-2.442675854  
0.5670065639  
-1.184058067  
0.9012355681  
-0.5120281605  
0.1839068028  
1.480114018  
-0.1265619518  
0.004603263605  
-0.4553290293  
0.4059220624  
0.6603718138  
1.491900675  
0.4273445732  
-0.1760293269  
-0.02295502703  
0.536892246  
0.8892128254  
-0.1022929878  
-0.1810338625  
-0.5174270172  
0.3610156929  
-0.2417427207  
0.156572184  
0.3659046646  
1.622487192  
-1.064937204  
1.418208421  
0.05769572038  
-0.1762945446  
1.94307484  
-1.22120082  
-0.1202138072  
-1.089145113  
-0.1013159688  
-0.5076115681  
-0.299750525  
0.5082691404  
-0.3553857555  
-0.4862258497  
0.6335416132  
0.7850692076  
0.2173768443  
0.9792178856  
1.565739097  
1.192545771  
-1.017322415  
0.06533184868  
-0.6985629534  
0.3144701406  
0.6659053691  
-1.223481185  
0.3025152882  
-0.7541232519  
0.4694709682  
2.084392439  
-0.3206761611  
0.1520653264  
-2.219090962  
-0.8013794916  
0.3788800191  
-1.277944826  
-1.045300953  
1.132035896  
0.4839888149  
-0.9685064668  
-1.036781807  
0.6598332582  
0.3143888292  
-0.5326791709  
-3.126653526  
0.2055683955  
0.5767722255  
-1.009424264  
-0.3860036499  
-0.3926070282  
-1.000628437  
-0.1746698467  
-1.179080129  
1.428537354  
0.03650296107  
1.094199506  
-0.9506803573  
-1.399263581  
1.786614156  
-0.4205342839  
-0.3983880959  
-2.682741622  
0.4148845742  
0.9247115696  
0.5869813001  
0.02754005443  
0.1814397673  
1.541588841  
-0.6285574864  
-0.2708691374  
-2.194168681  
-0.9140499239  
0.5045051073  
-0.05628221862  
0.3605943747  
-0.8600830219  
0.3133936875  
0.7152944807  
-0.9689661806  
0.6678026027  
-0.7421340562  
2.6033797  
-1.315400311  
0.8315559378  
-0.4702795355  
0.6611845149  
-0.2210312085  
1.633463804  
-0.1198762398  
-0.7324046371  
1.387836199  
0.5372309003  
1.540777217  
0.06956740087  
0.04352676934  
0.2514010758  
0.7003165881  
0.35204206  
-0.7205261591  
-1.379831925  
-0.07455742752  
1.605378143  
1.110976074  
-0.4454734708  
0.8614132922  
0.05836801019  
-0.1710697075  
0.3449042643  
-0.4539579776  
-0.2025535355  
2.4664713  
2.301480689  
1.654553491  
1.138800263  
1.41545289  
0.4917239452  
0.7446483752  
-1.029889451  
1.676939271  
0.2115224718  
-0.2738419575  
-0.2049730967  
-1.181249582  
0.1654536183  
-0.1423323335  
0.3874555107  
-0.05842551635  
-1.970445353  
-1.076327362  
-0.1012345139  
-0.4937776602  
-1.27553425  
-1.673663955  
-0.5763686223  
-2.691891921  
-0.3157975726  
-1.56078065  
-0.313984704  
0.4271255322  
-0.5776296973  
-0.6943144293  
-1.710368549  
-0.3180134281  
0.537315892  
-0.1867213474  
-0.1234654563  
-0.7439433031  
-0.1457488236  
-0.5978758208  
0.4421237188  
0.5818394636  
-0.3291122497  
-1.379878836  
0.3026334603  
-0.007294393972  
-0.3089806242  
1.517995052  
-0.2490272898  
0.6937595322  
-0.6719951982  
0.142158715  
1.546832106  
2.200785078  
0.7133639139  
-0.2527693733  
2.203774718  
-0.2163044399  
0.02237334095  
0.5767171597  
0.6360878546  
0.7686992175  
-0.1818684584  
-0.385305261  
0.9333313691  
0.3519653011  
-0.1274282253  
0.4030291091  
-0.1715840714  
-1.069502948  
-1.726427968  
-0.8587002628  
0.2004777874  
0.2607556194  
0.5449938266  
-1.044261085  
-1.374500051  
0.127247421  
-0.1570595644  
0.9961956933  
1.563418075  
1.298605409  
0.1756973682  
1.715951399  
0.2784250849  
1.683684688  
0.4152543679  
1.105878545  
-0.1761121547  
0.4763856339  
-0.5177412125  
-1.37657388  
-1.482301173  
-0.9691591033  
0.6063206798  
0.4784668629  
0.02813799783  
-0.03866515572  
0.09825178952  
-0.01852980942  
-1.945551031  
0.02625516028  
1.042233701  
0.9754641682  
0.8041917664  
-0.9108201469  
-1.142493085  
-0.7629984178  
3.246432664  
0.6128993529  
0.9953370992  
0.8070830403  
-1.606147165  
-0.5052499361  
-0.6053079403  
0.06847092843  
-1.675178884  
-0.3804030607  
-0.4016041769  
1.717507433  
-0.8261263171  
-0.4247493657  
-1.315189484  
-0.02692969001  
-0.1100339299  
-1.301371772  
0.2368028172  
-1.342713591  
-0.2381558159  
-0.9143020247  
-1.558964443  
0.5646676896  
2.412679511  
0.01901865872  
0.6892138101  
-0.3945363662  
-0.1114358133  
0.349543638  
-2.498079948  
0.378996122  
0.3383956804  
-0.5837815132  
-0.02494515483  
-0.7519112907  
-0.1323793594  
-0.4872225172  
-2.277888706  
-0.3298682258  
-0.9366329631  
0.5364974187  
2.589978929  
1.815860752  
0.4880182048  
0.2666073583  
-0.1864394137  
0.6081429684  
1.285704849  
-0.1905928012  
-0.6177982491  
-0.1635950249  
0.4669743913  
-0.2531201298  
0.4507570048  
-0.09638236741  
-1.199461753  
0.5805095528  
-0.3166199883  
-0.7646498176  
0.4733352662  
-0.6529504097  
0.1444869901  
