-0.03181243151  
0.02053857869  
-2.960875939  
-1.628288851  
-0.8711994855  
0.1940687252  
0.5563252042  
1.859251894  
0.5726759552  
0.7142525452  
0.1335945501  
0.169742916  
0.03607058734  
0.6496552557  
1.063615119  
-0.3630061539  
0.1005488069  
-0.4119862772  
0.7791573527  
1.135620004  
1.019475648  
0.3309178064  
0.3315641738  
-0.0745299839  
0.891705054  
-0.02987037408  
0.5267177167  
-3.203265235  
-1.322160331  
-0.8103980218  
-0.3731852757  
0.4726026138  
1.022901987  
0.6330490091  
-0.1729471002  
-0.2178131463  
-0.5891978122  
-0.3585146088  
0.02229212122  
-0.2376440127  
-0.2669785822  
-0.4573914806  
-0.1625161306  
-0.1784919476  
0.6941500927  
0.671741022  
0.9729837318  
0.714832438  
-0.1299527265  
0.4579000499  
0.7847997551  
0.5339829784  
-0.07067435317  
-0.9667360195  
-0.6117376919  
-0.694768045  
-0.1350523744  
0.2830946152  
0.2401724589  
-0.7102470939  
-0.1327075278  
-0.8425205666  
-0.8396063187  
-0.5506631875  
-0.02979861859  
-0.8096248168  
-0.02104354113  
-0.3192515329  
-0.1702973821  
-0.6759380574  
-0.6311470299  
-0.4971181891  
-0.4819029174  
-0.5499264825  
0.6065267521  
1.058716506  
0.8951946568  
1.057103257  
0.5061207088  
-0.3159357006  
1.114664873  
0.9217730239  
0.4939130837  
-3.352773706  
-1.201007385  
-0.7080369253  
0.6899824529  
0.8886398892  
0.9376195375  
-0.09131980199  
-0.01170939393  
-0.6145180158  
-0.3015213282  
-0.3649621836  
0.06921479762  
-0.9815174105  
-0.00144098654  
-0.3077918867  
-0.05366322507  
0.9926542722  
0.7279427487  
0.9918033003  
0.08139794449  
0.1334554785  
0.04476250515  
0.6383680538  
0.1749699734  
0.3786972481  
-0.3248156423  
-0.1326626414  
-0.4316468736  
0.8301528993  
0.3291346236  
-0.07508172628  
-0.131545523  
-0.2896916567  
0.6541078563  
0.7929633171  
0.4204429901  
-0.3362515584  
-0.5373397174  
-0.1551387413  
-0.7002539828  
0.902192658  
1.26201389  
0.5518978492  
0.3011819527  
0.498771449  
-0.2578900963  
-0.5907563268  
-0.131457705  
-2.392340346  
-0.5499380995  
0.02169760514  
-0.2450857261  
1.446594798  
0.4343761109  
-2.613232602  
-0.3724091969  
-0.517507112  
0.6066733874  
0.7925310699  
1.01229209  
-0.2048180152  
0.5058332848  
-0.1461858938  
-0.04679200899  
0.8002698047  
0.9446262813  
0.5912523865  
0.1920854181  
0.1095408412  
-0.1723560874  
0.01879425237  
-0.4286427065  
-0.03214259515  
-2.074852939  
0.004718486136  
-0.3971833693  
0.4111707017  
0.3656055184  
0.3972107499  
0.4583407142  
0.04360160944  
0.555715395  
0.6292125064  
0.4941619014  
0.08333427453  
-1.773859693  
-0.7128035798  
-0.05011961732  
1.040388785  
0.7814916196  
0.14243656  
0.1524382054  
0.02866999508  
0.3296209767  
0.687428428  
0.5200214786  
-0.4871645845  
-0.5825904036  
0.06995805327  
-0.3421302972  
-0.2193137798  
-0.6640896874  
-2.996020944  
-0.883878726  
-0.1294553662  
0.2818215739  
-0.3149686312  
-0.1826654582  
0.1828128411  
-2.336013324  
0.01218192476  
-0.2723445076  
0.1752219422  
0.2616798759  
0.4048477073  
0.5485203886  
0.2404183358  
0.003929883884  
0.3985271634  
0.8642734584  
0.295075747  
0.06089606244  
0.1523133584  
-0.3133360056  
-0.09894632955  
-0.6050305993  
-0.2202130714  
-1.468632948  
-0.3791031326  
-1.336960364  
1.353614387  
1.56365439  
0.9371815742  
0.3984435529  
0.1289072136  
-0.1253328077  
0.59262812  
1.154966896  
0.6283463438  
0.8338323415  
-0.002695695778  
0.01443851401  
0.9802524307  
0.842125507  
0.2194034939  
-0.2060137519  
0.07219545303  
0.211235209  
0.2587069092  
-0.39978691  
-0.5303181132  
-1.94069206  
-1.228663465  
-0.4660373414  
0.6274889953  
1.301139474  
1.021080484  
0.762898541  
-0.007828710232  
0.1621973211  
0.8822076661  
0.778948094  
-0.1435809798  
-1.527119132  
-0.5031365434  
-0.9186747592  
-0.7159851925  
-0.5331622097  
-0.1537587971  
-0.8604506631  
0.1664862975  
0.302804739  
0.6633396519  
0.344539803  
0.1121794228  
-0.2749097042  
-0.1783998772  
-0.3279411251  
-0.1156369659  
0.05573468391  
-0.2618824915  
-1.782232234  
-0.8923571989  
-0.7243141635  
-0.1823676371  
0.07890355264  
-0.3489282177  
0.2054594596  
-0.2774965434  
-1.040910599  
-0.1186681031  
0.2610335107  
-0.2736324782  
-1.003737283  
0.06457464029  
-0.7809336415  
-0.04869808055  
0.7408467042  
1.074234034  
0.2028446905  
0.6930475844  
0.4540869873  
0.6529636834  
1.126934073  
0.4234909652  
0.4854797529  
0.2059990766  
0.4776465478  
1.222049617  
1.14400763  
0.151807788  
0.1568701661  
-0.1851300663  
0.770294995  
-0.09260855846  
-0.4016232477  
-0.1828448057  
0.3068327398  
-0.5834804327  
-0.4475322868  
-0.2375834232  
0.634815181  
0.02529229575  
-0.01054499939  
0.1542884863  
0.4559525172  
0.2008312514  
1.124600961  
-0.8040981624  
-0.6786158129  
-1.433728907  
-0.448180831  
-3.061199122  
0.5568295039  
-0.1121532676  
-0.103966021  
0.3378706462  
0.6007853978  
1.202213302  
0.8823311369  
1.004770945  
1.148028638  
-0.3203667344  
-0.08288055336  
1.514382901  
1.119250466  
0.7491139225  
-0.7799095441  
0.2242832309  
-0.2196070648  
0.4012362688  
0.2283769459  
0.4418558503  
-1.373482265  
-0.07663984152  
0.06139199413  
1.539324652  
1.353569792  
1.813374582  
1.127381043  
0.5516224859  
0.7236114882  
0.7826188058  
1.589677667  
1.14603546  
-1.416028961  
-0.9830498825  
-0.4508770207  
-0.8028352197  
-3.37876497  
-0.8014044058  
-3.975806129  
-2.729756744  
-1.76511714  
-1.143961831  
-1.184281398  
-0.7777849501  
-1.21467591  
-0.7328651631  
-0.7682300039  
-0.6662178171  
-0.3691196338  
-0.503687485  
-2.546797308  
-0.9405173613  
-1.327338136  
1.17307555  
1.361908868  
1.289083869  
0.1734215931  
1.034440603  
0.4775677645  
1.415611741  
1.112685944  
0.9742162398  
0.6417417779  
0.2821938969  
-0.01566822912  
0.3733126084  
0.2426791401  
0.423341597  
0.1061951797  
-0.1001783153  
0.309219519  
0.3587064  
0.7888919093  
0.4537029272  
-1.868314531  
0.06434348157  
-0.6145095458  
-0.1445739714  
0.08005991638  
0.07213330186  
-0.5925029897  
-0.4317068259  
-0.5034676119  
0.1625979762  
1.063960014  
0.7040145587  
-0.1634222732  
-0.6086319827  
-0.3155975412  
0.6524689345  
0.7942681473  
0.6195532143  
0.507545944  
0.1699049508  
0.1649686226  
0.3653689384  
1.795928066  
0.5502194274  
0.6383804252  
0.4659048285  
0.3950590854  
-0.5248157298  
0.04309098374  
0.04036341059  
0.1141557394  
-2.044317341  
-1.13672035  
-0.3453051184  
-0.004609061707  
-1.14652949  
-0.6758430188  
-0.1043095648  
-0.3857684032  
0.2643119008  
1.298319471  
1.071958834  
0.8974488217  
-0.6368879355  
-0.1685727905  
0.4396226852  
0.7129264581  
0.0234146419  
0.2733659662  
-0.03922347342  
-0.3179013327  
0.1815437806  
0.5878629761  
0.2675614412  
-0.6481423248  
-0.09980951285  
-0.336991758  
0.3575599307  
0.7260136229  
0.003916848527  
-0.1318266625  
0.1052407425  
0.6739860308  
1.349963885  
1.201303749  
0.4018512588  
-0.5769061327  
-0.6664311658  
0.146166407  
0.6337041977  
0.3248032847  
0.7227541543  
-2.506789852  
-2.83363881  
-1.787850559  
0.2158988598  
0.9656397333  
0.1772134912  
0.8089215316  
-2.109584069  
-1.078625156  
-0.4123867777  
0.6809861303  
0.4961788118  
0.4843424503  
-0.5889372466  
0.1867230709  
-0.03672077175  
0.4553661108  
0.5975632168  
0.56252012  
0.7514881492  
-0.05848201836  
-0.2463303129  
-0.000825388493  
0.3745782072  
0.1003127923  
0.3373381348  
0.4602462181  
0.797366848  
0.2582931847  
0.275809174  
0.4171644199  
-1.944989195  
-0.8878412561  
-1.046478012  
0.471847549  
0.762311026  
-0.09143045004  
-0.6132184191  
-0.354936203  
0.0198270184  
0.837981714  
0.8101593512  
-0.1812910118  
0.5354509132  
-3.074240355  
-1.875163307  
0.1863123214  
1.055827475  
1.373389866  
0.3707252029  
0.4646004256  
0.1193593733  
1.161209419  
0.9608414314  
-0.1956935132  
0.08614576131  
-0.2702854957  
-0.05716519662  
-0.07936498665  
0.2708950577  
-0.4721023839  
-1.462199537  
-0.7835368276  
-0.3921951775  
-0.1344683076  
1.095841037  
0.2059506404  
-0.07572916249  
-0.06309184831  
0.04414017211  
0.4156069494  
0.8059945581  
0.08874507675  
-0.1679771418  
-0.182390932  
0.313739516  
-0.0115974014  
0.242152761  
0.3001504033  
0.5807587488  
-0.01134550836  
0.08980965319  
-0.2641040328  
-0.5022619138  
-1.464152233  
-0.691031433  
-0.8786647683  
-0.4912708919  
-0.7888621513  
-0.5917898778  
-1.453457531  
-0.624909127  
-0.05737086622  
0.6192567302  
-1.462118648  
0.8045767266  
0.953552155  
0.7096867987  
0.4488588639  
1.074514055  
0.7643899738  
-0.2808865772  
-0.6047127731  
0.3651544909  
-0.5043307384  
1.122913022  
0.7061428607  
0.5565769503  
-0.6623297078  
-0.08223982421  
-0.08543030035  
0.6801909005  
0.8956197053  
0.4922113959  
0.1295034675  
0.01646260766  
-0.3742381877  
0.3083810639  
1.183660044  
1.224257582  
0.746078021  
-0.2595521843  
0.1807323119  
0.668941313  
-0.2052600918  
0.312050735  
-0.6595763898  
-0.6694716999  
-1.105806761  
-0.1435440642  
-0.1821020596  
-0.3016051551  
-0.6124364779  
-1.93064578  
-0.9983321379  
-0.1252591861  
0.3580681618  
0.8647784739  
0.7994466805  
1.049926368  
0.5643948804  
0.3355160595  
0.2828814044  
0.6425433428  
0.483014009  
0.5895003961  
-0.05925833221  
0.2372397734  
-0.5947472087  
-3.849630822  
-0.7423779728  
-0.001079772232  
-3.660895354  
-0.05666342561  
-0.5943317415  
1.43189127  
0.9600301344  
0.4355860974  
-0.5094898833  
-0.3873496452  
-0.3804801138  
0.263479615  
-0.694041139  
-0.4445016691  
-3.52064628  
-1.129748318  
-0.3792030862  
0.3126904067  
0.5583608905  
-0.1142198863  
-0.1583588272  
-0.5787271424  
-0.3739162047  
-0.9527780375  
-0.558217651  
-1.432472844  
0.3374482744  
-0.8312499365  
-0.3399798507  
0.1635229734  
0.940891959  
1.511004121  
1.15347651  
0.958695744  
-0.4121412484  
0.2987331484  
0.49400966  
0.2187230517  
0.2148660083  
0.05945054279  
0.1366080048  
0.177585528  
1.32108158  
0.8859957431  
0.3710800743  
0.3353155601  
0.7341405741  
0.4183339928  
1.354749632  
1.114579595  
0.8034431534  
0.06831655669  
0.5348446086  
0.6230507392  
1.209630177  
0.4452576253  
-0.0007957232499  
-0.09215370739  
0.2323754373  
0.2500721904  
0.7276623991  
0.8728264067  
-0.5433362189  
0.5349225223  
-0.8724058873  
-0.3393358714  
-0.5749406513  
0.02567519824  
-0.3023693732  
-0.4272597069  
0.1489264262  
0.7915346221  
0.08022376554  
-0.4045974795  
-0.02564969727  
-0.5692885076  
0.3528565291  
-0.7242936215  
-3.171788846  
0.5959571499  
-0.6575654592  
-0.1492958688  
-0.4955568294  
0.1192397561  
0.2425471571  
0.7569019196  
1.351732228  
0.3767516456  
0.3839264115  
0.5172244944  
-0.2479678271  
-1.484080407  
-1.02619437  
-0.1784935584  
0.1437673939  
0.7601736348  
0.8820693836  
0.155832308  
0.2803320117  
0.3302493387  
0.4004923872  
1.179223214  
0.950108618  
0.8106199548  
0.2829264967  
0.3340379325  
0.2128446305  
0.5831556006  
0.7405228284  
0.7597508661  
-2.910860994  
1.072374146  
0.688512285  
1.32124653  
2.470987578  
1.872312943  
0.9739820712  
0.8544452504  
0.8397834191  
1.04140287  
1.520797272  
1.794871147  
0.9521035567  
0.7692465863  
0.2521164233  
-0.1317048969  
-6.562279887  
-3.981235106  
-3.688694445  
-3.987979149  
-2.463741086  
-6.747579332  
-1.202071621  
0.2419707151  
-0.6544047135  
-0.3603127455  
-0.4387298066  
-0.566660465  
-0.3365525691  
0.8482668699  
1.615244441  
0.9744183114  
0.8876375206  
0.3759028893  
0.4786090995  
0.3607733054  
0.6575938682  
0.2236524154  
0.7095960783  
-0.5761866209  
-0.0433165125  
-0.130993337  
0.2018653011  
-0.1033200893  
0.3887327989  
0.1297545917  
0.5412516129  
-0.1763491285  
1.030019396  
1.157769904  
1.340560924  
1.074607219  
0.254018738  
0.1835421079  
0.2124484797  
0.1782260278  
-0.05933014621  
-1.427997887  
-0.6438979089  
-0.5642553406  
-0.2507557929  
-0.6173710231  
-0.4959120107  
-0.3878846432  
-0.008019647942  
-0.2031044361  
-0.000565114001  
1.056833236  
0.9086586283  
-0.338749857  
-0.6556787673  
-0.7382499327  
-0.5590437194  
-0.5448936068  
-0.791269776  
-0.2275118752  
-1.069184531  
-0.447057375  
0.133413474  
0.9218339916  
1.246014209  
0.9794694815  
0.3572795325  
-0.1063788852  
0.216838821  
0.773714203  
0.7933193149  
0.3250084351  
0.1364145013  
0.02305622638  
0.5136142109  
0.6980988247  
-0.303233698  
-0.05682974853  
-0.4593656858  
-0.1446330798  
0.23058501  
0.3619915874  
0.4681348174  
-0.8203312478  
-1.25191706  
-0.9018230527  
1.175134576  
0.843777264  
0.6280577786  
0.07756054516  
-0.3775993596  
0.1403481751  
-0.4357555806  
-0.03882056511  
-0.2863105934  
-0.3506080775  
0.00199071488  
0.3708309168  
0.4632365745  
1.364810172  
0.9047912782  
0.5093694308  
0.2542830122  
0.34008737  
0.04373473973  
-0.4684363504  
0.6128105785  
0.5093190559  
-2.135740309  
-0.8081210015  
-0.09470393766  
1.669257913  
1.278631865  
0.7997157337  
0.7975028767  
0.583142759  
0.269546813  
0.9536357202  
0.1955283319  
0.1269128842  
-2.52637193  
-0.3493283228  
0.4945849873  
0.5900571928  
1.64915243  
1.352225632  
0.5219772083  
0.2112238333  
0.2875266989  
0.5628208299  
0.3644836188  
0.05324035548  
0.6495495311  
0.656249594  
0.1969583266  
0.6188317631  
0.3551517767  
0.644144627  
0.5923237122  
0.8226746597  
0.5089932943  
0.9177463129  
-4.20028305  
-5.204120371  
-3.530018525  
-3.70159427  
-1.964479937  
-0.8780550344  
-2.469372025  
-2.224111166  
-0.9088597649  
-0.5445937978  
0.3103529282  
0.8211466978  
1.884279198  
1.795235333  
1.430146311  
0.2778878428  
0.582643904  
0.3440303415  
-0.2456583117  
0.07139838971  
0.3551634104  
-0.5160832124  
0.5874722399  
-0.06486852176  
-0.2091539331  
0.7606524945  
0.2778675885  
-0.2565250262  
-0.9993247476  
-0.8656817719  
0.8207200353  
0.9414408967  
0.5102382363  
0.1611261426  
0.4560337146  
0.09075053758  
-0.02682627723  
-0.05971481734  
0.2747814768  
-2.089780793  
-0.9160259244  
-1.05664597  
0.406715463  
0.4646841397  
0.6496074085  
0.2572213508  
-0.2414122529  
0.05171539379  
0.8078255298  
0.8566415852  
0.3902796216  
-1.454462543  
-0.8596780503  
-0.3475573585  
0.2690617489  
0.7023075494  
0.497059802  
0.5198702627  
0.0784628642  
-0.4189035298  
0.5810898122  
0.4330470607  
0.0311426693  
-0.4390864335  
-0.133260157  
-0.3488153414  
1.11973421  
0.5112020844  
0.3869519832  
0.01907526178  
-0.386555161  
-0.08525033559  
-0.04453984979  
-0.4594708547  
-0.09035781691  
-0.2700831759  
-0.7368361189  
-0.2801265595  
-0.1521622393  
-0.2844193039  
-2.3045556  
0.240220602  
0.3006643983  
-0.1673308541  
0.6766829924  
0.005904807418  
0.790930473  
-1.525348685  
-1.0581535  
-0.1946921428  
1.119547032  
1.353020232  
0.9177010327  
0.4093263879  
-0.9887478118  
0.1666728419  
1.117365475  
1.31468281  
1.152677736  
1.036380911  
0.2152936964  
0.7658437406  
-3.241831327  
-2.865333133  
-4.670186615  
-4.465771438  
-1.02145039  
-0.4446444918  
0.7149803599  
1.121832561  
0.3369293198  
0.2760749025  
0.2290633632  
0.8730753771  
0.2613650607  
-1.066462325  
0.7177565771  
0.5536904975  
0.4699569709  
0.30078778  
0.5602007086  
1.938026391  
1.470569393  
1.633271211  
0.6432956935  
0.1456877741  
1.053732778  
1.242692541  
0.7536222049  
0.7632533547  
0.1640398183  
0.2832064826  
0.3667247689  
1.192544486  
1.810693533  
0.5579597954  
0.3586223405  
0.5342207854  
0.1301359345  
-0.1095039184  
-0.1660003786  
0.4794160173  
0.4422568696  
-1.016637031  
-0.8512346634  
-1.226199747  
-1.052890418  
-1.684055335  
-1.041092227  
-1.511231833  
-0.8020798386  
0.1535906718  
-0.03934930019  
0.4955590429  
-0.127942597  
-0.3759233303  
-0.2060361093  
-0.6413796702  
-0.1763697032  
-0.2483723141  
-0.6280656361  
-0.7333507749  
-0.09627465611  
0.8883236499  
1.706019918  
0.8323572498  
0.3545818957  
0.5595539152  
0.4183365869  
0.3644074566  
0.2286408673  
0.3453559618  
-0.03349967167  
-0.2247860307  
0.0952165933  
0.3198081876  
0.7611087495  
1.491225573  
0.9719525591  
0.4080024868  
-0.418901689  
-0.9513468231  
-0.03916168102  
-0.3515239993  
-0.4044900914  
-1.492204825  
-0.7421129632  
-0.9319795182  
0.5005125986  
0.8848215477  
0.6088743671  
-0.3324758193  
-0.1950755087  
0.06200649711  
-0.09110586007  
-0.6937065229  
0.1046305181  
-2.421293602  
1.272649677  
1.307433636  
0.9234917609  
0.9112832436  
0.1739329645  
0.2467583573  
-0.01635458234  
0.07207830507  
-0.2473692559  
-0.3254296964  
-0.5557625214  
0.4400469648  
0.8382856271  
1.5966342  
1.61392577  
1.338406378  
-0.6163592065  
-0.5965890539  
0.3074075763  
0.8043656997  
0.2951785895  
-0.2937786003  
-4.905313686  
-3.226573229  
-3.165403422  
-3.265697484  
-2.456868558  
-2.837090752  
-2.624903568  
-3.354255321  
-3.028546024  
0.05960095472  
1.136077736  
2.598251161  
1.65324055  
1.651522096  
0.7657174679  
0.8468129595  
0.3530439011  
1.502408534  
0.3789134324  
0.9139348347  
1.092008464  
0.4599456809  
0.4962772327  
-0.4285376857  
0.5321926378  
0.2932112366  
-0.2262513636  
-0.1954943537  
0.100057389  
-0.186002692  
0.07566242076  
0.1242064018  
0.2296434836  
0.2660247552  
0.05659607847  
0.5084592297  
1.017267076  
0.5654875196  
0.392800375  
0.3290526682  
0.1119344081  
-0.02637663052  
-0.3297114877  
-0.2607970518  
-0.709578984  
0.154898661  
-0.3722875524  
-0.1301328971  
-0.4691817745  
-0.05391705816  
0.0148673781  
0.6261953444  
0.4999071322  
0.7602206765  
1.103361347  
0.7804132525  
0.9567978311  
0.6757455232  
1.263822949  
0.7255662918  
0.5095246954  
-0.4674915996  
0.1644167025  
-0.3888092996  
-0.9351708351  
-0.645734348  
-0.41633261  
-0.1293409801  
0.03763048363  
-0.6500964885  
-0.7390825893  
-0.835280042  
