-0.1400127066  
0.3178369306  
-3.519168401  
-1.063436463  
-0.869469543  
-0.2337174595  
0.3582734287  
1.279847863  
0.6287609754  
0.1176550982  
0.6084783383  
0.7711592171  
0.08607400066  
0.1668457164  
0.7783217077  
-0.4845800882  
-0.008937252131  
0.2416613941  
0.7728112538  
1.513889235  
0.9827024414  
0.7595473541  
0.3139244528  
-0.08979552225  
0.6534205061  
0.5134129233  
0.05940635777  
-1.730625903  
-0.4094041231  
-0.1466526711  
-1.189337629  
0.5672933834  
0.1849244699  
0.8645047918  
-0.02317750116  
-0.7106096945  
-0.2030461331  
-0.2420223776  
-0.01738265055  
-0.320343104  
-0.3820466293  
-0.3877312951  
-0.003238537046  
-0.6764522676  
0.1955435075  
0.7694674087  
0.5274227768  
-0.5445048762  
-0.2674795642  
-0.2145813767  
0.615442918  
0.6534336469  
-0.04478340809  
-0.9846814188  
-0.2811567783  
0.3935812827  
0.6190770455  
0.3756153564  
0.4298761078  
-0.5071855559  
-0.4946459625  
-0.505383446  
0.004714511771  
-0.4276192146  
0.2710932408  
-0.2820778018  
-0.08676779397  
0.006280786727  
-0.3811936026  
-0.4726326907  
0.07979088697  
-0.1865895622  
0.1267948449  
-0.4869430757  
0.06058038915  
1.063000542  
0.9791314319  
0.5154319096  
0.02376085669  
-0.3627367912  
-0.2969843163  
0.6006967968  
0.2149531893  
-2.310194059  
-0.2672108502  
-0.7197318385  
-0.3309313925  
0.4862570351  
0.8855287978  
0.3369076922  
-0.9071657188  
0.1874028053  
0.1712555715  
-0.2317490515  
0.3853260742  
-0.3340908614  
0.006959061037  
-0.1505989582  
-0.3196121619  
0.2974030511  
0.9390991051  
1.016397099  
0.3680105083  
-0.01327853961  
-0.894802637  
0.7389072197  
-0.02896648858  
0.4621231509  
0.1857986149  
-0.2553951514  
-1.12931681  
0.7742054179  
0.7515635721  
0.0724913189  
0.4259145496  
-0.9409238897  
-0.09992588999  
0.3425456221  
0.489347363  
-0.7418699844  
0.4696896574  
-0.0836651404  
-0.9508060129  
0.7509247274  
1.371423343  
0.9185189742  
0.09660675593  
0.358416007  
-0.7270534492  
-0.100627425  
0.08927791509  
-1.974743685  
-0.2947313575  
0.1708786155  
-0.3643614548  
0.7980130413  
0.9247432907  
-2.173166931  
0.03230406885  
-1.094263051  
-0.3426934883  
0.4093093664  
0.7810478629  
-0.5507806595  
-0.3556049852  
0.6183253768  
-0.9428056976  
0.27769929  
0.8990048616  
0.8591762581  
0.6246272589  
0.3105965088  
0.3627215835  
0.3039960087  
0.3563005462  
-0.008415970027  
-1.217912856  
0.4610673407  
-1.13754829  
-0.4318456649  
0.4934746032  
0.7092529077  
0.5328901212  
-0.08906965024  
-0.3137338163  
0.6880609342  
0.4818456023  
-0.04573854123  
-1.840679051  
-0.1005292627  
-1.287881955  
0.05296610672  
0.9908769375  
0.7189752904  
0.2940581117  
0.2345856753  
-0.3701716226  
0.8721007169  
0.7011589172  
0.2891621102  
0.1856406332  
0.5765259566  
-1.089907018  
-0.036838266  
0.1431783975  
-3.288885064  
-0.06179410744  
-0.5931199165  
-0.07551393342  
0.2993090845  
-0.09488273843  
0.04710998937  
-1.930152196  
-0.3323164561  
0.06396433506  
0.1190895914  
0.3651172994  
0.144900639  
-0.03405336768  
0.01245418112  
-0.9191805703  
0.3705478878  
0.9982871106  
0.5382160956  
0.2714150255  
0.8132114863  
-0.7012904608  
0.4856148922  
0.1288797513  
-0.4243011767  
-0.8696430166  
0.1970890882  
0.07679737585  
-0.2765960624  
0.3021363243  
1.073564965  
0.9455454826  
0.2789200637  
-0.01759318  
-0.18604715  
0.2229403533  
1.060853004  
0.5709219186  
0.3450392044  
-0.2115241838  
0.343622885  
0.736546808  
0.2643793065  
-0.208105548  
0.2698819893  
0.549339174  
0.5828410694  
-0.3247351261  
0.4774434528  
-2.652116066  
-1.215836738  
-1.192613742  
0.1686877592  
0.581653488  
0.9179656754  
-0.07657058849  
0.642335357  
0.4537964399  
0.545011096  
1.094142157  
0.5582759384  
-1.89735876  
-0.5792335838  
-0.6660941844  
-1.153241831  
0.004571870656  
-0.009720352745  
-0.4981085455  
0.1719872437  
-0.6567541621  
0.2710601887  
0.536246312  
0.2688702765  
0.1625303175  
0.08028032977  
-0.09005443634  
0.3539563772  
0.3843925476  
0.2017139005  
-1.367814827  
-1.015432414  
-0.9061339714  
-0.4561082271  
-0.2574889785  
0.3231878255  
-0.2856885174  
-0.1905806242  
-0.6496787872  
-0.2226485676  
0.3938081711  
0.3883347024  
-0.01831494196  
0.1676378075  
-0.8572210582  
-0.5099362687  
0.5698785683  
0.3811445824  
0.5316974485  
0.8549243795  
-0.5071333714  
0.5860143052  
0.5150474767  
0.3019068058  
-0.05404083938  
-0.5715256512  
-0.4264765834  
0.679439846  
1.30559317  
0.2281989886  
0.4431684634  
0.1880956608  
0.6485290949  
0.5775638272  
0.5120026508  
0.3301843595  
0.6222469812  
0.09764043765  
0.3406610808  
-0.1838929785  
0.6539928669  
0.7229634757  
0.4790487878  
0.1850613306  
0.3590658578  
0.5519740272  
0.9506218615  
-0.9960619951  
-0.1579222486  
-0.8397844435  
-0.5526524411  
-4.606545677  
0.06968281433  
-0.06690418263  
0.2007345387  
-0.5216199994  
-0.8186088237  
0.25487073  
0.4490819082  
0.8795804495  
1.017182793  
0.3571475  
0.04487269548  
0.5331105222  
0.7805352774  
0.4023530609  
-0.3482373741  
0.4828797657  
0.3384408183  
0.8427815386  
0.9834842738  
0.8136463837  
-0.850192791  
0.7915335495  
-1.288161939  
-0.09927151141  
0.6918808159  
1.655872022  
1.260042916  
0.9719518419  
0.4734904463  
0.4061025998  
0.4832308543  
1.338748962  
-1.035812736  
-0.2185617831  
-1.343484737  
-1.44329282  
-4.390101902  
-0.1931834272  
-2.804233955  
-2.013143692  
-1.922324369  
-0.8678558714  
-1.179230193  
-1.050980249  
-0.8210177269  
-0.7428409433  
-1.09793841  
0.1173860166  
0.5053228705  
0.05283780373  
-3.057718627  
-0.8194753155  
-1.218985244  
0.2592486025  
0.6809497624  
1.067919877  
0.5973945647  
0.6403478355  
0.05555030541  
0.9538960937  
0.825812333  
1.337698587  
0.78776497  
0.8218293613  
-0.08558111352  
0.9209715343  
0.305411005  
0.9671725514  
0.489519547  
0.5566749417  
-0.9312654522  
0.05366277627  
0.3103157881  
0.5704539797  
-0.960656831  
0.2838798183  
0.7495650507  
-0.08977071457  
0.5166215667  
0.6274988846  
0.2227109292  
0.02509664373  
0.01377691011  
-1.153137683  
-0.4548839121  
0.2717791379  
0.6134729571  
0.4901298171  
-0.4998210877  
-1.269071049  
0.2418763847  
1.003163336  
0.4441714557  
0.4119268981  
-0.01372615674  
-1.539543052  
0.166917557  
0.3720576171  
0.5985002847  
0.4156633186  
0.4009421142  
0.5274907205  
0.1658987676  
0.7116768131  
0.574717781  
-0.7070367994  
0.3747661227  
-0.6027285288  
-0.1196595955  
0.2055552684  
0.0501954421  
-0.004604944205  
-0.5024739131  
-0.7905883997  
0.3388812864  
0.9624897244  
0.009787147089  
0.3493131754  
0.1940521395  
-0.07046269808  
0.2041920966  
0.4830823079  
0.581020327  
0.2625026099  
-0.7616038819  
-0.74818815  
0.2627790566  
-0.3318588255  
0.3807410522  
0.1571315174  
-0.9146362052  
0.3131331093  
0.5050470349  
0.7243848523  
0.03134438236  
0.6732926583  
-1.110966977  
0.332894297  
0.1390416625  
0.9803995426  
-0.09405813707  
0.5064280596  
-0.9888052646  
-0.2924054552  
0.2841336082  
0.1353723988  
-2.667302618  
-2.498595248  
-0.7519145971  
-1.36859007  
-0.1066592067  
1.405969107  
0.7712295493  
-2.380642098  
-1.270934618  
-1.669467578  
0.6503738817  
0.7800591863  
0.6017234908  
0.7599346772  
0.4531703089  
-0.8856836368  
0.1586634723  
0.8362131376  
0.8545127661  
0.1700625637  
0.519926449  
0.2245178979  
1.087350457  
1.011119666  
0.3504404067  
0.9743490416  
0.656386951  
0.4186446204  
0.9828835762  
0.8607867337  
1.053736849  
-1.556188267  
-0.4223335224  
-1.22044436  
-0.3453259782  
0.3841079072  
0.2206046771  
-0.6062598036  
-0.2422351291  
-0.4550002003  
-0.4346916853  
-0.38581558  
0.4291611722  
1.19414854  
-2.625406324  
-2.021199982  
-1.688401453  
-0.3597166381  
0.4533892177  
1.038865521  
0.9467345579  
-0.5827112772  
-0.2979818041  
0.5245263673  
0.4429065573  
0.4502830723  
-0.07199530015  
0.2163801678  
0.8681364781  
0.6261610471  
0.5178139043  
-0.8378254847  
-0.8405882834  
-0.579488451  
-1.738614783  
-0.1518962712  
0.3068897261  
0.9750250051  
0.1621208356  
0.0375759301  
0.604307561  
0.3290824798  
0.6961048201  
0.1941079609  
0.1560920025  
0.3800198778  
0.6464568484  
0.6455067009  
0.2117712135  
0.3653915544  
0.4949741653  
0.09198759527  
0.2099168574  
0.5978930893  
-0.8059309737  
0.4809946423  
-0.3736372123  
0.1840271474  
-0.9068767661  
-0.06526743282  
-1.301600029  
-0.5118368975  
-0.3253572212  
0.1116731168  
-2.589169149  
0.1193390238  
-0.2092427095  
0.846408779  
-0.8595451101  
0.2885998632  
1.273470507  
1.057373218  
0.09309114175  
0.43576899  
-0.2836461737  
-0.5364081316  
-0.08957628862  
0.7431185586  
-0.4004523094  
-0.2334737395  
0.463983275  
-1.138911784  
-0.4578631017  
1.252902898  
0.3518255191  
0.5068949644  
-0.8015349314  
-0.3945857302  
-0.52137296  
0.8564978623  
0.5285824191  
0.4586107934  
0.5612855739  
0.3775298007  
-0.1757996548  
0.3637827061  
0.6262926593  
0.5122328461  
-0.4396517931  
1.07110532  
1.157296908  
0.3556251241  
0.4537018063  
-1.950279873  
-0.1289236728  
-0.1804121861  
-0.6908983291  
0.5832512926  
1.200616965  
0.7261576793  
1.070608701  
1.188831237  
-0.9472995302  
0.1485102077  
0.7891011649  
1.183312115  
0.2080741003  
0.7799789243  
0.9159499091  
-3.126437494  
0.09953435765  
-0.7467571394  
-4.037248121  
-0.9711447758  
-2.234441235  
-0.9773883715  
-0.2832190713  
0.2045559032  
-1.054688654  
0.2032458343  
-0.3932041594  
-0.1492786749  
0.367116712  
0.5640446884  
-2.143873244  
-0.5315638617  
-1.335234619  
-0.5199153418  
-0.1068146362  
0.5716306444  
0.5336802113  
0.6178110503  
0.3536431399  
0.4795443479  
1.443465124  
-0.9139151791  
-0.121502335  
-0.03471807592  
0.5560673161  
-1.176501646  
-0.4274183032  
-0.2395057647  
0.3997465629  
0.6098103421  
0.5204760345  
0.393686897  
0.8764345703  
0.5853783541  
0.227170832  
0.04472257139  
0.2861185436  
-0.6159600396  
0.09401055381  
0.8974912479  
0.7630388343  
0.6421746936  
-0.2151203301  
-0.841135002  
0.8952136305  
0.2215799486  
0.9106964983  
-0.1064041508  
0.5276034362  
-1.491723518  
-0.3476634404  
0.3073678864  
0.6336399837  
0.6661015081  
-0.3194683392  
-1.145886513  
-0.1773205351  
1.161611451  
-0.410032814  
0.1423957481  
0.4424381883  
0.167016363  
0.3121404271  
0.3217832799  
-0.02575044086  
0.832132261  
-0.1349645037  
-1.089857578  
0.6925254704  
0.7420429747  
0.5136445252  
0.1175281995  
0.7572933091  
-0.2160704242  
-3.426827984  
0.3582795956  
-0.3637828123  
0.3498984783  
0.2107153916  
-1.100101584  
0.2476885054  
0.714815236  
0.529129368  
0.0611787344  
0.5511837507  
1.86918947  
0.06067479412  
-2.997431995  
-1.457509196  
0.8072952336  
-0.4626739945  
-0.008146564411  
0.6860194045  
1.340226922  
0.4150769325  
0.6694300768  
0.07067070107  
-0.009109085366  
1.03992401  
1.312078621  
1.202802737  
0.6010280636  
1.188137645  
0.8020780673  
1.054022102  
0.7700334904  
-4.549050875  
1.135981388  
-0.5873395302  
-0.7253104071  
0.502969877  
1.358055673  
1.065559265  
0.9035917188  
0.7286136357  
-0.4831150391  
-0.1602653049  
1.659541465  
1.385450697  
0.5247687688  
1.010475401  
-1.78434029  
-5.74933964  
-4.798399895  
-1.87747253  
-0.7054833199  
-2.714296288  
-6.932307865  
-1.696890497  
-0.9773414964  
0.1828128387  
-0.4023371625  
-0.9330798776  
0.1672226355  
-0.2262113794  
0.3721091678  
1.099784004  
1.554215099  
0.6893947034  
0.2951403523  
0.5125500365  
0.944851832  
1.074599767  
0.6815782783  
0.8842684024  
-0.4029909883  
0.5287548389  
-0.1698580777  
-0.5175628936  
-0.1771128256  
0.6596721907  
1.16487665  
0.995728272  
-0.02476163493  
-0.07942009959  
0.3808310356  
1.230586635  
0.9602534077  
0.6139059243  
0.5065863173  
0.4684246367  
0.3246593554  
0.3999556369  
-0.9200981353  
-0.0700233681  
-0.09734680361  
-0.6558421405  
0.2151294435  
0.1615272526  
0.2078122012  
0.4085159115  
0.06680121297  
-0.7037957227  
0.6452080872  
0.7342227626  
-0.4317602896  
-0.4108867413  
0.2985354459  
-0.6684369942  
0.1382071632  
0.2128287537  
-0.00997315471  
-0.7672697006  
-0.01840686296  
-1.241173779  
-0.2474937264  
0.6193326966  
0.09126641421  
-0.02672126677  
0.7418251859  
-0.6351891306  
-0.03644990928  
0.8604860659  
0.1495961791  
0.6264604565  
0.2911545942  
0.6638515683  
0.4857182196  
0.1094058312  
0.4388683775  
0.6136201157  
0.4347434209  
0.9577529841  
0.6754705727  
0.7062327121  
-0.7690641916  
-2.259205109  
-2.511199988  
-0.5419104593  
0.7043032918  
0.8964635269  
0.7863932816  
-0.2463308893  
-0.00702913452  
0.0891129003  
0.3491373178  
0.2237206161  
-0.378568651  
0.05754616343  
-0.2072580797  
-0.6204353684  
0.4691721476  
0.1299903161  
1.138227946  
0.2185860222  
0.3677384108  
0.8092180715  
0.6060384872  
0.003681610737  
0.2262005725  
-3.239879598  
-0.9330602094  
-1.374070211  
0.7082096527  
0.6497919091  
0.8428821153  
1.193597074  
1.510931536  
0.5335684615  
0.622565035  
1.0470739  
0.1078536276  
-1.594854037  
0.5453768962  
-1.021093904  
-0.247148529  
0.3967007387  
0.8401794409  
0.9830176736  
0.5519298986  
0.8456958977  
1.025414246  
1.085132034  
0.5968915995  
0.7302983453  
0.8018448608  
0.1232486889  
0.6612679606  
0.6018487277  
0.9782858482  
0.7509891497  
0.9397058264  
0.2111666682  
0.7429619829  
-5.880052578  
-5.805229352  
-5.307314515  
-3.550322399  
-2.537637154  
-1.254973524  
-2.585561489  
-1.830575519  
-0.8769831997  
-0.6836071913  
-0.3533457184  
-0.3129384823  
0.08748714598  
1.008122163  
1.336289148  
0.8876328762  
1.322143676  
0.767533618  
0.1767257061  
1.085485172  
1.099440674  
-0.3460139834  
0.6297780681  
0.3673584525  
0.5347837415  
0.3564866985  
0.8852980612  
-0.1007606947  
0.5986178314  
-0.01704294732  
-0.4126407652  
-0.02015487591  
1.234134078  
0.5394248434  
0.2864009871  
0.7391294394  
0.605166893  
0.9885945219  
0.3401809787  
-1.157940639  
-0.0393677149  
-0.8070361065  
-1.093924393  
0.1644343192  
1.093476068  
0.6176353057  
0.5561526061  
0.8338382022  
-1.041627066  
0.3635466472  
1.025052633  
-0.9493330243  
-0.0463505455  
-0.4288760594  
-1.081687896  
-0.1422568622  
1.092391584  
0.6403919649  
0.2203502741  
-0.1368889264  
0.2818367431  
0.9825003516  
0.2213121187  
-0.2042583946  
0.3689855431  
-0.8401988726  
-0.6505744301  
0.7253147165  
1.246343843  
1.05492552  
0.7246045588  
0.3092802152  
0.6301679565  
0.6208432834  
1.059639643  
0.2046819771  
0.006005745147  
0.4720974727  
0.5861681697  
-0.49725482  
-4.48786016  
0.1930459866  
0.07659163823  
-0.1682503406  
0.5751952811  
0.6219944192  
0.1606973861  
-0.7287351555  
0.2616685546  
-1.256736919  
-0.3168803868  
0.5495665849  
1.078759777  
1.091659666  
0.2987336891  
1.066698008  
-0.8923684537  
0.1933311912  
0.9528341295  
0.1058911274  
-0.7084288533  
0.6696884807  
-3.996369165  
-1.822585417  
-4.933151122  
-5.104840331  
-1.261044775  
0.6950556335  
-0.3306311319  
0.6953573493  
0.7289287935  
0.765287513  
0.7972099957  
-0.03414917653  
0.5985647687  
-2.061160902  
-0.1822426035  
0.3249416213  
0.4308081812  
0.8152427839  
0.06424927181  
-0.2520392451  
0.5457560338  
0.1892014921  
0.6923076459  
0.5778213733  
-1.14035009  
0.482513659  
0.6703552144  
0.8403579753  
-0.2590136522  
0.5435014689  
-0.567748777  
-0.1894758125  
0.7610315098  
0.9402145845  
0.2867659934  
0.2358103559  
0.473825796  
0.5290695997  
0.2966361556  
0.4750041002  
0.3767919862  
0.5286627289  
0.6461839902  
-0.6598303833  
0.2230554143  
0.126286473  
-0.04713568792  
-0.5042638063  
-0.2456052667  
-0.9862823978  
-0.06319896162  
0.6595402416  
0.333031714  
0.2461792259  
-0.01807318641  
0.3190018411  
0.1211632131  
-0.06762731501  
0.2410388504  
0.08552840181  
-0.9748528119  
-0.9829730579  
0.001739415506  
1.035062832  
0.9804773462  
0.4659636588  
-0.05332976839  
1.037585665  
0.3794067335  
0.2543478562  
0.2940452147  
-0.8923684465  
0.5981100393  
-1.20037359  
-0.2794546349  
0.6739673262  
0.302178093  
-0.3670074486  
0.2225535749  
-0.069049003  
0.08114040249  
0.05518859701  
0.298389792  
0.1556382164  
0.5961639257  
-0.7955416106  
-0.03446868557  
0.2297697575  
0.3476241925  
0.5860985595  
0.8495722947  
1.027428564  
0.3308601379  
0.2938307678  
1.092002525  
-2.847828844  
-1.039605509  
0.7489847  
0.7178581648  
0.5842722935  
0.9607783715  
0.2930317022  
0.4851281548  
-0.02068279256  
0.4846667751  
0.2710037458  
0.4185951324  
0.2767415106  
-0.400282779  
-0.07274591181  
1.004057082  
1.213381764  
-0.266865513  
1.267955204  
-0.3520058472  
0.2808923282  
1.253808266  
0.6833587907  
-3.462302005  
-3.919791258  
-0.8720372425  
-3.235545444  
-4.456423393  
-0.8730451957  
-0.6713438171  
-5.129494647  
-2.345446124  
-0.5268332996  
-0.5604865417  
-0.5127406261  
0.8646449522  
0.7704206084  
0.3176321633  
0.5159495924  
0.564259676  
0.8448189538  
1.054162087  
0.3640643635  
0.3972785736  
-0.1817449665  
0.6006133552  
-0.2269558983  
0.5102514711  
0.2501345615  
0.3560004252  
-0.165306157  
0.2932953651  
-0.2410913852  
-0.03531229343  
0.01397859123  
0.5974879711  
-0.02882329596  
0.6020408885  
0.4850725327  
0.3954958072  
0.3470508514  
0.4686641592  
-0.3985298198  
0.11577753  
-0.007648694861  
-0.4300006478  
-0.5844760188  
-0.1386456552  
0.1939785088  
-0.1934368645  
-0.0921039506  
-0.3187598294  
0.5640416857  
0.09210225339  
-0.1158788207  
0.8813533893  
0.5117390641  
0.9049681179  
1.002440478  
0.6815697734  
0.4466719715  
0.960251054  
0.3127147995  
0.4033953927  
-0.192275352  
-0.3068673585  
-0.6130481926  
-0.4635177244  
-0.6140069491  
-0.4210645625  
-0.8170821153  
-0.02179259646  
-0.6609920643  
-0.4304727878  
0.2784901627  
