-0.07517243369  
2.779369314  
-0.5611917213  
-0.7034422077  
0.8364654294  
1.137693564  
-0.1675117252  
-0.4142754497  
-1.309840346  
-1.07304996  
0.02090369516  
-0.850675526  
2.560152739  
-0.1177072425  
0.6585177544  
-0.06168803224  
0.2519682115  
-1.604459515  
-0.9392370808  
0.3036787518  
-1.113156684  
-0.01835062953  
0.1902108362  
-1.76645683  
0.7258507421  
-0.8176984153  
-0.3799199276  
0.3308809861  
-0.4632586551  
-0.02765992391  
-0.7551607057  
2.168697104  
0.1952434042  
-0.332812129  
1.144555185  
0.6599579311  
1.204838756  
0.9244263165  
-0.465823096  
0.3382961862  
-0.2111245867  
0.7479146488  
-1.107638723  
-1.903070574  
-0.586475181  
-0.9325679475  
0.2082480247  
0.420998439  
-1.187816311  
0.08447446261  
0.4158022823  
1.146380913  
0.486627803  
-0.8897778675  
-1.462859676  
-0.07538112013  
-0.3464781338  
0.4037753375  
0.8494438249  
1.30712644  
0.1063110242  
0.02543589081  
0.3120362356  
-0.904949753  
-0.07553883102  
0.09630091798  
-1.447189036  
0.5136829866  
-0.6669719114  
-1.122811619  
-1.816463397  
-0.1393915379  
-0.0349916496  
0.07042489298  
0.04435120801  
0.3568391332  
0.9212842444  
0.6748441988  
-1.346004512  
1.878919783  
0.02966959763  
0.4929745297  
1.592774647  
0.1450526068  
-0.8834358167  
-0.8512316781  
-1.423455163  
-2.70690965  
0.6425287141  
0.9418964903  
-0.2925837045  
-0.6036826525  
-0.6730905906  
-1.406585249  
-0.2435135543  
-0.8470417046  
-0.7161048374  
3.075070176  
0.695809481  
0.04165421969  
1.703867393  
0.3158817878  
0.10174314  
-1.044017175  
0.5894720029  
-0.1558507135  
1.024153774  
0.7960359786  
-0.2977096947  
-1.573584862  
0.007443983102  
-0.6221995653  
-1.0439308  
-0.2558348377  
0.1164650809  
-0.3900878423  
-1.059253297  
0.3240450595  
0.04182529579  
0.9351430896  
0.5311215156  
-2.116322479  
0.341757564  
-0.6315365665  
-0.9180782192  
-1.133102883  
1.101221098  
-0.07080428871  
-0.7074228225  
-1.037478586  
0.8707465291  
-0.1330172755  
-0.01912981811  
0.4825812701  
1.036932799  
-0.2617493666  
0.03552350675  
0.6325396339  
0.3287582652  
-0.1109260612  
2.324844372  
2.418085549  
0.6781668778  
0.6220981806  
-0.1939956496  
-0.8790773544  
1.647040145  
-0.1098749619  
-0.5245450537  
0.1113753084  
-0.1149740175  
0.1682200669  
-0.4327165125  
-1.952266744  
-1.962888115  
-1.235769928  
1.31226363  
-0.5273920395  
-0.223676102  
0.3053312342  
1.149273188  
1.430071084  
-0.6570903383  
1.775273492  
0.1965063913  
0.2951201456  
-0.1197653452  
-1.226238303  
1.281723636  
0.06780580066  
-0.6009356135  
-0.4903678317  
-0.3198394691  
-1.245978841  
0.9160227311  
1.14619524  
1.394382467  
1.00567603  
-0.3672655692  
0.3989286584  
-0.2897725579  
-0.338934559  
1.390945768  
-0.0062889097  
1.468926763  
-0.9322676024  
-0.838543025  
0.7972188729  
1.60972256  
0.3727545787  
-1.431866345  
1.070571455  
-0.7412688152  
-0.7274013928  
0.6537365528  
-1.287488847  
1.047639416  
0.9797538262  
-0.2292726743  
-1.320058668  
-1.404679962  
0.008053679678  
0.7041791052  
-0.9112175573  
-1.423332989  
-2.056841036  
-1.032289922  
0.4142695412  
-1.798404297  
-0.2741399741  
0.5005240694  
1.933482367  
-0.3728773585  
-0.3165460972  
1.070008075  
-0.2371600145  
-0.6556318231  
-0.401964328  
0.2144921683  
0.2901480795  
0.01471537653  
0.4440638755  
0.9564471644  
2.23658558  
-1.042030908  
3.039329362  
-0.4484253335  
-0.1901268592  
-0.2141109477  
1.079864332  
-0.6559734268  
-1.107715643  
-0.2709008135  
0.4026649799  
-0.01138307113  
-0.6445493699  
0.1635863786  
0.1700614188  
-0.3462523444  
1.276861166  
0.3366448483  
-1.305437062  
-0.1174873669  
0.07959977387  
-1.150691445  
0.3919251869  
1.332033081  
1.32953311  
2.065900571  
0.4814214095  
0.4948806666  
0.7670655276  
0.04967839264  
-0.2959664194  
-1.076265082  
0.4932692885  
-1.034674721  
-1.618015405  
-0.6194535469  
1.648389557  
0.02424531373  
1.200488656  
-1.088983603  
-1.782210664  
-1.197395649  
-1.448111716  
-0.8870836488  
-1.382964479  
-0.185414785  
0.4512777987  
0.8971392005  
-0.7564716051  
-0.25332461  
0.9072448585  
1.272703123  
-0.6403408375  
0.5537367157  
0.6333814722  
1.640465028  
0.8977434267  
0.3173855889  
-0.5252908543  
1.232636151  
-0.5983849555  
-0.9139160461  
0.713753707  
-0.7757345326  
0.8918313562  
0.3615747227  
0.4494245483  
0.7209110284  
-1.289497704  
-0.6209009568  
-0.6575537952  
0.3134147483  
-0.03804317219  
-0.4888442504  
-0.5754542315  
0.3268083405  
-0.4236080265  
-0.7876053009  
-0.1839978932  
0.9827984739  
-1.584898085  
2.047013305  
-0.9667668812  
0.2085596087  
1.75752095  
-0.9350843407  
0.07872648016  
-0.9163523036  
2.267619793  
-0.9943178885  
1.179776109  
-0.8479905427  
0.04329218609  
1.113508888  
-0.4693508632  
0.59896808  
0.2337040437  
-1.331895168  
1.527213518  
-1.633758023  
-2.790388034  
0.003458306637  
0.3336421041  
-0.7039533164  
0.05410013496  
-0.07835258852  
-0.8685263238  
-0.8577972305  
0.3946604345  
-0.4531998264  
-0.1098466814  
0.6582639045  
0.6524088091  
2.072921099  
1.148969219  
-0.4670995653  
-0.5739872541  
-2.004130833  
-0.2435953225  
-0.7356795995  
-0.2687042952  
1.260583688  
1.250131076  
0.02823325209  
0.4773871645  
0.20413647  
0.1372095783  
-0.3519581769  
1.287065905  
-0.06320306275  
1.105791977  
0.8704594684  
0.7925005092  
-1.108979224  
0.2625058165  
-0.03041870653  
0.1332333713  
1.278804383  
0.09646201011  
-0.4772740012  
-0.3475402765  
-1.069722722  
0.1898605609  
-1.172176116  
-1.292782661  
0.1588491568  
3.196390816  
0.8469555703  
-0.1750115582  
0.1168077561  
-1.111986116  
-2.308267544  
0.5940665107  
0.1709323647  
0.9812430293  
0.2859772999  
-0.04062804597  
0.8545325362  
1.611475844  
0.570191931  
0.8141494769  
-1.802512249  
0.6071780608  
-1.152115457  
-0.8722223997  
-1.047711112  
-1.305081672  
0.4009781159  
-0.3775250837  
-1.165600449  
0.4990166978  
1.171404902  
-0.4318628062  
-0.4201047631  
0.9267980448  
-0.4940989116  
-0.863407179  
0.1367583878  
-0.4854989948  
0.4051045536  
0.2273044638  
0.5082119503  
0.0007357932964  
-0.5503530938  
-0.1760944866  
0.5030405205  
0.9235724551  
-0.5444678433  
0.1916317082  
-0.7763605172  
0.3396474076  
-0.1925001752  
-1.182455528  
0.07224725095  
0.2339040595  
0.8227838409  
-0.6250412366  
-1.142065852  
-0.7299121846  
0.3242687246  
1.233952825  
0.7621683815  
0.4369799329  
0.4714595502  
1.672069526  
0.3036416988  
0.5820772365  
0.6582414825  
-0.05263616057  
-0.3254025831  
-0.5642694862  
0.1906044637  
0.5950025761  
0.7027443179  
-0.2311833893  
0.9836349959  
0.3893199015  
0.5087532912  
0.35807421  
1.442283015  
2.230097644  
-0.6545730975  
-1.11907835  
1.23589309  
0.7269968003  
0.742250616  
0.5875475366  
0.1740244165  
-1.132496903  
-0.2243519225  
-0.3494451936  
-1.439773413  
-0.9648044433  
-1.341098799  
-1.064976652  
0.1616805163  
-0.00590935204  
1.27575305  
0.334065579  
0.3663048586  
-0.6157330066  
-0.01239049161  
-0.7375342497  
-1.613781228  
-1.251020243  
-0.5813273221  
-1.33672103  
-1.903112968  
-1.907940057  
-0.8629509353  
-0.6454702184  
-0.4725038249  
0.3213515986  
0.6036269336  
-0.09923371504  
1.526262338  
-0.3111213094  
-0.279589164  
1.032222502  
-0.2218922669  
-0.6129746925  
0.4741480491  
-0.160961821  
-0.5849526667  
1.39219754  
1.090300013  
1.176654148  
0.4378540405  
0.4422375007  
-0.6643699526  
0.09296656402  
-0.5002052776  
-0.01864173134  
0.09488154751  
0.3634621341  
0.3991626736  
0.07739247339  
0.6101718433  
0.7604075795  
0.451357462  
1.658041993  
-0.2854164321  
-1.259248054  
-0.4483521469  
1.171559853  
-1.000016909  
0.2799171116  
-0.3219079801  
1.125668613  
0.4496754278  
0.7657375547  
0.02708608596  
-0.1666431215  
-0.123339049  
-0.5391172027  
0.5258466685  
-0.1514759483  
0.1921084503  
0.650350449  
0.6239285062  
-0.7521160567  
-0.4129811199  
0.09154855624  
-1.726182391  
-0.5792193993  
-2.930858729  
-1.071453702  
2.294861553  
-0.4323194018  
1.855465025  
0.9594410242  
0.5416474153  
-1.080150498  
0.04628126384  
-0.778062168  
-0.3030105422  
0.1939222799  
-1.147134218  
0.08414977976  
1.051683681  
0.05547155774  
1.070332109  
1.354598666  
0.885333567  
-0.1625156421  
0.2845113044  
-0.09344943406  
-0.7761076924  
0.6080561484  
0.8926553284  
-0.5131297727  
1.057138123  
0.3018815365  
0.6766555802  
1.245052992  
1.759660458  
-0.9762799739  
0.252983609  
-0.1654662411  
-0.1993018381  
-0.2009188571  
1.068727671  
0.2997567947  
0.5582996738  
0.89512058  
-1.034831122  
-1.438589753  
-1.26131768  
-0.7387786155  
0.6571564511  
-0.8992122351  
0.2140635572  
-0.4291892121  
1.545256912  
-0.4583310838  
-1.731396108  
-1.109041296  
-1.13468412  
-0.5772840374  
-0.4083503781  
-0.4764808086  
0.2179442663  
1.228964734  
-0.0254817169  
-1.136446922  
0.8501066543  
-0.05401964145  
-0.4780030256  
0.2618939579  
-0.2656992943  
-0.4017670897  
-0.2515411865  
-0.5297432797  
0.9801183211  
0.2923481739  
-0.01730742001  
-0.1121415595  
-0.6328650575  
-1.007229726  
0.09054202206  
-0.2138954668  
0.819882322  
-0.3989949585  
0.05865002439  
1.235035551  
0.1830247223  
0.3246903131  
0.5199628538  
0.8235320651  
0.3077560852  
0.4824189454  
-0.3229110775  
0.6380913809  
0.8871438766  
0.6547625509  
-0.4272829101  
0.3123660122  
0.441912815  
0.5436541657  
-0.06788181706  
0.210397024  
0.157273968  
-0.6706276945  
0.3680422492  
0.4946791695  
0.6178315291  
0.3251520566  
-0.1605263654  
0.8533079836  
0.6425058519  
-0.1253203899  
-1.079802152  
0.1251301138  
0.3008799673  
-0.8764091604  
0.3604460691  
1.047887676  
1.17622642  
1.349638092  
-0.4458564522  
0.8927590157  
0.6445969546  
1.006205295  
1.339448138  
1.108475344  
-0.3224244569  
-0.3848143551  
1.102936421  
-1.21122535  
1.673228393  
-0.2096802248  
-0.9697197787  
-1.149334257  
0.4523653373  
-0.5828308763  
-0.6344513145  
-2.008020419  
-0.02247157745  
-1.960339207  
-3.203823695  
-1.289337661  
-0.1611369293  
0.1233896205  
-0.1267003528  
-0.6553480398  
-0.1484460288  
0.5815060533  
1.465690917  
-0.9700027203  
-3.539417108  
-2.646474436  
-0.4470550931  
-0.3347631477  
-1.071311619  
0.3512226471  
-0.9157191134  
1.890671926  
0.1270351325  
0.8719753548  
0.4958826169  
1.314110753  
1.179168389  
0.8460155529  
0.04714647242  
1.637700703  
0.1567637877  
0.9413089389  
0.266958431  
0.5123209669  
0.993483147  
1.693214743  
1.505132207  
0.6141544199  
0.1370530808  
-0.3422165575  
1.006544663  
-2.297264179  
-2.179625361  
0.6153663226  
0.4299843306  
-0.6348355319  
0.352731961  
0.09775059554  
-0.2268351391  
0.9436406181  
0.9329037227  
-1.325397222  
-1.362033508  
-1.633797088  
-2.066772351  
-1.578022733  
-1.199578184  
-0.860967884  
-1.967498895  
-1.344189936  
-0.8808315269  
0.8161602152  
1.432814108  
0.7764491178  
1.314992589  
0.5958847414  
1.18906244  
1.431017348  
1.836057378  
1.939820006  
1.614886228  
0.7950486562  
0.1491284361  
1.253086301  
-0.06454771414  
1.13306306  
1.823820571  
-1.886737144  
-1.000967857  
-0.7200261712  
-2.25557181  
-2.501000751  
-0.6173640017  
-0.5835399135  
1.279864222  
-3.420316731  
-1.444742616  
-3.390955137  
0.7732698301  
0.1304892917  
1.858618046  
-0.7663941879  
-1.941301271  
-1.697181711  
-2.14564693  
-0.7871133508  
-2.082175836  
-0.8391427688  
-1.056698621  
-0.5864110896  
0.4548937408  
0.1608350918  
-0.1992138375  
1.559792975  
1.066228339  
-0.7356963582  
0.1849213259  
1.211723815  
1.889162243  
2.017940602  
0.8943506178  
0.6600458366  
1.141128001  
1.305065071  
-0.5592058426  
0.7459392464  
-0.04127203563  
-0.03817050127  
-0.2933978284  
-1.958688004  
-1.221427192  
