-1.739165758  
-1.379220753  
0.1016105002  
-2.12230574  
-0.2070760999  
-0.7467637962  
1.709534523  
0.2950460138  
-0.2364818362  
0.6761187254  
-0.7512038377  
-0.695179509  
0.5923329574  
0.4539271176  
1.595773774  
0.6169749731  
1.429416824  
0.3350578314  
0.7058188349  
-0.4657321786  
-0.4537490423  
1.043159658  
0.4432141657  
0.9871314834  
1.152328477  
0.864223097  
1.294058508  
-1.490134072  
-0.09710378978  
-0.1173879738  
1.418112459  
0.2614396886  
-0.8095654723  
-0.3814445948  
0.5116817065  
-0.2531071428  
0.2204294639  
0.6911540227  
0.1521010619  
-0.6904377236  
0.1004493762  
0.05263621177  
-0.1117883423  
0.116326219  
-0.5900308796  
-0.2640607168  
-0.329412495  
-0.196807502  
-2.439086445  
0.8106152172  
-1.940527625  
0.1775682261  
0.4312811345  
1.235913237  
-0.04049200594  
-0.7814854369  
1.014671738  
0.2528405184  
0.9245842681  
-1.286533573  
0.2415937521  
0.1822530263  
-0.5763731389  
-0.5345499745  
0.5446117292  
-0.937328626  
-0.5742686441  
0.7975642398  
-1.551525631  
-0.7003582335  
-0.0009899133951  
0.5400024564  
-0.8279974819  
0.2448466959  
-0.08310974596  
0.0961794066  
1.20055224  
0.4858043869  
-0.1301310838  
-0.1775883253  
-0.8062538768  
1.02645679  
0.6259284858  
-0.1231585379  
-0.2939983217  
1.635368314  
-1.37640772  
1.716503105  
-0.8430655066  
0.02559049965  
-0.9380148593  
0.7382544615  
0.93337877  
-2.164697179  
0.9249461147  
0.230690404  
-0.4355759856  
1.189468263  
0.4302302471  
1.026798933  
-0.7580029882  
0.1958698362  
-0.3239314952  
-0.3908356201  
-0.7462810249  
-1.040674452  
0.3410094656  
-0.6734592998  
-1.0183696  
0.06868168604  
-0.09701122686  
0.8571230897  
0.5291320608  
0.2810485889  
-0.2974749521  
0.3952279953  
-0.2256962096  
-1.131582421  
0.1567741661  
-0.7395917374  
-0.1443985289  
0.7056059357  
0.6183706761  
1.892334564  
1.55873873  
0.1981597615  
-1.165446945  
0.2920982014  
-1.492510135  
-0.86005859  
-1.271214813  
-0.4949753439  
0.6937715089  
-0.1044012722  
1.422892349  
-1.015245693  
0.2314962317  
-0.4876913264  
-0.4904037835  
1.53047117  
0.8192441194  
0.03711737508  
-0.4439284955  
0.8700859659  
-0.7273328333  
-0.5216677266  
-0.05947982546  
-0.9214883414  
-1.097295318  
0.8500826509  
0.04943163934  
0.2664461672  
-1.125600097  
-0.2948510286  
-0.5727536933  
2.551650029  
-1.36954765  
1.072392515  
0.5114755905  
0.2132810073  
-0.5987666218  
-1.747011629  
0.3624139834  
0.2645027128  
-0.7784506653  
0.9101699793  
-1.301533507  
-2.791246349  
-0.3236169422  
-1.152472599  
1.493758061  
0.1428376922  
1.638236106  
1.982525255  
-0.2003672495  
-0.2476245513  
1.393201941  
0.6593675328  
0.5391238931  
-0.2646888481  
0.8584991528  
-0.6729865601  
0.0702077098  
2.029688644  
0.1617340161  
-0.4398200344  
0.4279251717  
-0.634828022  
0.5339011391  
-0.8322676981  
0.8731115476  
-0.08987910592  
-0.03960231247  
0.2768885226  
0.2732217883  
1.415531499  
-0.3386615444  
0.5404902129  
-1.261332412  
-0.9418757278  
-1.832336972  
-0.5805395883  
-0.2415224674  
0.2969509083  
-0.1451776567  
-0.3526833425  
0.3423586736  
0.05699716372  
0.7001659626  
-1.287757551  
0.4997339768  
0.1275423642  
1.30730073  
-0.9634838404  
-0.4028931022  
0.3485470687  
0.7140787619  
-0.7296580677  
0.4823629219  
1.323587187  
0.3769099929  
-0.5121188139  
-1.159610941  
-0.3167661982  
-0.5688334198  
1.075747765  
-1.493631542  
0.0004904683891  
-0.506611378  
-0.01431548556  
0.009642857659  
-0.2648350386  
-1.04481498  
0.7553747404  
-0.4505483821  
0.8671143213  
-0.8196942593  
-0.9206997287  
-0.801785098  
1.10661529  
1.008360148  
-0.4861980258  
1.633783818  
-0.03053890653  
-0.7473523032  
2.32897153  
-0.7589619248  
1.566459481  
0.4168216233  
-0.3604064619  
0.5238883154  
-0.5255810859  
0.7482630351  
0.08692270052  
-0.9578408297  
0.05747815484  
1.319983109  
1.201697533  
1.417963651  
1.035241905  
1.946109432  
0.6117104775  
1.333176962  
-0.4366709129  
2.037107294  
1.14366281  
-0.1601728682  
0.8757786215  
-1.821299095  
-1.663427604  
0.1937555717  
-0.3069842729  
-0.4659358885  
1.535404355  
-0.3133724066  
0.1188755791  
-0.3628546825  
-1.021247818  
-1.096919185  
0.1391425967  
-0.3395068007  
-0.8705659949  
-0.4594428723  
-1.084963039  
-0.9262800783  
-2.409734016  
0.7276795409  
0.9753226868  
-0.1209029237  
-0.615869661  
0.1459493293  
0.2154074989  
-2.017701034  
-0.2022840911  
-0.1133967196  
0.132852773  
-0.07342710489  
0.5901409227  
-0.9763924739  
-0.39350567  
1.684731372  
0.4048720078  
0.2198110418  
0.5475557468  
-0.5929288432  
0.753741649  
-0.1416700282  
-0.5024503873  
1.12293093  
-0.2959419389  
-0.6581740095  
0.09924032739  
0.2460314041  
0.8193370791  
0.6816961654  
-3.145083125  
-1.259433954  
-1.175982487  
-0.8324207802  
0.1388593737  
0.2083666336  
0.005086318648  
-1.583857557  
0.6608781268  
-0.7817061673  
-0.3761088727  
2.823570473  
0.3157141529  
1.86284538  
-0.6919647004  
-0.8757331225  
0.6604749787  
-0.9519214845  
-0.4441513773  
0.3816075806  
-0.4807609282  
-0.16035811  
0.01522689038  
-1.431962171  
0.8710752521  
0.935498763  
-0.8755091318  
-1.458965645  
0.8903313905  
0.969108061  
-0.109425976  
1.538366323  
0.2186303533  
0.4498091169  
1.076228154  
1.023200707  
1.039605501  
1.268383441  
-0.7601007467  
1.379685701  
0.2646549833  
0.1893684719  
1.630082497  
-0.8342341713  
-0.06274563855  
-0.864806702  
-0.05717488447  
-0.4790874419  
-2.148186402  
-1.373235944  
-0.3580761132  
-1.120810821  
-0.521300242  
-0.4353035675  
-1.956361347  
0.3752019359  
0.1457908189  
0.866447668  
3.096117895  
1.662744867  
0.2309314153  
1.819792381  
-1.097852289  
-0.5379208358  
-0.6356851597  
-0.6342665309  
0.2417487864  
-1.273735019  
1.169591328  
-0.6530157865  
-0.564849678  
0.697961344  
0.44579632  
1.544226247  
1.236955407  
0.4976524865  
1.024006062  
-0.01944748335  
0.7432415127  
-0.7469035212  
0.5337772639  
1.567536408  
-0.2341741211  
-0.2386151209  
0.6866149218  
-0.259547526  
-0.3566510801  
-0.4397144274  
-2.26289759  
-1.105489751  
-0.1240065215  
-0.3874166921  
-1.657718834  
-2.544506691  
-1.293291531  
-1.110721683  
0.477529662  
-1.009033794  
-0.9238079022  
0.504426261  
-0.9333665915  
-0.1970406209  
0.01729183367  
0.831059304  
-0.4886512892  
0.836244016  
1.503764534  
1.015501707  
2.314463786  
1.496481702  
0.2273915295  
-0.6927907806  
-0.9262956429  
-0.9667637932  
-2.242414494  
-0.2027842308  
-0.2382575048  
0.8556927081  
0.9961193985  
2.102734393  
1.507931285  
1.073859597  
0.4991986723  
0.7918650525  
0.3775257862  
0.1578589866  
-0.7229783595  
-1.000368816  
-0.5842873376  
-1.020774798  
0.2010132958  
-0.6915862711  
1.139565379  
-1.150834165  
-0.7863371204  
1.037698067  
-0.4037743149  
0.1812128996  
0.8409868609  
0.8315973542  
-0.7777593835  
-0.89641855  
-1.455893058  
0.3812675129  
-0.6983528396  
-1.347902878  
-2.097008551  
-1.744269068  
-1.812350096  
-2.107414957  
-0.2891700377  
1.165105182  
-0.02392995574  
-0.5399443964  
1.769174499  
0.8799396519  
1.834789951  
-1.353793642  
-1.115834896  
-0.7519162262  
0.8862041038  
0.5999587898  
0.6514834977  
0.9683775826  
0.966770736  
0.7168890648  
1.364114925  
0.5239824202  
1.401591525  
-0.3664847822  
0.7370517967  
0.0972209305  
0.5380078983  
-0.764319115  
0.2906170743  
-0.7670376167  
-0.4813212978  
-0.5040620769  
0.206579159  
1.022454745  
0.3185672629  
-0.1227926199  
0.4863784179  
-0.1647169027  
-1.009914932  
0.677474444  
1.235845883  
-0.1054033659  
1.697840179  
1.327520712  
0.810624637  
0.08633932231  
1.555439074  
-1.328159196  
0.4686184571  
-0.5444968994  
-0.6645523578  
-0.975253943  
0.1024333368  
0.8596432309  
0.4023047001  
-0.5370613089  
-0.8307108452  
-1.080738429  
-0.3844254157  
0.3680583412  
-1.088285747  
-1.224088218  
0.7570587265  
1.134762963  
-0.4116865706  
-3.619876479  
-0.9877651527  
-0.2135437072  
-1.609376604  
-1.334375488  
-1.185891922  
-0.554205187  
0.03417129055  
1.005084635  
0.00719150995  
-1.248229336  
0.8131806225  
0.3550124541  
1.231820185  
1.694897007  
-0.002071375767  
-0.4646770371  
1.072510772  
0.002542316396  
0.9596502992  
0.5791632393  
-0.2216718085  
0.7921730241  
1.605342817  
0.02667939008  
1.319122954  
0.5475686928  
0.1873604873  
-0.2921631871  
0.5930355739  
-0.7985443618  
-0.01307166401  
-0.3810658075  
-0.747135081  
0.166871353  
1.066844681  
1.644994793  
0.4804834958  
1.485058851  
0.9358198114  
2.705563117  
2.536279511  
0.1472590274  
0.10073682  
0.497504466  
-0.1767165393  
-0.2564305783  
0.03981115374  
-2.010409228  
-1.962611971  
-2.060288008  
0.9767723085  
-2.376409377  
-1.274474101  
-0.3415820141  
-0.09341659893  
0.7163497063  
0.2529372638  
-0.5965456641  
0.3916739675  
0.9753594722  
-0.07349092858  
-0.1623677891  
-0.8421911632  
-0.3543824842  
-1.136502274  
-1.975169838  
-1.017480232  
-1.204547786  
-2.5041715  
-1.748354167  
1.236167138  
-0.08158054303  
-0.1666860183  
0.3240510851  
-0.03825508566  
-0.92252227  
1.383287618  
0.5169353541  
0.1938328959  
2.986394088  
0.5205144844  
1.534386638  
0.4210077831  
0.4897422789  
0.1027042043  
-0.3611479393  
0.2944473062  
-0.5753886234  
1.405539214  
0.5308106218  
0.5436336057  
-0.1149348761  
-0.6008133369  
-0.7507749666  
-2.423438532  
-1.540050489  
-1.67312943  
0.5271648666  
1.970209602  
0.8600452873  
0.8520131867  
1.420588849  
-0.862624901  
-0.06595530213  
-0.1300412922  
-0.4837183752  
-0.1218538398  
1.228970543  
0.1724073234  
-0.8064215151  
-0.8125751107  
-0.5913082842  
-1.39288111  
-0.2367003915  
1.612512329  
0.6557357393  
-0.08022770353  
0.8642616065  
0.3325854496  
1.319515394  
0.1436190656  
0.8340455113  
0.4530216179  
0.006122000364  
-0.187977154  
-0.838624868  
-0.967371711  
0.1294229434  
-0.6494005073  
-1.773130798  
-0.5020560823  
-1.406440281  
0.3445274188  
2.11276384  
-0.1464099367  
2.172369588  
-1.593606627  
0.5527775807  
1.036186652  
1.026734526  
1.058909764  
1.508285754  
-0.6693068757  
1.205390375  
0.5192086758  
1.908938887  
0.2191182653  
-0.02280371448  
-0.3631025944  
-2.369013387  
-2.245154783  
-1.584718696  
-1.493462566  
-1.53376939  
-1.86056912  
-1.029510949  
-0.6572221757  
0.01716860542  
-0.2425564425  
-2.309942524  
-0.9034640999  
-1.118330861  
0.2672315028  
-0.6829587469  
-1.455992796  
-0.3248534281  
0.150509248  
0.2792589478  
-0.2366571382  
0.8974224495  
-0.4620538472  
0.1918087664  
-0.8328184941  
-0.4164511722  
-0.1719108879  
1.758768264  
0.8477791358  
-0.4898664893  
0.6818151468  
0.2764453462  
0.5718268363  
0.7794172375  
0.7008617283  
-0.3418446649  
-0.6517051777  
1.085780533  
-0.2309359523  
-0.007373875793  
1.046391208  
0.09465114734  
1.31181282  
0.7574641448  
0.6400369097  
0.9639069517  
-0.04219810107  
0.8387130473  
0.7209894009  
1.091617975  
0.346430913  
0.9497372894  
1.044834548  
0.8016128591  
0.1522563525  
-0.9774673505  
-1.124661299  
-1.307251738  
-0.2596111924  
-1.058042102  
-0.8649811182  
0.6881537522  
-1.401247886  
-1.502547835  
-0.769023848  
-0.1161015932  
-0.1213818852  
-0.7387650604  
-1.536365713  
-1.2159151  
0.2465673833  
0.5919639044  
-0.9307843587  
0.2062725824  
1.430708188  
-0.1451136562  
-0.3780471397  
-0.3622115833  
0.9812225158  
0.8405268522  
0.2105689985  
0.7034290061  
0.1080548182  
-0.2044623468  
-0.1346988645  
-0.9320149895  
0.1917146861  
2.080982693  
1.393546761  
0.1244110546  
-0.7527932724  
-0.4999671917  
-2.06464729  
-1.353168017  
2.209554234  
-0.9615375516  
2.497599325  
-0.1712830649  
-1.917253796  
0.1659399863  
0.1845233596  
0.8437319361  
0.623469561  
-1.381710335  
