1.961911954  
-3.39150136  
-1.516083961  
-0.9445417498  
-0.6391609337  
1.668771616  
0.6507168928  
1.010932631  
2.356493228  
-1.07740539  
1.309073273  
-0.5112829755  
0.7097813418  
1.131270083  
-1.107763841  
0.6288134431  
-0.1961109979  
-0.8295443137  
-1.237382423  
-0.5157736982  
0.4370387969  
-0.2659639834  
0.5018121946  
1.404362411  
0.6417718191  
0.1333990163  
-2.292660161  
-0.6643282789  
-0.743277461  
-0.3181979617  
0.9660129005  
-2.336561417  
0.2089406484  
0.5372413139  
0.3297360801  
0.5567201179  
-0.02104504652  
1.605714996  
0.9054764948  
-0.5063561026  
-0.9217191893  
0.7624145336  
0.306233245  
0.849368025  
1.34233246  
-2.157628586  
-0.6414141308  
-0.881403535  
-0.1206535245  
1.151294204  
-0.5502569694  
0.1693790955  
-0.2604293545  
1.690960815  
-0.9019329191  
-0.0667807475  
-0.448163486  
-0.3785012841  
1.398720873  
-0.7445944127  
-0.3064209927  
0.186826992  
0.1611644673  
1.263359492  
1.030009181  
-0.4821246653  
-0.07298810776  
-3.398168452  
0.4715453722  
-0.5109397275  
-1.52189282  
1.218578845  
0.8973783935  
-0.06770732635  
-1.878652745  
0.3543912896  
0.9808929478  
0.08669037902  
1.029399598  
1.785094892  
0.3572079896  
1.037055848  
-0.2498284977  
-0.3152138943  
1.633185102  
-1.451560707  
1.048699199  
-0.04307192065  
-0.3882941843  
1.08291914  
-0.2240629263  
0.6247694636  
0.4520091868  
-0.2419006163  
-0.08692925962  
-0.1956518218  
-0.1280186596  
-5.582395622  
1.028701922  
-0.01645866298  
0.06553246453  
0.02727468554  
-1.955855509  
0.3767010985  
1.231235584  
0.4295163067  
0.9923209668  
-0.01089399608  
-1.419235164  
-0.6628467574  
0.07311993622  
1.818785618  
-0.7076725579  
0.9968691088  
-0.6166052679  
0.5961618076  
0.3186075906  
0.3041234538  
1.66666237  
0.09778077613  
-0.1191295794  
-0.2228400723  
1.459209273  
0.842832795  
0.4402452373  
-1.487228533  
-1.022194198  
-0.4269774773  
-0.9214080868  
-0.6031614151  
-1.546743176  
0.24665813  
-0.3906612772  
0.9129576536  
2.323027905  
-0.07453634562  
0.5518649789  
-1.622549425  
1.724913828  
0.8594873418  
-0.05252077988  
-4.020064399  
0.5237916656  
1.231750611  
-0.4924420478  
0.6295407702  
1.228954239  
-0.6416406602  
1.318021217  
-0.9712749294  
0.7571507116  
-1.915356754  
-0.6121892209  
0.3273674032  
-0.3413984629  
-1.599721153  
-0.8516545232  
1.046551648  
0.2661804193  
1.050980443  
-1.855120928  
0.9542457719  
1.430462756  
-3.956766726  
0.9143921929  
-1.340923654  
-0.1864234758  
1.654670209  
-0.8738186055  
0.1664377133  
-0.005923882451  
-2.785354567  
1.019465414  
0.6288809264  
-0.7243576054  
0.5640663727  
-2.017180767  
0.08518874257  
-1.885224835  
-0.09755732398  
0.5853492332  
0.622607325  
0.5823091902  
-0.8270191866  
1.222618049  
2.173172035  
-0.6417518622  
0.06652262038  
0.7003829832  
0.4594594489  
0.4436528356  
-0.6574907989  
0.8448679331  
-1.452102434  
0.5350257152  
0.2508836194  
1.150171729  
0.9657676694  
-0.7040818716  
0.6805197281  
0.9396514521  
-2.397160862  
-0.7907310173  
-0.1898322934  
0.4644863009  
0.2846230525  
-1.491513348  
0.1979452308  
0.08045126444  
0.1357752566  
-0.7603406935  
0.5533931177  
0.6815626779  
0.1740220761  
0.4899432501  
1.174027574  
0.5514265483  
0.01953705935  
0.6026998994  
-1.185070585  
-0.1709077976  
0.751806686  
0.4253803246  
-0.4491195709  
0.546374997  
-1.076794189  
0.3554417139  
-0.1198160279  
-0.7063788046  
-0.2957947606  
-0.1353722888  
1.785072891  
-0.02935777696  
-0.2695702183  
1.017204688  
-1.179093311  
-0.3119746567  
0.324418108  
0.1164023448  
0.5442913544  
0.3850270749  
0.04104707331  
-0.6383521766  
-0.5547727707  
0.2558664094  
0.02176101819  
-0.3533265015  
0.2074349688  
0.2157297911  
1.06863547  
-1.116512253  
0.2022386694  
-1.265018203  
-0.6392628947  
-0.6669121708  
-3.64224025  
1.92031069  
1.251122927  
1.238500746  
-2.017754375  
0.9612823115  
0.1896482395  
-0.8894877754  
0.752904896  
0.5935467454  
-1.070646748  
1.015096225  
1.319832346  
0.7937756877  
0.1899994814  
1.245914832  
-0.1889156401  
-0.2170857003  
-0.8593382296  
-0.0247707738  
0.711567585  
0.8996828419  
1.433384539  
-0.7889848917  
0.299076098  
0.6621157665  
0.4468705638  
-1.029633069  
-0.4791004459  
0.558760034  
0.214826107  
-0.2531655672  
0.8616480635  
-2.412285701  
-0.5695832639  
-1.161225616  
0.2123028032  
-0.9055211881  
-1.707653915  
1.09389602  
-0.5508814912  
0.9182438064  
-0.342501938  
-0.3629886537  
0.01669584019  
0.4889410111  
0.5440818793  
1.322586297  
0.2516600969  
1.009094641  
-0.7285737911  
1.235401387  
1.674970588  
0.9162808012  
0.852140685  
0.200688811  
0.9255886538  
1.213109542  
-1.921553421  
-1.620248747  
0.1698592184  
-1.365855055  
0.8083351736  
-0.8109633546  
-0.6417819451  
0.1718359943  
0.5593662341  
1.592714653  
-0.3710513888  
-0.8104088052  
0.002497445211  
-1.496127714  
1.191478261  
-1.682131127  
1.212140471  
0.3248963808  
-1.293308706  
-0.001005666416  
1.289963209  
0.1748817972  
0.09705056437  
-0.6902376206  
0.3747060006  
-1.458899892  
-3.778490611  
-0.5682557552  
0.192844855  
1.216087228  
-5.458383433  
0.2182073475  
0.3347613447  
-0.1554106509  
1.57346241  
0.9711441406  
-0.8576155448  
0.5848853511  
-0.5697100878  
0.9727423535  
0.1371247239  
-1.291839497  
0.8085078149  
-0.5105204013  
-1.751894293  
1.199192187  
0.1847917908  
-0.2700752648  
1.084490406  
0.0822404205  
0.2455776886  
-0.08543609215  
-0.07876123335  
-0.03779751996  
0.3837628258  
-1.792997523  
-0.3725174674  
1.641551757  
0.05922353222  
-0.4516923053  
0.4340833129  
0.6609771934  
0.400272422  
-2.739271845  
1.072791151  
1.222684571  
-0.2342199534  
0.8903531834  
-1.240736046  
-0.251279015  
-0.2094976375  
0.3846950837  
-1.091177084  
1.204243547  
0.06254929778  
0.4161207212  
-2.080206148  
0.5733891421  
-0.5591208927  
1.546122218  
0.22450406  
-1.053031709  
1.997043874  
0.4023198787  
-0.3165228853  
0.8473236159  
0.06407487286  
-0.341470872  
0.659668788  
0.02514270974  
-0.3910471822  
-0.7656932264  
1.066515921  
-0.5933811445  
-0.7282034822  
-1.026427195  
-0.03171302654  
0.3723230549  
0.2084417017  
-0.7727746322  
-0.9067473635  
-1.013963525  
-0.4626781327  
-1.67611724  
-0.1415474144  
-0.5817774918  
-1.256306523  
0.7488346737  
-0.5712360819  
-1.321159481  
0.4342067964  
-0.2257366818  
-0.2693989056  
0.434054101  
0.830261075  
-0.4013751463  
-0.9573802708  
0.4770336717  
0.0316320534  
1.450648684  
0.6796362163  
1.117904337  
0.7990578559  
1.111565351  
1.371211725  
0.6349205362  
1.207544715  
-0.06837272915  
-0.04923483039  
-0.9971928902  
-0.7620181677  
0.4381488776  
-0.04766991628  
-0.3596983026  
-0.369013926  
-0.5095985423  
-1.122304474  
-0.8484240929  
-0.4550254504  
0.8470625141  
0.05628179372  
-0.81869542  
-0.1670404711  
-0.05003163455  
-0.9910495323  
-0.3671800259  
1.954689454  
0.9077357666  
0.8488472257  
0.8065427459  
0.019662796  
-0.6347746258  
0.9197530011  
-0.4861446155  
-0.2045976743  
0.7585515307  
0.5599830631  
-0.4241082746  
-0.3981666822  
0.7567749717  
-0.3133323479  
0.08807392887  
-0.1834130899  
-1.351178785  
0.2455366111  
-0.4825543509  
0.4480746445  
0.6484724469  
-0.2411578383  
0.652552846  
0.6178823133  
0.293418191  
1.453389614  
0.4156696173  
-0.7968264927  
-1.138614647  
-1.008692919  
1.765072098  
1.871800026  
0.5972283172  
-0.07792269195  
-0.258420361  
-0.4037654151  
-0.5647742701  
-2.152052687  
0.1005029701  
0.7614886254  
0.6779371009  
-1.351932722  
-1.257506114  
-0.4054592921  
0.7643578102  
0.5113693564  
0.06549904799  
0.5723104625  
0.03298206684  
0.4410021076  
0.1050657688  
-1.287019631  
0.875323009  
-0.07368156438  
0.9526197357  
1.360768047  
0.8106917377  
-0.2776010017  
0.03331068571  
-0.07727783737  
-0.6754754972  
0.128330724  
-0.1522473961  
-0.7472792526  
0.20134617  
-0.7813640526  
1.449432477  
0.2235894459  
0.1951000069  
0.1968936264  
0.2971870407  
-0.6030294571  
-0.7784315916  
-0.5801746686  
0.8432112077  
-0.06526404793  
0.4714874719  
-1.482756201  
0.1032449703  
0.2608582522  
-0.4087013015  
-0.3647863386  
-0.1523425921  
-0.792185432  
-0.7845253792  
-1.709321504  
0.1346700553  
0.4294421264  
2.02022646  
0.3363070157  
1.460323721  
-0.4429537764  
0.01835981466  
0.142498031  
0.2646632058  
0.4563134324  
-0.2801329309  
1.259374043  
-0.445883176  
-0.3514346099  
-0.1503581496  
-0.5145176794  
-0.1527748336  
-0.04211850158  
0.9266654756  
1.385331233  
1.109039392  
0.9203729306  
1.122532636  
1.19931264  
0.1653585664  
-0.1013869175  
1.519637006  
-0.2913553767  
-0.215459906  
-0.4403185988  
-2.768985214  
0.2369088333  
-2.155764243  
-1.337322428  
-1.847571555  
-0.6449625536  
-0.06192920752  
0.01627461129  
-1.005055512  
-0.4122711864  
0.5047926821  
-0.8217820427  
0.1451773502  
-0.9901578912  
-0.9898501978  
-0.3947470946  
-0.9550169815  
-0.04771748625  
0.6028094667  
-1.149678836  
-0.5796834649  
0.4314844327  
-0.4401986439  
0.73884838  
0.9697506133  
1.133080092  
1.20601504  
1.536473188  
2.026063765  
0.5319450695  
0.8888205551  
1.018910328  
0.04717675851  
-0.5113032934  
-0.3454872662  
0.9670605887  
1.079994216  
0.1171222846  
0.05847780183  
-0.588644262  
-0.614898772  
-0.6605385379  
-0.2868739947  
0.818920454  
-0.681045777  
-1.032425785  
-1.253758182  
0.1877543267  
-1.234464795  
0.3423958981  
0.6804879671  
0.3525607308  
-0.5113456545  
-0.2507034067  
0.2782763506  
-0.3576249734  
-0.6276881688  
0.02004013838  
0.000733805936  
0.17156559  
0.457915751  
0.1134413804  
-0.5188706912  
0.2726322846  
-0.4363111614  
1.356150693  
1.735121753  
1.279238141  
1.15638694  
0.936139123  
0.9278286499  
0.5418826413  
1.823570528  
1.521134174  
0.22815995  
-0.6156053579  
-0.3460427499  
-1.079330556  
-0.599434298  
-0.8769377462  
-2.320579504  
0.8556077579  
0.4555833266  
-1.145618382  
-1.180870935  
0.2004002809  
-0.3843899994  
-1.220692092  
-0.9841473007  
-0.08279968705  
-2.148599015  
-0.7019461765  
-1.020457324  
-0.2605086425  
-1.091960844  
-0.5405677546  
-0.3387076553  
1.745534442  
0.4980395966  
1.035544519  
0.932758152  
0.6735254734  
0.8744807002  
0.04595505826  
-0.3536026538  
-0.4543375645  
-0.4442391553  
0.1109828407  
-0.3971012747  
0.01913015559  
0.3636548799  
-0.3682533739  
-0.4674269872  
-0.5613696207  
0.9501431911  
-0.05685100199  
0.6124215217  
-0.8195887113  
-1.136193807  
0.4918628103  
0.339048347  
-0.5784093395  
-0.1605734076  
-0.9986136749  
0.2430857183  
-0.5392257597  
0.1807606  
0.5746824259  
-0.8799448267  
1.496568437  
1.376880408  
0.6975279622  
1.168550991  
0.5035296284  
0.1199366732  
0.7854579814  
-0.4520366154  
-1.287276881  
-0.4514590111  
-1.228222926  
-1.117454441  
-1.582307912  
0.5063496783  
-0.4813415258  
-0.4960846719  
-0.4153848068  
0.716316428  
0.04945388907  
0.1039476432  
-0.1794464644  
0.4639724198  
0.2907005683  
1.268379751  
0.6976293251  
1.272861701  
2.59338961  
0.151106983  
0.2855859801  
-0.9086531607  
-0.803159073  
-1.320681216  
0.7211647683  
-0.06102160756  
1.232433617  
1.006296948  
2.181860334  
1.143176982  
1.45686075  
0.03134410109  
-0.8390733887  
-0.8405977513  
-0.8815240748  
0.3143446957  
0.03679307748  
0.1114037596  
0.4244560179  
0.06299477055  
-1.25887242  
-0.6055096144  
-1.277427958  
-0.1316839834  
-0.1666395068  
0.2197470092  
-0.2785317922  
-0.05610082438  
-0.8246073054  
-1.540175365  
0.2808252649  
0.301629071  
-1.92508403  
-0.4156027237  
-1.011889737  
-0.2494566016  
-1.115466018  
1.336297852  
1.08664045  
0.3297587171  
0.953901958  
-0.9253261742  
0.815195411  
0.4805848285  
0.7243772513  
1.001830165  
