-2.490800136  
-1.972593139  
-1.531235503  
-2.073508895  
-1.846375252  
1.209382104  
0.8588812332  
1.473474324  
-1.387682001  
0.57808543  
0.6089263497  
-0.05420239884  
-0.1674921754  
-0.06810844088  
-0.2718196568  
-0.6093333967  
1.100228212  
1.061205778  
2.424929126  
1.122712532  
1.591590619  
2.12627942  
-0.9907193223  
0.7307302991  
0.203513029  
1.381308757  
1.007255995  
0.3641121726  
2.16775975  
0.03639071538  
0.431379704  
-0.2317440155  
2.261394401  
0.04479239461  
-0.4065743678  
-0.002274610054  
-0.8040106835  
-0.3469987534  
-0.6133611596  
1.031865151  
-0.1648154379  
-1.430704874  
0.4941374436  
0.6632467597  
1.44697528  
-0.321491691  
0.8792949044  
0.02745908266  
1.098885827  
-0.7496859016  
-0.1022199412  
1.303411567  
-0.2994839439  
0.1884685518  
-0.8844653576  
-0.2654528531  
-0.7558610024  
-0.6270813082  
-0.9297337266  
-0.6957254117  
-0.5461562552  
0.3946556853  
2.995233314  
0.3668411521  
0.6986585332  
-1.99272203  
-1.46142643  
-0.6619474457  
-0.2598598409  
-1.041142937  
-1.456157287  
0.04880164715  
-0.4390014057  
-0.340183736  
-0.8273834311  
-0.336371175  
-0.02807251182  
-1.040521045  
0.2905624986  
-0.3857818869  
0.07039163456  
-1.388937744  
-1.035274209  
0.561391065  
-0.3721265031  
0.5778148991  
0.7448328886  
-0.8679816242  
1.479081038  
0.1570174954  
1.384341724  
0.3721472176  
0.6743970002  
0.9115064364  
-0.5006018968  
0.3901545619  
-0.5052593991  
2.342684191  
-0.5772346084  
-0.4838080847  
0.3127819713  
-0.671873182  
-0.06117325146  
0.09579109378  
0.8668804152  
-1.764119771  
-0.1137729157  
0.7733489394  
-0.3888617785  
-0.5862332019  
-0.8693575725  
-0.3321050739  
-0.02867649447  
0.1253448835  
0.2258486825  
0.4177651777  
1.495674386  
1.152859935  
0.5019693907  
-0.3587660338  
-0.2745861252  
-0.7286892123  
-1.942468687  
-1.529693571  
0.5284406023  
-0.3814500028  
0.6898947015  
1.688832347  
1.071611033  
0.1947433026  
1.431790288  
0.4849789847  
1.281675689  
1.010430558  
0.8165216933  
0.380551715  
-0.7581828576  
0.9756134443  
-0.1092029502  
0.5646746451  
0.008973074762  
1.035157696  
-0.1148315992  
0.8079085683  
1.396758393  
-0.5950346385  
0.4453084898  
-0.4901482194  
-1.231822402  
-0.6573318921  
-0.8864636829  
-0.320459837  
-1.570364576  
-0.2166876213  
-1.067113801  
-0.4885666805  
-0.542564182  
-0.8364763261  
0.3021665252  
-1.639797358  
0.06979755583  
-1.001152669  
-2.167972282  
-0.8841294224  
-0.3793768774  
0.7594989838  
0.3093329077  
-0.5721207035  
-1.566840842  
-1.035844476  
0.2469030699  
0.2222735298  
0.2520882063  
-0.02888659787  
-0.8186545435  
-0.4959478227  
0.6557405655  
-0.2131209635  
-0.4987017561  
-0.5993701739  
0.8446774341  
-0.8540660585  
-0.4003001764  
0.240144658  
1.129367484  
-0.5873625816  
-0.1726806117  
-0.2793934498  
0.7818690106  
1.468183232  
-0.4123394758  
1.072576689  
1.64584833  
1.312707554  
0.3911888078  
1.675354872  
0.1197313814  
1.467765932  
-0.9628228501  
0.3411705816  
-0.1002679735  
1.097066478  
1.110856288  
-0.9942897604  
-0.5439635643  
-0.03116171741  
-0.7551877165  
0.04138727093  
-1.644972593  
-1.41438683  
0.6236143172  
0.01656535434  
1.671230067  
-0.1505048836  
-0.8132524769  
1.190776525  
0.6471966055  
0.3676809539  
-0.4878639056  
0.8784984691  
1.447174029  
-0.9458198072  
1.101831479  
-0.6451345768  
-1.197553624  
-0.5231716424  
-1.069610178  
1.165005239  
0.1464617122  
0.5511064386  
-0.1171390991  
0.3412464567  
0.7146574514  
-0.7668592545  
0.233880276  
-1.473759154  
-0.1773736079  
-0.6992196644  
-0.2444408149  
0.3115997513  
-0.4957095616  
0.7198645754  
-0.951438866  
0.8051361356  
0.187829903  
0.5858027084  
-0.460056042  
-1.770700746  
-0.8654089088  
-0.0933433906  
-0.6347525157  
-1.6924828  
0.02031173643  
0.3173317672  
-0.1696570376  
-0.04526766966  
-1.256081887  
0.355173654  
0.3838902589  
0.5845091755  
-0.6604277408  
-1.473141181  
-2.000748156  
-1.93724762  
-1.040079402  
-0.2129374808  
-1.021602805  
0.5698854085  
-0.1091272102  
1.607941278  
-1.038255089  
0.03222238767  
0.7879096684  
-0.3227885494  
-0.03209042352  
-0.05394756216  
-0.01113785838  
-0.3745668319  
-0.4807814923  
-0.04118813639  
0.2399281252  
0.1897402395  
0.8662943729  
1.10415063  
-0.1267987984  
-0.7116764331  
0.5235598745  
-0.50662589  
0.3301658134  
0.6192042883  
1.092562756  
-0.1012823929  
-0.1684667585  
0.7607577517  
0.2462713911  
0.8537123682  
-0.2550633821  
1.152627417  
-0.5693539055  
1.913427659  
1.10774917  
0.6513003349  
0.802958103  
-1.772459857  
-0.168014524  
-0.4821660531  
-0.9542899084  
0.4866440099  
-0.5099875271  
0.005304821636  
-0.540260878  
-1.668843853  
0.638013923  
-0.8401866046  
0.01369768143  
-0.2280195886  
-0.3514279367  
0.6460787982  
-0.8684927384  
-0.08178215597  
-0.5229914531  
-0.5152785894  
-0.3556307275  
-0.8711069999  
0.2742433498  
-1.552258342  
-0.5671127298  
-0.1276852032  
-0.7437894568  
-0.151788874  
-0.5825242463  
0.03424804224  
-0.9008167061  
-0.03445460553  
-0.1905131702  
0.2167056181  
0.9832357718  
-0.4088644808  
0.257910769  
-0.2472941515  
0.4609386336  
0.3337621449  
0.06696231509  
3.924024471  
5.513963317  
-1.534297599  
-0.729985375  
-0.002954624414  
-0.9166498974  
0.4155607756  
-1.42380031  
-1.353326066  
1.344294721  
-0.5736808783  
0.8288167969  
-0.7991580914  
-1.305636144  
-0.4868181614  
-0.6782739337  
1.011897703  
-0.3970176862  
0.0402336769  
-0.6456974596  
1.020207974  
0.08443988021  
0.6430682897  
-0.5474544038  
0.2109930378  
1.003657879  
0.7037899226  
-0.2262558967  
-1.081942411  
0.08034635696  
-1.224442058  
0.994815014  
0.08253041811  
-0.09446807101  
1.619961947  
-1.201226578  
-1.035779445  
0.5682347559  
0.8750765663  
0.5146862134  
0.6507847127  
0.3850069694  
2.311753192  
1.135551378  
1.453673797  
0.1815816397  
2.010383954  
0.08304151532  
0.8866261655  
-1.055483768  
-1.130439037  
-0.5024174839  
-1.92568499  
-0.5241775106  
-0.009571598503  
4.551365673  
-1.701684788  
-0.1526228501  
-0.3016308071  
-0.64264405  
0.9554171591  
-0.4346665924  
-0.9471529623  
0.02906289431  
-2.40081413  
0.7585291375  
0.1263607886  
0.935374648  
0.6823999653  
0.2782163356  
1.050527359  
0.574853393  
-1.768519011  
-0.5935116501  
2.141925496  
2.28151783  
-1.899958908  
-1.01344183  
0.03483158282  
-0.4734297171  
-0.6115496323  
-0.2496281248  
-0.4181774726  
0.9261807728  
-0.3908730871  
-1.047697005  
-0.5736216731  
-0.09909497919  
-0.2357169124  
0.05206102585  
1.515404514  
-0.2171878529  
