-2.090204066  
-1.772609532  
-0.6049660055  
-0.2345884701  
-1.073199168  
2.587610722  
2.57033993  
1.445803164  
0.1973103519  
3.436590959  
0.6725117702  
-0.4138517054  
-0.8662288678  
-0.8996123803  
-0.6286502055  
-1.151949532  
0.2164934962  
0.9913544201  
0.2748382776  
-0.4224355874  
1.010016168  
0.5169419369  
-0.5209430079  
-1.395796554  
-0.2601181745  
-0.1498662638  
-0.6129000128  
0.2971183772  
0.9554205654  
-1.568876844  
-0.6400517313  
-0.4821996944  
0.8966899433  
-0.5626367051  
-0.1951607555  
-1.015153833  
-1.401723593  
-1.746902367  
-0.2862986565  
-0.4258809659  
-0.8205434869  
-1.975117473  
-0.3955873595  
0.2815488037  
0.1033462131  
-0.7913942418  
-1.215541707  
-1.529302733  
-0.7134813633  
-0.4351176147  
0.889592104  
-0.2851919766  
-1.61850585  
-1.833944822  
0.001467848762  
0.6187505746  
-0.2533091077  
0.7742450787  
1.297272213  
1.461732693  
-0.008583380995  
-0.08548938975  
0.8937844457  
0.8141001575  
1.590665181  
0.643523674  
0.139311629  
-0.132377948  
-0.375327564  
1.537433431  
-0.2531411872  
0.5062683633  
-0.6459505965  
0.9901740528  
0.8069871749  
-0.08484298227  
0.8913558312  
0.2263467155  
1.393025882  
-0.2429236965  
0.1024039828  
0.515351153  
-1.177694729  
0.7465574097  
-0.74996718  
-0.2107701622  
1.058373969  
0.3000249853  
-1.164395388  
-1.398130719  
0.5973204264  
0.4905289103  
0.1887835577  
-0.02867027446  
0.5032564685  
-0.566791904  
-1.298321146  
-0.2931530225  
-1.08594524  
0.2209902163  
0.3456700008  
-1.083189187  
-2.017296082  
-1.182035641  
-0.2192476995  
0.4161895967  
1.740282772  
0.04173051844  
0.04122043116  
-1.095944748  
-1.504355766  
0.988820513  
0.5343547368  
0.154566925  
-1.501499346  
0.7220046021  
-0.2583656497  
-1.018763245  
-1.84377589  
-0.0766548545  
2.414360998  
0.5079460232  
-2.169391761  
-0.03917181712  
1.188085163  
-0.6711546093  
0.9120477807  
0.8902920246  
-0.6997078707  
-0.5992379813  
0.5975372855  
-0.8946384773  
0.5780466604  
0.8167039757  
0.69189275  
-0.6014069906  
0.571053909  
0.4705983293  
0.3469656415  
1.188498643  
0.6167755229  
1.57427777  
0.4302623424  
1.000704086  
0.9932209993  
-1.709518409  
0.2110387322  
-0.6317614377  
-0.4629816839  
-0.4927493036  
-1.02718914  
0.130441822  
-1.408721691  
-0.271268755  
1.438313122  
0.4619064667  
-0.8831977426  
0.2484778514  
1.684687409  
-0.2536354583  
-0.713563593  
-0.9138902205  
0.0157962654  
-0.2584792945  
0.4303178942  
1.221602207  
-0.2555070022  
1.444565654  
-0.4492724963  
1.10676966  
1.832212205  
1.680606081  
0.905532456  
0.9022199156  
-0.9835038854  
-0.6217481396  
0.5305099876  
-0.5955678154  
-0.4316599034  
1.987783119  
-1.785327929  
-0.3822331486  
1.27396408  
1.926261446  
-2.460122626  
-0.6261945046  
-1.502650277  
-0.03449529258  
0.4093024875  
-0.932645579  
-0.6344962878  
0.1362956228  
-0.6226747091  
0.6090542357  
-0.0285501509  
-0.8563568618  
1.32136274  
0.8478477852  
0.2212677084  
1.930564495  
-1.610320215  
0.3299730937  
-0.3965809497  
-1.581551508  
-0.1661088606  
-0.9157538336  
-0.5751764459  
0.02873106508  
-1.786583968  
0.06854224705  
0.7482738624  
1.620169262  
0.8516318591  
-1.939352825  
0.1827171902  
2.474203669  
1.588373408  
-1.44228534  
-0.05210805801  
1.647102757  
-1.318007756  
-0.6607458592  
1.099350285  
0.1612489614  
-0.04253374191  
-0.1257463838  
-1.269150942  
0.7925376171  
-0.5324499507  
0.1230712757  
0.6997112372  
0.01772037231  
0.3235368441  
-0.09327854129  
1.971908504  
-0.8280916822  
0.5925031107  
0.1816852271  
1.073397389  
0.735574126  
-0.2221046855  
1.398780196  
-0.4743181037  
0.651792797  
-1.657024501  
0.05350887744  
0.8356848194  
-1.320002891  
-0.5522746433  
0.5637180772  
-0.4975121302  
-1.214380309  
0.9026145031  
-1.564461625  
-0.02629421713  
-0.06574495696  
-0.9208354414  
-0.1097478271  
1.069016644  
0.1618270013  
-0.759032963  
-1.310003954  
0.5986536646  
-0.1084338875  
0.5211363407  
-0.8540110576  
-1.815916307  
-2.166644775  
-0.9720773734  
1.158191609  
-0.3050032214  
0.3691367348  
-1.301554947  
-0.3407342313  
1.03028659  
-0.197954633  
0.467127967  
0.1648126519  
-0.7985850913  
0.3073763916  
1.025020759  
0.09174237733  
-0.7517644728  
-0.3000936906  
0.3097231256  
-0.51894615  
-0.7217961307  
0.3417303225  
-0.392025964  
0.1158803209  
0.7038095178  
-0.1955305397  
-0.1075211386  
1.586816864  
0.6079198048  
-2.525552341  
-0.243470464  
0.8745290409  
-0.2844763683  
-0.01320741759  
1.280351748  
0.6187285299  
-1.563240448  
-0.2782956971  
2.119679086  
-0.8427200474  
-0.4251400761  
0.1734707665  
-0.4956024704  
0.720487247  
1.728278467  
0.7373458088  
0.1358407301  
0.6731383501  
1.088106391  
-0.02737261179  
-0.01163592966  
-1.348650466  
-1.197293262  
1.083603113  
-0.220263721  
-0.2368482059  
-1.708268782  
-0.589648939  
-0.9112159477  
0.4046664122  
0.08997867945  
0.7860356213  
0.04305315738  
-0.5943791603  
0.5547324281  
-0.8990083862  
0.5481042043  
1.120574214  
-0.03526648539  
0.1098617179  
-0.1999818254  
-0.8504797212  
0.2111381837  
0.1716759878  
-0.06892901026  
0.405167368  
-0.07831390216  
1.297185247  
6.30591355  
-2.651203474  
0.9781318654  
-0.06186371741  
0.2372290374  
-0.5647867633  
-0.9887859301  
0.7213895094  
-0.6710987316  
-0.6342733958  
-0.06984787541  
-0.7185151289  
0.664217456  
0.1345908119  
-0.4781944091  
-1.537578136  
-0.07045582638  
1.563475886  
0.3491305847  
0.4489162939  
0.1383171952  
-0.6138855378  
0.7592306895  
1.026398447  
-0.2146867303  
-1.548176501  
0.5494214163  
-0.4239992524  
-1.231259554  
-0.3605304373  
1.402881393  
0.5367573407  
1.362470217  
-0.09200316177  
-0.7373460394  
0.00889280948  
-0.3777164469  
1.416918784  
0.9640612367  
0.0764111351  
0.6746324767  
1.129284189  
-1.468382592  
0.9065203276  
-0.3554277888  
-1.120986334  
1.028047705  
-0.374542292  
-0.1974039072  
0.9499871329  
-0.5123552055  
0.454963903  
0.5196725991  
-0.927623768  
-0.6828280337  
-0.9038560009  
-0.4958420427  
-1.768765202  
-1.243945088  
-0.4743406789  
0.9828858218  
-0.5459507173  
0.2627221403  
0.003067266737  
0.3360616104  
-0.9422033437  
0.06075997054  
-0.3957045802  
0.9616367834  
-0.4455785189  
0.6078983908  
0.9894941697  
0.3346511022  
1.185122379  
1.447083826  
0.1621076571  
1.577185505  
-0.4446608332  
0.2398887933  
0.2727850092  
-0.1417918405  
0.4393250905  
-0.4804763818  
-0.2472978952  
-0.6517919388  
-1.048323139  
0.09614197553  
-0.04923469635  
0.5118529394  
0.1106443397  
-1.258497105  
