1.220678673  
0.280644905  
-2.374900025  
-0.4750241189  
0.05441165169  
0.141994205  
1.576280253  
1.651865613  
-0.5319011684  
1.093460139  
0.02467187052  
-0.7320193975  
-0.6115017163  
1.530878432  
0.4226535884  
-0.3139299842  
-0.7726872289  
-0.3577425471  
-0.2469898102  
-0.1422938556  
-0.4927438545  
-1.449881306  
-0.04721961535  
1.1525633  
1.259334287  
-0.001133342924  
-0.6293433475  
0.5905313584  
-1.540236624  
-0.8333681292  
-0.1008230703  
-0.1600612647  
-0.6158946419  
1.894255156  
0.0419379511  
-0.8786544796  
0.7126980423  
-0.8902133831  
-2.443051299  
-1.1416408  
-0.3463982073  
0.6749605168  
-1.915510263  
-0.1274942895  
-0.3945551968  
-1.219291723  
-0.7487198849  
-0.1503853936  
-0.624620912  
1.003203752  
0.2709269704  
-0.6642086644  
2.062366226  
0.03046448179  
0.5964120322  
0.6691327926  
-0.335754386  
-0.9155225006  
-0.9541772022  
1.673504471  
-0.4853039198  
0.6398589362  
0.4407474109  
-0.4174506964  
-0.1503979554  
0.6108697221  
0.1561223609  
0.4957109997  
0.9209055207  
-0.01567117073  
-1.520003121  
-0.4714076404  
1.216810848  
0.4367649572  
-0.3340830674  
-0.8435268881  
1.164964642  
-0.4241438887  
0.2931959771  
0.9008604904  
-0.3463529332  
-0.1569893333  
-0.1333183486  
1.207513335  
0.6849261588  
-0.7539058464  
-0.3144023196  
-1.116832947  
0.1620012936  
-0.6189753691  
-0.6421159054  
0.1515558665  
-2.128374841  
0.3366313524  
-0.2430503199  
0.3853924568  
0.6834847745  
-0.9247829699  
0.8513475302  
-0.6865771355  
-1.239310298  
0.3704354853  
-0.8434940349  
1.894700134  
0.8883078645  
0.02625410569  
-0.3697053501  
-1.026058854  
-0.8713051678  
0.1358870232  
0.5515957027  
2.485919486  
0.7935177385  
1.162197366  
-1.540439042  
-1.290366894  
-2.024617302  
0.5813385866  
1.051428268  
0.8640762497  
0.6688984225  
0.01337869514  
-0.1828126763  
-0.07519300395  
-0.1346626031  
-1.198403389  
-0.4198526869  
-0.5980903057  
0.516966689  
0.01465400167  
-1.804670928  
-0.2487799851  
0.4924007734  
-1.053873228  
-0.3579764023  
-1.090353413  
1.430864687  
1.62355525  
0.053900964  
0.7732013116  
0.3387377287  
0.8701956432  
1.025194366  
0.1505711295  
-0.3358905025  
-0.6883473203  
1.002136615  
-1.310485788  
-2.211395237  
0.6663430428  
0.07010418137  
-1.20347419  
-0.1210229662  
-0.5601027948  
-0.2751335817  
-0.007942138084  
2.64477101  
0.3017092514  
0.2550235291  
1.040594349  
-1.189365124  
-0.1458819024  
1.964682291  
1.645970539  
0.376224072  
0.1352262449  
0.3428320409  
0.8839655935  
0.2662677678  
0.06240448104  
-0.3799185905  
0.2898236317  
-1.277393892  
1.096309368  
0.0009723777677  
0.4647282763  
-0.5598280328  
0.5148837644  
1.078553799  
-1.418452913  
-0.05066066732  
-0.3359302089  
-0.9899391226  
-1.200221637  
-0.8488913768  
-0.003888682802  
-0.774275632  
-1.455743649  
-0.6465916602  
-0.06755965776  
0.7313035138  
1.070545474  
1.678310737  
-0.8888159838  
-0.0627492306  
-0.1147799934  
-0.8275305554  
1.642624517  
-0.1464622268  
-0.2726941053  
-1.015579339  
1.230530591  
-1.079011572  
-0.3122950113  
0.358144395  
1.112362062  
-0.3457247238  
-1.07247036  
0.6100910713  
-0.1356040539  
0.7622627325  
1.326754399  
0.1674125023  
0.9542014651  
-0.2138865804  
-0.8258831069  
-0.04601953793  
-1.843161238  
-0.9019911635  
0.3618295813  
0.2321316138  
0.839243467  
0.02312799113  
0.6241961601  
0.9992360911  
0.2762958829  
0.4086278347  
-0.4063422113  
0.2789156645  
0.2565221855  
-0.8605491402  
0.0452066277  
0.4861861118  
-2.07262026  
-0.1177506017  
-0.5297950506  
0.24874793  
0.7531711481  
0.1663678937  
-1.658126279  
0.9240213228  
0.8141724528  
0.5590435584  
-2.329540184  
0.03500360761  
0.4454252731  
-0.4816585587  
-0.7663167665  
0.361986876  
0.1534608971  
-0.8811599526  
2.182758536  
2.011551029  
0.661884219  
-0.7094989924  
-0.350672625  
0.7298924309  
1.161616862  
0.2490128367  
0.3694556974  
-1.395375788  
1.091106516  
-0.4133063354  
1.483401075  
-0.4531882899  
-1.089723736  
1.204965853  
-1.102249525  
0.2808934737  
-0.1076478286  
0.1195220489  
0.2247601425  
-0.1014453436  
0.8545810951  
-0.9364093991  
0.7601954208  
-1.486053509  
0.6425377077  
1.791831081  
1.487512688  
-1.539391082  
0.08696092894  
0.0970026111  
-0.9373051601  
-1.120858503  
0.6653410554  
-0.7913991834  
0.640874493  
0.5831627158  
0.2811522524  
0.7467477842  
-0.09008853075  
-0.9815092193  
-0.6482621986  
1.111029362  
-0.6195083087  
1.275705415  
-1.094603342  
-0.6594757338  
0.9259566311  
-0.4371366771  
-0.5787823997  
0.2570847327  
0.2215494325  
0.6972292083  
0.3838080537  
0.5935886505  
0.05076354333  
1.002200351  
-1.327785014  
-0.9257240016  
2.196806152  
-0.06694463016  
0.936272783  
0.469630474  
-0.4898442685  
-1.937659768  
0.006294655964  
-2.160063845  
0.2160901318  
-1.065112524  
-0.474224202  
1.101890364  
-0.9665529493  
0.3111557423  
-1.285328416  
-0.2108691311  
0.4653928589  
-0.1991669239  
-1.870141307  
1.135577484  
-0.6973938841  
0.5199187943  
-1.120204863  
-0.1097134728  
-0.5115332922  
1.630375727  
-1.41332819  
0.4294993698  
1.133875332  
0.956697336  
-0.9964497534  
0.1205037012  
0.6990914219  
6.188400679  
-2.783813093  
-0.6220233635  
0.6862527795  
1.995687412  
0.2771597579  
-1.078827467  
0.81734484  
-0.0146686363  
0.7199287404  
0.133466612  
1.756698226  
0.4399602545  
-0.355786984  
0.02623196253  
-0.6035726848  
1.030390142  
-1.087666197  
-0.4297283258  
-0.7474096616  
0.456000636  
-0.1715449508  
-0.4511631976  
-1.076928379  
-0.3536578966  
0.0859866735  
0.9215027304  
-0.4905272789  
-0.6433902655  
-0.6836251321  
-0.462366253  
-0.07834579227  
1.709134179  
0.4007401847  
-0.1736368023  
1.26723612  
-1.731575118  
0.3065330047  
0.5654228599  
-1.214946601  
-0.002235133194  
-0.2816349915  
-0.345506498  
-2.127570397  
-0.3073601813  
0.6617000274  
1.615486774  
-0.7876545803  
-1.196598788  
-0.5322284113  
-0.5892463534  
-2.287115104  
-1.524562756  
1.223702061  
1.087587324  
-0.5659832914  
0.7093651662  
0.3753612053  
0.1999982524  
-1.557231756  
-0.6897718405  
-0.6557576945  
-0.3349673993  
2.232851506  
1.084985589  
-0.9739668897  
0.3074228337  
-0.3010979011  
1.395624065  
1.579615793  
-0.01192597313  
1.024162131  
0.9646589115  
-1.248240904  
-0.2308472951  
1.675933551  
0.8262216259  
0.7239391583  
-1.330713811  
2.404026776  
0.06107118399  
-1.836854097  
0.3902629106  
-1.190648132  
0.2814523985  
1.650583069  
-1.142523135  
-0.07386461305  
-0.5678093753  
-0.4219635836  
-1.31806322  
