-0.4380548108  
1.763395926  
2.419265031  
0.7818522461  
-1.071781941  
0.1822405327  
-0.3457033713  
-0.6915858429  
-0.6428854066  
-0.2048735326  
0.9511491564  
0.4783610487  
-0.2720416695  
-0.1416688721  
-0.06459153825  
-0.6974265312  
-0.3800686222  
-0.2408748649  
-0.678396937  
-0.1893241475  
-0.8497107284  
-0.7619569579  
-0.7347268777  
-0.4850052103  
0.9216186121  
-0.4498515905  
0.1786820825  
-0.2264026959  
0.1041131945  
-0.4676715703  
-0.7631603321  
0.9896553318  
0.7407211373  
-0.03268375709  
-0.02286874019  
-0.4744494984  
-0.2683413415  
-0.1698250939  
-0.5104548432  
-0.6577886763  
-0.3908123312  
-0.291642043  
-0.7049481055  
-0.6682468112  
0.09222589231  
-0.5400240118  
-0.6922429536  
-0.1263526106  
-0.513139575  
-0.6308527447  
0.2710750047  
3.912852897  
2.510579546  
-0.2455376939  
0.2002131875  
-0.3342160256  
-0.4043686666  
1.333343839  
-0.3029255377  
0.1848790322  
-0.003775681811  
-0.7629820293  
-0.2890487447  
-0.5075254723  
-0.4975780439  
0.2280937141  
-0.3117924713  
-0.554204378  
-0.2815190602  
-0.6924454086  
-0.5672173141  
-0.8237952233  
-0.1968495493  
-0.4363092771  
0.7371324986  
-0.473506782  
-0.689819729  
-0.8608758719  
-0.9306696969  
1.074041147  
1.640857325  
2.13993471  
0.2628924172  
-0.357307255  
-0.6104614831  
-0.2824365289  
0.6538336352  
1.121773825  
1.197584859  
-0.8458416426  
-0.705380333  
-0.5115002386  
-1.373848105  
-0.9689656141  
-0.419815077  
-0.1209379468  
-0.8160335451  
-0.5197424228  
-0.9510532124  
-0.8212241682  
-0.6008782382  
-0.4324613044  
-1.099690289  
-0.6499648949  
-0.4305970533  
-0.3884252508  
-0.6998787245  
0.1854422905  
0.1828692201  
2.203550894  
1.105171231  
-0.4069945847  
-0.9485311039  
-0.5204709923  
0.3949752448  
0.1430126578  
-0.02054434437  
-0.3046278517  
-0.4292319515  
0.8537472605  
1.474829253  
0.5450703949  
0.4934950353  
0.315232185  
1.630309079  
2.142960858  
0.9974764934  
0.613953694  
-0.6176046249  
-0.9420534664  
-0.8147245892  
-1.125077711  
-0.2617458725  
-0.1753325203  
0.3927062982  
0.1588571795  
2.087605666  
0.1762883762  
0.01931424179  
1.020279282  
1.837759331  
0.1462496917  
-0.0266784951  
0.8639488137  
1.104638275  
1.931444487  
1.589611968  
0.1497117926  
-0.3672637656  
-0.9484113155  
-0.7620419097  
-0.4067593939  
-0.4623935347  
0.4240934022  
1.839170688  
0.9670525535  
0.3089685437  
0.1343254437  
0.2653641719  
0.07988724478  
-0.5215073051  
-0.05173440413  
-1.21108647  
-0.6274733093  
-1.153432729  
-0.5031255079  
-0.3040252991  
-1.008263062  
0.8019945221  
-0.4195988453  
-0.2442524384  
-0.8468151007  
-0.3537936147  
-0.8327288903  
0.4314863949  
0.2353209649  
0.7574090825  
1.789459926  
1.35515942  
1.065081134  
-0.3031741299  
0.1992198472  
-0.6006529407  
-0.7335143881  
-1.259266602  
-1.110765978  
-0.6425215589  
-1.516728359  
-1.096029397  
-0.7284491696  
-1.459243136  
-0.1998486015  
-0.09905205102  
-0.5163249371  
-0.1089869853  
-0.4354352132  
-0.6564090899  
0.1842329604  
1.521287226  
2.618780148  
1.349382699  
2.061687911  
1.564561623  
0.7659916426  
-0.3379463768  
0.4539239378  
-0.7034405354  
1.362685909  
-0.3340091994  
-0.3610980362  
-0.6219792125  
-0.5633022334  
-1.030296864  
-0.5493208347  
0.1318206947  
-0.4076818835  
-0.05943484978  
-0.3691995938  
0.9014801968  
0.9557227691  
0.3803444134  
1.181518793  
1.073821473  
1.262244491  
-0.6396413595  
-1.00823986  
-0.6279490079  
-0.999077059  
-0.7004360419  
-1.056723862  
-0.8737731728  
-0.8546473785  
-1.19300858  
-0.4805999607  
-1.350793939  
0.6570017421  
-0.8718566701  
-0.6758402423  
-0.2770526856  
-0.3733459722  
-0.8534162309  
-1.448603581  
-1.198454119  
-0.7463602288  
0.7200800103  
0.7372201711  
1.10891215  
1.295024348  
1.29754292  
0.9481941728  
0.5232513553  
0.9237514784  
1.166393297  
1.678397639  
1.218571594  
0.1365190459  
1.304962517  
0.8395038961  
-0.06862348148  
-0.7041890229  
-1.162731372  
-0.5037113481  
-0.9128803218  
-1.844148561  
-1.76288139  
-1.414901784  
-1.592381005  
-1.096452923  
-0.8008628855  
1.18015221  
0.0833519389  
0.8351118012  
0.1439881122  
-0.1017035833  
0.9624691595  
0.5612507955  
0.9009072057  
0.06731706716  
-0.2095178998  
2.293445898  
2.710875865  
0.8202596384  
0.6736782842  
0.1965923478  
-0.3123535171  
-0.0943926766  
-1.266450954  
-0.07995332077  
-0.04488910614  
0.579792749  
0.1876979299  
0.9344680625  
0.2959002341  
0.2651571163  
0.9976917939  
0.5016618913  
0.293697917  
1.290730306  
1.024307772  
1.71564963  
0.7738157755  
0.09369035654  
1.471399051  
2.362437805  
0.486036168  
-0.8199130991  
-1.250005617  
-0.5274298576  
-0.7902766457  
-0.9480844343  
-0.9024312863  
-0.8473955909  
-1.117491888  
-0.7664260573  
-1.300082989  
-1.028346356  
-0.4409867423  
0.078438406  
-0.1938508149  
-1.389009769  
-0.9566115853  
-0.176720837  
-0.398813125  
-0.1826655115  
-0.730439547  
-0.4965923588  
-0.7716678242  
-0.7684553629  
-0.4553432546  
0.5739951167  
0.6927805529  
-0.4471431546  
-1.199277575  
-1.024188092  
-1.028050151  
-0.7189935769  
1.687269105  
1.008177352  
1.017680325  
0.4362109922  
-0.3798888572  
-0.4335938076  
0.1405881553  
0.3395370244  
0.1429590116  
0.9952250047  
0.7295678989  
-0.7144938314  
-0.185640554  
-0.0201508109  
-0.6988486853  
-0.1780661558  
-0.2118077409  
-0.1508381412  
1.371137825  
1.342767134  
0.8835768232  
0.2510511266  
-0.1195560123  
-0.5119588318  
0.4094011673  
-0.09609135889  
1.836703829  
2.310833502  
2.045157106  
1.089269567  
0.4272865278  
0.2913831953  
-0.6075631422  
-1.193769383  
-0.5637348684  
-1.176894905  
-0.5930815061  
-0.6673948766  
-0.4008240169  
-0.09377142003  
-0.4488251556  
-0.3586325901  
-0.7897970109  
0.1810942195  
-0.671268471  
-1.409369912  
-1.38141134  
-0.623643204  
-1.081782309  
-0.7954514198  
-0.2656325945  
0.07910581141  
-1.012633995  
-0.1764321995  
-0.1223828074  
-0.3036588658  
-0.3480967424  
-0.05485022557  
-0.5411510389  
-0.2537390664  
-0.5762930416  
-0.665388565  
-1.05707599  
-0.6520987367  
-0.428851571  
-0.9364101996  
-0.2816230776  
-0.3597367559  
-1.101526485  
0.5764826766  
1.211598135  
1.258517264  
0.7147000674  
0.02317956389  
-0.6900277667  
-1.427631963  
0.05482036715  
-0.5533546367  
-0.8860029936  
0.09285029649  
0.2867064353  
-1.080395032  
-1.31765526  
-1.694391984  
-0.4096269403  
0.7630489732  
-0.01298637551  
1.927957902  
1.481012416  
1.088388582  
0.9428589419  
1.197652411  
1.032969267  
0.5150317083  
0.0783675166  
-0.341654211  
0.2211937079  
0.2206614077  
-1.757409791  
-1.194468457  
0.2082640727  
1.143480323  
0.2433005013  
0.7196159809  
0.5002741194  
2.816845298  
1.801404294  
0.3072764624  
0.6533021424  
3.924077217  
2.950069909  
0.4016636332  
-0.3617688308  
-1.385172858  
-1.290513984  
-0.2824678947  
-0.5553544252  
-0.2911141066  
-0.15814998  
-0.3071228636  
0.1242347921  
-0.3038903779  
0.3022988157  
-0.06695552276  
0.5115127068  
0.8571257559  
0.9487698789  
0.0360406085  
0.6377275824  
0.1274468089  
0.3402573085  
0.2691993714  
-0.2309852896  
0.2399266383  
-0.5067461336  
-0.9562688399  
-0.6003083915  
2.075668555  
1.424215147  
-0.1532820272  
0.01645026969  
-1.055582311  
-0.8708478115  
-0.5725046504  
-0.5771995419  
0.8188742215  
0.1749751159  
0.3377123017  
1.303380477  
1.015088354  
0.6622689082  
0.1210102909  
2.302620145  
1.623452298  
0.6141559381  
0.8312056324  
1.70426735  
-0.182848697  
0.9410851396  
1.493292242  
-0.6517940483  
-1.049038675  
-0.8190318681  
-1.576345966  
-0.2750849799  
-0.7751800157  
-0.4194144771  
-0.9107220741  
-0.300086384  
-0.9586398236  
-0.6056778243  
-1.229200263  
-1.018229916  
-1.001170847  
-1.432940132  
-1.074267738  
-0.9068137798  
-0.9223631896  
-0.7039456263  
-1.231907535  
-1.06697721  
-0.7376505622  
-0.08614982663  
1.060826778  
1.683896595  
0.08072590444  
-1.170502455  
-0.6273157918  
-0.5773102878  
0.2074721974  
0.2905171782  
-0.6605656275  
-0.7398338929  
-0.7105073895  
0.3880409318  
1.103451982  
0.3050324402  
-0.478872059  
-0.4255917926  
-0.9572509878  
1.306176827  
3.124078485  
2.30662811  
-0.2594343842  
0.04562126102  
-0.5983065975  
-0.2252601297  
0.03310778201  
-1.037343518  
-1.033201133  
1.999693898  
-0.1610447576  
-0.3137077306  
1.812531075  
0.418780969  
0.2384284861  
0.2367827508  
-0.9308677702  
-0.8489218551  
-0.9300746951  
-0.8176479986  
-0.2986126797  
-1.375186963  
-0.6638071094  
-0.3990616574  
-0.5034884392  
0.1540197035  
4.301977303  
-0.4657210344  
-1.146231172  
0.2745594098  
1.121703114  
-0.3701778844  
-0.5953649643  
-0.4397977207  
-0.6940260277  
-0.7369244863  
-0.3701609434  
-1.39027791  
-1.031952378  
-1.117816252  
-0.7936427418  
-1.087999177  
-0.8201200611  
-1.077001571  
0.8804532773  
2.77382263  
0.9961316206  
2.170612541  
1.068066427  
0.06736863526  
-0.8666023022  
-0.7632165687  
-0.9360285377  
-0.3447875919  
-0.4329293248  
-0.3969924969  
-0.2549726878  
-0.4674040924  
0.6406900051  
1.555534216  
2.720941646  
1.105978175  
0.7474710617  
0.7321163763  
0.4694885514  
1.563820344  
2.924134911  
0.2050065946  
1.051129111  
1.235642149  
-0.08361814301  
-0.2273608744  
0.3318703719  
1.325755165  
1.139990493  
0.2745671447  
0.2943034962  
0.2074225461  
0.4364072386  
0.4670641395  
-0.2381792616  
0.1395909427  
-0.871646206  
-0.7923298045  
-0.9607964546  
-1.693616075  
-1.270500923  
-1.056309178  
-1.478859733  
-1.13560844  
-1.255731401  
-1.318309218  
-1.586960942  
-0.9921174601  
-1.177632253  
0.8174337669  
-0.4721281567  
0.1900853315  
-0.1560182575  
-0.270941167  
-0.4512332888  
0.3791645683  
0.3822193505  
0.3277821711  
0.4892609458  
-0.3175572159  
-0.4457556644  
-1.304397007  
-1.095242153  
-1.144132767  
-0.007359854361  
1.063614891  
1.274754588  
2.100716313  
1.320583535  
-0.474750551  
1.746655427  
3.88416464  
1.549969862  
0.05359813734  
0.4066075975  
0.3257297429  
0.7733605621  
0.8196973871  
3.054268221  
2.069464876  
1.073190526  
0.286466156  
0.3870754227  
0.3417627197  
0.002285632626  
0.04657533715  
0.533222312  
-0.7971476473  
-0.6500768783  
-0.4284461664  
0.112099809  
-0.7946466114  
-1.054598881  
-0.857605786  
-0.8316030976  
-0.6908196164  
-0.4422240651  
0.07639299873  
-0.5445527486  
-0.3887055215  
-0.666279958  
-0.4513586813  
0.08922648263  
-0.7272054172  
-0.2215789943  
-0.05035867018  
-0.7738835361  
-0.4542521048  
-0.3273109065  
0.2098534604  
-0.5292636742  
-0.2839187221  
-0.2438904935  
-0.4576012983  
-0.6524179361  
-0.3496646171  
-0.3120676182  
-0.1444815408  
0.01971883621  
-0.01628893031  
-0.06721866003  
-0.4183331751  
0.007586025157  
-0.1176372757  
-0.2559076894  
-0.2566806045  
-0.3979036147  
-0.1197456811  
-0.2174609083  
-0.4391538111  
-0.1541045507  
-0.4232897275  
-0.8382669324  
-0.128445017  
-0.1175847442  
-0.08471209502  
-0.01741968904  
-0.3342978236  
-0.2735970921  
-0.5066249997  
-0.6592577005  
-0.4966685214  
-0.5969228515  
-0.4695093738  
-0.1933427007  
-0.5707720074  
-1.287713121  
0.08548284743  
0.4376263737  
1.26096792  
-0.3022972859  
-0.4426054506  
0.1417659485  
-0.05302505725  
-0.3668450954  
1.688177754  
1.351317163  
-1.48467652  
-0.817924267  
-0.05369887111  
-0.3708342215  
-0.2616997919  
-0.1516905635  
-0.9836255074  
-0.9562052438  
1.440778137  
1.917496318  
0.5229035206  
-0.588054084  
-0.7210595701  
-0.7133580055  
-1.418446221  
1.121547658  
4.825880717  
6.884123192  
3.446601855  
0.03067206661  
0.4062966157  
-0.6134900028  
-0.9019468694  
0.1755273448  
-0.6053258618  
-0.6781068922  
-0.9676059814  
-0.5979834084  
-1.1000619  
-0.9335374611  
-0.8572874883  
0.3224649195  
-0.2569588919  
-0.1614501328  
-0.6077984702  
-0.5428330473  
-0.5728182196  
