-0.3728289075  
2.202517209  
3.217572055  
0.8762598195  
-0.576807325  
-0.03433214027  
-0.5559439425  
-0.9967041309  
-0.02659847583  
0.7196763831  
0.3361221421  
-1.575938083  
-1.523530094  
-0.8586403824  
-0.6035410059  
-0.1621449041  
-1.382431934  
0.2340427531  
0.5572800091  
-1.198903131  
-0.3896524655  
0.3161373717  
0.4452127428  
0.0287451576  
-0.9716058941  
1.668478428  
-0.0006676075096  
-0.1069485666  
0.8775243282  
-0.6415488533  
-0.2827479411  
-1.202834425  
0.260036488  
0.03867174927  
-1.524649402  
-0.787488313  
-0.4442693214  
-0.4387404807  
0.2161074233  
-0.1222982024  
-0.2326781322  
0.5464649724  
-0.7301114323  
-0.6567026852  
-0.115110194  
-0.9301186283  
-0.9343648246  
0.001257218817  
0.310872008  
-0.4486267798  
0.3945557258  
2.401138345  
2.410581273  
0.297534641  
0.8239047681  
-0.308213875  
0.3996107116  
0.08183333091  
0.3463445588  
0.4898362916  
1.078995731  
-0.2655484258  
-0.6701906589  
-0.7576871029  
-1.086431343  
-1.249729008  
0.3175116575  
0.163733999  
-0.1328452657  
0.1963098586  
-0.4330491561  
-0.4518464617  
-1.028601746  
-0.7873396822  
-0.8667748005  
-0.5327473044  
-0.2230990964  
-0.04900796463  
-0.05584088986  
0.6778694106  
0.1265948772  
2.07825219  
0.5725186191  
0.8262090081  
0.1796446151  
0.2431169218  
1.949916372  
2.236408014  
0.2971578001  
2.156719125  
-0.518219874  
-0.4627764404  
-0.0786294034  
0.006432331075  
-0.4466260833  
0.2419888923  
-0.7737989748  
-1.108962791  
-0.4855469123  
-0.1591546321  
-0.1084627195  
0.04872161932  
0.3879232568  
0.05147990351  
0.2270644682  
2.035397736  
1.446281253  
-1.559730189  
-1.37567344  
2.3272088  
-0.2260939433  
0.8123860025  
0.1888157179  
-0.03257482634  
0.4096592627  
-2.258251061  
-1.137792697  
-1.428689392  
-0.9088980755  
-0.5345593613  
-0.1781864715  
-0.2788886001  
-0.9365545833  
0.5994966677  
0.8515765733  
-0.7217631376  
-1.063970052  
-0.8195546401  
-0.5758186512  
-0.5615203884  
-1.091762557  
-1.298898716  
-1.626438667  
-1.531646171  
-0.9303114334  
-0.3120939815  
0.4190742344  
-1.319601072  
-0.3851276645  
0.9844571953  
2.839028454  
-0.165213586  
-0.4534957202  
-0.003836162124  
1.052882722  
0.70701184  
-0.3468565199  
-2.381951498  
-1.216429622  
-0.2010320947  
0.1945681332  
-1.690856543  
-0.6473244078  
0.5219990398  
0.114839858  
-0.114153788  
0.2382306863  
1.875752136  
1.619978255  
-0.006687318056  
-0.7146885545  
0.133116081  
2.43815706  
-0.9365476464  
-0.007725683955  
0.1455520834  
0.04284371508  
-0.4614543487  
1.121761974  
0.514076719  
1.175369848  
0.2054718637  
0.4231442759  
0.5949218987  
0.5888683907  
0.01666043138  
1.545607513  
0.1900557417  
-0.1460421749  
0.1851958703  
-0.5692304657  
-0.1929517379  
-0.5819380157  
-0.2994617498  
-0.3119268077  
-0.115301009  
-0.1403607419  
-0.2860511336  
-0.1452799495  
-0.1995721857  
-0.4611503944  
0.02452347562  
1.229024872  
1.25609349  
0.04551094203  
-0.04653000051  
-0.2164748542  
0.4776068283  
0.8310046077  
-0.3650871842  
0.5329140308  
0.2344373429  
-1.229401736  
-0.6585827063  
-0.9667019094  
-0.2893546233  
-1.312277645  
-1.384690274  
-1.611176753  
-1.916496762  
-0.6821491055  
-0.1723220533  
-0.5686013349  
-0.4809347179  
0.1874059041  
0.03019967525  
0.5935804758  
-0.2404388764  
1.013296864  
0.4984542916  
-0.4904908119  
-1.101207322  
1.945249512  
3.257909945  
0.1280984963  
-0.1100637345  
-0.615841993  
0.2595174152  
-0.2056640132  
0.402805385  
0.4431954258  
1.222693892  
0.8167375892  
-0.6623567726  
-0.01494843154  
0.3987558474  
-0.04710390398  
-1.126297901  
-0.4080581014  
1.416861612  
0.5166702511  
0.3081347267  
0.7636212105  
0.08707779442  
-0.0304284816  
-0.3127055806  
-0.08942184882  
-0.3037262978  
0.1063777681  
0.7148834168  
-1.3103416  
-0.9203016856  
-1.587430447  
-0.7706029784  
-0.9329416686  
3.933484927  
3.009647064  
0.8428282352  
-0.8580047469  
-0.2251992604  
0.07972011111  
-0.5255839749  
-1.464485421  
-0.8877845165  
-0.1181722883  
-0.6566266891  
-0.1279743641  
-0.9664301831  
0.4362522102  
3.02568923  
1.891825642  
0.3341312467  
-0.7483742242  
-0.4146556118  
-0.9806629022  
-0.5498727255  
-0.3054675614  
0.122139113  
4.996592745  
3.840195028  
-1.074844742  
0.5229207988  
-0.7655403048  
-1.139027632  
-1.257597717  
-1.957382454  
-0.537303694  
-1.193768897  
-1.037605128  
-0.4553085907  
-0.9415921552  
-0.4825671758  
-1.650929973  
-1.412891665  
-1.471745047  
-1.327963405  
-1.289856536  
-2.598662561  
-1.848788569  
-1.095550625  
0.6306283601  
3.697732159  
0.6280120433  
4.170244242  
0.3729064858  
0.3773254329  
0.3009763501  
-0.321313581  
-0.09059950259  
0.7775091667  
0.265427403  
0.8716132503  
-0.01982221938  
-1.069105528  
-0.02941408071  
0.03763358367  
0.3543321215  
-0.7864750648  
-0.5395971503  
0.5588675619  
0.3197939808  
0.0860993088  
0.1990401676  
-1.048393529  
-0.1907462055  
-0.05425528306  
-0.2783489697  
-0.07058530447  
-1.133813654  
-0.2448122027  
2.089682721  
0.9067312327  
1.047654131  
0.4445891791  
-0.5287249451  
-0.5296963901  
0.7816298366  
1.094621549  
1.093647661  
0.4908780802  
0.1692828999  
0.7033124893  
-0.1816388856  
0.1497875759  
0.8569613038  
0.595057727  
0.3168199467  
0.3925308441  
-0.3014811743  
-0.2091936622  
0.7042948996  
0.4391710479  
-0.09732481657  
0.2768941325  
0.730729127  
0.42170151  
0.8660874648  
0.5609555127  
-0.3717414605  
-0.07965167193  
-0.3508467114  
-0.6900852588  
-0.01475023659  
0.103037316  
-0.3966728714  
-0.5269180282  
-0.5592946636  
-0.6544691751  
0.4016607924  
0.3589009412  
0.2115950346  
0.263888738  
0.4019054171  
-0.1117008821  
0.1380778435  
-0.1617920712  
-0.4626707244  
-0.8126953815  
-0.08982246719  
-0.5880066466  
-0.7001804202  
-0.6752669033  
-0.5551088511  
-0.1470267182  
-0.6835375349  
-0.3198569208  
-0.140845846  
-0.1702586339  
-0.2131130829  
0.1114967055  
-0.120456261  
0.1944533578  
-0.1135101142  
0.5807725456  
0.3481930225  
-0.0963921323  
0.1591451554  
0.7780634372  
0.1813179033  
0.1509768717  
0.5197533654  
1.247050476  
1.036380982  
0.6638833442  
0.8428377849  
1.283841097  
2.936065732  
2.106733815  
2.124528983  
1.161150583  
0.1814166533  
-0.07831898626  
0.5228711998  
0.7176635666  
0.6557490204  
1.133694192  
0.9714728481  
1.32731814  
1.103090189  
0.4726956976  
1.497749368  
1.597978331  
0.9142954822  
-2.836094457  
-3.492708015  
-2.771199699  
-1.486891012  
-2.344553981  
-2.028358574  
-2.024329089  
-0.5577788137  
-0.8191723641  
-1.282314172  
-0.2767256427  
1.572556675  
0.6973528824  
0.9634044369  
-2.722910835  
-1.781459321  
-2.666431267  
-1.876286928  
-0.8570715713  
1.673811518  
-0.3969268652  
-0.8222173148  
0.4745612701  
1.281060787  
-0.9227032091  
-0.3793920195  
-0.427547687  
-0.16556473  
-0.5601163298  
-0.543538123  
-0.9795180669  
-0.89812631  
-0.1483268954  
0.00400217542  
0.2034280319  
-0.004442865804  
-0.257205998  
-0.4388507187  
-1.053941797  
-0.6781246903  
-0.3608165361  
-0.2138624864  
-0.5170094365  
-0.7601882465  
-1.139344064  
-1.186054391  
-0.07502866442  
1.084403541  
1.426150624  
1.899902646  
1.249198348  
1.725357534  
0.8423423729  
1.030175531  
-0.1029044559  
0.01216739371  
-0.2382617617  
0.2035758329  
-0.4271571444  
0.4209977896  
-0.5428298756  
-0.8226767713  
-1.597761046  
-1.319763454  
-2.759640399  
-1.750035034  
-0.9855481976  
-0.929940892  
1.204127072  
1.053574981  
3.294656943  
2.711148309  
1.454715664  
1.348778365  
0.8657392944  
0.0003947672978  
0.04517543263  
-0.08838727809  
-0.4286156669  
-0.6284599127  
-0.5317834938  
-0.8469384068  
-0.3608355553  
-0.2231260891  
0.1123141132  
-0.2434078733  
-0.1054710252  
-0.4603189762  
-0.9238567266  
-0.4678716796  
-0.4251688165  
0.2008535437  
0.1707483297  
-0.3071332976  
-0.08808354973  
0.2285740693  
-0.5323834367  
2.274141701  
0.09393117763  
1.585814246  
0.1966703034  
-0.04441838505  
-0.2444152357  
-0.1487404147  
0.5181045479  
-0.316805975  
-0.5103565294  
0.3064677329  
0.6099329997  
0.1651123073  
0.6370446567  
0.2879173224  
-0.03219328956  
1.545835206  
0.9771492843  
0.2134289868  
0.1119792541  
-0.1468607252  
-0.5907741961  
0.646714751  
0.1148908386  
-0.0748575514  
-0.1157973851  
0.1059332527  
0.5794660346  
-0.8716952774  
0.2985498403  
0.03350245492  
0.1122769163  
-0.6012185609  
-0.2263580674  
0.003728870754  
0.3180327642  
-0.5498169122  
-0.61756104  
0.4208248861  
0.2247460334  
0.7262679652  
0.03177275346  
0.3222999617  
0.3908303277  
2.077603403  
0.7493756188  
0.7694065679  
1.058499822  
-0.01341922875  
-0.1546396152  
0.05508040974  
-0.2487397652  
-0.2115478995  
0.1528059868  
0.8820102358  
0.1346440878  
0.04731883602  
-0.2909339961  
0.05218326508  
0.3412143622  
-0.08034007563  
0.8390225416  
0.150571211  
0.2773678919  
0.672335177  
-1.244334359  
-0.852242702  
-0.5180847807  
-0.6757144063  
-0.4895093354  
-0.1025623712  
-0.1636414495  
-1.36152689  
-1.35766388  
-1.672720924  
-0.7118725908  
0.1712882698  
-0.2858230225  
2.106211459  
-0.2390296428  
-0.3467223072  
-0.2142014272  
-0.1421506566  
0.8537207088  
-1.086364343  
-1.159602105  
-1.523097275  
-2.406331936  
-1.777308122  
-2.294461193  
-1.00360645  
-0.7973048641  
-1.060770607  
-1.508400167  
-1.116640778  
-0.55905667  
0.01694946653  
4.050077399  
1.347656963  
0.5078566112  
0.4338252404  
1.021435454  
0.2668731344  
0.1901113971  
0.6963717322  
0.3551483682  
0.003581314797  
0.7784560844  
0.7804676241  
0.6025459965  
0.1390924814  
0.3740849877  
0.385609035  
-0.7000183071  
-0.2869620735  
-0.07128061336  
1.342113632  
0.66604247  
-0.3045133828  
-1.084412285  
-0.3666456719  
0.71335478  
0.923110805  
0.592975536  
0.7037961441  
-0.1081397613  
-0.4445784775  
0.436273645  
0.06608552107  
0.1394936332  
-0.3425257874  
-1.362267144  
-1.786107123  
-1.29221673  
-2.374159211  
-0.9521647825  
-1.095980517  
-1.197926942  
-1.631667602  
-1.102393308  
-0.403517888  
-2.678104694  
-1.084363385  
-1.07286783  
-1.68013479  
-2.1150168  
-0.3209415332  
2.061078561  
2.159686821  
2.079134003  
1.690583641  
1.077473143  
0.7535008239  
0.9628168817  
1.239985037  
0.4735838815  
1.000811404  
0.4085213218  
-0.3002753391  
0.02111832377  
0.009150293034  
0.8701607956  
0.1584350274  
0.5560519811  
0.3614698842  
0.3702869448  
-0.497758745  
0.3318133177  
0.3838289504  
0.005548969476  
0.0424912748  
0.04520790319  
-0.09663151668  
0.5319746977  
-0.09337388085  
0.2164215739  
0.3592414015  
-0.4632058494  
0.5541270458  
0.2513348126  
-0.09539173694  
0.4643630825  
-0.0648606387  
-0.1342832503  
0.2516669655  
0.3524285254  
0.5154543284  
0.2260382695  
0.1421708684  
-0.1142544149  
0.5617696071  
0.09765769398  
0.6471120927  
-0.3699858475  
0.02162122919  
0.4639450296  
0.5293756411  
0.3292410506  
-0.08286276562  
0.3801325507  
-0.0449900494  
0.1714803034  
0.03056354382  
-0.1292050268  
0.6515326333  
0.1172588541  
-0.07317040518  
0.2533728313  
-0.2327734322  
-0.2018495736  
0.0168143014  
0.9400450278  
-0.2357012568  
0.5167979525  
0.4909493422  
0.4822274269  
0.4357438179  
1.059560405  
-1.058026109  
-1.394065545  
-0.01506960391  
0.4112176031  
-0.2480194911  
-0.02508871672  
1.546675886  
0.4420112631  
0.4172381871  
0.02723112192  
0.04860066756  
0.7290727256  
0.5695464454  
0.09452452483  
-0.0460057023  
-0.6574427185  
-0.793934166  
-0.6658206496  
1.119660735  
-2.331214741  
-0.2738041042  
0.5470653397  
0.2993188917  
0.2395565666  
0.2416376234  
0.1641330215  
0.9019956921  
0.462765708  
0.6736287306  
1.373768664  
0.7643009994  
0.4591312559  
0.8663858112  
-0.5613384462  
-1.037575891  
-0.6034625952  
-0.9287050146  
-0.7661775527  
-0.7693410809  
