-0.3220751168  
-0.1816222193  
0.3881532589  
0.2204011893  
-0.2502568321  
-0.4304422846  
-0.3727437613  
-0.5676453902  
-1.355057701  
-0.6512432163  
0.6526103919  
0.8364477403  
0.7425081794  
0.7720944753  
-0.07286458605  
-0.1122811762  
0.5767088665  
-0.0984306316  
0.2630669489  
0.3422157399  
-0.4967002661  
0.2281302353  
-0.04542100886  
0.03293312322  
0.1848584309  
-0.124281975  
0.3361457168  
-0.2937059534  
0.1780748054  
0.2390219191  
-0.07753303288  
1.102376501  
1.041908633  
0.6974684  
0.9304934791  
0.9726384643  
-0.2880339723  
0.2855009677  
0.2347436616  
-0.5386733218  
-0.4796444708  
-0.08359033882  
-0.1076252822  
-0.413031573  
-0.3003251868  
0.04347588131  
-0.277182065  
-1.313447506  
-0.4848651299  
-0.6767048256  
0.2217762243  
1.301784235  
0.3438671816  
-0.991756899  
-0.406248693  
0.1928172301  
-0.0815327264  
-0.07303742852  
-0.6322433724  
-0.2265530498  
-0.3453755753  
0.5449272149  
0.08520467236  
0.07925645437  
0.07452705528  
0.8274898454  
-0.1134984068  
0.465898754  
0.142615155  
-0.2428472096  
0.2689970278  
-0.08333948813  
0.2542899274  
0.2925878563  
-0.2723120683  
-0.3306813174  
-0.5004820548  
-0.6504934447  
-0.5914756035  
-0.3856272602  
0.001741279818  
0.1497877114  
-0.4677361224  
-0.9775572885  
-0.6664784658  
-0.9087665885  
-0.6475281589  
-0.6071557577  
0.02282264057  
-1.127968604  
-0.3377690833  
-0.6696096431  
-0.3940441782  
0.5530790924  
0.08666848929  
-0.1159459681  
0.1918365058  
-0.3163913273  
-0.5220761242  
-0.1314220737  
-0.01196095381  
-0.4408376683  
-0.7576690907  
-1.171214802  
-0.5773069102  
-0.3624288687  
-0.5308972164  
0.6502511863  
0.8364047435  
0.7943438072  
1.540778026  
-0.9796633541  
-0.6011005046  
-0.5941659238  
-0.3089981785  
0.8939406985  
1.098442247  
0.3921758115  
0.287346558  
0.4855475389  
0.8895705004  
1.731158859  
1.007811333  
-0.4553871877  
-0.1274308092  
1.955881376  
1.730350856  
1.441244108  
0.5462761227  
0.4018974543  
0.3416357646  
0.4472332291  
0.2390744658  
-0.4739605348  
-0.1069519253  
0.3942996049  
0.7373000518  
0.6387846258  
0.3923554084  
-0.8558275766  
0.006719887465  
1.145761178  
1.357640256  
0.621335458  
0.7393258196  
2.439154522  
1.164632072  
0.3466983552  
0.2113070705  
-0.6193497628  
-0.4658149547  
0.1030505082  
0.1867854457  
0.9732868908  
1.057358322  
0.8924724395  
-0.7379472357  
-0.339587218  
-0.3911465069  
-0.1991088162  
-0.4811577732  
-0.4475429713  
-0.09182336378  
-0.3157802517  
-0.9252996757  
0.3210089991  
0.4663424215  
0.04957678224  
-0.1289424753  
-0.8613307263  
-1.091571741  
-1.24660806  
-1.498828496  
-1.429448313  
-1.100381052  
-0.4180914381  
-0.2302901028  
-0.020023733  
1.788775788  
0.6287200275  
0.6378413294  
0.1230329748  
0.2091816096  
-0.1194853038  
-0.12014734  
-0.6735045675  
-0.6800340113  
-0.6870047094  
-0.7205964635  
-0.6702264267  
-0.1385696302  
-0.6209682494  
-1.050813246  
-0.9633183347  
-1.099407388  
-0.9527104723  
-1.119740173  
-0.462699418  
0.4536222892  
-0.1825769826  
1.898201824  
3.01551059  
1.690539116  
0.7798304582  
0.7026655032  
0.3308934322  
0.7766596819  
1.615035518  
1.047716608  
1.005341277  
0.1415272541  
-0.2285352879  
-0.2962800814  
0.04315806684  
-1.034376225  
-0.7172815327  
-0.9394057955  
-0.7606233878  
0.1472244874  
-0.3315371833  
0.1807990325  
0.5664106334  
0.4751760511  
0.04002135941  
-0.3737590633  
-0.7356984856  
-0.6104196541  
-0.3946971037  
-0.6334903762  
-0.8764446557  
-1.379620923  
-0.7109479166  
-0.5804376183  
0.1293079128  
0.1118370375  
0.4154952598  
-0.2490245682  
0.2751185136  
0.006775698673  
-0.3777346534  
-0.1250489541  
-0.7158757829  
-0.5246784165  
0.08152512665  
0.8352878029  
0.9957831337  
1.02232181  
0.25421127  
0.3829856405  
1.571855294  
1.814003935  
1.42864255  
1.092010823  
0.7717326343  
-0.7716962494  
-1.804403929  
0.1844067552  
-0.1281733723  
-0.6441392084  
-1.026327402  
-1.092613597  
-0.7489641483  
-0.4222627231  
-0.4304023541  
-0.7438487586  
-1.093340123  
-0.9390943041  
-0.9178610471  
-1.161638307  
-1.938912417  
0.3633787607  
0.2276761028  
0.2160645614  
-0.05163731925  
1.70341717  
0.6799318528  
1.139327278  
-1.064069408  
-1.905028544  
0.2116851704  
0.3296863102  
0.9033076452  
1.101788784  
0.3400290712  
0.4354782194  
0.8266707205  
-0.09636644509  
0.741961566  
0.9552394802  
0.7344001643  
1.256813848  
1.61354382  
1.698887483  
1.384697064  
1.09253082  
1.103792132  
1.222183351  
1.869417554  
1.872063897  
1.674611471  
-0.05570517388  
-0.5230520195  
1.044871555  
-0.2071516832  
-0.4731753006  
-0.9276973144  
-0.8649260951  
-0.3577090631  
-1.02624617  
-0.8423629205  
-0.4307405859  
-0.956218234  
-0.8404983026  
-0.7365215196  
-0.8726288332  
-0.8148769723  
-0.7942005842  
0.5661275054  
-0.3261408615  
-0.3123242259  
-0.07053679821  
0.3328463092  
0.8306579561  
0.7785867541  
0.345353813  
0.7212577597  
0.5139158015  
0.3889413764  
0.5939997119  
0.1775742964  
-0.1036123565  
-0.6683787127  
-0.8406652109  
-0.6612865536  
-1.119796644  
-0.9254697673  
0.6266387387  
0.03806546866  
-0.4445968362  
-0.9630638996  
-0.8633443959  
-0.9429875521  
-1.182247992  
-0.9869953479  
0.318148147  
-0.5209377862  
-1.100485616  
-0.8319924606  
-0.03811358352  
0.9163619213  
0.4423467164  
0.4691781386  
-0.1201067504  
-1.010700169  
0.6947334636  
0.3324195583  
-0.373057671  
-0.5015377317  
-0.7706157827  
-0.5383851034  
0.05896520744  
0.5369822602  
1.08734033  
0.5748761286  
0.6669523618  
0.3260173649  
0.1241501011  
-0.1479148224  
-0.09911469449  
0.1340871353  
0.1113254233  
-0.3704168445  
0.2475782701  
-0.1279920002  
-0.06803780131  
0.6809284114  
0.3912046176  
0.02957681262  
0.4908116969  
-0.2755126117  
-0.05677111545  
-0.5138970449  
-0.9070631519  
-1.188082996  
-0.3045886938  
-0.5480669404  
-0.1458265737  
-0.2800185684  
-0.490150345  
-0.3467760182  
-0.4174934756  
-0.4306557078  
0.04666597322  
-0.4148650753  
-0.4856756787  
-0.6399828559  
-0.7273762354  
-0.6356563728  
-0.7056874922  
-0.5622010389  
-0.8377847407  
-0.4057960997  
-0.4958065445  
-0.427961187  
-0.5294682921  
-0.2716116447  
-0.6023834489  
-0.406847303  
-1.001985009  
-1.207085329  
-1.407104444  
-0.2956564472  
-1.023792705  
-1.305312708  
-1.018550921  
-0.5817206113  
-1.395465539  
-1.744273011  
-1.916655979  
-2.005937848  
-1.586606515  
-1.048806158  
-0.1704666332  
2.867133  
2.761562233  
2.477523656  
2.43357715  
2.408603569  
2.70275831  
2.144190439  
0.8309269781  
0.4000708738  
0.6130422741  
-0.136361811  
-2.147886278  
-2.00702589  
0.5349929646  
2.109114459  
2.499123005  
2.37740951  
2.1661432  
2.649245571  
1.326939881  
0.8526789897  
0.2421576848  
1.448963457  
1.169965503  
1.330017381  
0.6212156511  
0.01069522907  
-0.3403322189  
0.3613493936  
0.6679220047  
0.2531277513  
0.3612435184  
0.4894377324  
-0.4182295849  
-0.7943652786  
-0.233295798  
0.5276450892  
0.5506262543  
0.8351874004  
0.4286975653  
0.8236576177  
0.5521987632  
0.466627325  
0.4253681836  
0.7290614239  
0.9320711252  
0.07661478265  
-1.487525404  
-1.662915132  
-1.964140386  
0.1496253476  
-0.2133190813  
-0.4100030158  
-0.4871836809  
-0.6963783538  
-1.272665789  
-0.9162778822  
-0.6276153713  
-0.2968988289  
1.071501077  
0.7569920068  
1.519145223  
1.682402855  
2.069726403  
1.770297709  
2.103146536  
2.169766732  
1.649979555  
0.3758545498  
0.7884214724  
-2.071609901  
-0.406071148  
0.3708342263  
-1.88538221  
-0.7382680629  
-0.6410975023  
-1.234562349  
-0.8081818985  
-0.1650426742  
-0.279852705  
-0.4095097877  
-0.5956795529  
-0.2136706045  
-0.1587018901  
-0.2616635071  
-0.5251731567  
0.02847510368  
-0.08485753325  
0.1518708709  
0.3331689096  
0.1722092399  
0.05026880252  
-0.1735402846  
-0.1064415705  
0.173034387  
0.2324409802  
0.04818709303  
-0.1187900466  
-0.7993639436  
-1.329678918  
-0.5865444043  
0.1019090856  
-0.06278230983  
-0.2151261701  
-0.9760766396  
-0.6686114137  
-1.119457565  
-0.7629581253  
0.4124006028  
-0.04175356142  
-0.9755847071  
-1.073883392  
-1.457063448  
0.007941072664  
2.88589659  
1.409227211  
0.03928741843  
0.2826403401  
0.6589623461  
-0.2501828382  
-0.8775943609  
-1.054082637  
-1.00800266  
0.4769662082  
-0.09330907343  
0.525166913  
1.636207116  
-0.2190475875  
0.4189816836  
0.5237142583  
-0.1612331455  
-0.4371797867  
-0.8920264525  
-0.3689535041  
-1.096978447  
-0.8629582734  
-1.424568244  
-1.148594319  
-0.5980864406  
-0.4922396626  
3.07434259  
-1.214445027  
-1.212814288  
-0.547615072  
-0.3916629387  
-0.08889392741  
-0.4596297408  
-0.646102282  
-0.5343762215  
-1.007667895  
-0.9288019879  
-1.636167238  
-1.438515785  
-1.603600246  
-1.78714036  
-1.551852895  
-1.437294543  
-1.335853403  
0.7979543034  
1.3208525  
0.7746757644  
1.052387621  
1.839165255  
0.6620899282  
0.9243125693  
0.7510862231  
0.5246824195  
1.18978859  
1.309017169  
1.360061815  
1.076457528  
0.7828059362  
1.30393077  
1.811510042  
1.359215568  
0.08587090818  
0.5648476991  
1.27657959  
1.316334855  
1.37225822  
2.544694038  
-0.2361408971  
1.334635998  
1.695927647  
1.273246936  
1.716239356  
1.443869027  
1.494144231  
1.631638046  
1.610005522  
0.9188821077  
1.325599411  
0.3131364024  
-2.32357704  
-5.211592402  
-0.9080209136  
-1.153853231  
-0.8330639361  
-1.026323125  
-1.142434457  
-1.19710204  
-1.12675226  
-1.116816679  
-1.308135673  
-1.302298387  
-1.026861267  
-1.063135624  
-0.6109487113  
-1.116713996  
0.4202992496  
0.8827512946  
0.4181097764  
-0.05755773231  
-0.9430514319  
0.3411795961  
1.482403465  
1.656413777  
-1.033885162  
-1.079904321  
-0.9991823478  
-0.4901287398  
-0.3749129692  
-0.5387717802  
-0.6187635828  
-1.395970052  
-0.3235397646  
-0.1104415319  
2.487523247  
1.182215463  
0.9744779748  
2.016685005  
3.194448579  
0.8426629588  
1.09641885  
1.926617379  
1.208458015  
1.237521183  
0.5411453089  
3.432869475  
3.081553953  
2.403591427  
1.983732013  
1.159673034  
-0.1244775718  
-0.7025822632  
-0.8897201031  
-0.9549486405  
-1.463081264  
-1.145455773  
0.5768175538  
0.1752460132  
-0.1309504265  
-0.2752045597  
-0.376493067  
-0.2415085054  
-0.4029095447  
-1.005237973  
-1.356160487  
-1.250169262  
-0.9603654075  
-0.9118408243  
-0.9078283276  
-0.5208461502  
-1.083028971  
-0.6974938657  
-0.4160706206  
-0.8316327722  
-0.6710524289  
-0.3301637814  
-0.5580963738  
-0.669349096  
-0.4982223197  
-0.288363976  
-0.09335390091  
0.1822223636  
-0.2800039693  
-0.8055386424  
0.1891131492  
0.01057657035  
0.0958752528  
-0.09239367627  
-0.4278623333  
0.2180726031  
-0.06736608233  
-0.1561888976  
-0.092946573  
-0.3827795521  
-0.4812670674  
-0.4332598509  
-0.2743805579  
-0.4304772649  
-0.0124964154  
-0.4694361587  
-0.2385316051  
-0.09932426231  
-0.1881836045  
-0.291807388  
-0.4248490635  
-0.3066517951  
-0.2267600407  
-0.1382542615  
0.01171157546  
0.4380421211  
0.3181066  
0.3488569028  
0.3607079343  
0.1812313042  
-0.7323275548  
-0.1068297684  
0.2013577461  
-0.8342060114  
-1.381956541  
-0.8867683171  
-0.6923157936  
-0.05094377821  
1.911544633  
1.863329228  
-1.281619969  
-1.900201975  
-1.106777069  
-0.8337168791  
-1.241948378  
-0.8535878559  
-1.643938923  
-1.764172351  
-0.6714945423  
1.260425975  
-1.129880029  
-1.119284261  
-1.278032641  
-1.598537817  
-1.785201314  
1.249399515  
1.949822018  
5.961640953  
2.111711729  
0.1485965291  
-0.1302936299  
-0.3576221052  
0.522252145  
0.6811559047  
0.1012851523  
-0.5940844853  
-0.9850617729  
-0.4294683043  
-0.9060705693  
-0.9955336885  
-1.402321957  
1.367240095  
1.300209064  
0.7105053774  
0.3702679371  
-0.5128856227  
-0.6886720428  
