1.241448896  
-0.7854563363  
-1.405492748  
-1.334428009  
0.6226133236  
0.701014131  
0.228019694  
1.23449212  
-0.4622680442  
1.944162955  
-2.242769584  
-0.4621308661  
-0.1967083852  
-0.6728362605  
-0.7069517983  
-0.158809173  
-0.7780863824  
1.602140404  
1.132090561  
0.2246204983  
1.742600164  
-1.13188363  
0.5996069554  
1.845063467  
-2.02444303  
-0.1111205791  
-0.6686201668  
0.2051234283  
-0.5500985963  
-0.5294050218  
0.3540268674  
-1.089308833  
-0.3838388629  
0.120157949  
-0.8970941494  
1.032784861  
1.134979054  
0.5066043335  
1.381735113  
0.0995115881  
0.4456873489  
0.4245714191  
1.965945654  
1.324413622  
0.4081708134  
0.6408179591  
0.4676662574  
0.8128422466  
1.155724653  
-0.1015956431  
0.08172516327  
-2.116287192  
-2.410357206  
0.06625753218  
0.594943389  
-0.4473024035  
-1.03783654  
-1.758063796  
-0.6533485523  
0.4011625721  
0.5086648674  
0.7848134822  
-0.8201061654  
1.257657818  
1.19887993  
-0.1316595585  
-0.5118907458  
-0.9714171898  
-0.893848929  
0.3441814115  
0.8204040937  
0.245312553  
1.107758294  
1.384763872  
0.6933182921  
0.7287700422  
0.274194111  
1.229627285  
1.098789148  
0.287509492  
-2.087449155  
-3.015695949  
-1.760960557  
-0.08752014174  
0.7837415667  
1.606308018  
0.06755866101  
-1.057614851  
-1.511740619  
0.2289995972  
0.9207610159  
0.6018880257  
1.089597265  
1.020484681  
0.2956056162  
0.1868941529  
1.559530871  
-0.4134443079  
0.3398080083  
0.5961608308  
1.156010291  
1.283254494  
1.804024784  
1.686880044  
1.14529922  
0.9354636316  
0.9579001781  
-1.168394401  
0.6995136221  
-1.340168895  
-3.163084715  
-0.8722742178  
0.6442359745  
-0.146506933  
-0.05940782818  
-0.3272759918  
-0.6794174315  
-0.4259534692  
-0.2709122974  
-1.033847196  
-1.843762929  
-0.3453590004  
-1.516904553  
-0.2727270428  
-2.056610867  
-1.367842063  
-2.200513812  
-0.09802887395  
0.4824601288  
0.9435735913  
0.6981692445  
0.9578354619  
1.402197626  
0.8850389677  
0.4600996393  
0.6221320819  
-2.192543906  
-1.086673581  
-1.088643227  
-1.624429044  
-0.1105829653  
-1.471430732  
-0.9246068246  
-1.135574735  
-1.997892634  
-0.6959478539  
-0.810323674  
-0.461720975  
0.4940399023  
1.012571583  
1.085051686  
-0.7767498616  
0.3846817852  
0.5726138473  
-1.33124078  
-1.870864259  
-1.946866892  
1.264581203  
-0.2988266612  
0.4345707228  
0.4392183837  
0.3747798652  
0.7070869301  
-0.6166385499  
1.790642449  
0.2829385041  
-0.2442441439  
-0.5587737286  
-0.2226947872  
0.3842416751  
0.3158683967  
1.399834921  
1.191311619  
0.8177973338  
-0.3919760603  
0.6823481703  
0.1068416142  
-2.380226948  
-4.108442746  
-0.6509767924  
-0.4758313964  
1.16944128  
0.93120547  
1.619695539  
0.02461347202  
0.8730190954  
0.6625020428  
0.9298618008  
1.422181149  
2.025930511  
2.649249586  
1.615297497  
-0.9212651707  
0.6856465776  
-0.06214731619  
1.090204259  
0.3858185241  
-0.158731131  
-1.100792911  
-1.159331062  
-1.548983431  
-3.538150357  
-2.480251941  
0.4709612627  
-0.4193365427  
0.107219599  
0.1436651231  
0.1920964439  
-0.4552406775  
0.7536824528  
-0.6073435385  
0.3989645814  
1.133524155  
0.9253608824  
0.04487334545  
1.062687416  
0.6852018044  
0.9666210121  
0.7113839142  
-1.163925928  
0.1654432123  
-1.03268595  
-2.338185871  
-1.681574304  
0.6086054958  
0.1552885434  
0.4740990485  
0.3930153237  
0.03855361366  
1.281423923  
-0.1997585245  
1.663583027  
1.292252443  
-0.1597174846  
1.971241059  
-0.1283121515  
0.4482844344  
0.6768405436  
0.2655943406  
1.352392308  
0.4957606917  
0.1054737242  
2.056111827  
0.7094316487  
-0.8866753121  
-1.521025193  
-0.7367265467  
0.06169649273  
-1.374778345  
-1.440193881  
-1.928779021  
-1.501500267  
-0.7615043766  
-2.257653497  
-0.4607380096  
0.0226192178  
-0.2178607832  
-1.756842171  
0.1587725499  
1.055415982  
0.821794867  
1.20524344  
1.55685668  
0.2822039475  
1.840489858  
1.082122072  
0.65517134  
2.187259354  
1.26925749  
-0.1411187656  
-1.09332534  
-0.3602267861  
-0.4647373913  
1.140853312  
-1.270581564  
-0.5883398494  
0.3072758487  
0.9649214397  
0.5044291619  
-0.8018058774  
-2.247417829  
-0.834879162  
-1.648546698  
-0.6365826336  
-0.08739102599  
-1.364097834  
-0.3954415417  
-1.120390324  
-0.3009562887  
0.8369137281  
-1.463981174  
-0.6960000795  
-0.1296614563  
-1.429067386  
-1.342680689  
-1.318410028  
-0.384925221  
-0.791635737  
0.08562894946  
0.4819091799  
-0.2021454457  
1.75259038  
-1.966280933  
-1.210737675  
-0.2020014938  
0.01477833247  
0.7704585779  
0.6987615027  
0.4146085409  
0.274883795  
0.5203912507  
0.8383104076  
-0.09404065845  
1.33188469  
0.04062979902  
1.371107774  
1.484518312  
-0.6760899432  
0.9519691518  
1.138488163  
0.1495479205  
1.287317657  
1.882638352  
-0.1078221594  
0.1091267519  
0.3659962436  
0.6297007353  
0.092134095  
0.2194149519  
0.8742540683  
-0.5150522347  
-1.087988851  
0.5943560914  
-0.2278441549  
0.3734519784  
-0.3481771981  
-1.438229719  
-0.6629801302  
0.3553848097  
-0.005490236891  
0.1244883477  
0.4542562602  
0.5687645836  
0.1561576555  
-0.6628960807  
-0.7433529569  
-0.6200304168  
-0.1568320037  
1.422970553  
-0.5746252488  
0.7081325788  
0.2640705681  
1.523708383  
-1.182496418  
-1.07542869  
-1.041097267  
-0.7709969904  
-0.1779524617  
0.7410488573  
0.542118759  
0.7839988146  
-0.680839161  
-1.027937001  
-1.296307136  
-2.555223501  
0.4214152188  
-1.023830631  
0.179402002  
0.187861909  
-0.8703164783  
-0.6183245346  
0.2339997092  
-0.797192566  
0.5283352651  
-0.3628041748  
-0.577928401  
1.136986678  
1.387555707  
0.6248068561  
0.2190529346  
0.6313062695  
0.6714059872  
0.6816617534  
1.605125369  
0.3311788237  
0.6858797557  
0.5113180876  
1.160164233  
0.252380129  
0.1222936949  
0.9027807137  
1.415260709  
1.217003401  
0.1044412281  
0.6238275039  
1.027732908  
0.2408074592  
0.5686508103  
0.9869070495  
0.3676216557  
1.193570986  
0.7036854013  
0.3251374762  
0.9630993658  
1.017899856  
-0.05680569224  
-0.5200862294  
-1.671355118  
-0.7184781742  
1.183904017  
0.466576683  
0.3843394504  
0.2248297726  
-0.2005310916  
0.6424141823  
-0.06981297192  
0.1236213317  
0.3085131243  
1.134986145  
0.1084112734  
1.675862759  
0.1422139585  
0.4110466975  
-0.7802348739  
-1.239763565  
-1.930367725  
-1.134679286  
-0.6682748739  
-1.768030675  
-1.218540618  
-0.7550768882  
0.01784616753  
-1.200921058  
-0.9062269108  
1.280704606  
1.779037444  
-0.1855839655  
-1.081232701  
-0.986387018  
-1.022767281  
-0.5915337343  
-1.141500242  
-1.60819928  
-1.858539884  
-0.7530999841  
0.5619459983  
-1.900984847  
-0.9630860918  
-0.2912771127  
-0.2981075975  
0.9447545277  
0.7610223358  
-0.7042962649  
0.4550242323  
-0.5143562363  
-0.6794077599  
0.6896188394  
-0.3806568789  
-0.6564143249  
-0.3669930883  
0.0617128548  
-0.8092383895  
0.6566667324  
-0.02827699726  
-1.415017266  
0.6330053684  
-1.762647373  
-0.4670772882  
-1.335012724  
0.2407428712  
0.4141999049  
-0.06234287951  
1.08032125  
-1.099514331  
0.05311186914  
-0.1936695289  
0.3133462352  
1.096453635  
0.4754073485  
0.3937907644  
0.5114790985  
0.5329481758  
0.7524679983  
-0.5866142235  
-0.9149665378  
-0.9626782036  
-0.6151463894  
-0.4199544131  
-1.170912489  
-1.9298958  
-0.3987090708  
0.3393237663  
0.1635998603  
0.43377862  
0.0138131276  
-0.8783817359  
-0.7455995568  
1.602035876  
0.9631915403  
0.1226276996  
-1.03791443  
0.6902368238  
-0.4902271462  
-0.01074537621  
0.4110243818  
0.3079116359  
1.290170987  
0.1714914288  
1.162455563  
0.2393453604  
1.439480434  
0.7720244415  
1.450343743  
0.5347849156  
0.2276776283  
0.2064737148  
0.2046488694  
0.5651491265  
0.2117993949  
-0.8089129955  
-0.8124963146  
-1.61774011  
1.446306282  
0.5028906516  
0.5832651265  
1.039131046  
-0.8781480089  
-0.1461115756  
-0.5158218805  
0.6265040492  
0.2192365572  
0.5417721457  
-0.6338139323  
0.4721171561  
0.6233522301  
0.9002403526  
-0.3298294527  
-0.1390590813  
-1.552065765  
-0.5958849309  
0.64784055  
-0.5365336228  
1.121400829  
0.2543765654  
1.293411046  
0.8255475673  
-0.2888773411  
-0.7444664541  
-0.1425790601  
-1.688922229  
-0.2965049556  
-0.5690510039  
-0.00260698643  
-0.2863409267  
0.6433967217  
-0.1161946619  
0.5485920067  
0.2553622802  
1.242212278  
0.7967291477  
-0.1982640322  
0.5358872414  
0.6656858331  
-0.3917882772  
-1.546552135  
-0.1325239749  
0.9701747472  
-0.3591642792  
-0.6062289431  
0.9086192804  
0.9470325054  
0.7161569849  
0.292420928  
0.1377595306  
0.7102550286  
0.8478754785  
0.5435254235  
1.185848853  
0.9794663725  
0.050028718  
1.23850084  
1.948950676  
-0.4417186386  
-0.7410548443  
-1.112658448  
-2.20601655  
-1.009869389  
-0.01218062785  
0.1468045595  
0.2625697894  
-0.07732931951  
-0.5750609882  
-0.6164087309  
-1.478493841  
-0.01473700652  
-2.137196978  
-1.07237903  
-1.514896893  
-0.2914622108  
-0.5750118744  
-0.6339175641  
-0.965659767  
0.2870394194  
-1.277647183  
-1.023589478  
0.3787786184  
-0.6359626343  
-0.8687789083  
-0.7719255176  
-0.02505827969  
0.1954344335  
-1.3595457  
-0.6508132571  
-0.9384217123  
-0.05961789663  
-2.238167955  
-0.5100910189  
2.554933167  
-0.6012129311  
0.04239274508  
1.448602228  
1.035523209  
1.691119661  
0.1165018015  
1.813391849  
0.6863550209  
1.120384892  
0.6097794451  
1.76066225  
1.306691379  
1.319219183  
0.4122055088  
-0.06267064967  
-0.821526473  
0.08025616737  
-1.035591379  
-0.7105663092  
-0.2991868599  
-1.450070749  
-1.390457574  
0.5921020181  
0.5709934741  
-0.06198544107  
1.298289875  
0.4303929126  
1.310168888  
-0.3036371955  
1.854632672  
0.08285797283  
-0.698560866  
-1.619068307  
-1.688518324  
-0.4531548208  
0.1839798179  
-2.289424541  
-1.490947821  
-1.359163023  
-1.259224556  
-0.7146399392  
-2.20535825  
0.8674395488  
-1.430186723  
-1.697125288  
-1.710579824  
-1.022557981  
-0.9613895642  
-0.7822403761  
-0.5707294885  
0.09910737304  
-0.758055562  
0.06873440182  
1.396018134  
1.306216036  
1.899366822  
0.08068082692  
0.7204328413  
0.4747243048  
0.4194607198  
0.1720305829  
0.7092014429  
0.6506743756  
0.3301085112  
0.621956729  
1.235774367  
0.1765675487  
-0.4038838138  
0.37143251  
0.616402704  
0.1970697792  
0.5187587181  
0.1302401436  
0.8335538973  
0.5099556005  
0.2458213518  
-0.3631063075  
0.1834624542  
0.3740527573  
0.408866406  
-0.343717122  
0.009424199143  
-0.1870780996  
0.03086942235  
0.7012088994  
0.4205356721  
0.7830675847  
0.8209312663  
0.1339597794  
1.115556705  
1.541320281  
-0.8327228743  
0.3346435452  
0.03484537081  
0.3915540243  
0.07886906086  
0.4691110859  
0.9406973407  
0.8499306371  
0.4529201926  
0.5268649697  
0.7772343578  
0.04729667173  
0.1093796506  
0.5168052599  
0.2610730439  
-0.6304296421  
-0.2947732474  
0.3549734763  
0.7483752123  
0.4273582264  
0.2591642503  
-0.04251875037  
-0.1095034452  
-1.768614198  
-1.259573332  
0.607860534  
0.754254223  
0.2682270257  
-0.198884068  
-1.269257483  
-1.242795358  
0.7933589296  
0.6199636023  
-0.3295929591  
0.1977164453  
-0.1882128728  
0.4178102892  
-0.4186971461  
0.8145175748  
-0.5268383765  
0.1918239347  
-0.37743638  
0.02340675636  
-0.04892856633  
0.0759962308  
0.1718020115  
-0.6287911544  
-1.431725346  
-2.1925282  
-1.998469908  
-0.9683991805  
-1.824841146  
-0.9105115681  
-0.4805337393  
0.8874103824  
1.536968438  
0.625924204  
2.055364437  
1.615452571  
1.82220557  
1.888027895  
1.328099106  
-0.3759581679  
-1.051426915  
-1.131548515  
-1.222021692  
-0.1462516624  
-0.1690359128  
