1.768804262  
-0.3190019683  
-1.35047004  
-0.6354926452  
0.2027241684  
-1.5213184  
1.776096897  
-0.4461783082  
0.3594389188  
-0.0381238422  
-0.2217753121  
-0.158597144  
-0.2120010943  
-1.240397482  
-0.9800333474  
1.579245046  
1.389474253  
0.5153488793  
0.8391797568  
0.7307663281  
-0.4855437402  
0.2197289715  
-0.0967947797  
-0.7188324719  
-0.4144467845  
-0.8613010731  
-0.01563840932  
0.3212797584  
0.5522821003  
-0.2175320106  
-0.1196183246  
-0.2149432526  
-1.161059298  
0.7386330371  
-0.38356861  
0.683524649  
1.306697078  
-0.2147924908  
-0.258545907  
1.031384464  
0.5404404021  
0.8441943871  
-0.587436348  
-0.6782370502  
-0.7258121347  
-1.222037505  
0.1763785724  
-0.1710421441  
0.3731257208  
0.2251368845  
-1.351193158  
1.366972519  
1.129914481  
0.5033011199  
-1.019731526  
-0.4417529934  
-0.6944261199  
0.5130192098  
0.7516043286  
0.3334723566  
1.570548965  
-0.3742737988  
-0.4058783422  
-0.2614118338  
1.656541397  
-0.1489161882  
-0.2944374365  
-0.8890585769  
-1.267869209  
0.2863824313  
-0.2688137489  
-0.4558843012  
0.9527160202  
1.41260673  
-0.09783300663  
-0.6169663069  
0.796383786  
-0.3970655159  
0.3668849961  
-0.2491899691  
-1.288010198  
-0.6397917633  
-0.9637762983  
0.09689244322  
1.128319081  
-0.695568596  
0.6337473413  
0.8695940734  
0.1454255768  
-0.7642067685  
-0.558457854  
0.1766283613  
-0.8022129705  
0.8760182311  
-1.205571874  
-0.1179561934  
-0.01787960265  
-1.211340984  
-0.4372570926  
-0.6947038213  
-1.830411167  
-0.9437304559  
-0.2092537578  
0.7371180404  
-1.127539263  
1.721178354  
1.600297494  
2.294198963  
2.376267564  
1.058002338  
2.090504977  
1.611716488  
0.0261152307  
-0.716213368  
-0.04487094893  
0.5921422439  
-0.0640527653  
-1.094727795  
-0.3921852843  
-1.555438958  
-0.9802193519  
1.35820751  
0.02592266558  
-0.9583198492  
0.505041635  
-0.4878758208  
-0.7973784939  
-0.6448691689  
0.8043864592  
-1.11066721  
-0.2019543013  
-0.575392662  
-0.6886189481  
0.1419183435  
-0.4280735061  
0.8546517744  
-1.312122752  
-0.8494593168  
-1.287871572  
0.5729146813  
0.3796037846  
0.1539012921  
-0.9795193996  
-0.1234592998  
-0.1128077273  
0.2081875431  
1.110820219  
0.953692769  
2.217237156  
1.776388316  
1.954852592  
1.009854606  
0.8519234932  
-0.4507742813  
-1.121071658  
0.8437713041  
-0.1328563436  
0.08806381418  
-1.401597313  
-1.299860492  
-0.1708252501  
0.1146676283  
0.3458498558  
-0.7995442012  
-0.5611071664  
-1.168438792  
-1.201942601  
1.037668483  
-0.6561033204  
-1.768667319  
-1.429140412  
-1.954192186  
0.06362080768  
0.4853931203  
1.214157455  
1.603734535  
0.7962715302  
0.626272113  
1.590117484  
0.1106213805  
0.01264391024  
1.454307139  
-0.7698295411  
0.09419457248  
-0.344116784  
0.1139223727  
-0.8225445248  
-0.5926236549  
-0.5294493196  
-0.4656817363  
0.8660950555  
-0.2694824267  
-1.065600974  
-0.207997491  
-1.081662051  
-1.113442235  
-1.925395245  
-1.11361882  
-0.9062396487  
1.343232006  
0.3196413181  
1.208094013  
0.5736393677  
1.676853587  
0.239390844  
-1.091460915  
-1.501536261  
-1.188517407  
-0.03190624118  
0.4562187508  
-0.7360397341  
0.384196105  
1.036953922  
0.4511078411  
1.572521383  
-0.2489287859  
-0.2456022481  
-0.8334231825  
0.134734257  
-0.4765680708  
0.4735318733  
0.4678862857  
0.8755949823  
-0.4655635039  
2.108516747  
1.326113516  
0.7912302972  
-0.7823983504  
-0.7471972995  
-0.6700649998  
0.7913136015  
-0.6760647059  
0.9994474502  
0.8397234285  
0.03831766681  
-1.050735849  
-1.414717874  
-0.6039208148  
0.3556488612  
0.1336802861  
0.6836150686  
-0.6136888174  
0.2448367969  
0.8832406467  
0.4063015438  
-0.0778441748  
0.4374285541  
0.678623115  
0.2204054868  
-0.7709242315  
-0.5116000459  
-1.277962201  
-1.071748696  
-1.481440065  
-0.9862276083  
-0.2908353487  
-0.8297235228  
0.579260238  
0.5645975178  
-0.1367597077  
1.902158318  
0.8117749727  
-0.8852382707  
0.06598040989  
0.837660959  
2.192336537  
1.555162762  
-0.5806854419  
-0.784677813  
-0.9163463964  
-0.7748408455  
0.3870293381  
-1.111467793  
-0.9076412513  
-1.548498696  
-0.3328380135  
-0.6196523617  
1.371356636  
2.322748557  
-0.2688341197  
-0.5718871153  
0.07734566221  
-0.06414019873  
0.04697272656  
-0.3851611947  
-0.8835240399  
-0.8121068041  
-0.2538041136  
0.6197871181  
0.2942796643  
-0.005747050944  
-0.007549490756  
-0.8441763528  
-1.149269354  
-1.358954072  
-2.656858989  
-0.7570627909  
1.059126517  
0.2518053959  
0.7458464049  
0.4190485944  
0.2720710619  
1.526124962  
0.7747008714  
1.418857441  
-0.1322263619  
0.931510296  
0.3143726345  
0.1978035618  
0.04978432832  
0.9700153189  
0.1249477282  
0.5877284507  
0.681724148  
0.1597145828  
0.3531135445  
0.7791464788  
1.412078509  
0.9910127489  
0.6070193627  
1.141843601  
-0.03713737612  
-0.5474594053  
0.260670266  
-0.1344968137  
0.01069283093  
0.3208518042  
-0.610176363  
-0.3695579197  
0.01119218348  
-1.010507663  
0.2278664083  
-0.3221689213  
-0.07645733243  
0.5142766781  
-0.1261576967  
0.9101436695  
-0.553829453  
-1.290236976  
-0.2305121267  
0.6896213708  
0.2848610308  
0.9927120746  
0.1661167357  
0.1576382706  
1.648898603  
1.573763253  
-0.3543743877  
0.235248153  
0.6590862521  
-1.404907475  
-2.011412534  
-0.9992827912  
-2.033899369  
-1.739887949  
-1.075516068  
-1.387400579  
-0.4407526961  
-0.04994565358  
0.206017296  
-0.7445556707  
-1.673110784  
0.905131213  
0.2633626876  
-0.2081527651  
1.666183725  
0.6543763395  
0.3598920375  
0.3376065288  
1.051165969  
0.4390490588  
1.118023609  
0.1191695612  
2.285601699  
0.7442555912  
0.5817374639  
-0.02609700476  
0.7429496301  
-0.06956962574  
-0.2926004961  
-0.01802364198  
-0.09305560356  
-0.4057642825  
-2.634836665  
-2.867002709  
-1.793354782  
-1.864757443  
-1.263386209  
-1.727714536  
-1.598013452  
-3.944542288  
-1.707438082  
-1.436208862  
0.5979551113  
0.8079808204  
1.846990008  
0.6022179867  
1.413887841  
-0.4212801358  
0.96162643  
0.1946331141  
0.9557218386  
0.9735369032  
-0.8083606313  
-1.464036049  
1.762503785  
0.8549284793  
1.418512281  
0.07602883354  
0.2788988475  
-0.8709254141  
0.9928598872  
0.4134326292  
0.4566685644  
0.8783882526  
0.3830736508  
0.3007899472  
-0.2498649895  
0.4085111888  
0.8846630866  
-0.3510605984  
0.1672970507  
-0.23053121  
-0.4466068867  
0.6391063072  
0.5629972253  
1.049915081  
-0.09898153828  
0.09235903338  
-0.4802460926  
-1.280287611  
-1.482212243  
-1.158971839  
0.308791424  
-0.8038148538  
-1.738330836  
-0.3436184424  
-0.8901084118  
2.022214272  
-0.5191359713  
-0.06063310152  
0.741007161  
-0.5709655253  
0.4312121065  
1.250401592  
-0.3810565318  
-0.1421440894  
1.515613303  
1.498806683  
0.8563449196  
2.074330483  
2.253261278  
1.938881541  
2.52320589  
0.8911478995  
0.3927586437  
0.6910364201  
-0.1160911909  
-1.163915289  
-0.4227156975  
-0.1797805938  
-0.8613556982  
-1.232539035  
-1.361548293  
1.22774476  
0.6919354219  
-1.98048216  
-0.009849500063  
-0.2217257871  
-0.5813546364  
-1.382639024  
-1.811967378  
-0.8689833725  
-1.259975082  
-0.4251737432  
-0.3158510272  
1.066459237  
-0.9599337102  
0.9528418687  
0.6706212484  
1.070241604  
1.309329459  
0.3483915779  
0.6850459572  
-0.07700068333  
-0.2577060908  
0.1432314013  
-0.849818954  
-1.003415263  
-0.05700908368  
1.40669685  
-0.4783310049  
0.1236241894  
0.1819674625  
-0.3261561524  
-0.3843113445  
-0.6572672214  
0.6749783198  
0.7475151759  
-0.6255101166  
-0.9633031291  
-0.2998890395  
-0.8765351298  
-0.4075973671  
0.1027099473  
1.423758381  
0.7460837498  
1.050712757  
1.598751889  
1.501693323  
1.361882536  
0.9518764893  
-0.2256619685  
-0.4586373601  
-1.432430836  
-1.243465635  
-2.169449217  
-1.76199419  
0.1030114584  
-0.4116734539  
-0.5787910839  
-0.3510256617  
0.3707785783  
-0.7118302059  
0.3064847212  
1.004214063  
0.1891721125  
-0.5148402335  
-1.678560837  
-1.004613286  
-0.2080046363  
0.007928123342  
1.857730775  
0.3897822733  
0.004768819822  
0.4760920773  
0.3580473673  
0.9434490024  
1.076481185  
1.513479834  
1.258102314  
1.222742142  
0.2789623478  
-0.0456762215  
-0.4840282988  
-1.36615049  
-1.103850658  
-0.7197447565  
0.5397962638  
0.07580426146  
-0.4549347672  
0.7008004193  
0.4525750784  
-0.6395265419  
-0.7228928359  
1.287580143  
0.02264149685  
0.2447555962  
-1.392045677  
1.297974665  
0.6378707141  
0.2767365183  
0.7548449034  
1.288754662  
0.824452466  
1.686016387  
-0.09974292301  
0.8471603772  
0.08991970072  
0.2346855276  
-1.901836082  
-0.7240278306  
-1.782911081  
-2.455031559  
-2.080046235  
-2.094278513  
-1.011153149  
-0.08965888157  
0.9091053144  
0.4965900923  
0.4198916199  
1.008820407  
0.6704606524  
2.063379041  
0.1816887309  
-0.3256176169  
-0.399289085  
0.3998158148  
0.1705297464  
1.14513003  
0.2819241422  
-0.1902077773  
-0.4980248272  
0.05632232451  
-0.2520284333  
0.1568050624  
-0.63112633  
-0.1260382461  
-1.093308443  
-0.1803143184  
0.307825265  
-0.08995107835  
0.9060159299  
-0.02108954208  
0.4988639026  
-0.6226879302  
0.988343473  
-0.4263823269  
-1.613895073  
-0.05473667606  
-0.4700788737  
-0.1108571198  
-0.6230863004  
-0.3731516423  
-0.7107052011  
-0.03506975895  
1.122566853  
0.05407882124  
0.1813178062  
1.646999006  
0.5661019071  
0.2543951253  
-0.03720584648  
1.046526526  
0.3425341441  
0.2800436862  
0.6304978483  
0.01973224395  
-0.589169816  
-0.5175631433  
-0.5546102579  
-0.5085479496  
-0.2155881262  
-0.157164857  
-0.5225121929  
0.4265036035  
0.2521203325  
-0.7420827126  
0.4169472898  
0.08091261581  
-1.785129759  
-1.114379966  
-0.3500471199  
-1.170907803  
0.09981971015  
0.08543237914  
0.2223962328  
0.03733706762  
0.7204564458  
-0.8826397839  
0.4268908247  
-0.4681901826  
-0.1241919316  
0.1278317119  
-2.099590811  
0.4106670458  
1.817185271  
1.0791053  
0.8426730315  
0.940743408  
2.033470179  
0.7280894126  
0.3983268093  
-1.272781369  
-1.9915488  
-1.627768914  
-2.426699921  
-1.681114804  
0.171037122  
-0.1547216622  
0.5711863756  
0.5922545201  
0.230101996  
-0.385279217  
0.038785503  
-1.826776201  
-1.98415932  
-1.062937797  
-0.3266874964  
-1.902347017  
-1.669029809  
-1.22206315  
-1.062097945  
-0.3508777695  
-2.723263482  
1.211362998  
0.3488842541  
-0.03767955107  
1.274834953  
2.36116026  
0.3540442519  
1.555395528  
1.067958738  
0.4737441159  
0.4051243464  
0.1943816426  
0.5301988648  
1.486343338  
-1.781459973  
0.8835591311  
-0.2515838198  
1.51973565  
2.34324601  
1.410672531  
0.6115168424  
1.403872754  
0.4210264953  
2.188202404  
2.147273886  
0.4101242499  
0.3971669203  
-1.495010321  
0.1505523418  
-0.6940395626  
1.48053874  
1.072949509  
1.243702861  
-0.3019084272  
-0.3834586996  
-1.709556324  
-0.0006303268393  
-0.05884118253  
0.6416310233  
-0.7988330112  
-0.912971127  
-0.2562293492  
-0.2115637488  
0.09161777317  
-0.1018701092  
0.3868885056  
0.2572726121  
1.237369464  
-0.6015760564  
-0.2480539471  
-0.8645831162  
-0.2942702137  
0.8304631915  
-0.7698773845  
-0.3816085644  
-0.1026199464  
-0.5000767101  
-0.03049717111  
1.036440815  
-0.2794999283  
-0.7561281056  
-0.7425489639  
-0.2667059426  
1.172824967  
1.159905064  
0.5536194039  
0.7115563528  
-0.8391499456  
-0.9507852452  
0.7239210393  
0.06045657959  
0.4303315098  
-0.723312127  
0.5221310763  
-0.2232643367  
1.238965636  
1.166154715  
1.458913569  
-0.2140182334  
-0.6842648003  
-0.4557140871  
0.1876647884  
0.768078972  
1.273157708  
0.6774994829  
-0.3442198029  
0.7044565143  
0.3017472151  
-0.6536443211  
-0.5160463069  
0.4199177998  
0.2570509082  
0.3862599991  
-0.3606793938  
1.640604355  
0.808802668  
0.4166170821  
0.06402513943  
-1.242705881  
-0.8984776845  
-1.238784069  
-0.4736604143  
-1.333043224  
-1.343033994  
-1.363955802  
-0.9866090559  
-1.375545652  
-0.1782275996  
-0.5761106346  
-0.9289639569  
-1.019963284  
-0.9443302989  
-0.2904231254  
0.1352138356  
0.2946916128  
0.9040166491  
0.8057542624  
0.208537065  
-1.011337769  
0.1715488718  
0.1389873615  
-0.8556969445  
-0.7287718931  
-1.615950603  
-0.4354499584  
0.776701672  
-1.132042072  
1.401840242  
2.065932151  
0.7487717668  
0.8156278327  
-1.15160883  
0.5300529084  
-0.01857541884  
0.3121671937  
-0.1582142005  
0.1768567053  
0.2743255216  
0.516759285  
-0.3734188665  
-1.118177257  
-0.3809585851  
-0.9855720214  
-0.4280907437  
0.5264602745  
1.344713286  
1.444108736  
1.975981063  
0.1066986974  
0.09087526051  
-0.5886403067  
-0.1756534375  
-0.9447406101  
-0.7793672476  
-1.217650269  
-0.185837936  
-0.3304556711  
1.768948821  
2.198571816  
1.270156294  
1.610008536  
2.437516628  
1.723533169  
2.605254053  
1.879832464  
0.08447442831  
0.79242504  
-0.3699124318  
-1.077524949  
-0.7849562557  
-1.691692382  
-1.761643048  
-1.242973532  
-0.2925607326  
-1.096269333  
-2.004489101  
-1.040632196  
-0.6580401824  
0.3597071259  
-0.780643507  
-1.328410671  
-0.009852911242  
0.05445584048  
-0.09416909156  
0.07793197847  
-1.136642536  
-0.3172530261  
-1.000618614  
-0.5731714184  
-0.7955963769  
-0.1052904205  
-0.8232905453  
-0.7067933509  
-0.5592368997  
0.2635822403  
0.1399287795  
1.957026522  
1.882826283  
1.428181141  
0.2828652657  
-1.381832982  
-0.6489846215  
0.8141642823  
-1.722162021  
-0.1774447284  
-0.1380946999  
-0.9746781715  
0.6540654278  
1.156563401  
-0.07829055119  
-0.7198717636  
-1.183264596  
0.4340454837  
0.3055600673  
0.5597548668  
1.384047096  
-0.1543376812  
-1.745432148  
-0.5125276563  
0.2211906297  
1.214094904  
1.079963586  
0.9778476541  
0.766229976  
0.8251800151  
-0.8969684268  
1.544177795  
1.350628377  
1.806097  
0.4696188926  
0.2322093759  
0.791268173  
-1.430347062  
-2.738697726  
-1.455469237  
-0.2390500509  
0.937057054  
0.7947448369  
-0.2824023643  
-0.7872572379  
-0.3170827039  
0.01548294  
1.452149082  
1.490914771  
0.2480311291  
0.5453470178  
0.03280155454  
-0.4142678693  
0.2945954414  
0.242884798  
0.8077026415  
1.025353475  
1.661135077  
0.1933778689  
0.1124138738  
0.1896197615  
0.6833369309  
-0.2569209394  
0.210602945  
0.1849915825  
1.940602908  
-0.0429205682  
1.398078988  
1.99741  
2.143746768  
0.954956005  
0.5196784103  
0.1884020493  
-0.384251215  
1.179532733  
1.550211369  
1.391453069  
0.8861338698  
0.4157382808  
0.1615750939  
-0.2568671875  
1.638957032  
3.284389379  
1.509573373  
1.848509857  
-4.419102203  
-3.399992929  
-3.105948334  
-2.175608177  
0.462207592  
-1.827781365  
-1.771140156  
-0.7160726791  
-1.199588411  
-1.673938299  
-1.526223555  
-1.540264062  
-0.6586932488  
-2.030163664  
-0.8310596534  
-1.105283641  
-1.351637059  
-1.412701539  
-0.5052359683  
-0.06746629014  
0.558474989  
0.6288373792  
0.4550560165  
0.1676990412  
0.8287411652  
0.66257854  
0.8067852315  
1.299604345  
0.1942630678  
0.8362375576  
0.1894194717  
-0.6013766703  
-0.8694475727  
-1.832260665  
-0.5016730328  
-1.511065398  
-0.7646099916  
-0.1156337508  
-1.132014447  
-0.7430171058  
-0.6702014151  
-0.6552304374  
-1.593412609  
-0.3492609509  
1.090246187  
-0.06398527732  
0.9466631919  
0.3115151027  
0.2668900366  
-1.046415229  
-0.3887039133  
0.348341096  
0.4703100761  
-0.2807200519  
0.4616422838  
0.5198568129  
0.7557678336  
0.2592593687  
0.3295319082  
0.3817405383  
-0.6583966022  
0.1026842602  
1.307346051  
1.619095633  
0.4578893325  
-0.8937653861  
0.2162728725  
-0.6945929148  
-0.4506774169  
0.4798532097  
-0.2437446518  
1.404236887  
1.340673053  
0.9567986337  
1.1754249  
0.07652888519  
-0.1414969985  
-1.140187989  
-1.651382473  
0.01466982592  
-0.2325807448  
-0.9800614413  
-0.1053330256  
-1.239551995  
-0.6651450175  
0.6300464584  
0.1692588796  
0.8840615369  
-1.127061803  
-1.636192247  
-0.03030087148  
0.3909286992  
-0.8948332984  
-0.04516873923  
-0.6395186095  
0.08733236598  
0.6785981722  
-0.541974799  
-1.114934716  
0.4542189414  
-0.6138415707  
1.565927462  
1.311013141  
0.6727736548  
0.6848259038  
0.6514559396  
0.2950960247  
0.8231027  
0.5601708456  
-0.1321896196  
0.07140946941  
0.05648547359  
-0.8880498855  
0.01781941545  
1.892567487  
0.4484940067  
0.4903017975  
0.8592974422  
-0.2717526689  
-0.1804895466  
1.157111971  
-0.04308446003  
0.2780802012  
0.1623850978  
0.3491751238  
0.5727323153  
-0.01233370099  
-0.3835835168  
-0.03271466004  
0.955086678  
0.1093712113  
0.2259385856  
1.325662242  
2.074549962  
0.3427101904  
-0.2240433517  
1.57915956  
0.6911357133  
1.515334122  
1.670371484  
0.5773643017  
-1.11389928  
-1.50594319  
-2.369690008  
-1.200249285  
-0.7992619996  
-0.9313983581  
-1.221853369  
-1.826488845  
-1.32642242  
0.3005619646  
-0.241830109  
0.1332737505  
-0.4882325933  
-1.240831936  
-1.697063784  
-0.4146296635  
-0.1113854506  
-0.6671236817  
0.101763341  
0.9777816185  
1.00928124  
-0.7072698636  
0.3406323863  
0.1097326284  
-0.993724278  
-0.8581566177  
0.134793048  
0.4085151141  
-0.4511878474  
-0.112547234  
-1.166775602  
-0.6017237766  
0.6224838649  
1.436767198  
1.27327742  
1.336221933  
1.576998511  
1.622840393  
1.780872342  
1.360900363  
0.771514027  
-1.057123159  
-0.5712901188  
-0.1493548558  
0.773685127  
-0.7472249073  
-1.049976584  
-1.077130178  
-1.60116892  
0.1157085984  
0.7971334497  
-0.5472363511  
-0.7940622923  
-0.2158443315  
-0.2120246545  
-0.9709626443  
-0.02189553652  
-1.016563874  
-0.7894844669  
-1.532573708  
-0.4918823153  
-0.8566580332  
-0.5591236463  
-0.05192878463  
-2.437747137  
-0.8855267582  
1.347015213  
1.006095488  
1.30462  
0.7731729972  
0.6766591369  
-0.2562482164  
-0.1537283468  
-0.2412766746  
-0.648849682  
1.560881393  
0.4934070089  
0.3230858197  
-0.1477882785  
0.6572610727  
-0.2071834227  
1.069027579  
0.9529914935  
-1.24492637  
-1.501807288  
-0.420117048  
-0.08926830997  
0.2967269133  
0.4584988482  
-0.4077546627  
-1.344042679  
-1.654130216  
-0.5049647842  
-1.294183786  
0.7704111428  
1.387085238  
1.064170059  
-1.231929892  
0.2755919828  
0.06645301846  
-0.548031296  
1.341344956  
1.170652696  
1.458712747  
-0.08656704914  
1.004923009  
-0.04789098684  
0.1690689262  
-0.1651637675  
0.4330072293  
-0.3105940711  
0.1007001136  
-0.1585097386  
-0.3917952684  
1.299363619  
0.6103460749  
1.068781094  
1.973479592  
1.190129417  
-0.3383912036  
0.1524913833  
-1.463511005  
-0.6344843866  
-0.8628904962  
-1.089728508  
-0.6704480362  
-0.9223709559  
0.4378366862  
-0.1035546951  
0.1938089948  
-0.3805946723  
0.1276754188  
-0.7539077924  
-0.3194607642  
-1.053997601  
-1.451432221  
-1.334698757  
-0.6843910163  
-0.2081022148  
-0.9142926224  
-0.116684071  
-0.4221631064  
0.8914546464  
-0.6737210138  
-1.19524429  
-1.154685351  
-0.7701006993  
-1.606156173  
-0.3830157028  
-1.737403774  
-1.331893974  
0.3640699277  
-0.1209384686  
-1.244158503  
0.9720924324  
-0.02751888009  
0.1835839313  
-3.151650233  
-0.6660946527  
-0.1360019963  
0.4367486204  
1.774849379  
1.629822181  
1.103944863  
0.3719902159  
0.7938669664  
1.292993626  
0.4054231244  
0.8635919961  
0.7253275525  
0.7240975503  
0.1659662015  
-0.1542000877  
0.8292653671  
0.980321089  
1.294999859  
-0.4279950073  
0.09658566092  
0.8397119043  
0.5536457444  
1.079567395  
0.7140795316  
0.8599728617  
-1.098254258  
-1.596829324  
-1.649609173  
0.4727877099  
0.948911639  
1.516813366  
-0.5306115597  
-0.4717665479  
-0.9632764974  
-1.291033526  
1.275365504  
1.261281677  
0.2629721645  
-1.610175497  
0.9653984067  
0.4027326229  
0.434750674  
0.1702832556  
1.474483388  
1.380445822  
1.949388078  
0.3371427201  
0.7348500152  
-0.007730004868  
2.170203136  
-0.5999096591  
-0.3525944551  
-0.5959114733  
0.1417426576  
1.039307175  
1.500969337  
-0.6888939855  
-0.8854727099  
-0.3901527851  
-0.2750521638  
-1.146954522  
-1.070912426  
-1.469733866  
-0.2616047755  
-0.1123552123  
0.2357633803  
-0.9198823072  
-1.58163263  
-0.5187150417  
-1.305415684  
0.2159284934  
0.5374262816  
0.3781002046  
0.6828585225  
0.563424646  
0.5778586027  
0.3250639102  
-0.3702541873  
0.2624905646  
0.4588584597  
-0.2585145579  
0.03519488228  
0.244706004  
2.258287624  
2.006783718  
0.8683092942  
0.8097867494  
1.121288257  
-0.8145647087  
-0.2456481069  
-0.4703542747  
-0.3109594213  
-0.5993399905  
1.752841817  
1.46257078  
1.23345154  
0.07439311503  
-1.053259776  
-1.380217056  
-0.5133875659  
-2.092312804  
-1.527302151  
-0.9664180569  
-1.592178354  
-2.029094348  
0.5519671496  
-0.7602089959  
-0.8465136302  
-0.09594839093  
0.1800398835  
-0.4470024229  
0.1535646755  
-0.04557160137  
0.2609575383  
0.3936094936  
0.9917659216  
1.719494445  
0.3830496288  
0.2935596598  
0.821494961  
0.8898697677  
-0.06236194821  
0.9311479045  
-0.2601968767  
-1.084069211  
-1.219641891  
-0.1428555052  
0.1021368207  
0.06824927932  
-0.5436943401  
-1.565603565  
-0.9036489139  
-0.39604707  
-1.859562818  
-1.666924602  
-1.096193129  
-1.415652767  
-0.6125566027  
0.1303796449  
0.6583138038  
-0.6714915004  
0.2868418054  
-0.4221439403  
0.6996854772  
1.311040235  
0.8125490206  
1.295929172  
0.9709757286  
0.9347696163  
-0.4092016531  
-1.473129507  
0.3187393613  
-0.4706021631  
-0.003248917037  
-0.3325176048  
-0.08118462021  
-0.6368572869  
-1.490232585  
-1.761433366  
-0.2901198768  
-0.2870828223  
-1.274845328  
-1.029993196  
-1.787831837  
0.2735679212  
-0.1680524216  
0.7398591521  
0.2169091799  
0.2001775  
1.010892211  
-1.386822683  
1.296415908  
-0.1648586731  
0.7064065466  
0.2129187097  
0.727603975  
0.2018791613  
0.8140444789  
-0.6151509531  
0.8349342636  
1.020275602  
0.9344706338  
3.143039666  
1.552093948  
1.057092307  
0.4790923969  
0.1487589424  
0.6608461724  
0.01242997912  
0.6768334856  
-0.3515942203  
0.2324526458  
0.4189939248  
-0.852744751  
-0.8080073091  
0.2157814807  
-0.4003626956  
-1.358823622  
-0.0330737108  
-1.429908247  
-0.4389771367  
-0.5515198464  
0.2940953144  
1.130369317  
1.680243506  
-0.4935762066  
0.5560976713  
0.8520546234  
-0.0642064296  
-0.6762029883  
1.503351238  
0.1672527821  
-0.1842681535  
-1.131480308  
-0.6082563859  
-0.8825169136  
-0.3419768077  
1.240837505  
0.8422264729  
0.5208280915  
1.2315162  
1.355940351  
0.7836103123  
0.5254381986  
0.6724030457  
-0.1636187144  
-0.2946075418  
0.1268280163  
-0.729199707  
-0.5519684473  
-0.6723848806  
0.4212997601  
-0.8832930431  
-1.471512548  
-1.555773287  
-1.327251292  
-0.7401380897  
-0.7371244285  
-0.4474242987  
-1.039584292  
-0.09662588296  
-0.06155483173  
0.2431417795  
0.4288164177  
1.708948367  
0.1366347136  
0.1904392424  
-0.1724311895  
-0.4914933844  
-1.144575167  
0.1311711856  
0.3055143197  
-0.3618150043  
0.7193813149  
-0.3476074427  
1.320304611  
1.270379544  
0.7679976766  
0.9950349312  
2.019420358  
-0.7878744676  
-0.7529907091  
0.1636391517  
-0.02738740182  
-0.5457917877  
0.4295706692  
0.4558832401  
2.121566858  
-0.3376261834  
-0.137753288  
0.5039268061  
0.1050783725  
-0.3239239779  
0.01668281536  
-0.8856953239  
-0.545380803  
-0.8633490167  
-1.161384883  
0.2902572658  
0.9599452895  
0.6820587037  
0.176300173  
1.307995144  
0.6837841705  
0.5314127323  
0.4617086407  
-0.05024907162  
1.665904137  
0.3033841271  
-0.1286406306  
1.062202119  
0.8309257378  
-0.5296844827  
-0.417740491  
0.4359252341  
-0.09521403432  
-0.7175212457  
-0.9194241029  
-0.4903447233  
-0.2977155669  
-0.844196385  
-1.045932847  
-0.6680030618  
-0.6879730733  
-0.9746149732  
-0.3444235154  
-0.6275576153  
-0.6064046136  
-0.6254604354  
0.0155832876  
-0.1708813435  
0.5534355245  
-0.826482932  
0.02496629135  
0.8175234547  
-0.2349460788  
0.7856938024  
1.113529311  
0.6699007394  
0.2746393293  
0.009887776668  
0.3405168184  
-1.712726303  
-1.937586434  
-1.475765373  
-0.9878680823  
0.2030174209  
0.6704583067  
0.7943345328  
1.210218325  
1.051041836  
0.9415832832  
0.07828368079  
-0.1856690833  
-0.2410334048  
0.1729664557  
0.6087509111  
0.294581798  
-0.7417436736  
0.1012321512  
-0.6835210884  
-1.696242893  
-0.5575803123  
-0.1403953682  
0.210295853  
-0.008359807638  
0.1333732237  
0.06247399026  
2.081727729  
1.052020302  
1.485587396  
1.037609847  
0.9137125595  
0.04185395294  
-0.3659581136  
-0.1242824124  
-1.092956938  
-0.5317669905  
0.07312753605  
-0.6399286115  
1.2071134  
0.4863299089  
1.275965117  
-1.55474188  
-0.7306782688  
-1.235419317  
0.00933011159  
-0.4884028566  
0.6182109826  
-1.070791474  
0.7813055387  
-0.7756974884  
0.922766661  
1.404541749  
0.01915958489  
-0.6247853371  
-0.4985579564  
-0.06750372451  
0.07500635268  
-0.8710405971  
0.8162858963  
-0.7907560945  
0.010429579  
-0.1846783436  
-0.5557581189  
0.2092552937  
-1.287544383  
-0.5865310487  
0.1220250531  
1.023967077  
0.9332697954  
1.361456811  
0.03719669003  
-0.1565259956  
0.02181748292  
-1.147120671  
-0.5537410555  
0.09973979714  
1.078968313  
-0.3928263025  
-0.2388088005  
0.6344103719  
0.06918581696  
1.039221832  
0.3852482204  
0.3051578892  
1.072587173  
-0.242039245  
-0.4221257946  
-0.959855352  
-0.3380347913  
-1.520974338  
-0.6823224632  
0.4007600821  
0.3562431506  
0.09964046387  
0.3574403912  
1.339885605  
1.643972253  
-0.4497566685  
0.2825730207  
0.04990404363  
0.804642281  
-0.886604651  
0.9047594691  
0.6124974602  
0.6779984351  
0.06919381505  
-0.1510669132  
-1.058037462  
0.02195692788  
0.7782821359  
0.582369722  
0.5241392905  
0.0141912615  
-0.6237580232  
0.6595324468  
0.918376045  
1.067902513  
-1.120624065  
-0.1429338983  
-0.2876835606  
-1.55410259  
-0.8022031159  
-1.306516784  
-1.132569231  
-1.805222347  
-0.2420729451  
0.7396217584  
-0.5747993672  
0.4373094612  
0.1930737713  
-1.932356376  
-1.437817461  
-0.6700680609  
-0.8178383607  
0.3336658194  
0.9199670511  
1.061889707  
0.6398812569  
0.4305398515  
-1.269843556  
-0.08039956524  
-0.3608409541  
0.6090819143  
0.501422685  
0.6164538143  
1.060483851  
1.208951427  
0.2358256929  
1.166097435  
0.1590523459  
0.9755555295  
1.46598466  
0.5600597317  
0.6307067514  
0.05874829311  
0.07704827893  
0.15380952  
0.1478822271  
0.4224488892  
-0.1905657738  
-0.690099178  
-0.6272712447  
-0.360636793  
0.0006508426755  
-0.7776505386  
-0.9394195977  
-1.8500517  
-0.5657426311  
-0.2711034571  
-1.670090297  
-1.133032695  
-1.455731722  
-1.354409773  
-0.7647550316  
1.224619689  
0.1146039529  
0.4635931981  
0.8522685502  
0.8325893326  
0.4809818024  
0.03254479281  
-0.6375021837  
0.2946249158  
-0.4363888199  
-0.02592293843  
0.2714038122  
-0.6526899942  
0.5388719296  
-0.08089905662  
0.7568333774  
1.904099246  
0.9943929007  
1.828823266  
1.171637245  
0.3314176029  
0.0111121058  
0.006618594414  
-0.06317314648  
0.2388807776  
-0.5473455221  
-0.4953401223  
-0.00396997437  
0.9169990226  
0.7482848671  
0.3874253822  
0.142567494  
-0.9520415942  
-0.6760357654  
-1.300773709  
-0.2824651551  
-0.3165501456  
0.06303362782  
-1.206455004  
0.4102104125  
0.7115547821  
0.5335054283  
0.2178296681  
1.223367337  
-0.4806251593  
-0.4615492834  
1.314825171  
0.1389449965  
-0.468715928  
0.4155779107  
-0.1816974818  
0.05554314912  
-0.3152582222  
0.783751484  
0.4472547537  
-1.21778834  
-0.8876743988  
-0.8984872441  
-0.9260619303  
-0.9395380365  
0.9463296454  
0.5581675732  
0.3387253687  
1.662283544  
1.048373946  
2.166161315  
2.459248144  
2.52287475  
1.722115089  
0.7336019074  
0.9839733789  
2.532011003  
2.797949741  
2.583158537  
3.487051068  
1.392115413  
1.362312345  
2.084920399  
2.533239998  
1.534211366  
1.503487367  
2.288142389  
1.744117939  
-0.5018543316  
-3.910050759  
-3.205037836  
-1.940491785  
-1.161911526  
-0.3708217903  
-1.49663254  
-0.2212392972  
-1.193698438  
-1.332945414  
0.3096013233  
-0.9967595913  
-0.7074519653  
-1.969223443  
-1.031044095  
-1.398743492  
-0.8158771882  
-0.7054122371  
-0.8980724146  
-1.914506724  
-0.6133643971  
-0.1325952789  
-2.826706391  
-1.263383537  
0.3445758426  
-0.6397468447  
-0.3815327053  
-0.3875240626  
-1.248063338  
-1.910312115  
-2.295006304  
-0.6368689221  
-3.330734975  
-0.7073422547  
-1.315875464  
-0.649225293  
-0.231605283  
1.450935175  
-0.4064187557  
-0.7603467413  
0.3710790609  
-0.3205805583  
0.6555832658  
0.2052853583  
0.8438266069  
0.01517339651  
0.1104876443  
0.3596815374  
-0.307194462  
0.4291494591  
0.3790796168  
0.7823313413  
0.4278748052  
-0.597612831  
-0.3787111955  
0.1039151363  
1.073670216  
2.497886701  
1.188163715  
-1.698682893  
0.2733843533  
-0.2849886827  
-1.804671999  
-0.4362500957  
-0.4475552844  
-0.0909414852  
0.1427841002  
0.4893525395  
0.9105378777  
-0.1716396522  
-0.1166966252  
-0.09136236869  
-1.461232874  
-0.08487658712  
-0.5393262442  
-0.08833835742  
0.7374787787  
1.61869716  
1.389144817  
0.758032645  
0.1334600273  
-0.4069037641  
0.6061273021  
0.7492026958  
-0.5642995092  
-1.434760343  
-0.05476971401  
-1.198027903  
0.5431332284  
1.322833484  
0.479056812  
-0.9192747717  
-1.258149988  
-1.360251912  
0.08141668886  
-0.4251507419  
-0.4909449745  
-0.8291654514  
0.2421573351  
-1.05113946  
-0.2027403762  
-0.9043506657  
-0.3516218982  
0.09998559896  
-1.3306913  
0.4913287336  
-0.7417268647  
0.4762260902  
0.3097708892  
0.1078135029  
-0.5436437477  
-0.5241712687  
0.6111393547  
-0.3267859909  
1.020995866  
1.601807771  
1.045171845  
-0.09268667649  
0.1408644847  
-0.6770509887  
0.404582569  
1.654297586  
2.21832231  
-0.5579586125  
1.433077535  
-0.6442147585  
0.8464105808  
1.824403525  
0.4387068609  
0.4977553732  
1.008300822  
0.9751555332  
-0.186281072  
0.9134687584  
-0.1607605918  
0.6678488145  
-1.217395945  
-1.597872056  
-0.8239924842  
-0.05656186793  
-0.3717303705  
0.1757985365  
-0.5988039384  
-1.489292651  
-0.9851508041  
-0.7452597481  
-0.4279684492  
0.56280724  
0.1959665025  
-0.6873106014  
-0.436830504  
0.9043259828  
1.883089665  
1.965087012  
0.3168010432  
-0.8506640267  
-0.7750279963  
-1.020654972  
0.3252370009  
0.1635720409  
-0.4731965034  
-1.227967607  
0.3789646174  
-0.2647631721  
0.3282441565  
0.3845421746  
0.7447787278  
-0.7132466219  
1.526477618  
-0.5721248536  
-1.145104948  
-0.4331683703  
1.682776035  
1.064051356  
-0.6547421558  
-0.5468773907  
-0.8098251926  
0.1746490114  
1.838833971  
1.091125854  
-0.2844725489  
0.1346842775  
0.2072059431  
-0.8158084205  
0.3792626945  
0.03975473807  
0.02616762661  
-0.8126401737  
-0.105433423  
-1.196383832  
1.065580828  
2.038874945  
0.9265124802  
0.2625782888  
-1.571175445  
-0.7598734581  
-0.6359352083  
-0.5990878488  
-0.7473635073  
-0.7435968564  
-2.125385344  
-0.9852652153  
-0.588886984  
-0.7630146222  
-1.031652497  
1.492802496  
0.234486039  
-2.832166473  
-0.7743759143  
-0.533566461  
-1.177366889  
-0.02114441188  
-1.449911074  
-1.020430617  
-1.137619565  
-1.06327782  
-1.467364502  
-0.986771623  
-1.756220882  
-1.07582396  
-0.9273563163  
-2.064587993  
-2.052623923  
0.4723356994  
-0.5463851886  
-0.5474776878  
0.5605865221  
1.776469188  
1.516283226  
2.600402508  
2.024881128  
0.2736225282  
1.712470198  
1.707743436  
0.3050616315  
-0.7294654303  
1.030173886  
1.84292696  
1.750819325  
-0.1048747309  
1.633484588  
1.221342869  
-0.1396712866  
-1.006235975  
-0.07358949567  
0.1754772763  
-0.3703505611  
0.3850574776  
-0.3326312887  
1.156752735  
1.282034255  
1.617194939  
-0.1547744828  
-0.09210604897  
0.2185539035  
0.1709485058  
0.03073442076  
1.659479727  
1.239296952  
0.5892681433  
-0.7671504814  
0.8816152142  
0.9194964854  
-1.591056221  
-0.1365694482  
-1.953899029  
0.1275018109  
0.6532233216  
0.1157558733  
0.9473711904  
0.7206974096  
0.6378301972  
-0.8248696341  
-1.263687007  
-0.2037249525  
-0.4184790165  
1.543470771  
-0.5680177173  
0.1859420394  
-0.3055643843  
0.08621435658  
0.3296465659  
1.27842683  
0.05062418295  
-0.800704736  
-0.7556687359  
-1.376544635  
-0.07348352374  
1.676526726  
1.615377028  
1.147273625  
0.680580799  
-0.1457203576  
-0.3362667891  
0.483283131  
-0.7119313899  
-0.696678955  
-0.6181450552  
-0.2064359754  
-0.4385356983  
0.5618680354  
1.352866986  
0.3706208802  
0.09304004161  
1.759551945  
-0.6418162009  
0.60816305  
0.5159768946  
2.441622425  
1.586798311  
0.7582664868  
1.105780776  
0.3622303113  
0.1876916551  
0.03737096571  
-1.24554865  
-1.049424016  
0.8339862207  
0.4109121576  
-2.30844413  
-4.569100124  
-1.195800108  
0.496562343  
1.700321921  
-0.2226068909  
0.1239192282  
-0.8221873206  
0.2030504158  
-0.2548020949  
0.8259851971  
-0.7407463816  
-0.8349607683  
-0.9472863328  
-0.7947999134  
-1.547963649  
0.1320106451  
-0.2014649019  
-0.6455922073  
-1.239467363  
-0.9645178673  
0.2207844879  
-0.5523823346  
-0.3560633659  
0.5513888842  
0.1662503727  
-1.277205827  
0.5944062078  
0.03432359611  
1.826053921  
1.491999452  
1.284279885  
0.9970057226  
0.5402111291  
-0.4157424549  
0.1856131543  
-0.6874488873  
-0.509622716  
1.220309614  
-2.154000752  
-0.5717821705  
0.2055036316  
-1.070941509  
0.06309088254  
-0.4328683137  
-0.7037287494  
-0.1779022658  
-1.760376795  
-0.6803534145  
0.2656982605  
0.3261277841  
-0.08977963783  
1.400073438  
-0.410789761  
-0.7218075303  
0.3239649345  
1.576600494  
0.05018931834  
0.4922979434  
-0.141794422  
0.3722337961  
-1.525688025  
-1.442182116  
2.069805873  
0.9988531993  
-0.800664162  
1.251664282  
-0.1573523102  
1.029952295  
-0.07018875318  
0.639710582  
0.8161113773  
1.780322972  
1.514683142  
1.59646122  
1.728369602  
2.225009233  
2.496567409  
2.439688026  
0.247042298  
-0.150943777  
-1.032406616  
-1.738896869  
-0.372111321  
-0.7075387936  
-0.1814488744  
-1.225307518  
-2.333601916  
-1.763352621  
-0.5983164014  
-0.3178919721  
0.4371931661  
-2.381808339  
-1.662177616  
-1.232832655  
-0.8398808436  
-1.997341442  
-1.292916459  
-1.158883851  
-0.8203892024  
-1.398375911  
-1.101770062  
0.2270332507  
-2.093912987  
-0.9358273581  
-0.05870162464  
0.6813202959  
-1.418618636  
0.7100896679  
0.1065907449  
0.495301464  
-1.618507977  
-1.992390376  
-1.549102536  
-0.9517790617  
-2.260216515  
0.01824680802  
1.227861497  
-0.6680172731  
0.01423537848  
-1.969464756  
-2.944044055  
1.62134255  
0.9224987615  
1.873921505  
2.120033531  
1.463002697  
0.5373667242  
0.4037230932  
1.249719568  
0.8075725594  
0.7733040514  
0.5062040759  
0.6024803124  
0.01731369266  
1.741811131  
0.4203349248  
0.9194376345  
0.7212181518  
0.7003901726  
-0.600489733  
0.05242784218  
0.9513954197  
-0.4947417559  
1.107443219  
0.9836180448  
-0.1765431248  
-0.1180436308  
0.156594268  
-0.5640837295  
-1.480435423  
-0.9783588474  
-0.3026763304  
-0.7846392868  
-0.07558565329  
0.1387280001  
-0.7878370352  
-0.1359898667  
-0.1481486986  
-0.3049328657  
