1.562390382  
1.01235739  
0.4335220431  
0.5891078213  
0.07301780381  
-0.675786844  
1.473977771  
-0.1542014087  
0.3283444285  
0.3098864365  
0.3490397011  
-2.129523438  
-1.430398349  
-1.276937042  
0.3249928321  
0.6631135975  
0.1708780191  
-0.7371489718  
0.2241183545  
-0.6165603972  
0.08158974152  
-0.8222178446  
-0.2335469778  
-1.987461618  
-0.826388266  
-1.076190925  
-0.5352844509  
0.8199124561  
0.2247302516  
-0.3422395616  
-0.4825336085  
-0.059913219  
0.03040080576  
0.7813204427  
0.5937042687  
0.3486014253  
0.4023331198  
0.5889504076  
0.1642840768  
1.26747108  
1.241266871  
0.3960419007  
0.06147641786  
-0.03894109368  
-0.2826606817  
-0.3361575404  
0.1985776475  
-0.9017951  
-0.1870744969  
-0.6632521935  
-0.8804232705  
0.2672310988  
1.029680049  
0.7165715408  
-0.1843699413  
0.2843414962  
-0.1472244752  
0.5166012111  
1.556345594  
0.7379163355  
0.6762902133  
0.79524463  
-0.1054016125  
0.128257705  
0.2255967078  
0.1206043413  
-0.6195809055  
-0.01507325378  
-1.066010335  
-0.0736257937  
-0.2867908996  
-0.3121843632  
0.9122100292  
1.139809726  
0.3820365461  
0.03731046605  
0.8672846829  
0.9589355592  
1.599417265  
0.4383660407  
0.7634794568  
0.2691545932  
-0.1450490491  
0.03200662695  
0.05081469169  
0.1108168064  
0.130143681  
-0.6282595729  
-0.4981102914  
-0.7191441522  
-0.5256459425  
-0.5357524113  
0.4001735685  
0.1368896468  
-1.290739835  
-1.455839476  
-0.9104578693  
-0.4564379028  
-0.9073053431  
-1.743733549  
-1.281829904  
-0.5962207726  
-0.456119358  
-0.1065619873  
-0.4881667192  
-0.5928164485  
-0.9368175819  
-0.2231976213  
-0.5237522434  
0.5819191079  
0.5854027122  
1.342912794  
0.8317761105  
-0.09219389256  
1.104282359  
1.057972359  
0.836394801  
-0.05564158037  
0.4901146081  
0.04819079408  
0.3400284277  
1.180361335  
0.4108568648  
-0.01203503043  
0.008164905411  
-0.9333807599  
-1.058880322  
-0.5643017001  
-0.1265408276  
-1.21314925  
-0.01621442037  
-0.7089293357  
-0.4909284386  
0.3627911514  
0.885213892  
0.07270180417  
-0.7897012532  
-0.6276591036  
0.5612886996  
1.624708197  
1.955396197  
1.172269629  
0.3886214782  
0.02770399261  
0.5527622808  
0.8510458499  
-0.1375652935  
0.9952169412  
0.3352262102  
0.8620231808  
1.022119815  
-0.355595166  
-0.2550253635  
-0.438227279  
-0.5142269585  
0.7052886445  
0.4866618601  
-1.083350623  
-0.1839475166  
-1.010850633  
-1.116190787  
-1.002779718  
-0.2624444952  
-1.153498316  
-1.092692939  
-1.297751781  
-0.163367811  
-0.3542395292  
-0.421582242  
-0.6585748299  
-0.5702312856  
-0.3662082828  
-0.7365213316  
0.2611871342  
0.8421836168  
0.9096464627  
0.3853711149  
0.7537117704  
0.3192611377  
0.6967063369  
0.2697505282  
0.9662112988  
0.4050093283  
-0.1654667871  
-0.04410714084  
0.1778035448  
0.2234417525  
0.5530892275  
0.05360994526  
-0.3453966844  
0.5973855941  
0.005873104812  
-0.4278979385  
-0.3794474242  
-0.2497608471  
-1.179694653  
-0.6271668646  
-0.3484851026  
-0.764426661  
-0.2565831947  
-0.01834355284  
0.4384682507  
0.5068818055  
0.6940160067  
-0.1280498611  
-0.9725722855  
-0.826589897  
-0.769713195  
0.1609044415  
-0.2769524312  
-0.08620804081  
0.6749621244  
0.7468217725  
0.3598395395  
0.9395455971  
-0.1566871081  
-0.4009270292  
-0.4464782347  
0.6782322679  
0.7246228293  
0.4814226374  
0.4760716818  
0.2754077766  
-0.1716184896  
-0.3422710097  
0.300895613  
-0.09046074716  
-0.5200168491  
-1.215988881  
-0.8472741204  
-1.435958442  
-0.3331270042  
0.02451903648  
-0.3151446903  
-0.08971089212  
-0.7659634379  
-0.8809099648  
-0.7006148832  
-0.7133666531  
-0.4099680778  
-0.3738201206  
-0.406577451  
-0.2216569045  
-0.1806666969  
-0.908061284  
-0.7779155611  
-0.2765526167  
-0.4097567945  
-0.353795606  
-1.090514123  
0.7688689893  
0.8742840651  
0.9494988705  
0.0275816791  
0.2635238396  
0.7185032139  
0.6420685367  
1.328628402  
1.037699371  
0.6050676598  
0.5676604026  
0.2041098034  
0.3591948082  
0.4310658953  
0.6400114309  
0.6951840402  
0.9420730596  
0.09186740693  
0.01464438383  
-0.294976015  
0.1633284004  
-0.6818020107  
-0.9967057399  
-0.7497576238  
-0.6341398082  
-0.7125354205  
-0.7698738303  
0.6072931419  
1.385702223  
0.4358425187  
-0.3931469574  
-0.005759489977  
0.2715376821  
-0.792734603  
-0.895725639  
-0.1377117461  
-0.6209075417  
-0.1956152094  
-0.2935829395  
-0.5456108736  
0.1949674343  
-0.257271934  
0.0274482582  
-0.1592822061  
-0.2971768738  
-0.07587044443  
0.3749804688  
0.6490733456  
-0.2279578854  
0.7189621898  
0.1506072582  
-0.1126044429  
0.4912862645  
0.6284147898  
1.041419206  
0.4557092692  
0.4926332206  
0.6987247148  
0.7223406494  
0.9890364121  
0.02216938585  
0.3890705351  
0.7317643376  
0.1067354615  
-0.1026326747  
0.6155973213  
0.7831809365  
1.420199997  
1.66630176  
0.4321106  
-0.3502417461  
0.2763008098  
-0.5082180444  
-0.3378462471  
-0.3308847036  
-0.6170377765  
-0.1386416443  
-0.08341442572  
0.5120363646  
-0.7365892887  
-0.7212543514  
-0.5634832032  
-0.2171586063  
-0.1074299719  
-0.1279356612  
0.2685777875  
1.070521361  
-0.274116474  
-0.02455716052  
0.732440765  
0.5903229151  
0.1407679826  
1.048423773  
0.5550510337  
0.6202028789  
0.5678079959  
1.09914383  
0.3629645022  
0.4994006816  
0.6901501577  
-0.5280089848  
-1.681131177  
-1.452832916  
-2.209157482  
-1.428103627  
-0.6071961937  
-0.6043084963  
0.3016011887  
0.06478094598  
0.242369142  
-0.3933392019  
-0.5910571106  
-0.2281014174  
-0.5150937615  
0.09589932952  
0.2880102012  
0.1921263037  
-0.06942418212  
1.267933418  
0.8695248747  
-0.3783533498  
0.8544595333  
0.275508348  
1.543466482  
1.218760965  
1.166979705  
0.8397660912  
1.168227965  
1.258805048  
1.559138188  
1.218265587  
1.337643775  
1.444224192  
-1.548143345  
-0.3603587962  
-0.798424326  
0.5113266287  
0.1862605997  
0.3062838244  
-0.6781569069  
-8.11620478  
-5.404929837  
-3.097455841  
-1.485449228  
-1.302817142  
-0.1338834519  
0.2031089425  
-0.5258665747  
-0.4467962753  
0.7779349063  
0.3621083163  
0.06799462111  
-0.5877461664  
0.04570281582  
-0.7774451701  
0.491655048  
0.8204058643  
0.1795230848  
-0.7260675239  
-0.08753871899  
-0.1492310596  
0.9886326627  
0.437254499  
0.2819612662  
0.2360870255  
0.6397070662  
-0.3997218238  
0.4987938093  
1.267122203  
0.8520120211  
-0.002279581429  
0.499291541  
-0.3596405069  
-0.3325238521  
-0.2272561117  
0.5185836778  
0.8653693945  
-0.4281875743  
-0.08289748911  
-0.378156032  
-0.1801255292  
-0.744990417  
-0.1213049482  
-1.033185274  
-0.4845939164  
-0.8234788554  
-0.4990687173  
-0.5998819244  
1.198379824  
0.2178479814  
-0.1577560793  
-0.4647395104  
0.4056559664  
-0.3101630516  
0.2998910377  
-0.172459849  
-0.5182216803  
0.5410119382  
-0.2679109574  
0.5755590099  
1.486551983  
1.360451867  
0.9506310196  
1.567679155  
0.9940194803  
-0.1877961641  
0.5046044981  
-0.6101356971  
-0.2410089112  
-0.818475594  
-0.01070821546  
-0.835033675  
0.7611789353  
-0.1498329251  
0.4469172146  
-0.3792362186  
-0.03861399412  
-0.02338276136  
-0.3293245509  
-0.5013060651  
-0.607223185  
-0.3606459643  
-0.4112688301  
-1.408833948  
-0.07870007992  
-0.09813443678  
0.3347324573  
0.4197065046  
-0.0603336216  
0.3412785204  
0.3936179856  
0.1584283499  
1.0970153  
0.3826950037  
0.1263191605  
1.089854392  
0.4843221946  
-0.0346520212  
0.1989388229  
0.06593989853  
0.9128209369  
0.1925138907  
-0.7273665794  
0.233168154  
0.3023609695  
-0.3704335515  
0.3691964207  
0.2512522548  
-0.2459869513  
-0.004999499076  
-0.3619324051  
0.0257122787  
-0.1619570658  
0.5920307487  
-0.2181852807  
0.6969159594  
0.1483405051  
0.7248319255  
0.4319284021  
1.398333652  
1.043670803  
0.8296980888  
0.5713959003  
-0.5743721829  
-0.7494999109  
-1.350750347  
-1.302178712  
-1.009956109  
-0.6905938123  
0.71257097  
-0.1314891831  
-0.06783050257  
-0.6818405161  
-1.451128377  
0.6567286555  
-0.2078709657  
-0.4309739549  
-1.413998371  
-0.6757761123  
-0.9258135065  
-0.8569898729  
0.4433934139  
0.9374308248  
0.04019527767  
-0.695570092  
0.2209356986  
-0.2578814642  
-0.1406317435  
0.288036061  
0.8276471982  
0.6222313554  
0.2997690745  
0.7066852293  
0.2991120519  
-0.572343016  
-0.6349182729  
-0.1995602471  
-0.3164881201  
0.8081794887  
-0.3477192158  
0.902660824  
0.4557491912  
-0.2386667219  
-0.1020687741  
0.2694206055  
0.3918353714  
0.2201840659  
0.7112880589  
0.7667914266  
0.4152417258  
0.3716335138  
0.09452463738  
1.128667699  
0.2032275111  
1.460580498  
0.5872561059  
0.4100287681  
0.6435753962  
0.500217557  
0.1510306625  
-1.161811661  
-0.9586046214  
-1.457195823  
-1.066842898  
-1.887682272  
-0.7501433796  
-1.382056198  
-0.5140607462  
-0.1462143407  
-0.1979185792  
0.2375552745  
0.4967265591  
0.4628015421  
0.2930756226  
0.1478570167  
0.55972017  
-0.2836651091  
-0.1801728094  
-0.5597079528  
-0.06902870212  
-0.07039961805  
-0.2310418188  
0.2895502531  
-0.2706179683  
0.1617763309  
-0.2988143497  
-0.3350417186  
-0.05423014858  
-0.5429183983  
0.1095546553  
-0.5614371014  
-0.05009297685  
0.2764539182  
0.1096330557  
0.4397587796  
1.187470739  
-0.186998643  
0.1313028023  
-0.2901699901  
-0.6991439159  
-0.4767311371  
-1.043953109  
-1.135879216  
0.2179923589  
0.3960883197  
0.5803920541  
0.8044076068  
1.060144084  
0.2734290893  
0.1481405803  
0.2374888497  
0.5335159468  
0.4249187169  
0.7794496295  
1.106784448  
0.4989181425  
0.7785352896  
0.1571764709  
-0.4455134056  
-0.3300476185  
0.1531734299  
0.2378328061  
0.8852755638  
0.115472243  
-0.2609064215  
0.1995285787  
0.7095257823  
0.4746303282  
0.8586488321  
0.02398174877  
-0.5191928822  
-0.1485418878  
-0.2740322553  
-0.0353122148  
0.6279275258  
0.3404268692  
0.8008524247  
-0.2733329667  
-0.2589001625  
-0.1918285054  
0.5149914634  
-0.1184901199  
-0.1688634833  
-0.4684354897  
-0.1933777642  
0.5880511181  
0.6255914277  
1.013960881  
1.123276053  
1.103544019  
1.54854162  
1.596586103  
0.5571106792  
0.1122794015  
-0.03227332837  
-0.3381798345  
0.02606701842  
0.03755283346  
0.7814621183  
1.546252249  
1.920374381  
1.919131517  
1.713243843  
1.208905466  
1.197453017  
0.9825282446  
0.7069279417  
0.2733659745  
-0.08015621936  
-0.002177065967  
-6.328061091  
-4.263043416  
-3.742301104  
-2.859701954  
-2.097585622  
-2.125949507  
-1.824365808  
-0.8889633787  
-0.1532725385  
-0.0480195524  
-2.032368107  
-1.573274418  
-1.419195305  
-1.496418352  
-0.4791602361  
-1.245135985  
-1.32456775  
-0.6417786187  
-1.408404658  
-1.568004302  
-1.067089758  
0.6614348496  
0.5706743582  
0.7024090177  
0.9413486669  
0.8840840283  
0.4025727346  
0.9967530095  
1.485301801  
0.4783339342  
0.8065098731  
-0.09747156403  
-0.1003462419  
0.6965763894  
1.223564328  
0.9623739833  
0.1697769696  
0.7699027032  
0.2395011278  
0.6695475123  
0.4070485438  
0.3253908127  
0.5164343641  
0.1967600117  
0.1434321635  
0.4094033715  
0.208570318  
0.7276746848  
0.02062410568  
0.842228028  
1.192975209  
0.796803011  
0.06328631413  
-0.08647166132  
-0.1942792044  
-0.5182882878  
-1.029501856  
-0.1318214314  
0.7502104838  
0.7442261555  
0.1194193964  
1.289221083  
0.6495816268  
-0.06603277135  
-1.106056351  
-1.08621383  
-0.2316744899  
0.4436844539  
0.01310444922  
-0.2852998258  
-0.1434456333  
0.1432816541  
0.161675392  
1.262491994  
0.7782627221  
0.6692846214  
-0.3369472994  
0.1900246563  
0.6031877492  
1.071809617  
1.778779752  
1.491114436  
0.66374212  
-1.874965891  
0.02134454217  
0.05902011957  
0.9397820015  
0.9410790855  
0.9575055903  
0.01871655422  
0.7704731773  
0.8321785909  
0.7180516046  
0.7472128466  
0.6747333856  
0.8800514665  
1.502790246  
1.521115037  
2.547589466  
1.384123691  
0.5524436699  
1.130810727  
-4.357115715  
-4.127112044  
-4.870628176  
-2.952833264  
-2.704110621  
-2.17844161  
-1.764152141  
-1.799697395  
-1.18364736  
-2.479551857  
-2.429403748  
-2.378599436  
-1.679704726  
-1.46833612  
-1.009765235  
-0.7810886703  
-0.3125765194  
-0.1067997105  
-0.1150792509  
-0.2433485195  
-0.7680454052  
-0.5830555269  
-0.7538412572  
-0.7862232222  
-1.305228807  
-0.3156651134  
-0.1409784273  
0.6117744068  
0.6443282794  
1.234695589  
1.509516379  
1.505133296  
0.6058457041  
1.00915521  
0.5031634223  
0.6043999746  
0.9529085916  
0.4288208969  
0.655441643  
0.7121043853  
0.6696959236  
0.6953746281  
0.3591109119  
-0.4711101253  
-0.5686130534  
-0.02436093782  
0.2964887949  
0.3469042426  
0.6521729999  
1.072777362  
0.4725803185  
0.5478945585  
-0.398011285  
-0.7504570089  
-0.4103781142  
-0.4025669485  
-0.4930349698  
0.04835235987  
0.5172625765  
1.09282614  
1.255273585  
1.08742461  
0.4775710824  
1.212409052  
0.9817587493  
1.192686375  
0.6430225424  
0.08223488968  
0.05244790581  
0.02077929362  
0.3734705423  
-0.7501843543  
-0.560232968  
-0.8387585351  
-1.343271894  
-0.4104359517  
0.3044324779  
-0.5428526727  
0.1914815868  
0.0841303137  
-0.03774747651  
0.8295038543  
0.08387464854  
-0.05528123031  
0.1245788124  
0.2553649215  
0.6120736732  
-0.08078704506  
-0.248492536  
0.2845611664  
-0.3922061831  
0.2842657616  
0.195267688  
0.4415004142  
0.2426356867  
1.095707215  
1.637889558  
0.639965525  
0.7926134112  
1.155720582  
1.408245723  
0.9219203785  
0.6420487997  
0.7252422134  
0.06879646569  
-0.3517411165  
-0.127533002  
0.2625078359  
0.1941174461  
0.6232369312  
1.019381964  
1.226058688  
-2.478504233  
-3.426855784  
-2.100290136  
-0.9212375311  
0.1756669509  
-0.6515187743  
-0.6583938065  
-2.580989141  
-2.477246089  
-1.10711378  
0.1297468995  
1.219941322  
0.7002445006  
0.6059495769  
-0.2905643993  
-0.3767573524  
0.008843235989  
1.116859848  
1.940870403  
1.501860866  
1.027232118  
0.1885726699  
-2.854937538  
-2.597548459  
-1.898566822  
-0.5598584703  
-0.9627948649  
-0.8918304182  
-1.262482983  
-1.835120174  
-0.9191260265  
-1.003134264  
-0.3091204083  
0.276939766  
0.1167490607  
0.5156839346  
0.4611813857  
0.2435317923  
0.02149037635  
-0.6504955553  
0.9999710711  
1.471752885  
1.374292643  
-0.5499641423  
-0.377394774  
0.05355751791  
-0.1679008168  
0.1815546045  
-0.1251974688  
-0.2296761814  
0.005022948732  
0.3773377002  
0.6690707455  
1.097049472  
0.865228395  
-0.3424741446  
0.1231184099  
0.4727749054  
-0.04841113536  
1.134840102  
0.3263262021  
0.2151433818  
-0.2584911027  
-0.6581389881  
-0.0516472186  
-0.09582645818  
1.065877586  
1.296384315  
1.330160915  
-0.05509943533  
-3.868302069  
-2.574054938  
-0.4262837778  
0.3090102657  
0.8383428765  
0.4827723474  
-0.1778625581  
0.8853988707  
0.1819315173  
-0.5784119419  
1.348951466  
0.4299855956  
0.4811471013  
-0.5052791155  
-0.04059348628  
-0.5340377508  
-0.5557820005  
0.07756268194  
0.2624995779  
0.3059837096  
0.3563722973  
1.252684498  
0.7684794238  
1.469575879  
0.5586199999  
0.04644177164  
0.3252104206  
0.7384069475  
0.1324578619  
-0.4620901256  
-0.1839164013  
-0.6960534837  
-0.6894447502  
-0.7770529365  
-1.040341907  
-0.7254221137  
-0.01526452786  
-0.3691399217  
-0.01091455364  
-0.4143113058  
-0.1607624976  
-0.6161030966  
-0.859337124  
-0.2994682119  
0.2315751183  
0.09717594618  
0.08543078116  
-0.2520865521  
0.4555888049  
-0.1812458307  
-0.2678132694  
-0.1705109147  
0.5379246333  
0.1710000683  
0.9183935548  
0.5971027836  
0.9556818525  
1.777657278  
0.8632518642  
0.7672405906  
0.3517914342  
0.8916441321  
1.224344887  
0.8075130047  
0.3039403317  
-0.1695953015  
-0.06587509424  
-0.2404455858  
0.3206645908  
-0.004733381846  
-0.1868703303  
-0.02865060216  
0.3902163986  
0.0290194651  
-0.5903249909  
-0.6460726778  
-1.270800636  
-0.4915698069  
-0.9559664326  
-0.7612158899  
-0.5696253779  
-1.338941356  
-0.4824199013  
0.147105794  
0.2234530666  
0.4901729762  
-0.09090950869  
0.1408625695  
-0.3294901633  
-0.3077543247  
-0.1849945111  
-0.3183117508  
-0.2362191894  
0.07512513463  
0.5329972486  
0.129720722  
0.8858150378  
-0.168830805  
-0.002313960907  
0.01627934751  
0.1184976915  
0.1303135286  
0.673121878  
0.3392901741  
0.5266401536  
0.2957684923  
0.9766659095  
1.040233537  
0.6797609555  
0.8299153211  
0.6161794985  
0.2128849462  
0.5505754972  
-0.328877888  
-0.09460536726  
-0.7624291831  
-0.6856057777  
-0.228550008  
-0.8535243408  
-0.2192566611  
-0.1286065844  
-0.4209837462  
0.02083993667  
-0.2956349947  
-0.7087527067  
-0.2356839006  
-0.4346563255  
-0.8378426779  
-0.6678380777  
0.6599108575  
-0.4877729103  
0.04821387621  
-0.326276544  
0.1632057264  
-0.4434747264  
0.5428128647  
0.5932315997  
0.6545690499  
0.3526567557  
0.6252696002  
0.3649807115  
-0.3707110339  
-0.0480626684  
-0.1053568065  
0.3245110328  
0.8778741042  
1.588416743  
0.6647132003  
0.3019623335  
-0.9575555686  
-0.03054888916  
0.2661626202  
0.7787353841  
0.6987429322  
0.3760032473  
-0.01912241674  
-0.455832151  
-0.4994150573  
-0.9754151497  
-0.3640181311  
-0.2276058249  
-0.4722084799  
-0.1674641423  
-1.847382433  
-1.34035819  
-0.7707363811  
-0.9720729065  
-0.5527723553  
-0.2957158906  
0.9025797654  
0.1736371645  
0.3017257595  
-0.1966338309  
0.3539663321  
1.049507549  
0.4868888165  
0.8478379134  
0.7807456566  
1.298193241  
1.217064936  
0.6984297435  
0.3295825603  
0.1114664992  
0.8144199403  
0.1831988568  
0.213815739  
0.01895346496  
-0.5023639034  
0.1013089037  
0.311535497  
0.1275987894  
0.473174825  
0.4081487471  
-0.2736478677  
-0.5367127282  
-0.2198107749  
-0.9184610789  
-0.4193081766  
-0.3877684836  
-0.03801199284  
-0.6042392507  
-0.782839991  
-0.4129759868  
-1.228549573  
-0.2365078269  
-0.9574443452  
0.2794798205  
0.6551298042  
0.6974027557  
-0.7609332012  
-0.2627187339  
-0.1746778698  
-0.1930074758  
-0.4478671125  
-0.713483295  
0.04743082917  
0.09878695491  
1.175144804  
0.5255464453  
0.4882394313  
0.5263362006  
0.7353140844  
1.29032113  
1.353631064  
0.4145166582  
0.05322976244  
-0.1460410852  
0.1171074385  
0.946605157  
0.6508649615  
0.4844704204  
0.04306040362  
-3.058107502  
-1.54779801  
-1.519127931  
0.01538412697  
-0.6268616141  
0.1947511858  
-2.299842277  
-1.060572929  
-0.5802254062  
-0.8034980613  
1.232371584  
0.8167462843  
0.5467194707  
-1.476340881  
-0.0155460276  
-0.8026564686  
0.9633437552  
0.8429614266  
-0.06124460149  
0.1203860921  
0.1432701567  
1.137984635  
0.7190990394  
0.882259904  
0.4602950592  
1.314440281  
-0.001115632111  
0.3514692318  
-0.6194872941  
0.1532776249  
-0.2030583729  
0.01676140493  
-0.7344368922  
0.4498546918  
0.7346925121  
0.475586379  
0.08373188364  
0.4491894511  
1.050273719  
-0.008145630424  
0.05601374185  
0.0815863272  
0.1347363371  
-0.006612589581  
-0.6004346682  
0.529078619  
0.8911824306  
0.7672592577  
0.6288189844  
0.7350075462  
0.7379333008  
1.038017178  
0.7834644777  
0.09885189261  
0.09033628772  
0.5369122485  
-0.5867406075  
-1.591480234  
-2.949618634  
-0.4640525613  
-0.1728245569  
0.6539411953  
0.4908323393  
0.8888379078  
0.820914905  
0.7116466611  
-6.511655522  
-4.691188242  
-1.476698649  
-0.1957846844  
1.2220253  
1.202083879  
0.3045746113  
-1.066121725  
-0.3927735807  
-0.3282341464  
-0.608242801  
0.1046567828  
-0.7976673488  
-0.192328742  
0.9092319132  
0.8187830768  
2.43708109  
1.68311617  
1.826698511  
1.34810315  
1.344540649  
1.875011751  
1.657523328  
2.251707288  
2.747770715  
2.250751712  
-2.871779696  
-5.714490541  
-4.030771342  
-0.7740081156  
-0.5667149944  
-1.715822781  
-2.054002011  
-1.76612865  
-1.592079041  
-1.89036959  
-0.2051043242  
-0.450083723  
-0.5297098432  
-1.538490841  
-1.076249697  
0.277978431  
0.2731617462  
1.428727088  
1.536988481  
0.2528849582  
0.1052246999  
-0.01961017849  
0.5575656186  
0.7611017566  
0.05995249452  
-1.543006269  
-0.8866685914  
-1.18732414  
-0.3926177739  
0.9102071865  
0.2485665473  
0.4742174095  
-1.344478722  
-0.5920882485  
0.01235444849  
-0.4165932665  
-0.4703764572  
0.1777322621  
-0.26238584  
-0.5701913545  
0.1640282134  
0.4099642979  
-0.4346732225  
-0.2629378339  
0.04347951446  
1.366889203  
0.6484000878  
0.3880060897  
1.029532365  
-0.2681624901  
0.4065249268  
0.9473330653  
1.069872053  
0.625943792  
0.8702958796  
0.5665182797  
0.5450754777  
0.9859905526  
0.8399261022  
0.6983349077  
0.6992371484  
0.2019854074  
0.4267659465  
-0.1317030164  
-0.3004974594  
0.8543939474  
-0.06718249892  
0.1176486989  
0.4387130812  
0.2691544185  
0.8129601413  
0.185049445  
-0.2746705049  
-0.3478645354  
-0.4705006669  
-0.5172854793  
-0.5860203826  
-0.08006506281  
-0.1866624264  
-1.022708607  
0.2131246793  
0.2774361312  
0.2791592559  
0.4158473131  
0.7094892003  
-0.2411497153  
0.6655893321  
0.5012073543  
0.3477365577  
0.6058758262  
0.06430659648  
0.8587639443  
0.6810042727  
1.029127991  
0.4072836535  
0.8964385226  
1.518273788  
1.436885491  
0.5869876059  
1.019690885  
-0.07868495091  
0.5649396573  
0.2984085399  
1.017909033  
0.8273520575  
-3.331251704  
-2.059924864  
-0.8974583987  
-1.599253287  
-1.644353286  
-1.119268313  
-0.682041915  
0.215423608  
0.9138151358  
0.6699709021  
0.5770163853  
0.03557634708  
0.5120227907  
1.201982778  
1.708746114  
1.942143398  
1.735183075  
1.957387584  
1.441663551  
1.319100778  
1.324568652  
1.538263703  
1.532557503  
1.006388725  
0.8962382472  
-0.1905902552  
-0.01088165872  
0.00905976477  
-1.086309265  
0.793154652  
0.4458874698  
-0.6339675543  
-6.952407729  
-4.243411858  
-4.605487922  
-3.518247313  
-2.528563591  
-1.22810067  
-1.243332588  
-1.72371712  
-3.818051925  
-1.473481641  
-1.190468636  
-0.3247166325  
-0.2471980608  
0.2277872463  
0.2261385038  
-0.1366913874  
-0.6430102252  
-0.8069338617  
-0.1713479818  
0.779962927  
1.948153957  
1.590995321  
-0.2531179173  
0.107061539  
0.4834801366  
0.9378622755  
0.6019169806  
0.2285332298  
0.9334397006  
0.5140408059  
0.771670367  
-1.971519693  
-0.96553314  
-0.1465963597  
0.5082813825  
-1.743525965  
-1.315872537  
-0.4615142138  
-0.3840761965  
-0.1248137708  
-0.9833360797  
0.1142951377  
0.4874710607  
0.8758319836  
1.342694  
0.1580116855  
-1.014926889  
0.2371435162  
0.79433406  
0.03942146817  
0.8420353671  
0.1729515039  
0.1818089247  
0.3159548198  
-0.1748148496  
-0.02279017407  
1.075938782  
1.233322144  
1.445605905  
1.340020067  
0.9065754473  
0.9335480487  
1.003769056  
1.076820935  
0.9184810673  
0.5545616669  
0.6343466942  
0.925465712  
1.579523654  
0.4163468417  
-0.9928154065  
-1.78099798  
-1.766808184  
-2.258138308  
-0.9243133698  
-0.3808417193  
-0.7146486142  
-1.777154619  
-0.83813692  
-1.680324126  
-0.4263818356  
0.01232191055  
0.1433525872  
-0.3336402024  
-0.952438092  
-0.538962595  
-0.2035511132  
-0.8932184136  
-1.068035064  
-0.7432516882  
-0.05532455709  
0.1907827963  
0.2947603001  
0.5154385286  
0.984553961  
0.1673881208  
1.354603658  
0.8551815903  
0.1106319385  
0.1749834195  
0.09112203609  
0.4676316756  
0.493005797  
-0.04088331273  
0.09392783112  
0.3383231149  
0.5363219294  
0.1634959002  
0.2928398262  
-0.03221593914  
-0.06063085432  
0.2373440059  
-0.1642869973  
-0.3411551493  
-0.08437564367  
0.1278824882  
0.9002144868  
0.4823792014  
0.8170209315  
0.5669189961  
1.033098402  
0.3658185102  
0.3962122557  
0.7730231674  
0.6560764753  
0.9334422571  
0.7906235683  
0.7850584623  
0.3591699507  
0.3079114634  
0.257038734  
-0.2474265663  
-0.198066616  
-0.1785743199  
-0.3562160794  
-0.03080710339  
-0.09611206671  
0.1108721884  
0.007836462306  
-0.7580225645  
0.1952252784  
-0.71539352  
-0.2609118234  
-0.4580204769  
-0.4520656341  
-0.2139916986  
1.12764691  
0.8418147714  
0.3497556622  
-0.4247288158  
-0.07636409104  
0.1441329136  
-0.2510117672  
0.4016098723  
-0.200113617  
0.06351746193  
-0.04267986317  
0.01293763167  
-0.9090828085  
-0.8690943176  
-1.325674961  
-0.8141639093  
-0.4855643695  
-0.3399158201  
-0.3199509877  
-0.2806666977  
0.2879687997  
0.009486973175  
0.2649051815  
-0.770003118  
0.1508261263  
0.05090000114  
0.09840106134  
0.488289268  
0.339137857  
-0.4706651522  
-0.6410148722  
-0.4144654325  
0.120582143  
-0.4352589192  
-0.5184269243  
-0.05739788204  
0.0007508342391  
0.2451915786  
0.634480854  
0.223308236  
1.259483722  
0.929296539  
0.4025660228  
0.1107471689  
0.2184459474  
0.4439794255  
0.1656482708  
0.1924145575  
0.688472713  
0.2711228519  
0.2905189825  
0.1634455914  
0.06066854759  
0.5250666212  
0.5147113149  
0.2861383889  
-1.263779219  
-1.238123005  
-0.8217171051  
-0.4340624191  
0.272335808  
-0.9072195587  
0.4146287712  
-0.2403541733  
0.02297143535  
0.08811489147  
-0.1197551681  
-0.648827883  
-0.5158782917  
-0.151093179  
-0.4209093108  
0.3452153283  
-0.01599605094  
-0.2880710937  
-0.1986248757  
-0.03003952433  
0.1891171517  
0.3320571405  
-0.1954134541  
-0.169069754  
-0.01321952549  
0.02906071955  
0.3472798533  
-0.125462657  
0.2086094807  
-0.3072944722  
-0.9287584561  
0.3615216506  
-0.7416802448  
0.7157684658  
0.7355591572  
0.2227411  
1.212700679  
1.110114134  
1.06386795  
-0.2156727732  
0.04417338899  
0.2625987149  
0.07677064688  
0.1003067503  
0.02603708794  
-0.003341773092  
0.0357571669  
-0.2462329344  
-0.2707173728  
0.124710479  
-0.2784641173  
0.8452882905  
0.5118116017  
0.7749314377  
0.4765825414  
0.7008963959  
0.7531736  
0.4608698177  
-0.1570454719  
0.1727210138  
0.8769874191  
0.6928916267  
0.4819172119  
0.9706324545  
-0.4231798825  
0.6334608002  
0.2119518778  
0.9147189023  
1.741398414  
1.02163941  
0.4883215981  
0.2186225807  
0.254108099  
0.8795919307  
0.1549827312  
0.2345211545  
0.5336475345  
0.5744085561  
0.3815182271  
-0.05886017467  
-1.990431438  
-1.119233772  
-1.385521838  
-1.321470007  
-0.7414764884  
0.296795871  
-0.5160232483  
-0.5136126288  
-5.778018245  
-2.650725042  
-1.631186984  
-1.682233357  
-1.373287732  
-0.8478690054  
-0.5780070127  
-0.1704566378  
0.00036426447  
-0.03402831657  
-0.9476152549  
0.1504910809  
0.2423090985  
0.8468464477  
1.254052657  
0.3484344408  
1.495254409  
0.6120980704  
1.114612751  
0.2864167513  
0.1254720097  
0.169909025  
-0.1628785687  
0.4990884643  
0.6179688926  
0.2569559852  
-0.355598408  
-0.3078760213  
0.5258271912  
-0.7874227111  
-0.3107344958  
0.1130805005  
-0.001658571141  
0.01330176384  
-0.288719298  
-0.5963948268  
-0.1062814249  
-0.287242183  
0.6321924479  
-0.1655418035  
0.1409399737  
0.1621805375  
-0.3518635148  
-0.2556928837  
0.4733860988  
0.535914645  
-0.1700817196  
0.04085503409  
0.3679317826  
0.04523982688  
-0.3533061657  
-0.4884470455  
-0.2734953085  
-0.5735290901  
-0.09417330535  
0.1669022583  
-0.1582282628  
0.6168042422  
0.2239413713  
0.9913251781  
1.132125521  
1.264069284  
0.9774546839  
0.6391867545  
-0.06775695494  
0.2667698902  
0.03369655723  
-0.3671537221  
-0.05227594487  
0.06821806453  
0.1640214213  
0.04791119831  
0.2434414475  
0.2430296916  
0.1733003812  
-0.0856117725  
0.3774220813  
-0.4876781178  
-0.1538533342  
-1.036445133  
0.2490893639  
0.4926462718  
1.027166559  
0.7884037277  
0.9273981718  
0.6928907383  
0.4524941367  
0.1447042693  
0.3096601185  
0.1560285207  
0.3993891406  
0.6596041827  
0.7445042121  
0.8459350657  
0.4468250261  
0.7633431486  
0.6282107367  
-0.3066370427  
0.2521600861  
-0.6699276507  
-0.9093686627  
-0.2479667904  
-1.448114387  
-5.551817893  
-2.583966196  
-0.4677302201  
0.6236611545  
-0.4743690787  
0.8550736391  
0.5688144133  
0.9374808432  
0.09399595554  
1.972946404  
-2.933333273  
-1.830949058  
-1.097076244  
-0.4689525042  
0.4903551407  
1.374721427  
0.388201607  
-1.902913286  
-1.443417109  
-1.263980118  
-1.848949157  
-1.507699774  
-0.8535399455  
-1.751626194  
-1.071531618  
-3.177344413  
-2.270494913  
0.1396192907  
1.881372764  
0.9077299181  
1.179470286  
0.1294337765  
0.9851098683  
1.467556556  
1.412027428  
0.7434248018  
0.2692589017  
-2.295461135  
0.4579118573  
0.8999964778  
0.8815925132  
1.668815023  
1.105304092  
-0.2156946885  
0.5290103178  
0.1986397339  
0.5306113855  
0.7235375332  
1.509828589  
1.056920597  
-1.263998614  
0.3495622804  
-0.4267435816  
-1.363484175  
-0.9902755874  
-0.6206690857  
-3.389130018  
-0.6247273416  
-0.6261047183  
0.7384411992  
0.9980022536  
0.9800589661  
0.2702836921  
-0.01763460022  
0.4006141086  
0.3778908585  
0.7524322013  
1.405903628  
0.9340946082  
-0.2195732265  
-0.3450807048  
0.5829888394  
0.6548835341  
0.7162743971  
1.319140032  
2.092065651  
0.104835791  
0.07451437843  
0.4950619471  
0.8862727221  
2.004998479  
1.183175731  
0.6804104192  
-1.777422743  
0.3010564176  
0.5356347483  
-0.05481579844  
-1.478564222  
-0.537358897  
-1.735997951  
-1.511204311  
-0.8149566515  
-0.8226516469  
-0.1060494507  
-0.5690703534  
-0.4368813796  
-2.589311089  
-0.7577569199  
-0.6680508644  
0.8819754542  
0.4459852455  
0.7953286208  
0.9025113014  
-0.2859282283  
-0.535470441  
-0.6226746873  
0.4622402746  
0.935082816  
0.3130209744  
-0.4898454402  
-0.7980770359  
-0.5090322112  
-0.1823309428  
1.438071513  
1.01335178  
-0.2130034218  
0.1800655747  
0.499659964  
0.4519503171  
0.06288351704  
0.1557261201  
-1.44772002  
-0.934617529  
0.1575624109  
-0.3960532803  
-0.09954147757  
-0.2234999662  
0.1372214092  
-0.5507545506  
0.4419329559  
-0.1817250068  
0.5343598313  
0.7924793793  
0.04300837295  
-1.204200218  
0.5275914089  
1.009305433  
-0.1456438672  
1.0656033  
1.483991581  
1.30603338  
-0.08124319431  
0.9133510907  
0.2598503529  
0.8720027642  
1.600370799  
0.8645333583  
-0.4118213984  
0.5928608403  
0.1635357108  
-0.008064170055  
1.656804834  
0.7775637123  
-1.179600181  
-0.2121293864  
-0.2376463342  
-0.3370343638  
0.2470373232  
-0.8119196297  
-1.243207771  
-0.8513702352  
-0.2901014641  
-0.294598306  
-0.0935095773  
-0.251062848  
0.03612793944  
-4.110517784  
-0.5736765016  
-0.2650786905  
0.06013294141  
0.7717556149  
1.388465833  
-1.418116521  
-0.01648304586  
0.05198722062  
0.8455410062  
1.663141046  
1.884438503  
0.3092677725  
0.9186666809  
0.5297976092  
0.7475747092  
0.9610904149  
0.3399404241  
0.6708417621  
-1.419870979  
-1.800899418  
-0.0959994937  
-0.2692939236  
0.9511318844  
1.19628314  
0.0244136057  
-1.220851962  
-0.7349658623  
-0.4041440961  
0.4297377158  
0.7604585278  
0.4391405083  
-1.259622421  
-0.1523617158  
0.2748656511  
0.4677736408  
1.129175627  
1.130716075  
-0.2697375609  
-0.9031628234  
0.3515858828  
-0.9104580959  
-0.0791115597  
-0.6640734091  
-0.5127586257  
-1.602146679  
-0.8177362518  
-0.05250481143  
0.08563617203  
1.264153847  
0.5550261845  
0.02896150053  
-1.153753451  
0.6548492903  
0.4410735759  
0.8534225068  
-0.112656317  
0.6997295403  
-1.36355772  
0.1944683883  
-0.8057846777  
0.04744474107  
-0.1014041097  
0.3503311425  
-0.3036108979  
0.2783377829  
0.551592766  
0.3178523388  
0.9347072166  
0.948948662  
0.3312615852  
0.9408606304  
0.3862405536  
1.102812683  
0.9279770712  
2.289363641  
1.227001099  
-0.1458127149  
0.003938464676  
-0.328268561  
-0.2056618814  
1.280818039  
-4.081475409  
-2.674129748  
-0.002671936476  
0.8561129737  
0.2830377854  
1.66572668  
0.6904398299  
-3.04044095  
-0.2838761863  
-1.245434595  
-0.9864459359  
-1.178130137  
0.1038693362  
0.340260388  
0.2017180145  
0.0926055907  
-0.7751747241  
0.1102780684  
-0.5946426366  
-0.802883235  
-0.8400862493  
0.2426458951  
-0.5077586393  
0.2162477875  
0.5028154737  
0.8617621372  
1.82886062  
1.165365496  
-0.1510670526  
-1.214013062  
-0.5676244548  
-0.6997513429  
-0.01174892633  
0.3094326438  
0.6802989124  
-0.9072774246  
0.07523905233  
-0.001112132903  
-0.6686511972  
-0.4903392402  
-0.3730589463  
-1.155329817  
0.2534222395  
-0.1298941381  
0.6513848838  
0.8881480293  
-0.6727289041  
-0.4804010711  
0.6934731372  
0.3046293486  
0.4794172055  
1.451090762  
1.252985257  
-0.5356961752  
0.09742518271  
-0.5215730347  
-0.2223099689  
0.1872946774  
0.6721147225  
0.3478006782  
-0.9545569398  
0.2873974693  
0.09969678317  
-0.1815925467  
1.129158934  
-4.209423063  
-0.4793505554  
-1.725525841  
-0.6522354231  
-1.127620093  
-1.464500822  
-0.5787591729  
-0.8518953362  
-0.6070689453  
0.7313690308  
0.54992586  
0.1070476629  
0.5876698516  
-0.3462922788  
0.1222329196  
-0.5919618389  
-0.03600660728  
-0.5823337421  
0.8122095475  
1.326707467  
1.147380314  
0.5708210767  
0.3080980352  
-0.1951702878  
-0.8845903164  
0.3805882263  
-0.4248167834  
-0.7720896067  
-0.04731580528  
0.150986074  
-1.568918388  
-2.620440573  
-2.375375635  
-0.07929127355  
-0.1183607379  
0.488163515  
-0.7855854831  
0.5898953414  
0.5738832059  
0.01560522053  
1.405687706  
1.4516798  
0.1672574298  
1.067831115  
-0.06881285111  
0.2777558857  
1.377157786  
0.9324672129  
0.7268885964  
-0.06872395701  
0.436699466  
0.5916759467  
0.07227510377  
0.9382681842  
-0.1708099576  
0.7582319359  
-0.4516374916  
-0.2072723949  
-0.03768215486  
0.07830003565  
1.49989823  
1.133347166  
0.6239664717  
-0.1311872388  
-0.449555804  
-0.3155018196  
-0.289350793  
-0.428438025  
-0.8311127643  
-2.694533516  
-0.3731889836  
-0.5151017384  
0.4360109218  
-0.1156808394  
-0.1980884651  
0.160717225  
-0.07834179476  
0.01620933232  
0.3079844271  
0.7919918355  
1.59841873  
1.311485911  
-0.3569271376  
-0.9930101809  
-0.443288169  
-0.645526402  
1.230891245  
0.6022089372  
0.6983698012  
-1.228381522  
0.3003249945  
-0.8422692386  
1.06269413  
1.849850615  
1.229098083  
-0.4536017013  
0.3347290934  
-0.07861942954  
0.1155724162  
0.2008343298  
0.03992850643  
0.6678716766  
1.058251245  
0.7185589257  
1.29522924  
1.381151356  
1.337287034  
1.119720768  
1.780192402  
1.027028689  
0.8597379129  
1.255805603  
0.8383180756  
1.82318572  
1.145665544  
1.395248421  
0.2823362022  
-0.4196092364  
0.01608148846  
-0.1722718525  
0.4005913937  
0.2446742973  
0.500225142  
-1.432774994  
0.4126600993  
-0.1572185038  
0.5758183736  
1.39891564  
0.6409884828  
0.4805429646  
-0.269973488  
-5.961515082  
-4.174645318  
-5.277820552  
-2.689386646  
-2.332026512  
-1.785689543  
-1.422268741  
-1.718954547  
-2.135815816  
-0.8829149673  
-2.537524521  
-3.32338565  
-3.502865277  
-2.903928584  
-1.164349502  
-1.663632342  
0.564082696  
0.573834421  
-0.4479159184  
-0.5339496765  
-3.495229931  
0.8506148471  
0.2774434912  
1.872003123  
1.318086265  
1.063728032  
-0.1458867831  
0.1261646368  
-0.01608829067  
-0.1714323595  
0.6727599238  
0.4239191019  
0.2690105547  
0.706011067  
1.20400851  
0.2289063919  
1.247055709  
1.973153391  
0.5934010574  
-0.2743729557  
-0.05770998702  
-0.5409065657  
0.2376067707  
1.288624545  
0.8444425688  
0.2021304159  
-0.2102813716  
0.3622446111  
-0.8333998959  
-0.5251622247  
-0.0921457079  
-0.4312877347  
-0.8106381004  
0.2294953445  
0.2645364796  
-0.5532769175  
0.04414389224  
-0.9762045135  
-0.9954218146  
