1.458149525  
0.58891728  
-0.178627587  
-0.3728928874  
-1.094024472  
-0.9328194568  
-0.97790143  
-1.182262339  
-0.3258391803  
-0.3452321322  
0.0790949553  
-1.037013115  
1.21198677  
1.130508046  
0.2658808618  
1.926123772  
1.208018261  
1.087472427  
-0.2282983478  
0.5892398243  
-0.4147237265  
-1.592832895  
0.9049877672  
0.1945294737  
0.7057921739  
-0.7365799174  
-1.192196086  
1.039996409  
-0.9844788273  
-0.8633342066  
0.2392996897  
0.5048063051  
-0.5309554152  
0.307826405  
0.4408648449  
0.4372981362  
-0.7795180816  
1.13352403  
-0.05413072079  
-0.08677289446  
-0.4009530692  
-0.67088406  
-0.5366751708  
-1.589863267  
0.06819340526  
-2.286696927  
-1.854761004  
1.288267752  
-0.4180058308  
0.185214901  
0.3937066261  
0.7100874141  
1.403232399  
0.6892209937  
0.7542499694  
0.550403917  
1.236812558  
-0.4879549787  
-0.546884496  
1.478032049  
0.207937804  
0.9495848895  
1.069722274  
1.298705914  
1.762293575  
-0.8973184772  
-1.626305822  
0.8541928746  
-1.828492323  
-0.3092505103  
1.415693848  
1.178985751  
0.288062285  
0.6497470363  
0.4033798592  
-1.296868518  
1.212019104  
0.6094466885  
0.1289253186  
0.4314387599  
2.167288262  
1.495316324  
1.387287702  
1.143222785  
-0.8455902977  
1.206120787  
-1.145611014  
-0.9995575567  
0.01094060088  
-1.121417017  
1.423221857  
-0.960685816  
0.06151058105  
-1.607024577  
0.8304288034  
1.157770713  
-0.3292820037  
0.6289492816  
-0.5969206303  
-1.619848255  
0.1360219298  
-1.580648126  
-1.957029181  
0.4738592354  
-0.3823078518  
-0.6048895916  
0.4625883309  
0.3612579612  
-0.4048892165  
-1.209524631  
0.3780648788  
-0.922391474  
-0.9520891371  
-1.329803756  
0.3748082697  
-0.302698065  
-1.421127552  
0.4336370757  
-1.120517052  
1.436891892  
-0.2544793631  
-1.397943436  
-0.1816146446  
0.1460978018  
-2.158693573  
0.7730440187  
1.386934421  
1.140773142  
-0.9248415033  
-0.08634207423  
-0.5229945313  
0.1017015533  
0.3168178204  
0.81930052  
-1.073236337  
-0.01883676146  
0.8169018202  
-0.1135992128  
0.5538995639  
-0.1895095353  
0.1339959958  
-0.478996206  
-0.5326678496  
1.351999093  
-0.5156957447  
0.6568253011  
-0.04869163047  
1.061159819  
-0.1907598533  
-0.5457312094  
1.686227326  
0.04513591106  
0.226879065  
-0.8888064481  
-0.9121780249  
3.451650523  
3.53733512  
2.228197348  
-0.2024060524  
-0.4854406475  
-0.7996174527  
-1.196221289  
3.097137056  
0.007026144282  
0.9715520211  
-0.6388479856  
-2.325452027  
0.103210139  
-2.401898984  
-0.4775193941  
-0.06128160417  
-0.5240539913  
-0.9725642196  
-1.829163296  
1.41693158  
-0.3603193728  
0.4101131306  
-0.5095839842  
-0.2775485265  
0.1396255568  
-0.8475768861  
-0.3409951744  
-1.331138843  
-0.7444626428  
2.698797186  
0.1284259642  
1.345164163  
0.8049533152  
1.236432983  
0.6410792636  
-1.576745325  
-1.007352985  
0.0001104467155  
0.6853797186  
-1.048816661  
-1.55253675  
0.2939080913  
-0.2954473195  
0.592177646  
0.8376952065  
-1.035942988  
-0.1923632045  
-0.05698058563  
0.8774521036  
-0.1316003162  
0.5709087559  
0.2678357363  
1.340864679  
0.3041445462  
-0.0137716607  
-0.2407540927  
1.241526192  
1.236508404  
0.05391345882  
1.058757722  
0.208900138  
-0.4698402147  
0.4977007483  
-0.02294494892  
1.314370604  
0.3608905658  
-0.7093479444  
1.730745603  
0.5691146964  
-1.0581709  
0.2663689989  
-3.036961453  
-0.2120703924  
-0.1290441299  
-0.3904574481  
-1.047618751  
0.4511853935  
-0.5952776839  
-1.36445786  
-0.8053603655  
0.451846677  
-0.07631080621  
-0.9131515615  
1.618254011  
-0.5006196909  
0.9979277072  
0.229631924  
-0.5513197834  
0.8598260595  
-0.9050754655  
-1.219041471  
0.176168801  
0.2899441833  
0.0415387474  
1.1324157  
0.9522345572  
0.2646477507  
0.387898194  
-0.4665771332  
-0.4066885471  
-1.314877859  
-0.3624169869  
-1.173806594  
1.520754099  
-0.7322547778  
-0.5729040724  
-0.1782835253  
-0.07574967852  
3.053539702  
-0.5578185227  
1.139364046  
-1.124383883  
-1.402872092  
-0.1974231209  
-1.411439506  
-2.195902473  
-0.714245489  
-0.09669026024  
1.186886224  
1.457160704  
0.830215745  
0.5172227919  
0.4470518597  
0.414025399  
1.057120241  
2.307398402  
0.1516454631  
0.6611812986  
-0.4578828011  
-0.7405493924  
-1.462227869  
0.01516208933  
-0.5685960694  
-0.32286302  
0.4737155426  
0.1811511544  
-0.1280476546  
1.113525307  
0.7762747674  
0.5633637737  
2.153948075  
0.5269801267  
1.415034553  
-0.3418917014  
0.2139594636  
1.211539144  
-0.6548372429  
1.374807841  
-0.1840905231  
-0.3101301771  
-0.05306174362  
-0.2058009775  
-1.095609151  
-0.2642655975  
-1.404209119  
0.4066806265  
-0.3521445138  
-0.4841173703  
-2.56044719  
-0.9183257388  
-0.2055571646  
-0.8067184408  
-0.4072310906  
-0.5377996948  
0.8159937489  
0.09419540277  
-0.511079581  
0.1605504792  
-0.3355288587  
-2.347903865  
-0.8248146748  
0.1139692813  
-1.529023002  
-0.3026062599  
-0.6073147485  
-0.1391064329  
-0.08736541087  
-0.9917623965  
-0.5955403937  
1.104447117  
0.2407252481  
-1.034865659  
0.005815367945  
0.9632421173  
-0.5614955447  
-0.2586154529  
-1.19671151  
1.090009127  
0.2320382944  
0.6895745073  
0.4453683551  
0.3307439383  
-0.5440771141  
0.7361901968  
-0.5941454583  
-1.573530037  
-0.0004752001119  
-1.057067642  
-0.2347382951  
-0.7206657615  
-1.381100552  
0.7936082423  
0.4905578083  
0.3215710411  
0.6487550033  
1.106957751  
1.333993421  
-1.23778159  
0.4363052046  
0.06728707583  
0.1357828426  
0.492869299  
-0.4682413726  
0.9021979923  
-1.911342721  
0.9171362075  
0.3244318921  
-0.8413080541  
0.1468060698  
-0.7205828415  
0.3456228422  
0.160188293  
