-0.3638502578  
-0.6441195308  
1.47283572  
-0.2000528171  
-0.2868282201  
0.4421810189  
0.1639627332  
1.016853353  
1.152949711  
-0.29539852  
-1.387714069  
0.4724600821  
-0.4529313607  
-0.4539784939  
0.948221609  
-1.1118205  
0.278153933  
-0.3441295565  
-0.2042899216  
-2.420940375  
-0.7775593848  
0.3980521838  
0.497557144  
-1.726438361  
0.9952519174  
0.8276195668  
0.3871634049  
0.9998640048  
0.183986118  
0.7621233653  
-0.6764079635  
0.8790340411  
0.5769517322  
0.1942451031  
0.2596750509  
0.6358326214  
-0.6495180043  
1.112108503  
-0.5992361503  
0.778538926  
-1.520813481  
0.299393297  
0.7154553135  
0.1697534939  
1.045714189  
-1.033261495  
-0.5171650388  
-0.942970355  
0.2418507085  
-0.6113230864  
-0.1902656545  
0.579472606  
-0.8813651217  
-0.2545634833  
0.9879858465  
-1.657960368  
-0.07229709908  
-0.2089026616  
1.609574434  
-0.707871181  
0.06188207756  
0.02518731402  
0.9765752297  
0.77735183  
-0.0411805035  
-0.5689336895  
1.024991462  
-0.1351396133  
0.3593427179  
0.8374562843  
1.203193391  
1.085829995  
0.330135166  
-0.4097368958  
-0.8426788641  
-0.0432850108  
-2.242451331  
-0.08903332596  
0.05922120862  
0.2623996143  
1.225556798  
-0.7389652115  
0.5294784117  
0.119182576  
-0.2824526029  
-0.5467229099  
0.4889276724  
1.55105289  
0.4243496222  
-1.27820192  
-0.1106958538  
-0.9459193606  
2.808796004  
-0.7847333599  
-0.4718299365  
-3.010620015  
-0.2807912711  
-3.318185309  
-0.2398108815  
-0.1653890014  
1.618571815  
-0.95383972  
1.73555692  
-0.2662803675  
0.5292906867  
0.4854400409  
-0.2056861215  
-2.290080492  
0.3372460593  
-0.710598001  
-1.478324418  
-0.1748977002  
2.09011517  
0.3053849374  
0.8274347924  
-0.3951896948  
1.091935503  
0.5582228618  
-0.2767124225  
0.2896672065  
-0.3076072165  
1.186945315  
-0.08434306199  
0.5111141253  
1.039166096  
-0.8614957081  
-1.778780638  
-0.1293631688  
0.4362186231  
-0.6234201273  
0.5088502467  
-0.3799274372  
-0.532876652  
-3.426656156  
0.5158715485  
0.2375514271  
0.7303934329  
0.6836753783  
0.3058262819  
0.7924862281  
0.8711456368  
-0.5611886038  
0.2425324529  
-1.699061203  
0.5178423704  
0.8626866117  
-0.02779353675  
-0.3583988702  
-0.07898787004  
0.5827466426  
-0.9127799367  
0.9740855493  
1.329937991  
-0.3945243824  
-0.4957304552  
0.588548473  
-0.5436092021  
1.361271495  
0.1254701554  
0.8032062601  
1.017809295  
0.5691782915  
0.428811952  
-0.9756440595  
-5.300849454  
0.3059555254  
-0.4075521102  
1.192696015  
0.3081773041  
1.080551242  
0.4459066585  
0.3123548563  
-0.5082393226  
0.153917203  
-3.074425967  
-0.1467975858  
3.958831947  
-1.902200584  
-1.271347916  
-1.456101092  
-1.038539177  
0.9916206539  
0.1729201351  
-0.4503188133  
-0.6289847397  
-0.3322773555  
2.08528299  
-0.1894251065  
1.023758987  
1.183150423  
1.028098095  
-1.064503495  
-0.752954961  
0.1851575391  
-0.3221013635  
0.5065808129  
-0.297071453  
-0.1454587802  
-0.2528553512  
0.2521551731  
-0.1332484493  
0.6221461975  
0.2098767962  
-0.09974549302  
-0.04493789553  
0.6827824843  
1.476995341  
-1.325919906  
-0.9035752828  
-0.2764345844  
0.2185426023  
0.7542530779  
1.737451952  
-0.3482326449  
0.08522868354  
0.09784866721  
0.8987052338  
0.58014469  
0.4025564028  
2.037040853  
-0.9831773017  
0.6774221288  
-0.9223503494  
0.5268874507  
0.2917937808  
0.5065862517  
0.6337569489  
0.191256366  
0.4107233856  
-2.600512477  
-0.08152694622  
-0.2062022293  
0.5197141563  
0.1560817853  
-0.5723122899  
0.0490194316  
3.079480037  
0.1427114372  
-2.760173103  
-0.4542430778  
0.07964963399  
-2.05390682  
-0.09664375102  
-1.031935536  
0.1207172147  
1.291320225  
-0.7958388932  
-0.05525111744  
-0.632593808  
0.9467507006  
0.1030506432  
-0.7043840779  
-0.6061386426  
-1.460389225  
0.04018055276  
-1.128823154  
1.100863235  
0.1144576231  
-0.5357801087  
-0.2290992705  
-0.706119463  
-0.5205922484  
0.6821975739  
0.3952529969  
-0.06890209818  
-0.5735496186  
-0.2420993091  
0.6440150136  
-0.6854655542  
0.02194891174  
-0.1631067951  
1.471185207  
0.9417442109  
-0.1551510232  
0.3189022086  
1.394424084  
0.6235033147  
0.6988352557  
0.5853859441  
0.3293232753  
0.8633981211  
0.9790710775  
0.06540329479  
0.1603221416  
0.1646084757  
-0.5193764929  
0.03305935733  
-0.7899293491  
-0.5725868627  
1.360086817  
-0.1544346854  
0.4451151282  
1.028511603  
-1.371909841  
0.4864361259  
-1.555534861  
0.2392575466  
-0.4232670487  
-0.02504102327  
0.2901913772  
-1.349427192  
0.4361456662  
0.2275767598  
-0.06416113618  
1.59917986  
-0.5935841079  
-0.08738230658  
0.6488515971  
-0.8266719808  
0.4674046944  
0.1747295066  
-0.09989944373  
0.3810421502  
-0.5492705358  
1.225085056  
-0.2522174433  
1.000322976  
0.917285897  
-3.000547381  
0.1879254539  
-1.593533418  
0.06118767726  
-1.045215134  
0.2463751964  
0.3785063841  
-0.5121413466  
-3.689314718  
-0.1898684554  
-0.3901648318  
0.03345044335  
0.8153660038  
-0.7696824645  
0.2647650996  
1.056917118  
-1.232632418  
0.2169697647  
1.474686862  
-0.4919185902  
0.1682237797  
-0.6563843339  
-0.01352436923  
0.4444357941  
0.2638991308  
-0.3098028503  
0.3381252453  
0.3329947683  
-0.6717769172  
0.5729841516  
-0.8641500097  
-0.3358941634  
0.1251638808  
0.3042847538  
0.5409135219  
0.02493079732  
-0.07472538438  
0.5750656218  
-0.7995427401  
-0.1751509264  
-0.3781357542  
0.1132865893  
-0.5324434503  
-0.5100823049  
0.06355463072  
-0.2511613646  
0.6379065631  
0.7612206094  
0.1385458846  
3.596114291  
-1.546014387  
0.4653647664  
-1.138959986  
0.3994260414  
1.092965406  
-1.002331731  
-0.6129055331  
-0.8873288488  
-0.02151896042  
