1.059875166  
-0.7340348515  
-1.460192141  
-0.4680355967  
0.4586493262  
0.4827050361  
1.996271957  
-1.180695418  
0.8423819035  
0.2950423239  
-0.09939335189  
0.4781059569  
-1.327186987  
1.26345096  
0.1874818324  
-2.114825032  
-2.840093177  
-0.09136566152  
-0.3176129961  
1.268671647  
1.007870995  
0.8963146461  
1.225198586  
-1.342799781  
0.4212535051  
-1.032244364  
1.503617279  
2.020530023  
-0.2692831351  
0.1770209098  
-2.359925878  
0.3434334256  
1.17612224  
-0.8893563575  
0.7289663584  
-1.085121774  
-1.169210983  
0.7015055356  
-0.517879381  
2.438852623  
-0.6586330837  
-0.2353264466  
1.257754489  
-1.251726532  
-0.384466479  
0.4581034567  
0.5282464684  
-1.257133606  
0.7553473271  
-0.8559068489  
0.5311719206  
-0.0202400392  
-0.2875099807  
0.08390484842  
1.225371108  
-1.462028607  
0.4997425036  
0.5205691289  
0.7205493197  
-0.5144684377  
-1.028532099  
-0.2792776284  
0.8575930265  
1.694687256  
-0.761321332  
-0.9259772556  
0.7160183903  
-0.6007487394  
1.056049816  
-0.1910661689  
1.171888653  
1.213963033  
-0.1847013772  
-0.04648804394  
-0.4267780797  
-0.5000117863  
-2.703614338  
0.3230030269  
1.251629864  
0.3373858265  
-1.758940308  
-0.7064863241  
-1.272174556  
0.01587851418  
-0.6359617974  
0.2844405872  
-0.05933167664  
1.83426805  
-0.3920214512  
0.1225006104  
-0.4348207391  
-1.429850666  
-0.9314479639  
-0.002005389705  
0.220433148  
1.568479262  
0.3302382294  
2.434322453  
-1.017923244  
-1.230789155  
1.646468157  
0.3638668555  
1.132913061  
-0.9366423543  
-0.2597274959  
1.752212899  
-0.672338603  
-0.0475074839  
1.179525088  
1.119667751  
0.01679968579  
0.7441051206  
1.617547746  
1.343028439  
-0.3819049942  
-1.122654808  
-0.5085852977  
0.001379114709  
0.2122292351  
-0.8442421853  
-0.0165867875  
-0.2521182537  
-1.496502858  
0.6134322281  
0.5054730612  
-1.03777265  
1.422535936  
-0.3544419275  
0.749731163  
-0.6252026298  
-2.312518432  
0.08398879807  
0.6855178165  
-2.891394733  
-0.7071044717  
0.3484489685  
0.7052511564  
-0.7179036449  
-0.3746272176  
-0.889667225  
0.8202907566  
-0.5451080175  
0.4061357131  
-2.77496937  
-0.4519541844  
0.651828293  
-1.090095239  
-1.707105373  
0.1934597561  
-0.6249372131  
-0.2883770105  
-0.9562452953  
1.397666567  
0.1287059725  
-0.3822225799  
1.769710934  
1.314200625  
-1.226071681  
-0.449862822  
1.116145896  
-0.5333207021  
1.038913258  
0.3807479751  
-0.8811670145  
2.112775108  
-0.3159820846  
0.9445289311  
0.1568557759  
1.002997833  
-0.8905779518  
0.5774410579  
1.671011363  
0.1057297329  
-0.5707499872  
-0.1150976463  
-0.8751603845  
-2.68278591  
-0.8488998081  
-0.1979786447  
-1.110835823  
-0.3548502119  
0.4947807995  
-0.2944131017  
-0.5015719437  
0.2730892082  
0.3621193547  
-2.659776921  
1.072183503  
1.022314518  
0.1936568296  
1.212839677  
-0.7210404747  
-0.3190791376  
0.5648867362  
-0.7689907758  
1.307103658  
0.5660160666  
-0.1104224156  
0.834107953  
-0.3536995898  
1.223369493  
-0.8975379343  
-0.779586555  
0.9630941191  
-0.2281710723  
-1.535547586  
1.551096312  
-1.277219579  
0.903227309  
1.389102655  
-0.165123471  
0.2279879058  
0.7161090591  
0.01249824782  
0.9796935085  
0.2298659633  
1.497551329  
0.5361895705  
1.130309154  
0.1703790807  
0.03633227476  
-0.01450203689  
-1.20532764  
-0.3705435842  
1.028317308  
0.05004209204  
-0.3195687961  
-0.7569450752  
0.5428027824  
2.240521943  
-0.6694261921  
-0.3923173029  
-0.3377178582  
0.804360289  
-0.6937857204  
0.1020631765  
-2.95323539  
0.5461371831  
-1.892112318  
0.3391995032  
0.8121248746  
-0.2638903816  
0.8365562495  
-1.252350789  
1.469306402  
0.9496771823  
-0.7706412866  
0.2164833883  
-2.660530825  
-1.131777611  
-0.1786222013  
0.5294727233  
0.1435076152  
-0.07642679067  
0.3801892324  
-0.5810087413  
-0.1472880218  
0.5723928639  
-0.148341521  
0.6117735391  
0.6883802665  
0.592771955  
0.9896613645  
-2.794852585  
-0.1989093802  
0.2170862028  
0.3120580639  
0.3307391054  
-0.7009464996  
0.852721936  
-0.7933324397  
-0.5492729699  
-0.4582543149  
0.651139634  
0.9978692854  
0.3874821646  
0.03344227642  
0.1557116956  
-0.3354775946  
1.507384255  
-1.370415913  
0.1639688481  
-0.0866427849  
1.376039819  
-0.8742751421  
-0.6907135363  
0.05743559409  
-1.737406311  
-0.5072823707  
2.15931166  
-0.1173546671  
0.3534149088  
1.139657841  
-1.500139685  
-0.09307208174  
-2.234037914  
0.5505560084  
0.06885139741  
0.3450959066  
1.168214122  
1.455891605  
0.2384347435  
0.06473460412  
-1.781351614  
0.8760914535  
0.1278549109  
0.2908575223  
-1.067396218  
-0.3274718006  
1.087833578  
0.840788202  
-0.04191243278  
-0.5335437377  
0.3047267838  
0.4463547448  
0.3411396568  
0.4146481698  
-0.4084737749  
-2.210648956  
0.4031272792  
-0.7249090404  
1.123012819  
0.3345806845  
-0.7661637485  
0.4947983876  
0.2005827655  
-0.5259608209  
0.7683525356  
0.4133203601  
0.8871409582  
-4.026291128  
-1.030519899  
0.2913272713  
1.388812505  
-0.048677329  
0.1639313493  
0.6894576169  
-0.06439440739  
-0.04127203503  
0.4190642917  
0.1428943414  
0.3182194222  
0.7321776702  
-0.3044498234  
0.06491760368  
0.5836420019  
-0.6322546153  
-0.3629665178  
-0.03460578165  
0.9497180036  
0.6032843289  
-0.93803159  
0.5446376982  
-0.9336109214  
0.5718710493  
0.0221933724  
-0.9132041848  
0.9521820901  
-0.9139786258  
0.614020356  
-0.9936701095  
-0.9883977451  
-0.4739738572  
-0.006840046777  
-0.0939946394  
0.9607955914  
0.6865530512  
-0.8941426709  
-0.1676734382  
1.552295641  
0.08954511489  
0.3895396623  
-0.2987118949  
-1.038805741  
-0.3555408807  
0.2534485443  
0.6227752456  
