0.4834399853  
-0.07315005417  
-0.7117066962  
-0.2224809482  
0.7954934294  
0.1131624475  
0.1844746612  
-0.3638561325  
0.5464536542  
0.3633189403  
-0.5831182104  
0.4103600501  
0.9531846748  
1.434717945  
0.9086868955  
-2.048917194  
-1.284936282  
-0.6994871558  
-0.006549645521  
-0.6347380547  
0.3194643521  
-0.08090936862  
-1.326879198  
0.3411778638  
-0.8227617966  
0.218784128  
0.3226353758  
-0.8638110167  
0.7111116361  
0.4834452143  
0.9162343166  
1.235572088  
0.07421012038  
0.9521888278  
0.435141825  
-0.2262946209  
-0.5894520607  
-2.322707786  
-0.5075839503  
-1.151161418  
-0.3463525793  
-0.496293585  
-2.046771206  
-0.348890063  
-1.06491372  
-1.242391472  
-0.514565269  
0.5568796781  
0.714854701  
0.5749859285  
0.3793381642  
0.9832269768  
1.276649602  
1.06732113  
-2.91089031  
0.3569162963  
-0.05189113906  
0.9132581922  
0.9314888979  
0.9861497917  
1.14864443  
0.8759759084  
1.188951628  
1.20590871  
-1.132442013  
0.4532541644  
-2.03040719  
0.4103972947  
-0.4797638889  
0.6818425521  
1.3131504  
0.6408480723  
0.6866578043  
1.064414708  
0.7493080284  
1.060295887  
0.4521660002  
1.250977248  
0.9989234581  
1.137581684  
1.519455595  
0.8180482011  
0.7596504728  
-0.06215435581  
0.720613416  
-1.44155559  
0.01389183954  
0.8272671745  
-0.5802950116  
-0.2431476427  
-1.593972098  
-1.840297524  
-1.590667787  
-0.6863067978  
0.4099274905  
-1.297212773  
-0.0505815138  
-1.40632681  
-0.5152118458  
0.1001879944  
-1.798491622  
0.3607419538  
-0.8682305235  
-0.9770098781  
-0.2438046042  
-0.6628216655  
-0.1069727095  
-0.4486743735  
-0.917421359  
0.1762926379  
-0.1584347998  
0.5570657537  
-2.067910953  
0.1944683947  
-0.8236421325  
-0.1799096009  
0.1191103811  
-1.924174219  
0.05800065031  
0.2541617037  
0.6689420222  
-0.9996288454  
0.8232665439  
0.7092838267  
-0.6550186704  
0.6981461217  
-1.04135559  
-0.4209299048  
-0.1575639824  
0.8159333848  
0.9924413767  
-1.391388753  
0.7894745345  
1.121540751  
1.400064053  
1.588290159  
1.157960243  
1.141290447  
1.239696414  
0.9180286136  
0.1937363251  
1.443536632  
1.395568386  
1.194507468  
1.427886156  
1.3130614  
1.216739292  
-1.015979848  
-1.321240149  
-0.8409481173  
0.747916749  
1.232820338  
0.6564821709  
0.7762084696  
0.6691716232  
-3.754487735  
-4.604402426  
-3.094639311  
1.276285039  
1.514544303  
1.800600835  
1.37264944  
-0.1175645379  
-0.962007876  
-1.755876788  
-1.470919978  
-1.042881386  
-1.909819171  
0.1222611908  
-1.154122785  
0.988383751  
0.1302542252  
0.1166574092  
-0.5346736784  
-3.624469982  
-0.04538703397  
-1.179886728  
-0.7604234563  
-0.8563681759  
-1.870187077  
-0.5326678708  
-1.640479959  
-0.9666647963  
-1.067067167  
-1.311191479  
1.075198264  
0.8547050744  
1.426544284  
1.631501403  
-1.549742062  
-0.3822349911  
-1.80319261  
0.07191103859  
0.4426654351  
0.1748544732  
0.09333566698  
-0.4785610689  
0.2451258115  
-0.09444425362  
0.8184485815  
-0.3682067907  
1.046389102  
0.9408101379  
0.7305047933  
0.7319272218  
0.9299198408  
-1.357044047  
-0.2663725019  
0.939089982  
1.326580871  
0.5894561015  
1.341151362  
1.433535153  
1.577591978  
1.034747253  
1.628145882  
1.114128552  
0.7707991768  
1.275593369  
1.290009531  
0.7651385885  
0.4909591614  
0.0984282791  
0.3708864923  
-0.6271886056  
0.5810260928  
-0.1014750174  
0.1614462155  
0.4896074619  
-1.865635466  
-0.0871158253  
0.4062809459  
-0.8029661911  
-1.410865543  
-0.2273212762  
-0.09655271522  
-0.902915292  
-0.4051004438  
0.1990277493  
0.9353301606  
0.7418624011  
0.04392513797  
0.3696823541  
0.1984664736  
0.1661602268  
-1.163437332  
-0.7672259684  
-0.2312606251  
-0.4454165824  
-1.957210061  
-1.008154798  
-0.194120267  
0.2904843072  
-1.940067829  
-0.6649490612  
-0.5582974602  
-0.8176183329  
-0.6715552451  
0.5147880584  
0.1655587451  
-1.144117569  
0.4674325219  
0.6713767878  
-0.9986473718  
-0.2412804201  
-0.3477203833  
-0.2107213289  
-1.669968516  
0.6652847564  
1.092891767  
0.9397114591  
0.820345728  
0.7238982092  
1.601698805  
1.8204761  
-1.316155205  
0.1563446403  
-0.384052207  
0.1453636515  
0.8019424089  
0.01645373063  
0.9991406174  
0.6012951051  
0.5855843439  
0.07889831355  
-0.4435052372  
0.1179429443  
0.4452343663  
0.2888962254  
0.4105864837  
0.6340842365  
0.961448273  
-0.6199436945  
-0.8358661788  
0.1707035964  
-0.6741269682  
0.545489152  
0.1499936508  
1.244924892  
1.347913586  
-0.6143362441  
0.2079916398  
-1.184752528  
-0.676634499  
-2.355163214  
0.3285281855  
0.3612550441  
-1.64023002  
-0.2262847048  
-0.2360345662  
-0.08362400434  
0.5957125187  
0.6224879537  
-1.329079103  
0.4093212585  
0.1065572464  
0.2472499854  
0.4158020768  
0.002963574536  
0.1115652206  
-0.6552713364  
-2.349878689  
-0.4780190962  
-0.02398208661  
-0.7685593432  
-0.1942685468  
-0.1213631435  
-1.526347661  
0.5714065975  
0.3414293249  
0.9328026771  
0.3024937849  
0.4429626012  
0.5265968279  
-1.887654232  
-0.2488889236  
-0.4928479327  
0.5859122595  
0.05319319176  
1.220888465  
0.8260710083  
-0.04840209837  
0.6438824484  
0.6398820874  
0.6653926789  
0.243751918  
1.14409732  
0.8072233347  
0.4590659711  
1.190189566  
0.3270781457  
0.001821242144  
0.5404918265  
-0.2977207164  
0.499786866  
-0.3426681065  
0.1262734495  
-0.1270339915  
0.01918013878  
0.05084174425  
0.273203076  
-0.5248163293  
-1.832278408  
0.05794732868  
0.1678271757  
-0.1450516164  
0.1596769729  
-2.241719993  
-0.1684461641  
0.2935976593  
0.2342075038  
0.7941606265  
0.9522404891  
0.04162297423  
-0.2650064933  
-0.3850802541  
-0.006515790702  
