-1.845001786  
4.277637726  
1.769183811  
-0.7911408433  
0.9867691861  
-0.3574811109  
0.8295184777  
-1.566198168  
-1.485037082  
0.691935676  
-0.674560271  
0.5153237945  
0.08197455608  
0.5322284453  
-0.5772367146  
-0.891519261  
0.1532227505  
-0.567029213  
2.252135238  
-1.367771181  
-0.05523000729  
0.929722534  
0.2559460495  
0.5900491454  
-0.8675294671  
-1.080542849  
0.852763542  
-1.754993061  
-2.013283199  
-1.445558057  
-0.9078685643  
-1.831817891  
-2.206143136  
-2.220850508  
-2.080231062  
3.169703209  
0.3443132855  
-0.8321900079  
-1.385868548  
-0.2169065631  
1.668169721  
-0.2915169594  
1.065925895  
-1.088241345  
0.3856413071  
1.523640226  
1.237075209  
0.1503246075  
0.8676340519  
-0.200167033  
1.136702581  
1.614588221  
1.9636128  
0.1941396387  
1.334163772  
0.3672107765  
0.1509090771  
1.549493104  
-0.3402235492  
1.606552687  
1.359904357  
1.329581174  
1.475084096  
3.947771927  
0.7456888966  
0.3762341797  
0.8932027198  
-0.8817859153  
-2.316304784  
-1.130205536  
-1.716050069  
-0.7413537805  
-0.9473078532  
-0.7819494134  
0.450225689  
1.33346158  
-3.318474266  
-1.909340897  
-2.9449029  
-1.582408345  
-0.5779031231  
-1.155787148  
-2.037651083  
1.562955786  
-0.293484272  
0.3956032777  
-1.667644839  
0.7931428599  
0.361675998  
-1.570836802  
-0.6705034743  
0.1932898987  
0.4374001896  
0.6947084944  
1.87978183  
1.187773054  
0.3068497179  
-0.9642149813  
0.2323595836  
-0.03436127512  
1.150481555  
0.5184100189  
0.9601473387  
0.5270188611  
0.3470183135  
-0.981114964  
-2.189164781  
1.163326712  
-0.959391374  
-0.1278795879  
0.9706336436  
1.384364326  
1.091738213  
-0.06116584044  
-0.3828413198  
0.8896873912  
-0.9993685935  
0.106856308  
-1.906478316  
1.224805138  
-0.5868174349  
0.5065994911  
1.140224817  
-1.667092572  
-0.8336417824  
-1.202342632  
0.1258671954  
1.539048337  
1.61570941  
1.652290451  
1.830620047  
2.188948707  
2.302241783  
0.1347363922  
0.686941936  
-0.06891763641  
-1.344622158  
1.26517198  
-1.470889878  
0.2516929193  
-1.330895502  
0.8166463907  
-0.3094826995  
-0.8281101963  
2.320223383  
-0.08582051616  
0.2973959206  
-0.07467140013  
-0.2513730121  
-2.130496939  
-1.638533666  
1.156501784  
-0.8691514709  
-1.504852738  
-0.06686338886  
-1.4411121  
0.56252361  
-0.6325161831  
-0.2925792582  
1.683728515  
0.5568487784  
-0.3626079984  
0.248512136  
-1.306538602  
-1.053047292  
-1.184166193  
0.1143440171  
0.2380774513  
-0.7957728  
-1.117331448  
-2.397060511  
1.114420021  
-2.030683854  
-1.053086526  
-0.6475192932  
0.06093088302  
-0.9799358169  
-1.75153311  
2.528680017  
2.030554134  
0.08762518998  
1.35217402  
-1.182384815  
-1.72106312  
2.114251095  
0.6673110229  
0.504821002  
0.3797491008  
-0.3753703048  
0.1329470191  
0.7283692677  
-0.3208472728  
4.920071617  
1.209221116  
1.386124284  
-0.1248218683  
-0.3380399937  
2.263647689  
0.567502318  
2.868340727  
-0.5976734389  
-2.072320811  
-1.447280466  
-0.706964136  
-0.9677817459  
-2.038970338  
0.09572793156  
-0.6889717813  
-1.257286692  
-0.6720553461  
0.1974739701  
-0.3380985061  
0.2098837651  
-1.053006527  
-0.9006666063  
0.4989178997  
0.1745043115  
-0.1320433707  
0.3181207662  
-0.6558944218  
0.7261199106  
0.4419639514  
1.11584873  
2.17160515  
-1.184164681  
0.9665672477  
1.519114162  
-0.5685428224  
-0.5620741618  
-0.3080067292  
1.593253336  
-0.5407393177  
0.8598966151  
0.9513491405  
-1.445677776  
-0.572884099  
-1.565265421  
-0.6198574085  
-0.7723966051  
-1.119292684  
-0.1057472849  
-2.299959041  
1.074895986  
-0.1492107589  
1.437699045  
-1.478682913  
-1.67785787  
-1.159672985  
-1.540103464  
-1.352381144  
-1.190607906  
-0.243082951  
-0.8396357185  
1.836194875  
-1.106720928  
-0.6961297247  
0.5301560483  
-0.08081389304  
0.7679633804  
1.093854208  
0.4273075539  
0.6174702511  
0.1484711083  
-0.5167831154  
1.138790118  
0.7680058364  
0.3121752492  
3.136744614  
1.95565884  
-0.3687916641  
-0.5034527939  
0.5612335751  
-0.06802881174  
-0.9432417585  
1.100901511  
-2.353823999  
0.2260343143  
1.685000942  
0.863295702  
-0.1314070902  
1.262165027  
-0.01475034272  
0.5021873766  
-1.114048708  
0.3679665134  
0.1857641978  
-2.402839212  
0.02022503375  
-0.08668527086  
-0.4524760308  
-1.406614321  
-2.431047955  
1.424889932  
0.5591956574  
-0.3902485481  
-0.6004938784  
1.412550582  
3.489717808  
-1.364660821  
0.9416051338  
-0.6137066728  
0.5271543069  
-0.5745830586  
-0.4614947136  
0.3559322423  
1.146142321  
-0.2942815278  
-0.03035685403  
-0.1374647747  
0.1289018248  
-0.4761024402  
0.5467498853  
0.7636263985  
1.688119517  
-1.380579158  
0.4806104202  
0.4497347283  
-0.4769000505  
-1.005738393  
0.1375884159  
0.6815045843  
-0.1011998869  
0.2507041485  
-0.8302182667  
0.3410510746  
1.247466538  
1.116274639  
-0.2210589794  
0.7098904071  
-0.001229034751  
-0.4328969223  
0.6844496849  
0.460609331  
0.9249260301  
1.007641992  
0.6708008354  
0.2605764836  
-0.7221850484  
-0.8965751756  
0.3624351356  
1.029012044  
-0.1219963952  
-0.4593605651  
0.2760192821  
1.242527823  
-0.5608697141  
-0.3223887368  
-0.02425098156  
0.3871301171  
0.5704954503  
0.6943893331  
-0.4643536816  
-0.5121710252  
-0.975247512  
-0.4785418417  
-1.364544621  
-0.8736628739  
-0.648853425  
-0.9336294404  
0.02988042228  
-0.6183702981  
0.2050842867  
-1.122304768  
-0.4798871812  
0.542796286  
-0.4160420748  
-1.051931852  
-0.6227818247  
-0.7231856118  
-0.1906797439  
0.2197434054  
-0.8354513887  
-0.4318514668  
1.08782281  
-0.1887530915  
-0.2180450631  
0.704237451  
0.3833123156  
-0.1912500001  
-0.2729792501  
-0.539941646  
-0.3531069791  
-0.4064546242  
-0.8916162938  
-0.997810908  
-0.7954383633  
0.414403426  
0.8767160574  
0.6203742505  
-1.866154478  
-0.5101111334  
-0.6527934236  
0.5129968454  
1.253222076  
-0.5958893664  
-0.3136174905  
0.862118265  
0.8177445332  
0.4823721174  
-0.109193113  
-0.9150815201  
0.4801899446  
0.7808073896  
1.960706029  
0.3363908429  
2.008381148  
0.6123946184  
0.5153031876  
1.71303052  
2.879728999  
0.9487373569  
-0.1075437524  
0.05401012179  
-1.515744709  
-2.041152625  
-1.333403558  
-0.01995359274  
0.1925612666  
0.3492358619  
-1.308666291  
0.3262001825  
0.1333567366  
-0.5700242925  
0.1733743037  
-0.2297312997  
0.1730428895  
0.1666188334  
0.5990816083  
-0.8561573571  
-0.09938901019  
-0.5603755328  
-1.6877707  
0.8819401431  
1.50980739  
0.865463367  
1.870460368  
0.6797620671  
-0.08943097981  
0.4369011631  
-0.04069599812  
-0.1208111684  
2.040624933  
0.6334376693  
0.2526040297  
-0.1982946403  
0.2582504874  
0.3379568879  
0.332194021  
-0.9777963585  
-0.5234099527  
-0.5867501166  
0.09235671703  
-1.021078283  
-0.3648282855  
-0.1379941283  
-0.3581762694  
-1.391095476  
0.1055346107  
-0.1432595091  
-0.3167540589  
0.4684168272  
-1.086152806  
-1.4649153  
-0.4064376045  
-1.709880301  
-0.3441689346  
-0.2739875446  
-0.7396895278  
0.1327498605  
-1.302150211  
0.32005841  
0.3510892651  
-1.097926117  
0.2828857262  
-1.017879659  
-0.631790634  
-0.4956612374  
0.6599438511  
1.369487172  
1.216293795  
0.7909823041  
0.4737716551  
-0.1408778298  
-0.429272743  
-0.4741235774  
0.3835351344  
0.9584198573  
0.9815157242  
-0.1525980139  
-0.7125927433  
0.3238730304  
0.9678487859  
0.6337682158  
-0.7098457968  
-0.9275408875  
-0.1545572993  
0.6854391567  
-0.8812989999  
0.2487285499  
0.4836781614  
0.6901150832  
0.4407381814  
-1.376489606  
-0.5248845633  
0.565257119  
-0.7387821926  
-0.776274242  
-1.267679567  
0.4320431533  
0.7915303182  
0.08197341028  
0.3453205865  
-0.2215549047  
0.1700554905  
-0.7909823336  
-1.186178512  
1.366603027  
1.039160095  
0.9474706851  
-0.371757333  
0.2521431074  
-0.1952950654  
-0.7737529011  
0.1715280227  
-0.3719153418  
-0.4978620032  
-0.999914602  
-0.386871263  
-0.4666019914  
-0.7207958008  
0.3577030789  
-0.1292019451  
-0.1001750783  
-1.569562578  
-0.3690616001  
0.4119547449  
0.7009607363  
0.4697859194  
0.1176732178  
1.687115797  
0.9053250362  
1.527881849  
0.9187585541  
0.8494867604  
-0.1047086587  
0.1392217016  
-0.8086201951  
-0.5796766826  
0.4346306399  
-0.9400444084  
-0.1585960815  
0.1933100587  
-0.4173296157  
0.3255415648  
-1.764155536  
-0.4271717492  
-1.523822926  
-0.3947968425  
-1.073461005  
0.2291094761  
-1.317944555  
-0.7216415676  
-0.1466023162  
0.8272432064  
0.4727753943  
-0.6319018872  
0.4981785651  
-0.9930983532  
-0.08896670847  
1.320353286  
1.349877473  
-0.5910754504  
-0.08390159334  
1.046723535  
0.07199417819  
0.4597058207  
1.436725485  
0.744285902  
1.097066159  
0.6449669873  
0.6232866245  
1.058771307  
1.652310857  
0.8305510855  
0.6057911871  
0.4594937311  
0.7529800527  
-0.6052164938  
-0.8496444617  
0.05385732116  
0.3101059548  
-1.124253264  
0.6457175621  
0.237889791  
-0.3356564125  
0.3603440493  
0.2760028908  
0.8983894167  
-1.111423988  
0.1292167861  
-0.4026807779  
-0.8251427025  
0.3310646206  
0.2421969881  
1.080928047  
0.07189766955  
0.5956001974  
0.3651143693  
0.003502219088  
-0.4505272351  
0.1827144959  
-1.505081104  
0.03044772259  
1.825019197  
0.1888997651  
-0.9334120874  
0.8399991563  
0.5856523445  
-1.98274334  
-0.9076054053  
-2.076217134  
-0.6315618349  
-0.2568712063  
0.5832377469  
-0.4374471435  
0.4398026561  
-0.6224247009  
0.08061494603  
-1.485826167  
-1.206224418  
-0.1825687982  
-0.6535960954  
-1.10639139  
-1.01055365  
0.3525144091  
0.4974987949  
0.4911949774  
0.5272659348  
1.109250811  
-1.376228893  
0.2705861703  
0.6236965109  
-0.1683610803  
-1.830747965  
-0.2160812258  
-0.7882610002  
-0.9083550483  
0.3151842161  
-1.201185698  
-0.1660972567  
1.016908838  
-0.7414292068  
0.8341312551  
-0.2973096774  
0.5337353811  
0.1358657611  
0.3438864188  
-0.5319290636  
0.03901514854  
0.4768303505  
-0.1966927079  
1.007382228  
1.863140957  
1.205407456  
1.445715659  
-0.288601202  
-0.5410144484  
0.36240725  
-0.662363052  
0.4386366724  
0.676234868  
0.3934014954  
-0.4552053894  
1.460311657  
-0.2132507403  
0.4135610577  
0.5777541992  
-0.2947223469  
0.3583024773  
0.9408944575  
-0.8437691721  
0.1452198113  
0.1527868322  
0.07485574417  
-0.07315595714  
-0.3226139971  
-0.4380747745  
-0.8804124713  
-0.520918532  
-0.7351465576  
0.2992966004  
-0.2815298792  
-0.4754508476  
-0.3294466149  
-0.8130415583  
-2.136614544  
-0.8778683435  
0.685579419  
-0.2496598333  
-1.169385747  
0.1933730508  
0.480263332  
0.792844092  
0.634324714  
0.3065306771  
0.2661570032  
-0.5887581116  
-0.950088753  
-1.059116287  
-0.4502892579  
0.4504774703  
-0.5620266573  
0.9315413059  
0.8053375691  
0.6638027674  
0.1937065053  
-0.5793488968  
-1.9002544  
0.03013501842  
0.2048295193  
0.3256199918  
-1.012860609  
-0.9075165044  
0.8832141013  
1.183781365  
-1.297735662  
-0.7058515402  
0.1867307684  
1.573317295  
-0.5646291785  
0.5657225148  
-0.8227384309  
-0.2712096431  
1.455561131  
0.2265801888  
0.7232435657  
-0.11299375  
0.1385939024  
1.017086011  
0.18098699  
0.1511746973  
0.173037814  
0.3947266933  
-0.9111687221  
-0.5813239627  
-1.067156872  
0.6066041427  
0.1780723956  
1.051172088  
0.6051021882  
1.185005345  
-0.1329118156  
-0.1844315977  
2.245832496  
0.995510085  
0.85424387  
0.7524237375  
-0.7453075318  
-0.4578148231  
-0.4082727929  
-0.1880827873  
0.1034968819  
-0.9389747825  
-0.1923500828  
0.6791522224  
-0.7635178891  
0.4466273621  
0.09000210195  
-0.3090519945  
-0.237983348  
-0.03505165711  
-0.5609075424  
-1.711627061  
-0.7928847618  
-0.5552299214  
-1.045616077  
-0.2362055553  
0.6917759265  
0.464580002  
0.3663622091  
-0.8018477357  
0.0753758828  
-0.4698514875  
0.6523790927  
-0.1464937652  
0.4872020258  
1.370385569  
0.355506024  
-0.747528637  
-0.1207820001  
1.251048172  
1.319942203  
-0.7171808486  
-0.3875431339  
-0.02315290896  
-0.2969016924  
-0.1478400014  
0.471936187  
0.5111359704  
-0.07667140984  
-1.35541484  
-0.2275777436  
0.7403886862  
0.6629575235  
0.391275859  
-0.2733843227  
-0.8388657748  
0.9554767923  
0.8843963027  
0.3598119252  
-0.3564535169  
-0.9408420857  
-0.2176057536  
0.4010107442  
-1.383069403  
-1.670486662  
0.7573743809  
0.7290023572  
1.330748086  
-0.5816730001  
-0.107360758  
-0.4730381807  
-0.1011653023  
0.3652766457  
-0.209165194  
0.1574921339  
-0.5294743391  
1.086541577  
0.9819830096  
0.5040512441  
1.122877314  
-0.007836194306  
-1.253824736  
-0.2530080172  
-0.2894198704  
-0.009866900621  
0.3287113172  
0.7347683791  
0.8797408374  
0.4189187645  
-0.2597357379  
0.5601995884  
1.478980053  
0.708233863  
0.3199303277  
-0.3595474063  
0.1032811812  
1.580002535  
0.02399754336  
0.8406222062  
-0.4843819302  
0.7039755481  
1.013388766  
1.629307114  
1.193127207  
0.07134880686  
0.1156996927  
-1.15659285  
-0.0195966977  
-1.279798036  
0.9562472504  
-0.6411726603  
0.1891801278  
-2.204439541  
-1.601222283  
-1.588487663  
-0.3710379763  
-0.9710834598  
-0.3092656615  
-0.4280068822  
-0.453909718  
0.08450612969  
1.146228014  
-0.6654885682  
0.08976052987  
0.05736634788  
0.3823126625  
-1.760128735  
-0.6100104197  
-0.4806447233  
-2.087748902  
2.277794352  
-0.02258929921  
-0.8059506774  
-1.05377961  
-1.499084052  
-0.169556626  
-0.9214696367  
1.042320183  
0.02802526027  
0.7429825  
2.052507082  
0.6859111938  
1.576469651  
-2.033393983  
-1.704926424  
-0.09561360921  
-1.024943412  
1.77750359  
0.2661073972  
1.560646762  
-0.1624664413  
1.351193272  
-0.2724257485  
1.625461723  
0.1142784445  
0.7246614797  
1.184986785  
0.5969021989  
-1.0864624  
-1.74729608  
-0.7927799642  
-1.439448665  
-1.039509137  
0.2812183532  
-0.2126817834  
-0.3952355548  
-0.07942037675  
-0.3931825369  
-0.2047527809  
-0.8315878719  
-0.7452142022  
-1.115700245  
-0.08913829516  
0.2193270816  
-0.2866455053  
-0.784465037  
0.5003647273  
0.3923958695  
1.707088394  
1.246265721  
0.7647118193  
