-0.4405139253  
5.363143173  
0.8382350479  
-0.1508304724  
-0.9128954716  
-0.5876829585  
-0.7988640211  
-0.5725631777  
-0.8240248051  
-0.7399429389  
-0.9470727515  
-0.5628596794  
-0.3789921078  
0.1618645064  
1.246782176  
-1.187193024  
0.2943804102  
-0.3725362074  
-0.2654867311  
-0.4547588413  
-0.7988494996  
0.4057840633  
-0.8429649624  
-0.4861977769  
-0.8984447527  
-0.7979309687  
2.279632977  
0.8347832881  
0.7197559988  
-0.6330171187  
0.1531012265  
0.8900272898  
-0.03520543377  
-0.1796845463  
-0.6246135662  
4.511897171  
0.709898821  
-0.5935162227  
-0.3808630568  
-0.8598986294  
-0.4398542266  
-0.9784126188  
-0.5716721744  
-0.8194264605  
-0.3417949833  
2.188403053  
-0.1450900748  
-1.305546334  
-1.148001358  
-1.493309446  
-0.6080716509  
-2.095976543  
-1.090913122  
-2.082252685  
-0.9627111428  
0.09921897227  
0.06444417171  
-1.158091694  
-0.9145836651  
-0.9037752307  
-0.9054920498  
-1.244559116  
-0.8818786141  
2.456175845  
1.044669825  
0.7573822234  
2.979448386  
0.5868148116  
-0.06582660888  
0.3779980716  
-0.435446242  
1.617824633  
0.6668182786  
0.6521964052  
0.1578815605  
1.936934027  
-0.9590859115  
0.2268878481  
-0.5310559885  
-0.3484560463  
0.4096052299  
-1.027596208  
-1.24761816  
4.253869519  
0.5283534202  
2.083134822  
-0.08325863985  
-0.2031247052  
-1.129557052  
-1.520123378  
-0.8243120778  
-1.238912931  
1.168759777  
0.3947232552  
2.002218666  
-0.8375294058  
0.1802878408  
-0.1535130311  
-0.6161719219  
-0.5478704451  
0.9874834193  
-0.8800059796  
1.268102857  
0.9444303291  
1.271578436  
0.04413325579  
-1.411656665  
0.647780422  
-0.1097614848  
0.1104278595  
0.4468247059  
-0.4798399629  
-1.041693279  
-1.221450675  
-0.6857718719  
-1.370938146  
-0.7422544424  
-1.325645244  
-1.577261658  
0.7127033463  
-1.154596863  
-1.597863918  
-0.7752096779  
-2.032604849  
-1.347026491  
-1.113641245  
-0.8347993003  
0.5551059855  
-1.053308948  
-0.8972956615  
-0.2398087913  
-1.028868158  
4.898801352  
-0.9326482818  
-0.2650422815  
-0.8672822616  
-0.9159598561  
2.194903337  
-0.6030761049  
2.928577193  
-1.37775404  
3.144317531  
3.469979346  
-0.9097910908  
0.3909247919  
0.2665761269  
1.768557383  
0.01721029283  
0.8317831907  
0.5547317936  
-1.265572013  
3.060562149  
0.06985241756  
0.6782142834  
0.9535071363  
-0.4163631571  
1.653376636  
-1.368919547  
-0.1690453383  
0.6863864882  
-0.2442911448  
0.6472676728  
-0.4570320273  
-0.3522542732  
-1.156396108  
-1.187063269  
1.106682043  
-0.7264291387  
1.394838506  
0.1930567261  
-0.9129231707  
0.02484504244  
0.5195954406  
-0.6328523858  
-0.9403358488  
0.5596332505  
-1.327425037  
-0.2035179505  
3.713331117  
-2.208731098  
-0.5916973613  
0.5918712392  
-0.5863630687  
0.2083011069  
0.7579321352  
-0.9209331032  
0.6640585555  
0.9867311959  
0.08765665434  
-1.11302404  
-0.8580504211  
-0.5043080185  
4.482476662  
0.02275332964  
-0.1759834771  
1.195626168  
-0.6350050457  
3.393736218  
1.023839998  
0.6334812276  
-0.1020991904  
-0.2953589626  
-0.3558111419  
-0.4369371958  
-1.503359523  
0.2322291864  
-0.05251027446  
-0.2316184694  
-0.6271437193  
0.087592976  
-0.6145850127  
-0.3783409204  
0.09708758455  
-1.419203743  
-0.4203050002  
-0.3760692477  
-0.4697306961  
-2.431922951  
-1.946180397  
-1.061484076  
-1.182853257  
-1.472913094  
-1.085761551  
-1.594516699  
-0.05239591586  
-0.5025738171  
3.833959494  
-0.9131747803  
0.2845373272  
0.1548215606  
0.9061276141  
1.607557312  
-1.154606976  
0.9490477578  
0.1555083727  
0.1687067704  
0.832958785  
1.133465649  
0.0524631657  
-0.09937158679  
0.8963303194  
-0.6329326429  
0.4794154011  
0.3572549882  
0.5751457254  
0.07755666979  
-0.4716633702  
0.5967032586  
-0.723223267  
-0.04600635403  
0.6163262501  
-1.032463278  
-0.4570853361  
1.624560987  
-0.9643787838  
0.7419129443  
-0.7364350347  
-1.316028788  
0.4364366769  
-0.9168237939  
-0.2778509752  
-0.8226638495  
0.2728557869  
-1.370406711  
-1.440419489  
0.4063905152  
-1.938492741  
1.779572635  
3.651106331  
-0.5577558613  
-0.06040092479  
-1.542619613  
1.302781423  
-0.1770378488  
-0.0648549165  
-0.8256641637  
-0.8547581794  
4.235711672  
0.2007068409  
1.851101842  
1.14648234  
-2.245338676  
2.42502765  
-1.731963922  
2.073775949  
0.1043452854  
0.06965648662  
1.718961205  
1.950457188  
1.043773483  
0.982359644  
-0.8097934217  
2.586676078  
-0.215296903  
-1.654032939  
-1.310731254  
-0.9015393387  
4.613887057  
-0.2310427623  
-1.625559396  
-0.755831118  
-0.9773110605  
-0.09189543419  
-0.7262438284  
-0.2689731949  
0.5393924851  
-0.3576784348  
-0.5903448936  
-0.5895611433  
0.01243946612  
-1.360334393  
-0.4226400462  
-0.3999655607  
1.484009086  
-1.237497235  
0.9527951028  
-0.3883201177  
-0.7272620286  
-0.8402485533  
-0.2877400279  
0.7625311309  
0.6443392396  
-0.7824449433  
-1.158246117  
-0.1865135027  
0.9390884234  
-0.7813586741  
-0.2737043153  
-0.1335738171  
-0.5350745496  
0.9938561586  
1.467195877  
-0.314247303  
-0.346837186  
0.05342491066  
1.65330862  
3.035321963  
0.259631759  
-0.3528042466  
0.004267697818  
-0.629449235  
-0.6100175637  
-0.1048912354  
0.5582155967  
-0.4185937419  
-0.323992956  
-0.7351596857  
-0.378303977  
-0.3625101321  
-0.03974389874  
0.7518261624  
-1.006208536  
0.463823913  
-0.7107770272  
-0.1566513073  
-1.149134639  
-0.7289774849  
0.2739585921  
-0.2726752612  
0.7051879911  
-0.5150462752  
0.09498772854  
-0.6320385484  
-0.7763006965  
0.1977652733  
-0.8807842731  
0.3971982605  
-0.3560892516  
-0.760743908  
-0.3690023743  
-0.1659916488  
-0.2206736859  
0.9352821946  
1.700956074  
-0.3311400294  
-0.6207348394  
1.470015439  
-0.787137058  
-0.3381161805  
-0.9419527928  
-0.4595031401  
-0.9032301557  
1.593946155  
-1.011975115  
-0.8252906416  
-1.029373992  
-1.144792435  
-0.703579063  
-0.7242530798  
0.04092097373  
0.09743270254  
0.1315470654  
-0.6986466811  
0.6378623022  
-0.04013256349  
-1.497159645  
-0.2608899371  
1.068125967  
1.424763153  
0.5561976944  
0.02971395342  
0.4107208536  
0.5330861706  
0.6643114325  
-0.9339760167  
0.726844124  
0.3038769923  
1.251182593  
0.8979671934  
1.701604371  
1.15419226  
0.3700801632  
-0.3027559992  
-0.8088878045  
-1.019201292  
-0.4464992369  
0.3817621593  
-0.04212586192  
-0.336928738  
-0.7112869001  
0.8774991078  
0.5145817215  
0.2523608246  
0.7765502009  
0.1226629013  
0.2145134269  
0.3916599621  
0.6511971162  
0.3906999019  
0.5265096651  
-0.3183705807  
0.3021912438  
1.033559988  
0.7619907951  
0.008505955342  
1.39765073  
0.8892352099  
0.9003494856  
1.072467408  
-1.086080383  
-0.3859755224  
-0.5646233465  
0.3602275105  
0.3874923252  
-0.3239015586  
-0.7147933454  
-0.7125314311  
-0.3251413251  
-0.05068543568  
-0.7026772314  
-0.2618307344  
-0.2263800349  
-0.1792681377  
-0.792457591  
-0.006587049952  
-0.2409681538  
-1.436550796  
1.79858759  
1.291672175  
-0.1971847207  
-0.08780615647  
0.1145656069  
-0.7059858605  
-0.4699616164  
-0.6664273429  
-0.2181588283  
0.1276190516  
-0.4439578904  
0.7401670291  
-0.2767262075  
0.6535702007  
0.620147166  
0.07954550912  
1.4173342  
-0.4062172068  
-0.05375984545  
0.3464380734  
-0.4689770324  
0.7265891706  
0.01891986498  
1.783774672  
-1.714228768  
-0.2042359541  
-0.7346266516  
-0.362163509  
0.8947111844  
-0.333288252  
0.1165460793  
-0.09876665403  
-0.7079747962  
0.2317519819  
-0.2830872273  
0.4848449746  
-0.6332334773  
0.2010222016  
-1.030209707  
-0.5618186242  
0.06366482746  
0.3711614184  
1.358440325  
-0.2159372127  
0.7872595084  
-0.6307368436  
-0.05237948379  
-0.2165870909  
-1.995051174  
-0.9090564169  
-0.1427940754  
-0.4555003752  
1.169449684  
1.073111535  
-0.7776667284  
0.1044246568  
-1.084523691  
-0.01232878675  
0.14465176  
-0.5277159815  
-0.3506203912  
0.4854585446  
0.1040720833  
0.2879224525  
-0.3726616947  
0.6526702625  
0.7230053054  
0.397171129  
-0.4176679193  
-0.01931066834  
0.1513186791  
-0.0606167238  
-0.4131249301  
0.05390797539  
-0.838861375  
0.8825064331  
0.6915575401  
-1.306502393  
0.3577534446  
0.9411479835  
0.09276258691  
-0.3781579699  
-0.3772442282  
0.476459031  
0.8689499453  
0.1469101627  
-0.05143505521  
-1.041096816  
-1.030741312  
-0.5693530335  
0.1507751043  
0.337868833  
-0.8579415783  
-1.435786356  
0.1793199639  
-0.1001770957  
-0.3657810669  
-0.9594118786  
-0.326355492  
-0.4191025373  
-0.6155186993  
-0.5322335333  
-0.1996929417  
-1.243463778  
-1.771411804  
-0.6337869421  
0.3865258247  
-0.4650382807  
0.7481756438  
0.1098632243  
-1.066352842  
0.727796432  
1.094123138  
0.9516995168  
0.768555641  
0.4568211465  
-0.1359665309  
0.4993046573  
0.0989474628  
1.174682308  
0.9387610508  
0.777880309  
0.4380307784  
0.1079242223  
0.2500710767  
0.4481799431  
1.216386587  
0.5838585683  
0.2148016298  
0.8465034978  
-1.380155039  
-0.6372349854  
0.01910121207  
0.5941443065  
0.006990757375  
0.2726859312  
0.1046617213  
-0.1884897656  
-0.2334153718  
1.187943737  
0.7439115769  
-0.06495300448  
0.799619644  
-0.08295733171  
-0.02714606056  
-0.2773625061  
-1.36999016  
-0.219716591  
-0.7774045787  
-0.4343216414  
-0.1141304138  
-0.5659324934  
-0.4126563875  
1.325823891  
-0.6250176474  
0.3566865301  
0.06617195366  
0.3223102185  
-1.83370814  
-0.3087692443  
-1.149478105  
-1.540278075  
0.02150315247  
-1.261925131  
-0.7178614161  
0.09439759402  
0.7754048176  
-0.276216659  
0.1281622142  
0.1479159921  
-0.1492849793  
0.6491007206  
0.4350635697  
1.223995798  
-0.7000377718  
0.1103318998  
-0.1785227183  
0.0206208942  
1.311253866  
2.112477486  
0.1852539459  
-0.137853863  
-0.5072358196  
-0.2291437943  
-0.2301296945  
-1.143522289  
-0.02346640622  
-1.061345677  
-1.19234598  
-0.7958771702  
-0.617369084  
-0.5753788668  
0.350643798  
-0.7925292692  
-0.9057876138  
-0.7687481544  
-0.6104086053  
0.4290238143  
0.4599714663  
-0.1778470043  
0.5048238077  
0.2028427322  
0.5731240896  
0.4411813424  
0.8616744708  
-0.04754024274  
1.312915375  
1.813719553  
1.825644073  
0.6162611214  
0.881899214  
0.5487681278  
0.3902265255  
0.8884907369  
0.749122544  
-0.4068687573  
-1.030738967  
-0.3937708891  
0.3125337987  
-0.2482218102  
-0.6016527094  
0.7535853936  
-0.4472997202  
0.6297015091  
-0.2125347185  
-0.1422610662  
0.1336804131  
0.1718711289  
-0.6107737731  
-1.015162942  
0.1618747037  
0.3448514569  
-0.6605619066  
0.2556625418  
-0.6184009246  
0.3464824701  
0.6011451225  
0.1632077285  
0.8926573157  
0.3011921242  
-1.088737736  
-1.132209685  
-2.279338151  
-0.1025726155  
1.578769587  
0.340626395  
-1.215209347  
-0.5394795523  
-1.201966976  
-1.260804311  
-1.377665335  
-0.6371297208  
0.1413914811  
0.04944475626  
0.2370985986  
-0.7118455722  
0.1850401482  
0.8851465007  
-0.2179214132  
0.9370961941  
0.1203184652  
-0.1970867386  
0.302341499  
0.9299759833  
0.3565785895  
-0.03673070938  
0.733561592  
1.791294516  
0.5113117161  
-0.0760897093  
1.855350478  
1.261641116  
0.6939335689  
0.2106489486  
-0.6906592623  
-0.4011569645  
-0.6065866012  
-0.02664082279  
0.04853923079  
0.5977021294  
-0.1008557738  
-0.4936147555  
-0.3822954323  
0.5096550889  
0.4662633398  
0.810179312  
-0.8829327324  
-0.575681055  
-0.543070366  
-0.2941525337  
0.3051208731  
0.9822608487  
-0.6731561286  
-0.4454772755  
-1.134791903  
0.1647818988  
0.05437676463  
-0.3386391336  
0.6413421179  
0.5003837274  
0.6255639908  
0.8200178929  
0.113449853  
0.5511736582  
-0.09238631417  
0.4260916406  
0.4072426791  
0.5494185338  
0.2603693623  
-0.1743793888  
-0.3138204626  
0.0445375849  
0.3131761912  
-0.146109776  
0.2715297826  
0.855972411  
-1.118273852  
-1.313597367  
-2.81754631  
-1.615885758  
-0.3243471804  
-0.819056208  
-0.09488170717  
0.5140082807  
0.5353228934  
0.8581820977  
-0.1478925874  
0.6385877321  
0.7379921558  
0.3787904466  
0.8999810671  
-0.1913925262  
0.09416939493  
-0.5218099635  
-0.1586998791  
0.4285107941  
-1.014172771  
0.08502902903  
0.3784424442  
-2.039702892  
-1.59039192  
-1.814163737  
-0.3316424552  
0.5502711481  
0.3916294902  
0.6923022315  
1.044193817  
-0.3517085841  
0.1973255596  
-0.01559817533  
0.7605320551  
0.5300762367  
-0.1933905294  
-0.8883292545  
0.1585194153  
-0.7293614578  
-0.08862302993  
-0.4654144884  
0.4186100869  
-0.3395365326  
0.8227869662  
0.3054333948  
0.6269235106  
0.2608289705  
-0.2360464461  
-0.006030054244  
0.1015963171  
-0.2665346417  
0.426862152  
-0.293211498  
0.1961291439  
-0.05269189798  
0.5804357256  
0.2177003172  
2.136088397  
0.4791648346  
-0.2136306386  
1.444844622  
0.3512131404  
0.7561616959  
0.6341461185  
0.4742472425  
0.2101129199  
1.420328486  
1.099975534  
0.6156580182  
0.9054100062  
1.287963748  
1.049313695  
1.163733975  
1.62630615  
0.5699245437  
-3.346474226  
-0.5645522382  
-0.7515687648  
-0.5188439817  
0.6294393112  
0.4325672201  
-0.5687957087  
0.7544117153  
-1.161266828  
0.4071027393  
-1.595702214  
-0.6313104018  
-0.2480503547  
-0.8907482371  
-1.24833932  
-1.796899105  
-0.7135065435  
-0.1192940505  
-1.268039888  
-1.4556165  
-1.061270089  
-0.4911861907  
-1.017052863  
-0.6396289762  
-1.582117836  
-0.1874638804  
1.599885981  
0.02145625406  
1.361148612  
-0.3452300598  
-1.03903444  
-0.2690836152  
1.922970278  
1.148069402  
-1.436332222  
-0.7001577801  
1.089525728  
-0.9238551289  
-0.6475486361  
1.540815641  
0.5844840226  
1.737477103  
0.603782832  
-0.7488128295  
0.940172592  
-0.3618510465  
-1.140441314  
0.1784990456  
0.3594262965  
0.5757661097  
-0.6339172444  
0.4138255477  
0.05783735791  
-0.991202864  
-0.01484972292  
-0.1123016963  
-1.108469054  
-0.4697088698  
-0.6567772096  
1.817126768  
0.7778859627  
0.325859346  
-0.6310187615  
-0.6910629073  
0.7176835088  
0.6905054092  
0.1533313288  
-0.1190193631  
0.3237394201  
1.162906232  
1.343798056  
0.2441967849  
-0.2191630324  
0.1414739902  
-1.127304337  
-1.703703548  
-0.3117508681  
0.0703989313  
-1.382848782  
0.9404573526  
1.013878774  
-0.7634949561  
0.1950181643  
