-0.5719133057  
-0.7117474781  
0.695919996  
0.1955565853  
2.480588097  
2.676877053  
0.5938240351  
-0.8521918274  
-0.625443243  
0.09542327077  
0.9012700036  
-1.353818874  
-1.063722538  
-1.683023103  
-1.032202709  
0.944380618  
1.073855942  
1.143869133  
0.3835559022  
-1.26748126  
-0.001434687615  
-0.1600368465  
-1.444670439  
-0.4591013715  
-0.7347874992  
-1.950947598  
-0.6134088824  
-0.4766170889  
-2.397348081  
-0.2085822993  
0.5373199455  
1.858634598  
-0.191179866  
-1.226448021  
-1.204446878  
-0.5448367152  
-0.7831426136  
-1.345321312  
-0.0293010128  
3.17914393  
3.585112792  
3.737765229  
0.7657220722  
0.4876262504  
0.2232720893  
1.10542336  
1.723206097  
-0.3680489536  
-1.08866455  
-0.3858120809  
1.495247077  
-0.1179533928  
0.6066824134  
-1.232413596  
-0.8077051641  
3.176732933  
2.531201223  
3.506851667  
-0.3717642268  
-0.3089235933  
-1.370440705  
-0.6648610347  
-1.373997654  
-1.740289557  
-1.609016338  
-1.381195431  
0.5914560369  
4.146863628  
0.2441573691  
0.08281050897  
1.471017611  
2.776955284  
0.9824054623  
0.3224621672  
0.7602172644  
0.264077756  
2.562918709  
2.547181211  
0.8429206423  
4.977775455  
1.71295203  
-0.05491217709  
-0.477998618  
-0.5892253937  
-2.082978064  
-1.162620883  
-1.879440033  
-2.086301256  
-2.088744025  
-0.7827732467  
-0.8618974723  
-0.3494450205  
-0.5407957595  
-0.947150484  
-0.6611647197  
-1.085582491  
-1.665196148  
-1.509777414  
-1.281440593  
-0.7738378156  
-1.445858651  
-1.061100413  
-0.5501174353  
0.9945490788  
-0.7620012364  
-0.6808359905  
-1.468855511  
-1.462607811  
-0.5854714906  
-1.369086436  
-1.700158426  
-2.635398793  
-0.9054048199  
-1.446816338  
-2.152646565  
-0.5099501692  
2.226901545  
4.794924069  
0.570669834  
0.1448954338  
1.565632805  
0.8147184007  
2.82815148  
-1.768886298  
-0.7059929163  
0.3865266258  
0.8144197229  
0.1181230434  
-0.3873051851  
-1.344394923  
-0.8377894283  
-1.092355589  
-1.932961378  
-1.876079246  
-0.5624882569  
-0.8096375109  
-0.8634807534  
-0.6248754914  
-0.4678356546  
0.1483953178  
-2.333258802  
-1.035911396  
-2.781363093  
0.1310633279  
5.94613672  
2.414101989  
5.49162038  
5.514789532  
4.737988168  
3.73702531  
2.2325797  
0.653323108  
0.0575404112  
-0.6623683711  
-1.178990818  
-0.1549795644  
-0.3914987445  
0.02020092352  
-0.1599972989  
1.374071689  
0.5041343618  
-1.121409423  
-0.6210601205  
-0.7953975023  
0.3271111607  
0.7120326203  
0.3108614152  
-0.350864656  
-0.4841537959  
-1.175556312  
-0.8603185588  
-0.07039797904  
0.5078588828  
-0.6038000669  
0.7485012557  
-0.9558431579  
-0.7976146511  
-0.5449043415  
-0.584308903  
-0.3499132042  
-0.6741544204  
-1.120811633  
-0.08998989871  
0.006537976409  
-0.3755458941  
-0.3365616129  
-0.388187015  
0.219373653  
-0.04821315053  
0.6502729344  
0.1278939069  
0.2759127713  
0.900067148  
0.6491471632  
-0.65344951  
0.630340367  
-1.206215911  
-1.141903638  
-0.07234947596  
1.781165043  
1.060526525  
-0.2146171918  
0.5722819761  
1.433915472  
1.192126181  
0.6437718602  
-1.08125258  
0.4595547578  
-0.6495210472  
-0.9114094985  
-0.3185373013  
0.2787540802  
1.336197556  
0.5746863214  
0.4524185021  
0.2092043732  
-1.782960354  
0.9487893835  
-0.4498197504  
-0.1538765987  
0.4877665954  
-0.7154434732  
-1.028714077  
0.3538863506  
0.2169376866  
0.6078247363  
0.6807689741  
-0.703661168  
-0.6148971384  
-0.9281621645  
-1.799335819  
-0.4285992366  
-0.1979092076  
0.01181743785  
0.3829654767  
0.02654165182  
1.349789556  
0.4409769575  
1.194295186  
-0.2218119375  
0.4909700691  
1.788271275  
0.2782971532  
0.3429642472  
0.5958233907  
0.05179579427  
0.3961596459  
-0.7722397723  
-0.7955067606  
0.005833162788  
-0.06436176408  
0.4331649269  
1.329394822  
-0.6807432233  
-0.2177685083  
-0.4356449964  
0.2147476706  
-0.2153203421  
-0.2591393608  
-0.5773571211  
-0.371298918  
-0.07637746304  
-0.5270556867  
0.5209428436  
-0.04705205822  
-0.5151866277  
-1.404901595  
-0.1840027173  
-0.07564271482  
-1.044450161  
-0.268469629  
-0.002782341149  
0.7401532308  
-0.6874115708  
0.5059523203  
-0.1096477018  
-0.3581342222  
-0.1310565576  
-0.4224739842  
0.03361245726  
-0.3225350433  
0.3597884956  
0.3122302072  
-0.9879895381  
-0.08926968255  
0.4543581169  
-0.175959785  
0.3997507114  
0.2334861555  
-0.24989572  
-0.003756513584  
-0.3331418997  
1.132182611  
0.1359802834  
-0.4611935774  
-0.4449009369  
-0.2118081706  
0.7823532466  
-0.1494487354  
0.0362364805  
-1.010961585  
-0.02861728109  
0.08763589323  
0.0348625696  
0.2123107788  
0.5293435522  
-0.5253580918  
1.627142056  
0.4035169552  
0.4674664499  
0.6946625412  
-0.1349204985  
-0.1423383795  
0.4596255646  
-0.7434338373  
-0.2112959433  
-0.673519508  
0.03954766116  
-0.690704857  
-0.09516581777  
1.27283662  
-0.2759897334  
-0.5486001122  
-1.147945172  
0.21879592  
0.4444835454  
0.3161266692  
-0.2481414126  
-0.8262019949  
0.4493309793  
-0.7706866733  
-0.7567917783  
0.2056783095  
-0.4753063329  
-0.5823590346  
-0.1428441178  
-0.1423194302  
0.7655375119  
0.07370093589  
0.006847097928  
0.01619578562  
-0.06671831278  
0.2424396565  
0.5340230835  
-0.4429466304  
0.1350671378  
0.02243693317  
-0.5200906882  
0.2672833252  
-0.5243808718  
-0.4811645495  
-0.2959472254  
-0.7779813922  
0.3342248922  
-0.4246758002  
0.2141521479  
-0.3423116264  
-0.6604317478  
-0.3403179126  
-0.2953646849  
0.3503370883  
-0.1232943078  
-0.04841342571  
0.2230522674  
0.3706657494  
-0.08588309051  
0.5311595272  
0.2369218666  
0.4159817988  
-0.3999758327  
-0.09783098545  
-0.5573770289  
0.8694845872  
0.4266684253  
0.1016421847  
0.4381654687  
-0.02953969643  
1.191028544  
0.3445698666  
-0.6697143981  
-0.0351964899  
0.4794225483  
-1.051703537  
-0.4323175433  
-0.8842900261  
-0.2631187527  
-0.2630113294  
0.373763321  
-0.2374976629  
0.7118739366  
0.2118185639  
-1.095524033  
-0.234246467  
0.1450374009  
-0.1717453715  
0.1595397459  
-0.6809958716  
-0.1508027168  
-0.2476097287  
-0.3055818833  
0.3905920211  
-0.6337810858  
-0.4855540273  
-0.3252107827  
0.2086987343  
-0.7473752511  
0.9987885104  
0.6424725699  
-1.185197081  
1.351329409  
-0.01396423402  
0.1573284617  
-0.294341995  
0.09203361946  
0.3361191074  
0.3758098376  
0.7275824494  
-0.120461493  
-0.1711324779  
0.2383261503  
0.2645623897  
0.3308704673  
0.3671052978  
0.7960973468  
0.6056938879  
0.1220197562  
0.05080560743  
0.5501768382  
-0.7816599412  
0.5745485952  
-1.131677761  
-0.377027129  
0.393745604  
0.5952893751  
-0.5417802156  
0.0249657588  
0.2384359135  
-0.6163906364  
0.2023089986  
-1.017766034  
-0.2623851369  
0.2765454814  
0.652723137  
-0.1718080689  
0.241287552  
0.1857053463  
0.09160075173  
-0.5167908342  
0.3208054729  
0.09715579549  
-0.2797112952  
0.3851318238  
0.3129440764  
-0.154723164  
-0.8097242229  
0.1561300004  
-0.3531722866  
0.5877074965  
0.3839858554  
-0.0181674162  
-1.41547779  
-0.2356779216  
0.4970686052  
0.230032617  
0.3795633635  
1.036385465  
-0.3462688432  
-0.3450349552  
0.5257065581  
-0.5381613398  
-0.4135866758  
0.3053351368  
0.5853973314  
1.141200439  
0.2643967857  
-0.7909081862  
1.108131167  
-0.3350995541  
0.9081991199  
0.1941255065  
0.230065145  
-0.3588984978  
0.4403516391  
0.4683872734  
-0.009433340646  
-0.8737213661  
0.9200332188  
0.3495367185  
-1.960901982  
-0.03478360134  
-0.7902526963  
-0.4998751619  
0.3346287582  
0.4281550499  
-1.126741908  
0.7488671795  
0.1988288187  
-0.3420244281  
1.561642236  
-0.4297067654  
0.6456874688  
0.7315372873  
0.5556191089  
0.3165934138  
0.05556608824  
-0.427257993  
0.7681778785  
0.4197366322  
0.2009910613  
-0.1794397565  
1.054829786  
0.7475354016  
-0.08514992367  
-0.1581211848  
-0.0318275359  
-1.407815306  
0.1027499767  
-1.058130266  
-0.5125083797  
-1.265942704  
-0.02866068461  
-0.3059287665  
-0.5555103981  
1.177108675  
0.3890150421  
0.526269974  
-0.07493666846  
0.8650443223  
-0.1803633736  
0.5513469502  
-0.02406085654  
0.9029773833  
-0.3641611049  
-0.9429003021  
-0.04867657046  
-0.6918761334  
-0.8181351848  
-0.7755584675  
-0.6417977682  
-1.276817967  
-0.20468478  
-0.7795992671  
-0.7056347066  
0.2420069264  
1.167221467  
-0.1309339618  
-0.2190716527  
-0.9974468809  
-0.08945680434  
-0.3379399003  
0.2115688823  
-1.024250938  
0.1529455021  
-1.075484112  
-0.4731028201  
-0.4468753137  
-1.216923666  
1.298341665  
-0.6277723377  
-0.1285474603  
-0.2473031647  
-0.9879316411  
0.9735120422  
-1.208095236  
-0.05519147343  
-1.145949374  
0.02585953813  
-0.7180853278  
0.7277845922  
-0.4294239553  
-0.2369666231  
0.5397619796  
2.752322913  
0.9294704107  
1.903918933  
0.9307659306  
1.085317989  
1.202626388  
1.874170068  
0.5065415201  
2.039424501  
-2.049025865  
-0.574221611  
0.3220664578  
-0.9199720554  
0.1768362811  
-0.7028701412  
-0.2650112146  
1.077895709  
-0.6727493514  
-0.1406161769  
0.467589424  
1.628845433  
1.693825346  
0.8797952054  
-0.5581187617  
-0.6621929513  
0.1245709627  
0.01258829491  
-0.2770055137  
-1.490933473  
-0.6697251112  
0.3431937427  
1.161964646  
-1.429973184  
0.1494429179  
-1.444495635  
-0.6598668604  
-0.6038641389  
-1.279023393  
0.2786676011  
-0.9187492514  
-0.9811312464  
0.01357107976  
-0.8159513269  
-1.011915494  
-1.381219314  
-0.107728924  
0.188066284  
-0.5840629935  
-0.4576219657  
0.8415641562  
-1.283577375  
-0.5545849213  
-0.8578248537  
1.874614526  
1.586409287  
0.6426553478  
-0.4230142477  
-0.8700071687  
0.6499116616  
-0.2676718233  
-0.4855376148  
0.738330192  
0.0586897917  
0.4238350198  
-0.0628329884  
1.103180472  
-0.5903118446  
-0.6402426954  
-0.299550792  
-0.5595199568  
0.1643399239  
1.134775285  
-0.7307278761  
-1.873440347  
0.4529901604  
2.116270307  
0.3060226086  
0.2733333717  
-0.7728223916  
-0.6115575324  
0.2548609251  
0.9100321263  
1.486479882  
1.013394852  
0.02959730837  
-0.3271913583  
-0.4021522074  
-1.063474682  
1.406526823  
-0.1762970988  
0.1491355526  
-0.09416951069  
0.07013564048  
-0.7368151418  
-0.6558023156  
0.2685203148  
0.09858664515  
0.4799484262  
0.2750416963  
0.257387718  
1.225495875  
2.822641929  
0.5299938791  
-1.32171243  
-0.6141361782  
1.373177082  
-0.4983697187  
0.9104794655  
1.87259322  
0.8696977623  
1.525714659  
0.5654155786  
1.002929504  
0.5106090952  
-1.159914042  
-0.8979906323  
2.567152482  
1.280847149  
3.460080118  
3.022901423  
4.350413282  
0.6911109647  
2.509094165  
0.7255790015  
-2.643594971  
0.1963351694  
-1.78222445  
-1.029944798  
2.159336664  
1.013049557  
-0.8739569232  
-1.728140154  
-0.02154143426  
0.0959871294  
-0.9873951015  
-0.3579816879  
0.2534547854  
-0.9684352844  
-0.314686868  
-1.948534159  
1.807128538  
-0.1005213014  
-0.2675942278  
0.3883027137  
-1.735028035  
-1.557448586  
-2.009890323  
-1.558501563  
-1.107136579  
-1.181333019  
-1.730779406  
-0.4582586948  
-1.293133761  
-0.4372527981  
-2.140621601  
-0.6657906411  
-0.615636426  
-0.2171495835  
0.2735354034  
-0.5845928045  
-0.3606605587  
0.3200734749  
-1.481145106  
-1.337426373  
-0.3552501159  
-0.3041672795  
1.68700177  
-0.1527239052  
-0.6416184396  
0.7303038003  
1.738680538  
1.236350307  
-1.716866452  
-0.5729357547  
-0.327988575  
-0.3088604912  
-0.627948125  
0.505275609  
0.9622560134  
0.6574874867  
-0.2082594193  
-0.5302381879  
0.6570001095  
-0.1015481552  
-0.2750844401  
0.2661105958  
0.1891129082  
-0.9046544274  
-0.01410641651  
-0.1578136726  
-0.4601695158  
-1.004645924  
-0.06091807792  
0.7441020782  
0.3648407533  
-0.2532567521  
0.3231965874  
0.753035875  
0.2440236406  
-0.08569891265  
-0.6120067399  
-0.5712642682  
0.7883763972  
-0.4050443878  
0.3375227976  
-0.3955035353  
0.07690395623  
-0.07592491205  
-1.146736789  
0.169871213  
0.3393754361  
0.4825990547  
0.2045788323  
-0.6227347429  
0.5719079527  
-0.5203220124  
-0.7804717855  
-0.4961702962  
0.01916228393  
1.173392563  
-0.1357382257  
-0.4337820386  
-0.8457678118  
1.034125359  
1.137194502  
-0.1363148081  
0.6385517324  
1.002720247  
1.152143989  
-0.9160427459  
0.2899187792  
0.3636175559  
-0.8031045564  
1.446526533  
0.1030208876  
-0.5004071488  
0.02955234945  
-0.09589376241  
-0.8765066747  
-0.626430045  
-0.9089296512  
0.3487599232  
0.4505744736  
-0.7995784659  
0.2176779892  
-0.08189396631  
0.09675280553  
0.01585111971  
-0.9692536669  
-0.2008547217  
-0.2226510909  
-0.439405083  
-0.7715070972  
0.3820020896  
0.1303901133  
-1.133194163  
-0.6603222764  
-0.3112860733  
0.4601065309  
0.03525074264  
0.3227664709  
0.3349482042  
-0.6748945219  
0.4203824641  
-0.2229310102  
-0.6958645622  
-1.776152045  
0.1533296909  
0.7091621978  
0.373518559  
-0.7662745795  
0.6018657273  
0.3998436823  
-0.7914613788  
0.3645658076  
0.02378918636  
0.1375281282  
1.532325414  
-0.9863821253  
1.204486676  
0.2130940245  
-0.1606999257  
-0.7070344212  
0.7600780942  
0.637785908  
0.2315282472  
1.38452768  
0.6997781138  
0.9249869623  
0.147245521  
-0.2579376229  
0.9477356768  
0.1182202373  
0.8739128202  
-0.1267256574  
-0.05595604536  
-0.4387801971  
-0.608882869  
0.624120168  
1.239594957  
0.1471924558  
-0.460291204  
-1.784230832  
-0.4678511732  
0.2388521786  
0.3182796576  
-0.3192259493  
-0.5446896926  
0.3690287255  
-0.2643330197  
-0.732432374  
-0.503769188  
-0.3859136871  
0.6227295951  
-0.2394507268  
-0.2906886859  
0.9828272817  
0.4497037636  
1.439376007  
0.3822188621  
0.8441304717  
1.336713834  
-0.4583879157  
-1.059315248  
0.5676235658  
-0.8174929549  
-0.002392694018  
-0.5806804978  
-0.338664776  
-1.463795318  
-0.09085176007  
-0.7625788655  
-0.5821696706  
0.4508628554  
-0.02892593658  
-0.06930204087  
0.4452873858  
-1.875747592  
0.4066772873  
0.413159962  
0.7490326077  
0.3003791122  
0.08038601939  
0.4720727157  
-0.1190589473  
-1.246068283  
0.8491814353  
0.240763092  
0.3472236695  
-0.1822895751  
-0.1995352199  
0.4552431169  
-0.1341677786  
-0.08181924843  
-0.0219329166  
0.8210415867  
0.4138073623  
0.2412881565  
0.003061544693  
1.139681702  
-0.3522072244  
-0.3111905675  
-0.107248495  
0.09445600453  
-0.3820333282  
0.5847273592  
-0.2429115889  
0.4290304183  
0.1721438774  
1.017251158  
0.183355793  
-0.5327857913  
-0.003562736691  
-2.094973929  
0.6481110204  
-0.4835310491  
-1.110174752  
-0.1269576692  
-0.2391883082  
-0.04884472729  
0.07748406198  
0.6310145505  
-1.357860492  
-1.219897154  
-0.9820260945  
-0.9489416234  
-0.2441040161  
-0.4367614015  
-0.4980208791  
0.5187337036  
0.6064281649  
-1.686228832  
-0.9169251142  
-0.5922840123  
-0.4802455468  
1.717663234  
0.9333928854  
-0.6881119047  
-0.243463082  
-0.4209596341  
-0.8834742529  
-0.8250116618  
0.1344933889  
-0.4385228118  
0.953443077  
1.002631831  
1.330889575  
-0.06916004377  
-0.2255912006  
-0.7680072756  
-0.1479307026  
-0.875853085  
2.343496715  
0.3082872185  
-0.4563165977  
-0.2232016745  
-1.065755359  
1.063481309  
-0.5822313055  
2.228549943  
0.5334637801  
4.303061508  
1.010978403  
1.839058769  
-0.005397703391  
0.2685123802  
-1.607431117  
-0.06733374946  
-0.6024434733  
-0.3534504004  
0.3288062635  
5.605417305  
1.342581024  
2.933479174  
0.3890057499  
-1.239457176  
-0.08262417962  
-1.074355615  
-0.8298935698  
-0.1562413182  
0.908025689  
-0.4368456824  
-0.1262528691  
1.997025673  
-0.6183966686  
0.250644583  
-0.4819414093  
0.4267469649  
-1.725791303  
-0.8351341895  
-0.9439518453  
-0.5169829997  
-0.3597864032  
-0.3564120212  
0.7875586483  
-0.4170208123  
-0.09198627684  
-0.8021045393  
-0.2069022911  
-0.3401694993  
0.328861434  
-1.469709936  
-0.6908613563  
-0.3415690348  
-1.196487117  
-0.1872096565  
-0.05253674733  
0.1279934072  
0.04862872411  
-0.7083322285  
-0.4272810643  
0.4227549873  
1.420382652  
0.248812842  
-2.047327531  
-0.7572256448  
-0.5772831678  
0.5114184187  
0.2430057111  
0.3358802037  
-0.7320360463  
-0.8182820795  
-0.5862860749  
-0.4289862857  
-2.001584917  
-0.2002228245  
-0.2135818426  
0.5152207328  
-0.5938851051  
-1.141716231  
-0.3744796994  
0.1575811411  
-0.07978965783  
-1.005880144  
-0.02711978873  
0.7972890578  
0.3671121434  
0.2233735127  
-1.441331098  
-1.775511525  
-0.2718869338  
-0.6115926305  
0.7249999124  
-0.6228879775  
-0.9452193418  
-0.7997812581  
-0.3218854787  
0.1755118709  
-0.6286879934  
0.1055710445  
0.4436671023  
-0.4484146144  
0.8270439098  
0.9419221286  
-0.7189617613  
-0.4153664088  
0.8341931228  
0.859183009  
-0.696249056  
1.882139186  
1.398967654  
1.772742136  
1.992489911  
1.464625583  
0.4811262345  
0.9133039949  
0.89419649  
1.129815386  
0.5175334215  
1.677220778  
0.3618393172  
-1.084249017  
0.5999012472  
0.9655196897  
1.103864543  
-0.033452714  
1.134396597  
0.678838805  
-0.6938733871  
0.4701529732  
0.3712571923  
0.1133108651  
0.4978649793  
-0.02442136782  
0.07716740733  
-0.3767341433  
1.048917285  
0.5914505854  
-0.6825874844  
-0.3683684054  
-1.790786008  
-1.009855319  
0.09561199718  
-0.478735756  
-0.5604342163  
-1.461051013  
-1.045467062  
-0.006426461591  
-0.7577266819  
-2.722407617  
-0.1582801319  
-0.3712295693  
0.1981608097  
-2.277097027  
-0.8009822893  
0.7573252926  
0.8199346723  
-0.9036642701  
-1.512972885  
0.5265026867  
-0.4793781989  
0.5140812168  
-0.07560171585  
-0.5283529091  
-0.3201449879  
0.2837821206  
0.93406469  
1.631011284  
-0.6787240354  
0.1965183335  
-0.3901258863  
1.102051281  
-0.1979989913  
-0.4909577971  
1.282044464  
0.737766501  
0.8361722753  
0.3938712407  
-0.8482790417  
0.3387252976  
0.7754463989  
1.094609065  
1.082127668  
0.8051616227  
0.4334674948  
0.6052257936  
1.161356291  
1.652415089  
0.34416811  
-0.6683569597  
-1.93723556  
-0.4126553745  
-0.5061979083  
0.2567555269  
0.1820514089  
0.249910971  
0.05828270626  
0.7991892256  
0.426330774  
-0.8259624224  
-0.8117869879  
0.2383147236  
-0.03991930799  
-1.533088142  
-1.221854081  
-0.3163776027  
-0.2990629639  
-0.0364317362  
-0.7545497884  
0.3880618104  
2.581902569  
-0.8844672009  
0.4555018917  
-1.137952442  
0.03823872161  
-0.6781786494  
-0.3670224789  
-0.9160120211  
-0.8131643779  
-0.1084690301  
2.226828612  
0.6454954602  
-1.01452094  
-1.213013064  
-0.8085574995  
-0.7518865712  
-0.229039514  
0.02747984287  
-1.348025084  
1.605109546  
1.094834049  
-2.276279892  
-2.498805573  
-1.085315345  
-2.226642446  
0.5727588526  
3.286647217  
1.514240067  
0.7741313857  
0.3388451456  
1.069375131  
-0.859312258  
0.6146983136  
0.9508828835  
0.5556562219  
-0.6880072432  
-0.8991072921  
0.8892819297  
0.4697047161  
-0.2821920798  
-0.4558598151  
0.1007691351  
-0.4194571117  
1.254512407  
1.883905604  
-0.03730627535  
1.129197681  
0.1300630922  
0.5250721578  
-0.09872883886  
-0.5351628505  
-0.9622613597  
-0.7660127782  
0.3235671211  
1.844327553  
-0.002255961364  
0.1294401064  
-0.4930559965  
-1.096923094  
0.4555528928  
-1.842992946  
3.662316533  
3.990412149  
1.635613586  
0.2503750605  
-1.263609114  
0.00572913087  
-1.54933287  
-1.431145875  
-0.7298731145  
-1.366192582  
-1.635463369  
-0.3473227613  
1.371986917  
-2.072403266  
-0.4185011109  
-0.07807082129  
0.2971154796  
-1.389031593  
-0.04291503406  
-0.8368673596  
1.022930177  
1.463438327  
0.2577672638  
-0.2799274353  
-0.2924779765  
-0.4106457611  
0.4941202639  
0.03908462899  
0.5207473916  
-0.2187974014  
1.023906223  
-0.5267714902  
-0.112798017  
0.480025962  
0.374092943  
-0.6219052462  
-0.3234137282  
-0.6555092656  
-1.422484256  
-0.1580111057  
0.6756744792  
-0.3870212636  
1.965362745  
-0.6076654382  
0.4884272967  
0.274549383  
-0.5782228077  
-0.6996060637  
2.013408643  
0.8076938247  
0.03155437792  
-1.086064582  
-1.241969368  
-2.431946915  
-0.5895148126  
-1.137250901  
-0.2452681023  
-0.9816149433  
-0.2833006111  
0.435359399  
-0.1480216961  
0.8758073382  
0.4625827976  
-0.8938139707  
-0.2350082283  
-2.506639527  
-1.296186352  
0.8843848709  
0.6570635465  
0.8615996245  
1.033224251  
-0.6098444934  
0.2234116808  
0.9556267462  
-0.1672981549  
1.318605931  
1.822845231  
0.523792889  
-0.1632483581  
-0.06281141143  
0.3358002217  
0.2952876664  
-0.173597829  
0.6216455122  
-0.04515505124  
1.061304782  
-0.1853602956  
0.9407676646  
0.04741667551  
-0.8997171803  
0.6171718281  
-0.6581840978  
-0.020188504  
0.2512451961  
-0.4189129405  
0.2338858486  
0.1019256859  
0.2473398819  
0.9793522867  
0.01385010222  
-0.7988779544  
-0.7413015196  
-0.01210616141  
0.07755538328  
-0.3107418763  
-0.1629941401  
-0.2712667792  
-1.091168741  
0.7221676084  
-0.7858152157  
1.323597814  
0.1213416258  
1.181637405  
-0.1505610526  
-0.2986347553  
-0.06846246287  
-0.1455150306  
1.106304003  
-0.09962424345  
-1.201334679  
-0.1313395582  
-0.1458883254  
-0.09441446237  
-0.06553546666  
-1.059224364  
0.4605152507  
0.9344699454  
0.4708599061  
0.02203061805  
0.2263588293  
-0.620418452  
-0.1383339633  
0.1491653907  
0.08039676823  
-0.7000398646  
0.8580682761  
-1.026879725  
0.8966663285  
0.9617364664  
-0.9242011638  
-0.2760394644  
1.411135574  
-0.001999238509  
-0.514418937  
0.7443336938  
-0.3054632927  
-0.2781442636  
-0.2204472646  
0.2581523166  
-0.6792820868  
1.335532668  
0.1239699412  
0.3352965477  
0.2655885196  
1.13127085  
-0.8308860395  
0.5681406406  
1.69014181  
0.6981078017  
0.2866749935  
0.3300911083  
-0.1463333326  
-1.123305225  
0.01744936656  
-1.118094487  
0.1275157999  
-0.02959222612  
0.779223415  
-0.3549892614  
-0.1987867313  
-0.2797235318  
0.1536201851  
-0.09116205358  
0.2104985111  
-0.5987380229  
-1.256603754  
-1.013944877  
-0.5973762536  
-0.2340817901  
-0.1380136321  
0.1404509285  
0.3337844784  
-0.9129005054  
-0.9524458777  
0.08128620891  
-0.6993119871  
-0.8292012602  
-0.08119922427  
-0.3784004347  
-0.6316854977  
-0.386623814  
0.664215214  
-0.05497322179  
-0.09939028277  
-1.104556623  
0.5086592691  
0.03406030827  
0.1787745059  
0.5705747215  
1.057643124  
-0.03130246435  
0.7991057956  
1.070651265  
-1.048773821  
-1.118210597  
-1.867808462  
1.268912359  
0.9654114369  
0.7683798465  
1.566753862  
0.114649664  
1.094740333  
1.326357151  
0.6042361719  
1.643044094  
0.05324624521  
0.9152917971  
0.4485283074  
0.5204796008  
0.7653300462  
0.9009865625  
-1.680633046  
0.9413186336  
0.08662737561  
1.139688199  
0.4130889399  
-0.276863561  
0.0001359175202  
0.04720640074  
-0.3854159643  
-0.3160678554  
-0.547551114  
-2.561638693  
-0.6301134689  
-0.6603178163  
-0.588330952  
-1.101151462  
-0.1545067023  
0.6981124176  
-0.3664482126  
0.01789940277  
1.037345935  
-1.902694027  
0.311838738  
-0.3452953199  
0.1698953559  
1.156256403  
-1.502096633  
0.09329943201  
-0.5981300983  
-0.4753766697  
1.58374118  
-0.5258930473  
0.746607604  
-0.2699480274  
-0.4791160041  
-0.6976530398  
-0.2226270671  
-0.7536858615  
-0.2158864741  
-0.3802510675  
0.3302736921  
-0.3936612572  
0.6597374312  
-0.571955981  
-2.11211035  
-1.518910128  
-0.9458844769  
-0.4411051687  
-0.8217286004  
2.772680692  
-0.3600991876  
-0.529423088  
-0.376744244  
-0.8756125163  
-0.05453360588  
0.05943647417  
0.2528846751  
-0.5865940388  
-1.301990923  
0.1262500731  
0.7968228082  
0.202044529  
-0.4867825372  
-1.438769157  
-0.2914741195  
-1.709663489  
0.09744781279  
-1.44336097  
0.352301592  
1.527453662  
1.942777514  
1.627451492  
-1.855356849  
1.779928613  
1.232553707  
-0.3785855469  
0.6650527315  
-0.3561964063  
1.24626442  
-0.3629242609  
0.8023596947  
1.241849979  
-1.119979218  
-1.016371008  
0.1717306177  
-0.9829245968  
-0.02309873331  
0.8432409778  
0.8480385519  
0.04040160758  
0.8116688366  
-1.414951556  
-0.2675399653  
-0.4488403247  
0.5129467654  
-1.153655209  
-0.3628612434  
