-1.093966032  
1.823347432  
-0.2299271103  
0.3301570848  
-1.956728888  
-1.180343359  
0.5156687016  
1.436803222  
0.1136300847  
-0.1353484589  
-0.2034541691  
-0.4207163958  
-0.3052864697  
-0.01709860233  
-0.7004105045  
0.5648084098  
0.2344761464  
-0.09091615084  
-0.2979064122  
-1.031299971  
0.8886542311  
0.332137896  
0.3834585324  
0.4444477436  
2.464054966  
1.972822016  
0.2065155267  
-1.549977221  
-0.3902913077  
0.3203029549  
0.4544749357  
0.8716404035  
1.111688517  
-0.7711096288  
-0.6748210182  
-1.150623405  
-1.014251148  
-0.312144844  
0.2242924442  
-1.239851874  
-2.012678027  
-0.2229568244  
-0.7233930753  
-0.4100572931  
1.233505263  
-1.529114382  
-0.1742587098  
0.2024214813  
0.05986663761  
-0.770499264  
-0.8106193188  
-0.6671907682  
0.135375629  
-0.9128344509  
-1.74448178  
-1.213058409  
-1.446422396  
-0.4190106371  
0.7641721795  
-0.7495259843  
-0.01675061747  
-2.042436693  
-1.273873287  
0.4842026844  
0.8325798681  
0.3628938338  
-0.5460122307  
0.4561235065  
-1.115173512  
1.148567124  
-0.6063215927  
-0.1463712746  
-0.3394586368  
-0.157598456  
0.2718936946  
-1.125275731  
-1.489002199  
-3.053463971  
-2.008969062  
-0.9953704822  
-1.452615807  
1.361789942  
-0.06974989068  
1.43175295  
1.665717715  
-0.5397259703  
0.07036159825  
-1.250592207  
1.644406372  
0.5161025839  
0.07863634956  
1.015764196  
1.622763788  
1.186231044  
-0.5390346092  
0.2266648801  
2.021562654  
0.9176462139  
1.16816487  
0.6331044471  
1.134222656  
0.6407977215  
1.6299879  
0.8774685276  
0.5158067912  
0.5058139612  
2.623568131  
1.94934694  
0.7077439473  
1.460700942  
0.5565738672  
2.926599182  
1.120559448  
1.454797031  
2.116726473  
1.487534513  
1.148554344  
2.465467391  
0.7923456063  
-0.2002682397  
0.1371861556  
-3.019739828  
-1.847083213  
-0.8901845591  
-0.7857570593  
-1.86471973  
-1.449982093  
-0.2680527068  
0.4007609113  
-1.876390826  
-0.3898569166  
-1.224280817  
-0.1434775556  
-0.3742071786  
-0.7331752199  
-2.60402691  
-0.0623623567  
-1.156632204  
-2.761483305  
0.8226489513  
0.8997969094  
0.4384951346  
0.01318104917  
-1.603044853  
-1.815673958  
-1.398418495  
1.44969899  
0.07458646657  
-1.707039093  
0.4230077887  
-0.4337117774  
-1.567025875  
-0.897145363  
0.8810639241  
0.4996254701  
-1.270594897  
0.8489050312  
-0.660868314  
-0.1769416132  
1.280688617  
-0.4167102997  
0.7069884539  
-0.2327321587  
0.1124197899  
0.2596438621  
-0.8925318385  
-1.025432377  
-1.273060972  
0.3144144952  
-0.4109523892  
-0.1081134161  
0.002059299451  
0.8339782249  
2.186596839  
-0.7293257461  
1.142098338  
0.8942834813  
2.211879285  
1.728162242  
0.864838391  
2.350772637  
1.133048414  
0.5704111507  
-0.2649461929  
-0.329781179  
-0.8098292466  
0.2276130872  
1.301636996  
-1.109278463  
2.047177011  
-0.766307792  
-0.8306678014  
-0.2141455054  
0.8458108332  
-0.09204272542  
-0.2642116518  
1.103023493  
-0.03979410873  
0.4298205627  
-0.8415555508  
-1.064920801  
-0.8309355926  
-0.344927993  
0.1234343177  
-1.397520503  
-0.3026777308  
1.831664133  
0.2823186809  
1.80737961  
3.226723437  
1.97397314  
-0.6731010615  
-0.5542529409  
0.4910978001  
0.5039540424  
-0.221230179  
1.446160572  
0.6388312258  
0.5619683728  
0.3334058069  
1.225789553  
-0.7574539308  
1.892658819  
1.727984384  
1.376423796  
1.580062306  
-0.6082577312  
-0.8542584157  
-0.9371101963  
-1.038100226  
-0.4280022436  
-0.153574031  
-1.195539687  
-0.9150497432  
-1.053323335  
-1.029042569  
-1.718630695  
-1.556729302  
-1.394915984  
-0.5954811764  
-1.062544431  
-0.8781235072  
-1.19536075  
-1.966527201  
-0.3844574891  
-0.4407797385  
-0.08850243375  
-0.5000519742  
-0.4864608158  
0.04586900915  
-0.3560442955  
0.210349797  
0.005340310283  
0.6767358081  
-0.2270047436  
0.0986885001  
-0.1489338968  
0.3960096708  
-0.5272858165  
0.04608588573  
0.08763456855  
-0.3500147333  
-0.06622690677  
0.162791508  
-0.4527123063  
0.1950837659  
-0.2272776116  
-0.2826507992  
-0.095541578  
0.7765726769  
0.2083614784  
0.6191511808  
0.7340015969  
0.4479131951  
1.086362055  
0.379709862  
-0.0748034407  
0.2402900963  
0.05763127048  
0.2779983646  
-0.4305731857  
0.01662542939  
0.4989875385  
0.0730311919  
-0.6100847773  
-0.7457095282  
-0.7321141612  
0.3295514481  
-0.5457433088  
-0.3558638717  
-0.5068051349  
-0.5772833553  
-0.25176562  
-0.4201772805  
-0.04085176281  
-0.5080212743  
-0.1503491478  
0.06728082234  
0.3258543345  
0.6967528348  
0.3842673025  
1.03304491  
-0.1643004909  
0.1114769718  
0.3915852005  
0.5762615311  
0.5105578592  
0.4616426121  
1.235105244  
0.2298613695  
-0.2210518251  
0.574993886  
-0.2885422444  
0.3086877744  
-0.02463603486  
0.1833111372  
-0.07833999319  
0.1909303368  
0.6080494072  
0.08258559061  
-0.2460675233  
-0.3571308381  
-0.01861830959  
-0.3838133696  
-0.275628715  
-0.09463272422  
0.2837281521  
0.07942592832  
0.1149907655  
-0.1941339238  
0.1526632811  
-0.04283931521  
-0.655166157  
-0.06520661585  
0.6576721413  
-0.8482316085  
-1.083390794  
-0.2726408371  
-0.2183520809  
0.3678818968  
0.748326887  
0.2958028473  
0.7046644089  
0.8965033548  
0.2575096005  
-0.05785113222  
0.00156744006  
-0.2977379088  
-0.3436191898  
0.3916531433  
-0.3804601071  
-0.4295904309  
0.211481304  
0.3158787006  
-2.009610805  
0.05674410392  
0.2648309172  
-1.118859715  
0.5609833955  
1.559706673  
1.996294482  
0.771212791  
1.049880414  
0.4665874699  
0.9172743474  
1.460447241  
1.418871108  
0.01175721917  
0.4421602262  
-0.3298693267  
-0.5571992666  
0.5736149562  
-2.094317518  
-1.518541473  
-1.264404212  
-0.7200921411  
-2.350235687  
-2.100821522  
-2.358525876  
-0.8429852217  
0.2388725908  
0.1671286412  
1.689498849  
1.327047257  
1.630876799  
0.253617151  
-0.7271268254  
0.03490223221  
-0.707450319  
1.026977643  
0.2057367959  
1.116093271  
0.2839438015  
0.2019778397  
1.467243969  
-0.5582856222  
0.9296925647  
1.622852871  
-0.08787565724  
1.21193786  
-0.01309869717  
-0.3694090051  
-0.2633957491  
-1.021966237  
-0.7029086936  
-1.507666451  
-0.9507255967  
-0.9613855957  
-0.02427730057  
-1.101952954  
-0.5537688479  
-0.2204537966  
1.848641567  
1.21088261  
0.480775179  
0.016988102  
0.02323826281  
0.1554397052  
-0.1654245401  
0.3150388175  
0.2732295165  
1.26359077  
0.9323383925  
-0.2024616731  
0.04280266608  
-1.909478609  
-0.5133638431  
-0.4675238261  
-0.7166648955  
-0.2480689104  
0.1237416317  
0.336907682  
-0.09208676542  
0.06607434831  
-0.3107232428  
-0.6089946849  
-0.1827350009  
0.1232618443  
-0.5885966997  
-0.2537467307  
-0.4452317104  
-0.8711609989  
-0.02558462831  
0.05721660409  
0.830920057  
1.784974859  
2.449129298  
1.014833938  
0.7484773314  
-0.09846497714  
-0.3931511229  
0.1198910638  
-0.130867822  
0.3763054411  
-0.3758296411  
0.07750043013  
-0.5432377729  
-0.06324069131  
-0.7486072253  
-0.1413746754  
0.5638408459  
0.8927708795  
-1.127374427  
-0.6853405117  
-0.5193571421  
0.3441725949  
0.1410067423  
-0.2960878133  
0.8428128097  
-0.2634327049  
-1.046723102  
-1.082865078  
-1.295789203  
-0.7952028291  
-1.152523402  
-0.5185208654  
-0.9638543078  
-0.7816881014  
-0.1570826443  
0.7510499727  
0.9315713875  
-0.04632659833  
0.2794563598  
0.3126301814  
-0.2751871912  
0.492740195  
-0.883809802  
-0.807259108  
0.6303912215  
0.8239337411  
0.842407754  
0.7097882367  
1.044328395  
1.199318265  
1.34495766  
0.682268576  
-0.3866054554  
0.1072526111  
-0.8501736518  
-0.3775899774  
-0.6238874365  
-1.440371315  
-1.442268466  
-1.309719841  
-0.1830674348  
-0.7529549445  
-1.169167489  
-0.3699612118  
-0.4084642794  
-0.296555066  
-0.3829652367  
-0.2757455714  
-0.6216522654  
-0.4491355488  
-0.1879970012  
-0.4592543869  
-0.4745330064  
0.6730781643  
-0.3796556926  
0.1846684802  
0.6978394442  
0.8817462652  
-0.02210135535  
0.2494391659  
0.8549942002  
0.3672330692  
-0.1943784306  
0.691512731  
0.7838416332  
0.5876452821  
0.5040965495  
0.5815608671  
0.6324576194  
0.2641472906  
0.2287061416  
0.2886738731  
-0.1121456185  
-0.06579478796  
-0.2551705367  
-0.4792152498  
-0.1950726504  
-0.2932062004  
-0.163159712  
-0.1102783958  
-0.02924752558  
-0.09066025591  
0.1759587775  
0.6762449828  
0.1589339626  
0.4873112611  
-0.04510912428  
0.401004302  
0.2394429253  
0.5798673605  
0.3450954677  
0.390819326  
0.3851170119  
0.278062333  
-0.08016457102  
0.2238217366  
0.9285171714  
0.461841948  
-0.09449986115  
0.6378578436  
-0.1691734697  
0.4492162157  
0.2220260199  
0.6307289494  
0.4225614006  
0.2161562226  
-0.2697824652  
-1.864917929  
-3.36417103  
-2.022555261  
-1.734928745  
0.7275653398  
0.4911189624  
-1.639491339  
-0.4923613632  
1.092091162  
-0.1776897827  
-0.3411762346  
0.6041227283  
-0.6094942354  
1.186029763  
0.2535669768  
0.8005928052  
0.4773123573  
-1.111719576  
1.591135266  
-0.4751514188  
0.4068466996  
0.02944065243  
0.8677488153  
0.6578237468  
0.7125744361  
0.7404984349  
0.4236126581  
-0.6711794778  
0.1751153258  
0.09105839451  
-0.1855802691  
-0.1668842241  
-0.619469488  
-0.03995853757  
1.316397355  
0.3462000273  
2.104295054  
0.3419137808  
0.9493438234  
0.1541868769  
0.03718031651  
1.019185411  
-0.6078819672  
0.1710151777  
0.1439371962  
1.423249258  
0.3768012644  
-1.190537272  
-0.3519583589  
0.98326535  
0.5107614146  
0.9944438479  
1.463890148  
1.452379719  
-2.259617836  
-2.368257246  
0.2396262133  
0.1907603616  
0.6883878042  
0.7378034441  
1.687806741  
1.001078591  
-1.482077009  
-1.748335959  
-1.781901783  
-1.860512582  
-0.9041319595  
0.2187235449  
0.5211747373  
0.9695782702  
0.3763732492  
-0.1292503011  
0.01588134743  
0.9956231874  
1.695648064  
-0.003225196938  
-1.882527579  
-1.939380947  
0.3989518462  
1.605894216  
0.3322302475  
0.208054136  
0.07715293875  
0.1165624587  
-0.8863150744  
-0.5852177135  
-1.546207933  
-0.292879978  
-0.3183083753  
-0.5326764247  
-0.1575817327  
-2.215098758  
-2.422263452  
-2.706427115  
-0.8844629006  
0.1134648165  
0.3708847545  
0.2049223368  
0.07337682555  
-0.8260782118  
-0.1740564965  
1.047253846  
1.118299842  
0.2287725793  
-1.492906501  
-2.009962976  
-0.6986738106  
-1.258029873  
-0.5251962521  
0.2630134334  
0.1068642478  
-0.04938021838  
-1.268941331  
-0.3060540143  
-1.801182175  
-0.6417793395  
1.280407321  
1.668462393  
-1.756104286  
-4.92386288  
-0.7155328702  
-1.94701221  
-3.476399402  
-1.624500177  
-0.3233541179  
1.760014975  
1.061052312  
0.4222082402  
1.501660682  
-0.3385291751  
-0.420732942  
-0.04404101704  
1.240559388  
-0.2885112514  
0.4245279371  
-0.4144144219  
0.6662733917  
0.7988024107  
0.6478413735  
-0.6181337209  
1.084397548  
2.079098524  
-1.437716386  
0.218041151  
-1.027011243  
-0.3375887906  
0.4511991984  
1.150929943  
1.52177073  
0.7862832392  
2.005548844  
1.951549218  
1.219344823  
1.113403162  
0.3611879096  
1.37812212  
-0.1844741338  
0.1408903226  
2.014451047  
1.486447124  
-0.3398382159  
-0.3183780843  
0.9121174498  
0.8924707522  
1.913567929  
0.529794692  
1.157545927  
0.5124130871  
-1.252652653  
-0.346520581  
0.8464614599  
0.9788445611  
-0.1790950576  
0.1986175417  
1.736340659  
0.5545291552  
0.2019567548  
1.181080036  
0.6403483712  
0.1210405302  
1.11725842  
0.9090809724  
0.3053629362  
-1.039096565  
-0.2431347077  
-0.2274058886  
-1.041862105  
-0.7594507141  
-0.06686701553  
-0.4466890467  
-0.5621689213  
-0.8446983572  
-0.6609263124  
-0.5272462645  
-1.169586842  
-1.82230081  
-0.1578199023  
-0.5783971408  
-0.1754822156  
-0.6265734954  
-0.5446579829  
-0.9508689561  
-1.147831026  
0.2549577071  
-0.5815948695  
-1.235506784  
0.02592944634  
-0.5279021035  
-0.6746310349  
-0.6170237249  
-0.8447527849  
-0.7559032078  
0.1072142567  
-0.3172028017  
0.9402781998  
0.25547801  
1.704565517  
0.1688756088  
0.1568431747  
-0.1769172186  
-0.06200967068  
0.1224436692  
-0.05846728012  
-0.02669638344  
-0.4517983318  
0.2564853125  
1.716193589  
2.918470552  
0.6599167815  
-0.1377407119  
-0.1110261286  
0.429804392  
-0.6207619878  
2.416012255  
0.599985008  
-1.026830111  
-0.5222929774  
-0.7884633207  
-0.783294522  
-0.3254744983  
0.1947354106  
-0.286128124  
-0.06948631944  
-0.03635568575  
-0.4217452943  
-0.2618100975  
-0.3386813411  
-0.8481436037  
0.3787108049  
0.5440580993  
0.1278806596  
0.146547522  
1.704962493  
2.947094111  
1.397853955  
-0.2717633718  
1.74094037  
1.547962027  
2.824225322  
0.6929721587  
-0.5253850478  
-0.3176698526  
-0.6477495729  
0.8506852966  
-0.5733982117  
-1.245351749  
0.1343845171  
-0.6286070032  
-0.04768076971  
-0.9268039735  
-0.4507334565  
-0.5493017043  
-0.7597098726  
-0.259401816  
-1.23224484  
-0.2179604575  
-0.05953920879  
-0.6054568836  
-1.113325433  
0.288645181  
-0.2068951476  
-0.2763132639  
-0.4352035347  
-0.851683119  
0.0922347587  
-0.3421016482  
-0.5791538663  
-0.8246628019  
-0.8582390651  
-0.1111880168  
-0.1798648472  
0.6086198668  
-0.7358362442  
-1.139702017  
-0.4215325486  
-0.5308143661  
-0.612656072  
-0.0102244789  
0.5571725072  
0.1724257166  
-0.1793197229  
0.0138400313  
0.2659523338  
-0.3013764576  
0.1370159348  
0.1376099291  
0.7887334596  
-0.9980821208  
0.3053816422  
-0.1905061873  
0.0477109229  
-0.06102256908  
0.6443906448  
0.7063638385  
1.204438324  
0.6535771675  
0.5824554392  
0.1499353441  
-0.1312529366  
0.1154453133  
0.3407061139  
-0.6210734164  
0.1590276775  
-0.3154983347  
-0.5832308046  
-0.2769861214  
-0.378564428  
-0.02436552731  
-0.250120223  
-0.461834451  
-0.2200047957  
-0.6567109905  
-0.7907237381  
-0.6366705014  
-0.1034496979  
-0.9741651246  
-0.1618782343  
-0.3618644925  
-0.2069474444  
0.1295554897  
0.1958335479  
-0.09092133267  
0.657618077  
0.3825926344  
0.6160884167  
0.07164043683  
-0.3590264237  
0.1454893337  
0.4743463494  
0.8087866476  
0.4466997319  
0.2300967709  
0.3286007053  
0.5777041067  
0.4247230454  
0.6632487102  
0.9991136934  
0.8786136986  
0.02750579795  
0.3195815655  
0.2891698179  
-0.1791482957  
-0.5721072562  
0.6102580682  
0.7745652555  
-0.009016496834  
0.349938876  
0.06841218382  
-0.009206785945  
0.2165552366  
0.5156038138  
0.7281372435  
-0.6068989975  
0.2006530722  
0.3702506633  
0.5434382544  
1.059552282  
1.192097618  
0.918749989  
0.8031683075  
0.097827149  
0.4304946183  
1.071061699  
1.161709269  
0.4409831122  
1.063546265  
0.5659478192  
1.140449624  
1.154092834  
0.3871195083  
1.009732582  
1.164528065  
0.8133100361  
-0.2553981887  
-2.260965529  
-1.818411166  
-1.33106007  
0.3330061088  
0.5935891355  
0.7412564883  
0.7642300259  
0.2973760697  
1.293570464  
0.2323200859  
-1.406571593  
-1.130030962  
-1.384824688  
-1.771781926  
-0.9040988828  
0.8549678473  
0.1704375868  
0.1568316103  
-0.9390038045  
-2.006678885  
1.063857692  
1.087154542  
0.8559488704  
-0.291418913  
1.221420453  
-0.8215766045  
-1.841629388  
-2.624290103  
-1.258772843  
-0.9476249622  
-2.140491202  
-2.747877619  
-2.032930518  
-1.504703438  
-0.8908681381  
-1.376865424  
-0.8827164348  
0.05998042148  
-3.368378732  
-2.569504433  
-0.3184619626  
-1.981255151  
-0.6126884891  
-1.10308819  
1.189196143  
-2.219127258  
-1.966587755  
1.406922433  
0.7693739947  
-0.4114126379  
-0.5543573023  
0.7122080044  
0.4729672081  
-0.4970173983  
1.323887434  
0.5161771636  
0.1606633266  
1.199450046  
0.05080077292  
1.951124021  
0.7249404136  
-0.5818432071  
1.049282541  
0.892538304  
-0.9769738897  
1.048369035  
-0.08465647039  
0.7676909087  
-0.1875360781  
0.5757374912  
0.7227077372  
1.697034508  
0.6563033643  
0.1348310736  
-0.01432680443  
0.03439553459  
-0.04885121368  
0.07760816478  
1.143922369  
-0.2639150208  
0.2236616437  
1.43573342  
0.02463224461  
0.9664174549  
1.316493457  
0.6957861161  
0.6021084903  
0.43926309  
0.3399288487  
1.093852186  
-0.06605779945  
0.8645234291  
-0.5777630636  
-0.543960773  
1.030766138  
0.8045332006  
0.7610084583  
-0.9029667178  
-0.7680349434  
-0.9210193662  
-0.6559361665  
-0.006840636742  
0.2740757593  
1.077696356  
0.5736279812  
1.286525762  
1.735410339  
-0.06142479357  
-0.09192279483  
-0.8843456688  
1.404484122  
1.372658948  
1.386226437  
1.783724607  
0.621737575  
1.7219932  
-0.2868493808  
1.122794235  
1.433133774  
1.154820959  
-2.483841207  
1.640127345  
1.635900534  
-0.9375326547  
-1.74787419  
0.8885378528  
0.3589220319  
-1.734565092  
-1.710333448  
-2.025381849  
1.174647566  
-2.002739367  
-1.348083455  
-1.297641132  
0.1454039087  
-0.1801170236  
-0.9208437787  
-0.7242377504  
-1.207876654  
-1.670648886  
-0.9710326357  
-1.113273093  
-0.8417561289  
-1.407723272  
-0.8112052743  
-0.4432592014  
-2.107975193  
-1.498074509  
-1.222873722  
-1.224469925  
-2.684754166  
-1.396516684  
-1.002667668  
-1.369181669  
-1.899712017  
0.435684489  
1.348152564  
0.6390776316  
2.412346066  
1.327200513  
1.422190348  
2.012191479  
2.572069062  
2.478100363  
-0.280107538  
0.2727370824  
2.426810397  
2.454377535  
0.7754724771  
0.9241318006  
1.11083191  
0.7425168099  
-1.427147182  
-1.822096582  
2.153409654  
2.725109941  
-0.04663562601  
-0.6824179145  
-0.9043268247  
-0.6206896089  
-1.29833339  
-0.4266009781  
-0.467224882  
-0.873078015  
-0.3503663528  
-0.627496655  
-0.2910207899  
-0.4511094745  
-0.4025322946  
0.4058647729  
-0.5660378599  
-0.8848271548  
-0.1147660094  
-0.5006568705  
-0.2890735319  
0.04102063172  
-0.08053283415  
0.04972722925  
-0.03394797733  
-0.8906870904  
-0.6285554061  
-0.2187829205  
-0.1047598704  
-0.04655106709  
0.4881294957  
-0.231194717  
-0.123292116  
1.403999319  
1.404205842  
1.034893448  
0.07800001178  
2.143038063  
-1.489487046  
-0.6995783261  
-0.5541953989  
-0.6680639881  
-0.9277092303  
0.2920441705  
-0.5503191282  
-0.2984619915  
0.1268667956  
2.01766899  
1.157307136  
1.624114953  
1.501154093  
-0.9837716907  
0.7900725262  
-1.089349289  
-2.070477025  
0.2822298297  
2.94272921  
1.829298849  
-0.1263029178  
1.119691315  
0.1315838371  
1.076731289  
-1.182293414  
-1.254459046  
0.838243775  
0.2815396721  
0.9055219092  
1.08271487  
-0.005827752057  
0.3629453259  
0.8222552693  
1.283664031  
-0.5015858889  
0.2274730228  
-0.5180918079  
-0.828428023  
0.6190128279  
0.7807428019  
-2.60245318  
-2.742692535  
-1.909281118  
-1.610718382  
-0.9610160431  
-0.6690790024  
-0.7859623528  
-0.05516744221  
-0.3356028489  
-0.3774502431  
-0.2487869948  
-0.1836705812  
1.319665243  
0.9582266649  
0.2191202449  
0.3718203114  
0.1756273122  
0.1718177183  
0.9285611564  
0.1779908824  
-1.057821827  
0.7944426725  
-1.155533613  
-0.8051141074  
-0.7523766431  
-0.7718539129  
-1.580421071  
0.4097591869  
-1.091394049  
-0.1542105276  
-0.6392183666  
-0.6302597871  
1.179683415  
0.6597473472  
-1.347230984  
2.585084179  
-0.7790381785  
0.5208160836  
-1.277264929  
-0.8323115764  
0.1773740603  
-0.5027863867  
0.1196738058  
1.138816168  
0.2531234452  
0.3905426516  
0.1359600377  
-0.3072574237  
-0.6565540669  
0.2687990075  
0.1237565415  
-0.9257895927  
0.264855109  
0.5648231629  
-0.886027333  
-2.330563795  
-2.275159207  
-0.2078830554  
0.5680873052  
0.8725401852  
1.033843536  
0.3131360002  
0.7421623703  
1.089485406  
0.9555405605  
0.5284866021  
0.7003235757  
0.5733123097  
0.2482138304  
0.2003266475  
0.2911635304  
0.08519525134  
1.131712633  
0.8260771734  
2.455196669  
0.7788793563  
1.677800888  
0.5145959274  
-0.9141633493  
-0.9078984118  
-0.6583815328  
-0.7328622739  
-2.236483874  
-0.470753181  
-1.132495896  
-0.3707992231  
-1.239876052  
-0.5266945829  
-0.3384067763  
-0.5532770754  
-0.2326991373  
-1.044229448  
-0.8993335269  
-0.4563923925  
-1.056597213  
-1.677660024  
-0.8811579296  
-1.091438839  
-0.5942056044  
-0.6266730007  
-0.9176729292  
1.161602872  
1.412786407  
-0.07850010631  
0.08426312987  
-1.535884613  
0.7347574855  
-0.1343381736  
0.224192594  
-1.079083418  
-0.5769538161  
-0.5727489989  
0.5036753657  
-0.1551571102  
0.1729018992  
0.285484731  
0.5130280224  
0.02899613352  
-0.7010431707  
0.01711785037  
-0.2081104268  
0.2281330974  
0.465095881  
0.7133177138  
0.7618041453  
0.5413239415  
0.5713403018  
0.1972195514  
-0.01907862884  
0.976921044  
0.7087471544  
0.5112122477  
0.5650243783  
0.5184555857  
0.8485478935  
-0.6955449461  
0.1939207037  
0.1127149642  
-0.1116338049  
0.4783518147  
0.3822623637  
0.2456304123  
0.2740033959  
-0.1059194056  
1.223959434  
0.2321288082  
0.8136186004  
-0.1030556654  
0.005308422967  
0.4459135552  
0.965770783  
-0.1341132299  
0.7810296754  
0.01022100721  
-0.02213228502  
0.7209893216  
-0.9427365856  
0.5161811479  
0.1072151291  
-1.403441315  
0.8869724614  
-0.5544876136  
-0.02797958593  
0.3169372096  
0.2604336285  
-0.5700349514  
0.3553215232  
0.916903446  
-0.3069217685  
-0.4010471153  
-0.5256015337  
0.003988616337  
0.5675106567  
0.3836084981  
1.216958879  
-0.5623550782  
0.3147588765  
0.2874343248  
0.03237288506  
-1.178993115  
-0.2090772757  
0.09659182864  
-1.188292645  
-0.5254985274  
0.07712431747  
0.04193512102  
-0.0170180745  
-0.9118734458  
-0.6220439928  
-0.5616552593  
-0.438659453  
-0.7553282025  
-0.5478585913  
-1.147994627  
0.04938272835  
0.865375946  
0.2473988976  
-1.216201116  
0.6597904329  
0.7805388054  
0.4807441569  
0.09958186934  
-0.1287612641  
0.430030441  
0.7623398781  
0.6254206069  
1.045108746  
-0.5967982429  
-0.1837629915  
0.6908324904  
-0.06845556855  
0.958284966  
0.170434853  
0.5885597457  
0.2522409243  
1.304596084  
1.208380273  
1.434644577  
0.4715737148  
1.758332541  
2.171110304  
0.8156856216  
0.9893955515  
0.01925290548  
-0.3526053033  
-0.8405019803  
0.7869045877  
-0.726861501  
-1.087899605  
-0.6924338525  
-0.6005001634  
0.1223961962  
0.7702837309  
0.4390274634  
0.02424702186  
-0.5794330118  
-0.857489843  
-0.07543633254  
-0.9394132536  
0.0779196604  
1.931620152  
1.187056131  
-0.7786644878  
0.6750720602  
-1.020433919  
-0.3147799021  
0.5158164303  
0.05306585408  
0.5901349347  
-0.1701543145  
-0.2089343275  
-0.07071773355  
-0.6783764795  
-0.6408649739  
-0.6109066834  
-1.074268934  
-0.8014539993  
-0.4657849192  
-0.8269039807  
-2.145627794  
-2.748416248  
-2.581121244  
-2.295219034  
0.9663520847  
0.1012710823  
0.3584200609  
1.651239845  
-1.018237055  
0.02196017852  
0.03248686157  
0.2167747284  
0.2991750548  
1.698553697  
1.91941027  
0.3460100428  
-2.338697894  
0.1769152013  
-0.8224277221  
-1.056256945  
-0.1877879014  
-0.02081264378  
-1.790450228  
-4.271247165  
-0.8607827566  
-0.01881616204  
0.7695183451  
-0.0808678927  
0.8975417657  
-0.3345296442  
-1.210262609  
-1.041451536  
1.194524599  
1.667134883  
0.2151043872  
0.4254973166  
-0.4131690538  
0.9343695656  
-2.206636179  
-1.375104415  
1.06612062  
1.450761134  
1.192518502  
3.103118796  
2.522406403  
0.571317854  
0.7057676065  
-1.492778407  
1.238255828  
1.664799348  
1.306712658  
-1.767423205  
-0.8041223191  
2.067958318  
1.565338154  
0.8583241292  
0.9327558041  
0.573038742  
-3.392692942  
-1.941311327  
3.164582609  
1.047131904  
0.972044887  
0.3651450335  
-1.396309186  
-0.2665693907  
-0.6973154482  
-1.421530189  
0.4735379177  
-1.267758852  
0.392020742  
-0.1682553699  
-0.03810295649  
0.4195791766  
-1.659192621  
-0.3877297912  
0.09638035551  
0.305829656  
-0.9440812012  
0.2741331766  
-1.118555036  
0.05344048819  
0.03350978197  
1.023677924  
0.5031434955  
0.7833337499  
-0.5805193105  
-0.2908176364  
0.4550664937  
0.582817691  
-0.1274395399  
0.7094502539  
-0.6667861643  
0.7961693942  
-0.4855129077  
