-0.01812020569  
0.4198007199  
0.7494356335  
0.5840332449  
-1.30797237  
-1.511082876  
0.4141896206  
1.488253913  
1.570527511  
0.2329619121  
-0.6609687461  
0.2067503678  
1.701753862  
-0.05046824809  
-1.140849403  
-1.834394729  
-0.9697399452  
-1.198945445  
-0.4412847303  
-0.5732984024  
-1.008858432  
0.02045567807  
-0.5487415886  
-0.4127110384  
1.117056491  
1.621343408  
1.811077831  
1.648228781  
0.2385631677  
0.04228201308  
-1.072975292  
-0.2776203181  
-0.07446904768  
-0.03285974513  
1.194725289  
0.3548923948  
0.01584313006  
0.3648101932  
0.2075491142  
-1.457346175  
-2.412788067  
-1.433599762  
-0.2287074577  
-0.09521721264  
0.4706694886  
-0.2981321155  
-0.9073988951  
-1.596327021  
1.671110105  
0.7152155293  
-1.916327995  
-0.264639764  
0.3512569523  
0.3383263723  
0.2357220862  
-1.761605342  
-1.576697414  
-3.2423814  
0.5561013067  
-0.4625549064  
0.1774966457  
0.09700912634  
0.1807486746  
1.294028676  
1.70573038  
0.4110886224  
0.1145244375  
-3.142207646  
-0.4537179332  
-0.2292829034  
-0.2265268939  
-1.086249964  
-0.8537943379  
-0.2187572368  
-0.3070135027  
-0.3709414122  
-0.8254270724  
-1.52115373  
-2.879705345  
-2.854994178  
-1.425277853  
-0.8918699287  
0.5459256263  
1.845654015  
1.926220245  
0.7589641977  
0.03501622404  
2.050296184  
0.138183634  
1.353989213  
2.000488803  
1.383671724  
0.2326215649  
1.224395933  
1.140416999  
0.8840341048  
1.501626867  
1.409195909  
1.564739433  
1.644858485  
1.219894269  
1.334631235  
1.518134662  
-1.433636597  
-1.673880846  
0.6344943012  
0.7795101294  
1.607761935  
1.321633602  
1.53223876  
1.5108295  
1.67968756  
1.853157426  
1.549212311  
1.452657288  
1.657453833  
-1.783296627  
-4.722818456  
0.7094828556  
1.678425291  
-0.9939893576  
-1.654813881  
-1.445132261  
-0.4591786488  
-0.5085401957  
-1.059620375  
-1.063790748  
-0.6494879023  
-1.142883641  
-0.4375793917  
-0.1649858738  
-0.7797352061  
-1.099467742  
-0.01824884038  
-0.3804287362  
-1.538953117  
-0.6121273004  
-0.7708715019  
-1.207262947  
-1.097571195  
0.3291871787  
0.4450086193  
1.272882277  
-0.1018573361  
-2.338727611  
-1.370732895  
-2.820822827  
-1.541821711  
-3.61876473  
-1.753985013  
-0.7346764329  
-0.4472986757  
-1.242681835  
0.8764031911  
1.284885245  
-1.40018869  
-0.3992978182  
0.1078420406  
1.355076052  
0.923806784  
0.1580907236  
2.257256607  
-1.526471763  
-0.3740499423  
1.626495114  
0.9391215379  
1.240384191  
1.65032488  
1.488881192  
-0.05896239637  
-1.481060919  
-1.301491614  
-1.46108449  
0.8303981787  
-1.841443981  
1.008017208  
-0.2579617548  
1.302185918  
1.173438479  
-0.6228181888  
1.419019474  
0.5277739017  
-0.1063184464  
0.5672338995  
0.4842996812  
0.6466255372  
1.051668072  
1.081051925  
-1.369383624  
0.2335606421  
0.2682348263  
0.006879797239  
0.706320657  
0.4976046035  
0.7701083119  
0.6870602702  
0.6249813033  
0.6999356881  
0.05515734072  
0.6271956927  
-0.5931370695  
-3.060842057  
-2.542688019  
-0.3395728958  
-0.136790788  
-0.3364727308  
0.2580704019  
0.4927749847  
0.5193115728  
0.3650872107  
0.4597216132  
0.4660625956  
0.6263921334  
0.07240650033  
0.6594265186  
-1.010595855  
0.4632109436  
0.6666604561  
-0.08610736536  
0.7238861342  
0.6083767346  
0.4054053986  
0.7054641219  
0.2170196765  
0.3815557  
0.0593456652  
0.1436508542  
0.3679360776  
0.3947273616  
0.5767518108  
0.3902979652  
0.0008071418557  
-0.1076543049  
0.2267551816  
0.1519671735  
0.01254215531  
-0.1748663524  
0.2527252895  
0.05537136118  
0.1569909442  
-0.03306959376  
0.04215478019  
-0.06893519074  
-0.3883471406  
-0.5343378433  
-0.3186409958  
-0.3606620673  
-0.3743742827  
-0.1186524352  
-0.05019935089  
-0.2359822904  
-0.3099456243  
-0.3989520561  
-0.6400511274  
-0.2278070704  
-0.2392129339  
-0.1848452004  
-0.424752971  
-0.6268725735  
-0.1615327061  
0.1098197166  
0.1297738745  
0.2559250638  
0.3275810149  
0.584072123  
0.4773693036  
0.1050205071  
0.5114061844  
0.6248936082  
0.4031734801  
0.1553151301  
0.224448395  
0.04388542428  
-0.1435804658  
-0.3403869738  
-0.2705889371  
-0.5907172728  
-0.2087222363  
-0.1190689781  
-0.3685423749  
-0.05288059318  
0.02972567892  
-0.0446923727  
0.01931351614  
0.1185923289  
0.2679709899  
0.4094034075  
0.5928883774  
0.492278308  
0.31002423  
0.008709742619  
0.1670467342  
0.2427226636  
0.1338833602  
0.3104349189  
0.06485394839  
-0.2852802571  
-0.07978914263  
-0.3635248469  
-0.001526717415  
-0.03122869834  
-0.05886309323  
-0.3413108695  
-0.2690217394  
-0.3725022467  
-0.3169377048  
-0.515798982  
-0.3065173425  
-0.1005019619  
-0.161774521  
-0.04522001628  
-0.07769932029  
-0.005203851012  
0.2962119341  
0.296003262  
0.2059851056  
0.4883116106  
0.6165230163  
0.6318599197  
0.2647985056  
0.07188121358  
0.05106504149  
-0.3145501419  
-0.05291757446  
0.002670792553  
-0.01937069544  
-0.01194755903  
0.1161868908  
0.05907760468  
0.1547687388  
-0.04120715193  
0.1995498159  
0.1646279347  
0.1819317956  
-0.07176149802  
-0.003640616896  
-0.1368556932  
-0.1284162955  
0.08933524703  
-0.03746122489  
-0.008274564385  
0.03098548139  
-0.2522310029  
-0.2849744473  
-0.2922132595  
-0.1130986318  
0.1024115727  
0.01778019049  
0.1262299925  
0.06883123277  
0.1720632253  
0.01172028926  
-0.009526511116  
0.2433979841  
0.05806590486  
0.2411905156  
-0.002139102788  
0.09978297075  
0.0696096897  
-0.105496966  
-0.04518249746  
-0.1512973662  
0.0119613356  
-0.2355992381  
0.06797454294  
0.1628411135  
-0.1214437629  
0.08194244978  
-0.06621873868  
0.1049421632  
-0.08744051116  
-0.112051683  
-0.02279636419  
-0.09909316286  
-0.0133872811  
0.3759071644  
0.1603555176  
0.2180610117  
0.05873095174  
-0.1542416597  
-0.1184083442  
-0.2170782936  
0.04012185563  
0.01633079427  
0.07874428313  
-0.1802680224  
-0.0464043106  
0.08386983376  
0.01936035057  
-0.08421060415  
-0.1475244352  
-0.09473928296  
-0.04933396771  
0.04133642978  
-0.004827094528  
0.05575661935  
0.241657993  
0.2161434482  
0.2703771431  
0.2486456477  
0.2333095405  
0.04324908511  
-0.1121183648  
0.0718090739  
0.3583294615  
0.1651830987  
-0.09538140056  
0.08958258863  
0.1328268062  
-0.2070072871  
0.01502746677  
0.01042811542  
-0.2081473888  
-0.1863308583  
-0.30921425  
-0.1350394559  
0.02863341484  
-0.1407386845  
0.02818690984  
-0.081135931  
-0.3979025218  
-0.4993641677  
-0.5380649882  
-0.09191250881  
0.2954202615  
0.384435669  
0.1674293653  
0.136697165  
-0.1939551302  
-0.1888546552  
-0.198411372  
-0.04719341298  
0.1424108934  
0.1958741303  
0.2907985252  
0.07987327996  
0.1600540779  
-0.06974503978  
-0.04379768757  
-0.1126536588  
-0.2237848637  
-0.06606216259  
0.1065200674  
-0.007366258359  
-0.3513288054  
-0.3717982112  
-0.1717539417  
0.09772617632  
-0.177466154  
-0.0351346498  
0.02569190205  
0.3808390297  
0.3471247971  
0.04965683829  
-0.06438828548  
0.1636786595  
0.2529397559  
0.2920798414  
0.5781735733  
0.7614069903  
-0.02302909975  
0.333853164  
0.2115741798  
0.3395158427  
0.3800210859  
0.2861727457  
0.4184199621  
0.2751077796  
0.3624668801  
0.2928545769  
0.1950289183  
0.2895756204  
0.2498096771  
0.05486009465  
0.5726909128  
0.07956857319  
-0.1966302577  
-0.09212103968  
-0.0475956968  
-0.164002826  
-0.6188724197  
-0.5677576263  
-0.2141898762  
-0.07165060069  
-0.1287395297  
-0.3928534364  
-0.1328814484  
0.07488017867  
-1.787305019  
0.4445649062  
0.4299929986  
0.3696791749  
0.764892856  
0.4099689924  
-0.04045873669  
-0.4834326985  
-0.2740762105  
-0.2687622705  
0.05557805601  
-0.2723298553  
-0.244845995  
-0.51110724  
-0.2925717467  
-0.3315940485  
0.1294442848  
-0.1488043693  
0.002380467302  
0.1715195205  
0.09191623722  
0.2730065873  
0.08447596328  
0.05905372274  
-0.2558937665  
-0.294210032  
-0.107626684  
-0.1817898573  
-0.03777907635  
-0.163537902  
0.02597266622  
0.04016198142  
0.02837584676  
-0.1684216893  
-0.310279309  
-0.2556036403  
-0.003238786876  
0.1264054886  
0.005134020152  
-0.2223799159  
-0.1473836711  
-0.2513058828  
0.0712849134  
-0.2848357029  
0.0991404642  
0.07409051167  
0.06997905439  
-0.1050135245  
0.3805826205  
0.3836524907  
0.5063278759  
0.1932932015  
0.7956550585  
0.87897544  
0.5536314138  
1.022302807  
0.8302777663  
0.812216508  
0.7241959778  
0.4588043731  
0.4045068525  
0.09497507607  
0.4582143274  
0.6703284806  
0.5372773108  
0.4577990352  
0.5139925346  
0.3882358964  
-0.04348625751  
-0.6141288644  
0.5536478766  
0.8343964567  
-0.185385686  
0.4241333224  
0.412980845  
0.3103972332  
0.5559380632  
0.8762564968  
0.9420819129  
0.739838207  
0.8263521284  
1.088028034  
-0.9347365851  
-3.377074455  
-3.195737079  
-3.322752892  
-2.812771859  
-2.685478696  
-0.1238039832  
-1.48056303  
-2.094986469  
-0.7447088497  
-0.7509215298  
0.5200372666  
0.5811617067  
-1.064254079  
0.9492472461  
-0.6577524412  
0.9244410096  
0.8791540929  
-1.237290106  
0.1336657611  
0.2946304732  
0.150448384  
0.6893967663  
-0.6743486564  
1.047190587  
0.4786261504  
0.7530946646  
1.110042262  
1.154970836  
1.216142626  
1.096051469  
0.9705830772  
1.185905329  
-0.7916628301  
1.32475877  
-0.4899253565  
1.13994105  
0.7472807879  
0.5134893605  
1.391350961  
1.340636367  
1.223857298  
1.472243167  
1.631037998  
1.605726397  
1.80170945  
1.608335535  
-0.7466645635  
-1.920735533  
-1.596050473  
-1.59144146  
-0.7874767919  
0.6274091915  
0.5811244042  
0.8624314242  
-1.553075987  
-1.562535047  
-1.201413484  
0.7021297689  
1.104625675  
0.9456639923  
0.9640662388  
0.9126166733  
0.09911971774  
-1.725391642  
-1.684220097  
-1.536256625  
-1.052299375  
-0.04696840998  
0.8517448001  
0.8909448039  
0.3422080263  
0.04559102904  
0.2944410515  
0.1155097063  
2.164609017  
0.5037942016  
-2.027924608  
-2.039605273  
-1.26811866  
0.971710233  
1.180044223  
1.463724687  
0.08391249186  
-2.659995384  
-0.9171263096  
-0.5228961304  
-0.7539751392  
-2.395778546  
-3.075343363  
-0.4234329085  
-0.1176226759  
-0.06639893458  
0.2610193282  
-0.2740673358  
-0.3189280925  
0.9199344762  
0.7755571127  
0.9654303412  
0.7393769098  
-0.1376138281  
-1.636378433  
-3.378175015  
-3.50669607  
0.6917803408  
2.085311654  
-0.2189132192  
-0.09739022846  
-0.379987902  
-1.15733501  
-2.481738959  
-1.259902245  
-0.1914971957  
0.4998257246  
0.358669555  
-0.9942131808  
-0.6621457127  
-2.036199677  
-0.07190516358  
-2.249185708  
-2.061377906  
-3.414091408  
-2.145887693  
-0.8806782879  
-0.8742992933  
0.1369727913  
2.080916217  
0.1894672025  
2.134910637  
0.2557174483  
-1.92382419  
-1.852055749  
1.807981958  
1.688666257  
-0.3345994776  
0.6369426503  
1.202836991  
1.36572609  
1.201799477  
1.299314215  
-0.187762435  
1.332990007  
-0.05453140676  
-0.6536560034  
0.9701642652  
-2.452582966  
0.8654454771  
1.038046533  
0.8404996838  
0.9111571344  
0.5444901569  
0.607170176  
0.5707974958  
0.73526989  
0.6302460502  
0.9620033188  
1.061180153  
0.5875094573  
0.4668801369  
0.3462018445  
0.3900843087  
0.3157795775  
0.1153290045  
-0.3090534779  
0.05373173314  
0.5080895527  
0.1990537566  
0.1599562983  
0.136625513  
0.09359342205  
0.3085459385  
0.2318585979  
0.6030665106  
0.2194422016  
0.09876782727  
0.5086053588  
0.3055756577  
0.1902716433  
0.05314848354  
0.330842821  
0.3392280302  
0.1173240887  
0.4100385809  
0.3205418978  
0.2104999898  
0.2887598006  
0.1037987547  
0.1356137561  
-0.03195662756  
0.2515821574  
-0.06072349022  
0.01148276304  
0.1585353368  
-0.005437692547  
0.09387023069  
-0.2324502999  
-0.1251163136  
0.4949373981  
0.1329276903  
0.1590545364  
0.04757303329  
0.1279597152  
0.02603200965  
0.0870797537  
0.20758984  
-0.03141114645  
-0.3121244488  
0.2801726255  
0.3137230594  
0.1128553491  
0.1376675761  
0.3825595209  
-0.6862164683  
-0.3576005079  
-0.03470494789  
-0.3457151558  
0.04713897536  
-0.002441166054  
0.1422582727  
-0.1124063629  
-0.1555151884  
-0.3553886551  
-0.6667098012  
-0.4633605666  
-0.6059951736  
-0.2809667576  
-0.3760930084  
-0.04689567373  
-0.1266779307  
-0.189415154  
-0.07242187313  
0.05269318405  
-0.1046342037  
-0.1045890197  
-0.2084984837  
-0.2864579917  
0.05813811011  
0.3188081981  
0.08253491565  
-0.1188275602  
-0.226734149  
-0.0438209933  
-0.2941051953  
0.06198083055  
0.1513680568  
0.303638141  
0.2510460137  
0.1242150278  
0.2044349235  
-0.2011850489  
-0.1628787361  
-0.1058701891  
-0.06600555805  
-0.01447954  
-0.3537849573  
-0.2706492848  
-0.1494640897  
-0.08673900835  
-0.4875131811  
-0.1853105492  
-0.4462955917  
-0.2446817561  
-0.161554469  
0.0939187489  
-0.2497615726  
-0.05488641498  
-0.05976955922  
0.3365790945  
0.1647608235  
0.1550382354  
0.2184034212  
0.3840529882  
-0.06711931582  
0.1630419359  
0.2818918663  
0.1518967512  
0.3921644985  
-0.04971505865  
0.1200049896  
0.4459974119  
0.2222999319  
0.4966098892  
0.2129018138  
0.4789645975  
0.07462181632  
0.3041905704  
0.2195149797  
-0.06012633273  
0.06907427832  
0.3481449739  
0.3127683718  
-0.01080253337  
-0.1868598782  
0.09657568172  
0.04964490096  
-0.0197638118  
-0.06844198459  
-0.2579284766  
0.1829303435  
-0.008601191069  
-0.06569298268  
-0.3513266045  
-0.1524197353  
-0.1524397993  
0.02734630138  
0.1531950509  
0.106327743  
-0.2934701698  
-0.1650867475  
-0.1174170213  
-0.2518466375  
-0.073494443  
0.2198779772  
0.1787046443  
0.0450953451  
0.08968863283  
-0.008970376315  
-0.03944167406  
0.1211611805  
0.1911940662  
-0.04712642428  
-0.1078814839  
0.2120635048  
0.198601417  
0.1092928816  
-0.2991284328  
-0.3413738896  
-0.1155481734  
-0.0184558009  
0.1270760225  
0.018668989  
0.1664556478  
0.1289475804  
0.1685957476  
0.2539267071  
0.3167351894  
0.3974099212  
0.3716197382  
0.3917905677  
0.2868588775  
-0.03873194952  
0.03081955632  
-0.001745566142  
-0.2375111108  
-0.3455105996  
-0.3505355595  
0.1649902237  
-0.08474838068  
-0.1938584893  
-0.432593666  
-0.5821851119  
-0.02873698774  
-0.1002206717  
0.08590105854  
0.009120655323  
-0.174590775  
-0.178815197  
0.0694009291  
0.1372234121  
0.2085810149  
0.5475273928  
0.3306879116  
0.4108023426  
0.3598875178  
0.1812841383  
0.02686652388  
-0.006766960434  
-0.09663998964  
0.324403517  
0.2023083335  
0.07953352836  
0.3541110581  
0.4333807402  
0.3732914774  
0.646467079  
0.8298511793  
0.9475408257  
1.035604421  
1.172179895  
1.122551798  
1.243212905  
1.519587883  
1.026878788  
1.147117242  
1.26091878  
1.400998993  
1.328396547  
1.263773374  
1.286893094  
1.316923345  
1.592712708  
1.689648396  
1.616054971  
1.686214674  
-0.3653991524  
-2.453549817  
-2.309688622  
-1.935678673  
-0.5417391742  
1.168215909  
1.435465514  
1.630237907  
1.729895154  
1.539104861  
1.562857976  
-2.75308482  
-4.050928824  
-3.356351125  
-2.945851687  
-2.845435056  
0.4348331759  
0.8706591346  
0.8303417075  
0.06620554015  
-1.160820333  
-0.6255284025  
-0.01898074825  
-0.2225159581  
-0.5438321443  
-1.602331775  
-2.819167226  
-3.198814396  
-1.95394732  
-2.869708355  
-2.643058455  
-2.652912064  
-3.872647588  
-2.368058776  
-0.02097389618  
0.6067328785  
-0.5060196472  
-1.42765428  
-1.987339417  
-1.59160283  
-2.177477043  
-3.771257734  
-3.484934016  
-0.9534080953  
-0.02504466029  
1.560472739  
0.5454059251  
-1.888606241  
1.798582367  
1.906433355  
-1.67876112  
-0.5310911717  
0.347330997  
0.9769917081  
1.076730582  
1.180548752  
1.418803161  
1.128393091  
1.210065919  
1.145163048  
0.9901396325  
1.020390156  
1.145793853  
1.023931263  
1.0552733  
0.9186112054  
1.045614384  
1.12247301  
1.273743306  
0.7684969055  
0.691615178  
0.9820275201  
0.8540273806  
0.2451063699  
0.1873515778  
0.3731989266  
0.6380526898  
-1.14063395  
0.08451739814  
0.4054945561  
-1.575184343  
0.6834162659  
0.1652399644  
-0.5598901905  
0.3032508115  
0.6444396589  
0.2015163503  
0.2835180445  
0.2181111016  
0.1113549129  
0.03343719909  
0.3031830557  
0.02290518834  
0.2693518638  
0.04471463602  
0.2805979061  
0.1443976591  
0.06176355873  
-0.08626008231  
-0.03300503017  
0.1130690875  
-0.3173758642  
-0.000760848915  
-0.06026827408  
0.1489788613  
0.3749535254  
0.4659189388  
0.09425260909  
-0.1595046681  
-0.4150404945  
-0.2178655573  
-0.1463171522  
0.2559745935  
0.01296332261  
0.04621685175  
-0.3932556941  
0.315974643  
0.2385638373  
-0.01256283696  
0.2314717516  
0.1216151031  
0.05402395284  
0.1422684938  
0.07616487821  
0.01947969719  
-0.03277204865  
-0.1646088481  
-0.2825081174  
0.08003871365  
-0.04251341947  
-0.3025790343  
-0.1992230055  
0.1375166197  
0.2186883544  
0.4002366821  
0.502392036  
0.5923279655  
0.2168426945  
0.2877984106  
0.01336692352  
-0.08050840017  
-0.02099083575  
0.0621602041  
0.1115946539  
0.144409016  
0.4865275819  
0.5297093986  
0.5052970806  
0.3232297419  
0.3462170056  
0.2683961826  
0.399583476  
0.4460790385  
0.2980474147  
0.1794561671  
0.1164370639  
-0.9735061004  
-0.5065875064  
-0.239449735  
-0.2495905766  
-0.1943785696  
-0.1886737142  
-0.1471263677  
-0.6399632512  
-0.3898986438  
-0.6217391886  
-0.225827092  
-0.04798617109  
-0.2257345534  
0.02826262881  
-0.1364916419  
-0.2311235649  
0.3083368393  
0.09888971068  
0.2223440425  
-0.03219887693  
0.07006636263  
-0.03217757557  
0.1411032542  
0.0004274081309  
0.09015814033  
0.2759838042  
0.06921806767  
0.2170115328  
0.1552438115  
0.2647514856  
0.296007568  
0.3276486782  
0.05867234735  
0.3634120963  
0.7038181049  
0.2311078685  
0.6865859374  
0.7352798753  
0.7033197026  
0.4368210897  
0.1911680805  
0.4995546601  
0.7521898934  
0.8462011674  
0.9579608968  
1.386533593  
1.018336091  
0.5622072696  
0.7186078033  
0.9451483621  
1.214719705  
0.5780746456  
-1.166322159  
-0.06234368073  
0.848017915  
0.986773659  
0.4160768431  
1.367032201  
1.211099744  
1.309374199  
1.259660382  
1.245310856  
1.085912164  
1.494247259  
1.785897785  
-2.703641499  
-0.1958050236  
0.7401802961  
1.005451672  
1.573353127  
-1.155313039  
-2.122026188  
-2.656507991  
-1.432524003  
-0.9925479275  
0.0002643622741  
-0.2001845165  
0.2615083233  
0.57696452  
0.2922326551  
0.6179042902  
-1.504552598  
-1.790399498  
-1.222264542  
0.2845665913  
0.4626221839  
0.4636247631  
0.8460310631  
1.109261547  
-1.973600925  
-2.789778768  
-1.123846032  
-1.097460667  
-0.5949816413  
-1.919838551  
-2.327823148  
-1.922073514  
-2.334161435  
-3.290680032  
-0.7017410943  
0.3299475009  
-1.409954358  
0.5023827756  
-0.001426838347  
-0.04830042886  
0.07542344914  
-0.2939177993  
-0.2673290416  
-0.68885813  
-0.6696984602  
-0.4550758657  
2.620448486  
2.689526025  
2.964793003  
3.193122674  
0.7415284469  
-2.473942456  
-1.130871291  
-3.05198147  
-2.474379391  
-2.467194038  
-0.9995464523  
0.6432784961  
0.3944407982  
1.728723123  
0.2395700062  
0.5107972034  
0.557943796  
1.221580035  
0.2483596207  
1.484377403  
-0.6913140717  
-0.1418391483  
-2.383708575  
-3.336778545  
-3.159451476  
-1.925653532  
-0.9100078206  
0.1352982499  
0.9511157134  
1.751808848  
1.800826623  
0.9095962719  
-2.199634045  
-2.035387937  
2.477664377  
1.588486049  
0.5314995878  
0.5016141212  
0.3646380476  
-0.1186521202  
-1.220117483  
-0.4738075359  
-1.327697904  
-0.2402724767  
0.8516771388  
0.8603208232  
0.8586112665  
0.964803869  
1.057118306  
-0.1338050774  
2.389116839  
2.595611516  
0.755104784  
-0.4372659961  
-0.7486252257  
-0.3926633174  
-0.6074182817  
-1.175644919  
-0.7507307228  
-0.1768797378  
-0.2040197218  
-0.2465391484  
-0.139974362  
-0.006755069532  
-1.029868788  
-0.5980967191  
-0.2446511992  
-0.4082906045  
0.338601623  
0.9135502085  
-0.06476682547  
0.1869937427  
0.2409262598  
0.02486182021  
-0.6587062299  
-2.654988984  
-1.023229568  
-1.194579849  
-1.257667359  
-1.408667284  
-1.713266121  
-1.690155917  
-1.307720985  
-1.556350919  
-1.379197525  
-2.744223011  
-3.960469394  
-1.989788968  
-1.162206513  
1.672016069  
-0.2007395696  
2.433628534  
0.6338374338  
1.251283547  
1.318429672  
1.120048231  
1.102278809  
1.490739159  
1.42750296  
1.182151465  
1.252330712  
1.619255783  
1.054614469  
0.7704496606  
1.211464219  
1.089872908  
1.056418604  
0.8292166211  
0.8059886554  
0.506748409  
0.6822333421  
0.2886254586  
0.3503635422  
0.4244333708  
0.6796888615  
0.4676357688  
0.2263237088  
0.3271289442  
0.267285209  
0.1596677911  
0.2296217019  
0.3575373779  
0.5036326224  
0.5770533872  
0.3768611896  
0.2807883219  
0.4124074632  
0.01593071793  
-0.001629399789  
0.1972271722  
-0.1570568513  
-0.06087382304  
0.08397643287  
0.2280708123  
0.0224235942  
0.2026190132  
-0.1558956564  
-0.3161111616  
-0.08025827541  
0.1218435647  
0.01524836859  
-0.01715897869  
0.1635315262  
-0.02163962375  
-0.146120538  
-0.1407573979  
-0.2948957251  
0.02098443415  
-0.278614746  
-0.03641133688  
-0.1817833489  
0.02990587526  
-0.2656668512  
-0.0594096017  
-0.09363274893  
-0.06634369585  
-0.1440532385  
0.6835784518  
0.01160572048  
-0.02561014136  
0.01380317244  
0.07760689632  
0.1117207447  
0.2618810381  
-0.2963251881  
0.3103019642  
0.1319821772  
0.00376836552  
0.3016112549  
0.2784445758  
0.167269606  
-0.1354350231  
-0.3346667643  
-0.4079269326  
-0.1044485542  
-0.1203078333  
-0.08082108995  
-0.05450761069  
-0.1766786787  
0.1700664849  
0.1302443405  
0.06932404937  
-0.2370469578  
0.1193283877  
0.185606421  
-0.3024017917  
0.2779689514  
0.07340267887  
0.7867598041  
0.4239274479  
0.1383682261  
0.03072132265  
0.0006910820641  
0.5795049402  
0.258109652  
0.453063165  
0.3730243781  
0.4346663327  
-0.003280626896  
-0.1624395179  
-0.3761743528  
-0.201416231  
-0.2712748813  
-0.2272051213  
-0.1439019369  
-0.1177046841  
0.2777247113  
0.442955144  
0.5293872037  
0.2572622002  
0.5397983621  
0.136887374  
-0.07732545292  
-0.1241217409  
0.2189904197  
0.2548055011  
0.3926896787  
0.6015428814  
0.611828381  
0.4864728652  
0.7045812056  
1.063168982  
1.015254921  
1.161440391  
1.029255341  
0.6543186972  
0.9948179328  
1.215346727  
1.118343258  
1.35095496  
1.484785522  
0.5223420768  
0.4544684622  
1.138640563  
1.359186355  
1.406524725  
1.391986294  
1.300593977  
1.514083043  
1.401781716  
1.503932518  
0.5946687675  
-0.3921278392  
-2.682841306  
-2.556413813  
-1.967329592  
-1.916875805  
-1.639029982  
-1.779795633  
-0.2635387179  
0.4149661637  
0.3631184683  
0.680955997  
-1.038711881  
-0.9865660848  
0.1659696116  
0.1078798458  
0.3023286963  
-1.557359488  
-3.503067709  
-2.108308749  
-3.778888447  
-4.530022023  
-0.6916023651  
-0.4722216342  
1.061449337  
0.8252688079  
0.3458604594  
-0.5515590666  
-0.8015776458  
0.601424194  
0.9702484433  
0.98282968  
1.284398114  
-0.4716170226  
-0.2214473941  
-2.085355218  
0.6607089257  
0.4453270149  
0.7530503624  
0.6797188453  
1.078305803  
1.100305668  
-0.7763440913  
-1.6151167  
-2.454488313  
-0.4858240964  
0.3908220715  
0.2747395271  
0.4647611003  
0.04671718181  
-1.394140963  
-4.64915442  
-0.7022730835  
0.5737676436  
0.331081043  
0.6602318867  
-0.6625956355  
-0.03418027076  
0.4152064931  
0.2892969072  
0.5663586175  
0.3038328597  
-0.7134339526  
-1.261980456  
0.007488841064  
0.327041443  
0.6421183305  
0.198804688  
-1.030289914  
-0.4530048297  
-3.107630432  
-3.22307324  
-2.708390083  
-3.808441337  
-3.114044092  
1.0191265  
2.399469499  
2.668636469  
0.6706842256  
-0.152562938  
0.7496358562  
0.6996416125  
0.473452401  
0.5331997154  
0.554800575  
0.8075715655  
0.9288877955  
0.5681212805  
0.7504601933  
0.6407558092  
0.561252514  
0.43694877  
-0.4500874088  
-0.3432569715  
-0.3489866477  
-0.5939768842  
-0.5778896211  
-0.3487455081  
-0.3742583707  
