0.8354034466  
1.077415513  
1.145974284  
-0.1602603304  
0.5483491418  
-0.6378449134  
0.1609452411  
0.8755470181  
1.611640203  
-2.700384839  
-0.9922335544  
0.6635869811  
0.5964897805  
0.907574705  
1.529270919  
-0.4414963612  
-1.078926163  
-1.10528642  
-0.7846504288  
-0.9622322217  
-0.06739632224  
0.1931062667  
-2.028832768  
-0.4120124629  
-0.7712101533  
0.2706275111  
0.997467289  
-0.9832867688  
-1.015981967  
-0.1671170686  
-0.5375560945  
-0.2401355206  
-0.2712149174  
-0.1885770958  
-1.340161869  
1.210687318  
-4.088381462  
-0.7341050016  
-0.09880310547  
0.4806500808  
-1.482051364  
0.06951930109  
0.2445910062  
1.320131277  
1.645250946  
0.489195362  
-0.3540965596  
0.3636376931  
0.4437908867  
0.1036162549  
-0.1775069127  
0.02815239706  
-1.460940202  
-0.2263877886  
-0.2215569115  
0.740686979  
1.401808511  
1.104630758  
-1.310951507  
-0.2673078487  
-0.1733104234  
1.020701074  
1.154714213  
1.144001193  
0.4230081124  
0.466466678  
0.270716442  
0.2201078905  
1.168173907  
1.376381982  
0.3270157201  
0.7841879114  
0.7648189145  
-0.342020553  
0.4414093328  
0.3866431367  
0.1483477103  
-0.5227533556  
0.2957638045  
-0.7409994821  
-1.382088606  
-0.08082245393  
-0.1820470382  
-3.706883921  
-1.03221763  
-0.5879883646  
0.5548591158  
1.147616607  
1.978384219  
0.01352562048  
0.3733590976  
0.5675796785  
0.8474481314  
0.9918004306  
0.3426391218  
-0.8418172632  
-0.6369672687  
0.06472471079  
0.7464639832  
0.5089966476  
-0.9070173403  
-1.184092986  
-1.071910468  
0.05508973884  
1.057088408  
1.610342538  
-1.071383339  
-0.1427585608  
-0.2015310873  
1.18324797  
1.078707508  
1.536789454  
-0.3619442589  
-0.784409455  
-0.6494541577  
0.2965914924  
0.04543522944  
-0.04396143991  
0.7165324923  
-1.317944032  
-0.6262954718  
-0.7819869232  
0.1462844047  
-2.415772255  
0.3112489427  
-0.9937479473  
0.1166072558  
-0.6321012597  
-0.2572947868  
0.05623557133  
0.7638973935  
-1.4461298  
-2.084968592  
-1.140633067  
0.0242762243  
1.136499861  
0.7074781137  
0.6523615434  
-2.059957091  
-1.564148285  
-0.322949286  
0.8764805482  
0.6695117908  
1.53309289  
-0.5786245373  
0.8330037405  
1.120036531  
0.8506886089  
1.230874006  
0.9860389082  
-0.9764162586  
-0.8738131897  
-3.146373533  
-1.241200796  
-0.2375960379  
-0.07708508683  
-2.161424418  
-0.5323101528  
-0.4404592139  
0.6747484731  
1.109239656  
1.102845645  
0.3207977534  
0.2415492445  
0.8899817769  
0.444405867  
0.4964147351  
0.4246498497  
-0.02852512023  
-0.03539899204  
-0.1104422029  
0.5627702375  
0.9419981712  
2.097791731  
0.9244673885  
-0.8820155442  
-0.6998296761  
-0.7165836225  
-0.7014831614  
-0.2520193812  
-2.073542643  
0.30526532  
-1.086124741  
0.2657514314  
0.4104369236  
0.7925716536  
0.4277038074  
-1.251337805  
-0.1116884536  
0.5829974819  
-1.521070659  
-1.227619661  
1.298929625  
0.4089375585  
1.413104489  
-2.546105315  
0.02046067475  
0.06450179804  
0.8776973934  
-1.736183527  
-0.02913110113  
0.2583585877  
0.5038631308  
0.06563558635  
1.128790964  
1.282399952  
0.0008026723628  
1.297973807  
-0.6562114842  
0.6347184602  
1.25417332  
-0.7220469272  
-0.641070769  
0.1021823046  
0.6647093157  
0.8509275212  
0.4946536107  
-2.085121325  
-0.8855906477  
-0.7014349818  
0.003679365816  
1.036165622  
0.561440362  
-0.6326284456  
0.3336069656  
0.4632085992  
-0.242740323  
-0.2861696937  
-0.1528194285  
-4.00551643  
-0.5654233932  
-0.484811825  
0.4419159467  
0.5682312935  
0.6246104608  
0.1765377725  
1.29241461  
1.161303376  
1.156707648  
1.384800694  
-0.04557035916  
0.4820414251  
1.206631597  
0.8794291712  
1.404798691  
0.421369177  
-0.2851532932  
0.8820784589  
0.941714761  
0.2920165947  
-0.201850821  
1.667545913  
0.9851376976  
-0.5489437808  
0.6099162253  
-0.2625186398  
1.159954865  
1.260888128  
1.10818244  
-1.286069309  
1.097503013  
1.238394577  
0.820657625  
-2.822296463  
-0.1702108111  
-2.744022194  
-0.9953671687  
-0.7544486526  
0.7791958296  
1.218126272  
1.410781587  
0.02847468733  
-0.01134283182  
0.5216295043  
0.7486868937  
0.315630765  
0.05743819012  
-1.252473045  
-1.04955163  
0.05892738381  
0.01775436699  
0.3563478585  
0.541532922  
0.04297056091  
-0.0857917862  
0.3952162074  
0.5313247985  
0.2111712872  
-0.1863684891  
-0.1810534658  
-0.7812953409  
-0.7754145473  
-0.9365772968  
-0.589684097  
-1.432136679  
-0.6551465598  
-0.977364618  
-0.4260464142  
-1.009797111  
-0.5735651577  
-1.166601856  
-0.9373309095  
-0.4378589593  
-1.000997464  
-3.911724192  
-1.768714373  
-1.388619804  
-1.24659385  
-0.2485624005  
-0.8458251831  
-1.149211519  
0.3453490358  
1.274354318  
0.9985973828  
-0.5864812366  
-0.05923861697  
0.9620765777  
1.536982562  
1.740732088  
0.3211015932  
-0.4066848907  
0.4999631583  
0.8834142666  
0.8987842393  
0.9415140731  
-0.7810314202  
-1.675795508  
-0.3128076753  
0.8472016293  
1.557035267  
1.908088972  
0.6386896982  
-0.6942486985  
-0.3390019852  
1.142584239  
1.765890243  
1.854928875  
0.03066932625  
2.105592569  
-0.812668131  
-0.2777304617  
-0.8185486599  
-0.9953786019  
-3.806126654  
0.09008550802  
-0.4745030996  
-0.3137587011  
0.3467319669  
-0.09547506733  
-1.413836999  
0.4863736194  
-0.02786301805  
0.71499959  
1.425625308  
1.068009346  
-0.2519972742  
-0.555469296  
0.9501122473  
0.05372513593  
0.4560704494  
0.3978870215  
-2.46425786  
-0.5503800563  
0.6595502866  
0.1540355173  
-1.460630206  
-0.1644504712  
-0.2955003285  
0.368902771  
0.3270449479  
1.330690859  
1.56748855  
1.324853418  
0.3974122756  
-0.4779294655  
0.02116871649  
-0.3050639435  
0.3897025805  
0.06329881787  
-0.3215506989  
-0.1635777853  
0.7712233598  
0.3120421219  
1.482077021  
-0.5745575846  
0.01132074065  
-0.1069351769  
-0.3731823903  
-0.5535706406  
-0.5559426402  
-0.6370899463  
-0.8484607481  
-0.4942111188  
-0.2943495586  
0.5786694093  
0.5424148967  
0.0009199445337  
0.6129890955  
0.3783029561  
-0.02934322976  
0.3551507415  
-0.2686764197  
0.146283357  
-0.6149047253  
-0.07575863065  
-0.8835183447  
0.2674675055  
1.203633167  
1.372568285  
0.03184338537  
-0.5165216855  
-0.6983722685  
-1.821378935  
0.2928113046  
0.1912604886  
-0.03138932346  
0.1555455669  
-0.45640671  
-0.6020637117  
1.306402843  
1.411926239  
0.05339431636  
0.5159514418  
-0.07921499109  
-0.1471095965  
0.1189176335  
-0.5602076674  
-1.070034384  
0.02739288292  
0.4141096565  
0.04952113003  
0.7564580027  
1.149669166  
0.5903455629  
0.3978912637  
0.6539359238  
-0.06658207973  
-0.2220811213  
0.8674418404  
-1.245658571  
-1.06943414  
-0.6204126394  
-0.09386844096  
1.001130716  
0.934251591  
0.7908800928  
-0.6611642253  
-0.2123040319  
-0.1321207939  
-0.7843089647  
-1.50119581  
-0.629957279  
-1.779372461  
-1.46637881  
-1.298736674  
-0.3605099567  
1.371094424  
1.002944819  
-2.668322541  
-0.7579410183  
-0.4968328882  
-0.3176122633  
0.9795036451  
1.46427794  
-0.922913627  
1.022648121  
-0.1823068724  
-0.252900057  
1.065421705  
1.270216715  
-0.7729647128  
-0.06351881  
-0.4206384534  
-0.09074948215  
0.02538636078  
0.5579860554  
-4.184170645  
0.6191902648  
0.5792636774  
0.8107024489  
0.1891260376  
0.2881415869  
-1.221246847  
-0.836760657  
0.2171057231  
1.008791053  
1.373225644  
1.365989617  
0.9788122143  
-1.128782019  
0.9276447087  
-0.4455256663  
0.01534046455  
0.1922640858  
0.3921115862  
-2.042871782  
0.5825802163  
-0.4992342444  
0.9085395269  
1.224815316  
0.6101515226  
-0.6159931484  
1.043756914  
0.5966554739  
0.788142684  
0.6736558682  
0.620387129  
-0.4862380448  
-0.2410743791  
0.4148512065  
-0.2559196025  
0.2401692865  
0.2357297348  
-0.4587152854  
0.3111325888  
0.1569005923  
0.6580775297  
0.3546919806  
1.192885338  
-1.563498432  
-0.6876723575  
-1.286620555  
-0.5087523324  
0.04891631907  
0.1597149601  
-1.663178197  
-1.135704384  
-1.703447185  
0.7427167249  
-1.293740834  
1.228430566  
-1.306186257  
-0.02836026745  
-0.5259038076  
0.7946795963  
1.936215772  
1.086220933  
0.9752020874  
0.5207027961  
1.127674856  
0.1123912309  
0.8960288748  
1.294967403  
0.6094366223  
-2.57995916  
-0.5102390284  
-0.6200325022  
0.2638767359  
0.9071783848  
0.7922601859  
0.1618828173  
-1.16058925  
-1.419273238  
-0.0361011181  
0.9175013472  
0.8974197379  
1.045721415  
-0.3266975058  
0.9136903381  
-0.246310579  
-0.6823034134  
0.2266986307  
0.7016403789  
-0.8648851144  
-0.9726500033  
-1.037959758  
-1.376718099  
0.6622723027  
0.8356205542  
-0.2431238485  
0.04039556172  
-0.4194745168  
0.2496925193  
-2.028735212  
1.085837937  
-1.498161285  
0.3172518156  
-0.1975251072  
-0.8257693823  
0.1079831758  
0.3926303764  
-0.357294888  
0.2225678048  
-0.1548511787  
-0.316234397  
-0.2777970099  
-0.3541761617  
-1.457413711  
-1.767391127  
-0.4973028146  
0.4113764637  
0.6925895657  
1.404188341  
-0.1365697529  
-0.5018830311  
-0.813499051  
0.4227964832  
0.8002126636  
0.6269810613  
-0.3796093049  
-0.3288352534  
-0.2844296547  
-0.08050032976  
1.157011435  
1.052969016  
0.4788180439  
-0.5327640706  
-0.07672762228  
0.4089852621  
0.8536928364  
1.54925172  
0.2475525932  
-0.2958114591  
0.3726101405  
1.167117073  
1.458045799  
0.8240002243  
0.167499798  
-1.038971117  
-0.9390369077  
0.3297006666  
0.4140449825  
1.824900619  
0.7882759822  
-1.209938855  
0.3047762353  
-0.3673812446  
1.344529843  
0.005024849658  
0.9609572239  
-0.9534394036  
-1.327625547  
0.6939641307  
0.5037670712  
-0.2611492966  
-0.05473520666  
-1.77574127  
0.04423480999  
-0.496624375  
0.752690458  
0.2033054086  
-1.795215359  
-0.001990011817  
0.7866831268  
-0.1294273272  
-0.3278523651  
0.7903609451  
0.5246567468  
0.4597742867  
0.5036799712  
0.4188972857  
-0.2685343305  
0.312845356  
0.326152622  
0.4985036951  
0.1235925439  
-0.6619577182  
-0.608289819  
0.2365520463  
0.3144229326  
0.2816131718  
0.3762780541  
-0.3649931235  
-1.291087936  
-0.8883846247  
-0.5154702649  
-1.166058619  
0.2323172312  
-2.404218677  
-0.3676183715  
-0.427797312  
0.02492898497  
0.6758874674  
1.034816483  
0.4811180896  
-0.2000594676  
0.01875716189  
0.3709656363  
0.1411904497  
-0.5882829994  
-0.9999055368  
-0.4081197632  
-0.5223987735  
-0.3455902624  
1.267954091  
0.5998131101  
-0.8485098086  
-0.0585906442  
-2.220470449  
-0.6421786174  
0.2683651756  
0.2591588159  
-0.2810990012  
1.121929634  
1.196823998  
-1.458399733  
-1.053563872  
0.2554750644  
-0.6826662043  
0.1185590047  
0.4959860917  
0.5010163977  
-0.01530178065  
0.3440017932  
-1.221446632  
1.098002338  
1.441842202  
0.6664721723  
1.492513118  
1.229712598  
0.6998633441  
-1.509324788  
-0.2793574387  
-0.5787094867  
0.02455587472  
-0.9101891936  
0.01579696662  
0.4253827161  
0.4549030833  
-0.6085762804  
-0.7175108934  
-0.6389143862  
-0.1381740308  
-3.299084781  
-1.487295111  
-0.8111121821  
0.4611057802  
0.7188792627  
1.02084001  
-0.09002221015  
0.9438584457  
0.8916819655  
0.7955444905  
1.144940332  
1.522608618  
0.5355047774  
0.05447762209  
-0.1408583066  
0.3933487284  
1.300206436  
0.8985792855  
-0.491811839  
1.181902997  
1.090526843  
0.9345551839  
1.220917368  
0.8013502912  
-0.4130826414  
-1.524607621  
-0.9372913668  
0.3547114403  
0.4991897901  
1.19475292  
0.7599887017  
1.418640583  
0.5084429131  
-1.674953018  
-1.53777666  
-1.104675358  
-1.371448825  
0.781926666  
0.411967809  
0.4341442281  
0.6215368453  
0.9508202897  
-0.2444669236  
0.5664826417  
0.7422880478  
0.657703688  
-2.302823246  
-0.5626160254  
-0.9766843884  
-0.4059454464  
-0.9313493254  
-1.092725713  
-0.9485140571  
-0.1268069986  
-1.078761755  
-0.7433806443  
0.2868924344  
-0.6273118188  
0.3769894599  
-0.7554213359  
0.1691779698  
-0.2368450358  
0.5941932304  
0.7330975444  
0.8557735669  
0.4982523512  
-0.0346686189  
0.5397798587  
-0.2559485758  
0.3719332085  
1.458219598  
0.6397349545  
0.8694370338  
-0.9345707695  
0.1685400984  
-0.3677000099  
-0.3135309482  
0.3601706834  
-1.405260273  
-0.5346001662  
-0.401812908  
-0.243419187  
-0.2961095542  
0.2545572375  
-0.2027237052  
-0.8613369759  
-0.7759394771  
-1.1097454  
-0.4992874577  
-0.3072049063  
0.01252394493  
-1.139280406  
-0.0803692922  
-0.5982867897  
0.5432718741  
0.2418203698  
0.8896490035  
-0.08481846705  
0.9096249589  
0.4909056332  
0.7529097105  
0.3370477385  
0.4571020413  
1.045006784  
-0.3264865516  
-0.3628478141  
0.6681977786  
0.4591689222  
1.206333449  
-0.5647406193  
-0.5985099047  
-1.040445429  
0.05252580674  
0.8624157915  
0.3540271322  
1.176811788  
0.1440602612  
0.3624158257  
-0.3405727521  
-0.3025125439  
0.8483894419  
0.8283120144  
-2.784403735  
-0.8772234177  
-0.6068446397  
0.3592255835  
1.080336447  
0.4410256383  
0.8729246195  
1.348190612  
-0.6933859479  
-0.6880869251  
-1.477660348  
-1.361310555  
-1.349943047  
-0.9604297172  
-0.7740588427  
-1.057030121  
-0.2559767992  
-0.2036317692  
-0.9391883896  
-0.3662512215  
-1.214563542  
0.476439499  
1.125068782  
0.6239554368  
-0.1781661607  
0.2696329568  
0.1630647213  
1.644851717  
0.4549492097  
0.8207518754  
1.031548697  
0.6033608702  
0.7847289159  
1.321563863  
-0.9185410344  
-0.6155164166  
0.00383242631  
0.1723714382  
0.1063625947  
0.8383434187  
-0.1500981188  
-1.544362462  
-0.2321241404  
-0.3114219439  
-0.06163675123  
-0.06403177321  
0.3745789507  
-2.480008089  
-0.8632731516  
-0.683992666  
-0.7239577239  
-0.1717336719  
-1.424470641  
0.3689725646  
1.184918153  
-0.2129431349  
0.6387088089  
1.717176021  
1.470525211  
0.475943022  
-1.995409331  
-0.7697239583  
0.248489845  
0.5406112311  
2.628514293  
1.869884635  
1.119503236  
0.48021881  
2.195876286  
2.533017686  
2.348143963  
0.239949104  
-3.128054124  
-3.821375952  
-0.01463978134  
0.3567434103  
-1.035090294  
0.1841699591  
0.818949429  
-0.734034008  
-1.403521493  
-0.09377323283  
0.3621552033  
-0.2100635091  
0.9371331837  
0.1267997866  
-1.199179915  
-0.933689405  
0.1059920833  
-0.7355720067  
-0.271022416  
-0.5802627255  
-0.9388585384  
-0.7092950831  
-0.1736037433  
-0.2656726764  
-0.2007903091  
-2.369808103  
-0.6452965736  
-0.9861189926  
-1.748906955  
1.671195533  
2.279718918  
-2.301743063  
0.3861394746  
0.6371070236  
1.955527802  
2.470620297  
-0.06924633187  
-1.865791577  
-0.8361013697  
-1.389076107  
-0.6089793382  
-0.4416400779  
0.01038120242  
-0.9808878849  
0.6951733541  
0.5471538958  
0.1222380225  
-0.6410305875  
0.1988541774  
-0.7301681105  
0.01939013213  
-0.3885414875  
-2.384831797  
0.823837109  
3.383298922  
1.50831049  
1.445838197  
1.684121818  
1.483064694  
1.306430391  
1.827734778  
1.637744785  
-1.284868656  
-2.220490749  
-2.530756706  
-2.499552581  
0.5678710107  
2.616794232  
-0.3318243772  
1.541238347  
1.346190145  
0.5604236885  
1.44721231  
1.494985135  
-0.3345588298  
1.000426639  
0.299128009  
0.6752940779  
-0.8624843979  
-2.032984443  
-1.169414068  
0.1739570101  
0.4383314748  
0.05536654805  
0.1569256149  
0.3786592534  
-0.08532117047  
-0.342847558  
0.08931801579  
-0.3595570481  
0.05615174864  
0.3073661461  
1.041988948  
-0.03069352527  
0.1731316355  
-0.2739307193  
-1.734139011  
2.557329731  
2.290118912  
1.994929629  
1.089520179  
0.7925463737  
0.5080852682  
0.8704476126  
-2.244793594  
-2.412051616  
-0.8098603516  
-0.6809323478  
-0.289982454  
-2.256102997  
-0.6092237004  
-0.3770436961  
-1.281212333  
-0.8678896283  
0.8670348155  
-0.3543991713  
-0.7590663691  
-1.439385058  
-0.9380990761  
-0.9490125219  
0.3637071384  
0.199824407  
-0.04153331609  
1.30179517  
2.067421157  
1.821492885  
1.46319794  
1.457763925  
1.726020313  
-2.409922998  
-1.703220022  
-1.377323123  
-0.8684854083  
-0.1416555728  
0.9507366093  
-0.3333801612  
1.315967926  
-0.1319014206  
0.7839393357  
0.6126565092  
0.7458950469  
-0.1873670499  
-0.1810966092  
-0.2407475699  
-0.1792777584  
-0.3158998334  
0.1733688  
-0.6639500274  
-0.4776386356  
0.3346206261  
0.08099573129  
-0.1367786793  
-0.2910203807  
-0.1896972565  
-0.1869488891  
-0.2902404178  
0.6878463451  
0.9959882602  
0.847082963  
0.2732824008  
-0.6171929641  
-0.8826005009  
-1.279415847  
-0.8742620109  
0.01613009611  
-0.859478299  
-0.7240019646  
-0.7511534777  
-0.1256069965  
0.1237055613  
-0.2274726817  
-0.3789483942  
-0.2764010014  
0.1885534278  
-0.08210351914  
0.253759099  
-0.1720360741  
0.9573807759  
-2.145153707  
-0.4597538577  
-1.124249345  
-0.01980612164  
0.8567539841  
0.1624347541  
1.45762511  
1.186235612  
0.7099754752  
0.2764424015  
0.2869688655  
-0.2217943952  
-0.1000028425  
-0.2691490822  
