2.073745793  
1.997406004  
-0.9407820854  
-0.7251406842  
0.008099748608  
0.6904188849  
0.05318595021  
-0.5838188758  
-0.09421226617  
0.8084477095  
-0.4307759199  
1.224917265  
0.1661059988  
-0.2023212977  
-1.337120503  
0.2466266271  
-0.9342060496  
-1.122472187  
-0.3678351622  
-0.6749747952  
0.2392753066  
-0.8129948094  
-1.432360464  
-0.7598249392  
0.4809041476  
0.3719511342  
-0.8731446383  
-0.9270054672  
-0.5973714175  
0.3536744967  
0.05374400649  
-0.009771836399  
0.1029038159  
0.2395218679  
-0.1497388329  
0.3342686773  
0.9037252904  
0.09675864065  
0.3833416262  
-0.06977359494  
-0.3386589599  
1.001448537  
-0.3663023568  
-0.503962884  
-0.667298698  
0.2113627811  
-0.07225937609  
-0.72582171  
-1.324348239  
-0.7694187613  
-0.4946460583  
-0.31771513  
-0.06255784601  
-0.8346236499  
-0.6564048355  
-0.09284180361  
-0.5630651122  
0.6887502629  
0.1121292163  
1.457610041  
1.051812923  
0.5484675405  
1.328950532  
0.8893224651  
0.2699241565  
0.5012870885  
0.3084088085  
0.9278056019  
0.2288061574  
-0.5926637154  
1.028738169  
1.24968752  
-0.01701335136  
1.131313243  
-0.004406234273  
0.4009460416  
1.088105719  
0.05487742464  
0.1245562587  
-0.09938307587  
0.1840937743  
-0.6824007298  
-0.671390336  
0.306500932  
0.007848679222  
-1.955606038  
-1.273900335  
-1.798208859  
-1.039746097  
-1.141772175  
-0.9454156886  
-1.985930508  
-1.16645347  
-0.2582084427  
-0.311386877  
-0.1571885901  
-0.3614328102  
0.196610023  
0.207195571  
0.06895428189  
0.1251332023  
-0.4386690435  
0.09676390613  
0.2115832857  
0.5493426289  
1.142093153  
1.702927159  
1.190069128  
-0.2498000957  
0.6014785865  
0.2188536147  
0.5662530826  
1.196537341  
-0.4342260549  
-0.8862038157  
0.579814035  
-0.2336115916  
0.6406187058  
0.5344783377  
0.1009955999  
0.9620754852  
-3.076775301  
-1.155846357  
-1.056862952  
-1.636330157  
-0.03006341259  
-1.997614849  
-0.2387909419  
0.218421437  
-0.7345031279  
-0.3639469121  
-0.4292945122  
-0.6181414968  
-0.6116780664  
-0.3780286717  
-0.4608659009  
-0.2708252901  
-0.3358874577  
0.507037911  
0.9612186552  
1.927250328  
0.601920311  
0.9959929963  
1.060310032  
1.189547179  
0.9862410112  
0.9974327288  
0.03170021326  
1.186802823  
0.4549689781  
0.370270909  
0.3612665294  
1.314216502  
0.889479814  
0.4216122503  
1.480562269  
1.586513761  
1.043076904  
0.005302975897  
0.5634279902  
0.8282605882  
0.03998633433  
0.9429499772  
1.560856831  
-0.1501638205  
0.6706086481  
0.4136355408  
0.4675744545  
1.495181491  
1.620095226  
2.148026683  
-1.309888132  
-1.288795756  
-1.759227574  
-1.426518512  
-0.9150586479  
-1.835849296  
-1.016459472  
-0.6836737579  
-3.962783526  
-0.3645710436  
-1.676963803  
-1.374666259  
-2.475059645  
-0.9363830113  
-1.377327471  
-0.9085826269  
-1.165747326  
-0.6202794124  
-0.2516405065  
-0.3518956795  
0.02335464033  
0.1145573412  
-0.02656341513  
0.2577867463  
0.5109405119  
0.07070098424  
1.138608074  
1.313155129  
-0.03575902099  
-0.03310149392  
-0.2517934413  
0.7269994014  
0.592575856  
0.2285436559  
0.1616839056  
0.5257571495  
0.9537875953  
0.50451556  
0.5742082691  
1.283518043  
1.595792216  
2.83781543  
1.159569367  
1.152836458  
0.8409811073  
1.550086122  
1.999246477  
1.207935471  
1.545966243  
1.256857834  
-2.786345017  
-0.7803768839  
-0.6722117258  
-1.148519891  
-2.145510722  
-0.7399299917  
-0.762311687  
-1.019718024  
-0.520561818  
-0.1734695674  
-0.2178290287  
-0.3251637143  
-0.2278705743  
0.7723344779  
0.2471089211  
-0.07808821617  
0.2446337964  
-5.028427248  
1.140109644  
-2.615631234  
-1.335939347  
-0.3570424905  
-0.2639460363  
-0.9780706807  
-1.184799707  
-0.0206180871  
0.7361143606  
0.8694844735  
-0.3553282574  
0.713208257  
-0.6189919505  
0.443210184  
0.3787262681  
0.08962824244  
-2.896953993  
-2.421196801  
-0.2449587533  
-1.432086044  
-0.4717011325  
1.042500833  
-0.4242218524  
-0.26535627  
0.2464421625  
1.865669968  
0.5045512062  
-0.3013331144  
-1.075189861  
-0.4590894966  
-1.971283506  
-1.140440154  
-0.6898566618  
-0.3972911357  
-0.211116275  
0.8770146159  
0.2621200661  
0.705752921  
1.349262242  
0.1831871564  
0.8978325034  
0.1457554212  
0.726584964  
-0.6123804421  
0.9828974277  
0.486583925  
0.7475105945  
1.000488584  
1.290012717  
1.60492687  
1.262059707  
1.14308143  
1.21615746  
0.624047363  
-0.5936266297  
0.5274173785  
1.945125757  
0.02535769917  
0.1657369315  
-0.4704193411  
-0.4426551136  
0.4662296311  
1.75933768  
0.03409062681  
0.08341969168  
0.5837567558  
0.5951340855  
0.760543801  
2.012802296  
1.166062427  
0.9688903031  
-1.920886509  
-0.7277567288  
-2.875650145  
-0.9278116352  
-1.679912647  
-1.488144659  
-1.351659868  
-0.8208678664  
0.03634855147  
-0.1674162818  
-1.232962647  
-0.4625660537  
-0.1060489373  
0.6133810014  
0.4962701989  
1.592319413  
0.2171706335  
1.214518629  
-4.011357071  
-1.575957025  
-1.711003276  
-2.101241608  
-0.7792040414  
-1.058297747  
-1.772997235  
-1.00881549  
-0.711616063  
0.1721869963  
-0.2154526656  
-0.2755805283  
-1.017992618  
0.6024483834  
0.8534352157  
1.143776143  
0.5951475046  
-0.694252129  
1.872110225  
0.338039145  
1.630301889  
0.3910564257  
1.266206063  
-0.3947307455  
-0.07277954681  
0.561978423  
1.018527758  
1.446428889  
0.8672268042  
1.274075035  
1.298406103  
1.139425827  
1.305341425  
1.535590651  
0.8324457701  
0.7026733651  
0.0487637063  
0.2909792931  
0.6862680229  
0.7623625043  
0.9319064602  
-2.992734744  
-4.77646079  
-2.482605088  
-1.187651849  
0.3603069549  
-0.8050051431  
-3.093620419  
-0.18995714  
-0.1469971386  
-1.047963216  
-0.6229678673  
0.4173555997  
-0.356337229  
0.09555972507  
0.4470456875  
0.9181561005  
1.497316065  
1.55655727  
0.4184515126  
1.437241279  
0.5417093739  
1.712879176  
1.729220775  
0.8903036843  
0.6930756296  
1.02227342  
1.539373927  
0.6076108332  
0.9056244308  
1.393912237  
0.5010058545  
0.3808151739  
-4.7623746  
-1.344378261  
0.5547124165  
1.223023669  
0.3226356576  
-3.67768412  
0.1037603713  
0.7836297032  
0.0887419487  
-0.5165095133  
-0.05158108133  
-0.08661996156  
-0.3888308537  
0.2360901926  
1.215635588  
1.045392918  
-2.772712999  
-2.503609108  
-1.923495909  
-1.656236058  
-1.355616113  
-0.2279379486  
-1.191961273  
-2.260342869  
-0.01273787648  
1.197610734  
0.01660385152  
0.007294228517  
1.259548328  
1.131711459  
2.097754836  
1.778724953  
0.3969043226  
1.322791837  
0.610526942  
0.9131150559  
1.260093391  
0.2331242858  
0.4150809215  
-0.04927176908  
0.03170628985  
0.5936330575  
1.348381717  
0.5902152809  
1.143072536  
-0.08711302177  
0.3645296121  
0.06503006073  
0.4878309952  
0.3799285611  
-0.06957441852  
0.7335479992  
1.401369918  
1.879040183  
1.20175601  
1.082748084  
0.6974844363  
0.5154558235  
0.3478358368  
-4.740894297  
-2.90967877  
-2.358155275  
-0.8707522992  
-0.3374375646  
-3.355281018  
-2.848484984  
0.07567532623  
0.3109135256  
0.416045856  
-1.36112659  
-0.09888810795  
0.08507864169  
-0.5929790495  
-1.373333723  
-0.04890503  
-0.005117785638  
0.7219766535  
1.843831039  
0.7719146417  
0.7970774479  
1.030457049  
1.478184595  
1.476113438  
0.8501816307  
0.6251088773  
1.202914319  
-0.6107972073  
0.02882535765  
-2.631131921  
-0.4305191832  
-0.04751707755  
-0.2789559768  
0.0623866547  
-0.1083651041  
-4.906893961  
-1.104081161  
0.189998225  
1.472280508  
0.04317453489  
-1.611996392  
0.03228978618  
-0.04674591109  
0.8929953306  
0.8274316088  
0.01447542865  
-0.9917534271  
0.9859037905  
-0.04197136918  
-0.01160232424  
0.6925297464  
-1.439529464  
0.02182046335  
0.01303902231  
0.6625321948  
0.3414496598  
0.8116456158  
-1.682147263  
0.6248481296  
0.0762829224  
-0.5254034118  
0.7653120213  
0.2740660173  
-0.5811361896  
-0.03377578413  
1.012726921  
0.5687229504  
1.236274031  
0.8211176764  
-0.1455856509  
0.1317037892  
-0.4036069459  
1.20817266  
1.101113086  
1.153631576  
1.353003594  
-0.1191545768  
-0.3558735055  
-0.8740403463  
0.6070022507  
0.09325927198  
-2.527079449  
-2.964714345  
-0.3656608019  
-1.270568873  
-0.1573252428  
-0.2774629958  
-3.711565403  
-1.497000737  
-0.3705265072  
0.5302035526  
1.212823762  
-1.229544703  
0.6131276938  
0.5084664519  
1.138519617  
-0.06246535192  
0.4482749426  
0.6046410184  
-0.6398642033  
-0.3632856907  
0.6103922356  
0.5063384438  
0.4502272573  
0.7355620542  
0.3568424394  
-0.8434529693  
0.2088692343  
0.3102080789  
-0.141282248  
-0.3166800787  
0.4043086358  
-0.07861013768  
0.8655754501  
0.4705206491  
-0.5595366173  
-0.3851727345  
0.1616219782  
1.091005032  
-1.003509607  
-0.8883288965  
0.4009906336  
-0.5587524381  
0.9430505545  
1.278452394  
1.234722833  
0.2398577002  
0.5518396236  
1.47291383  
-0.8497613033  
0.002276721596  
-0.4061154892  
-0.009254753304  
-0.4027797338  
-0.1777829508  
-0.531558639  
0.1464065749  
-0.1142056466  
0.04234531231  
0.8611349295  
0.5603190425  
-0.2010547327  
0.2446166147  
0.4206895643  
0.314675545  
0.1073795749  
0.4564087623  
0.3419311501  
-0.3031984041  
0.7609050537  
1.467277414  
-2.208897019  
-2.716867936  
-1.574484351  
-2.494014365  
-0.516763168  
0.07037418974  
0.8931049413  
0.4712245679  
-0.3658283305  
-1.38105032  
-0.7112794541  
0.07203240338  
2.431515611  
0.9161379213  
0.4326086107  
1.132628458  
1.672992426  
-0.02528848255  
-0.2212912735  
-0.3360569082  
-0.1655064862  
0.2271124779  
1.368231342  
1.396917509  
-0.1612828852  
0.6809045801  
0.3547788862  
0.7092535342  
0.5273717697  
0.5196383582  
-0.3636957722  
0.02395416768  
0.1646698167  
1.285603348  
0.4849973137  
0.9847545904  
0.8967879042  
0.7752118262  
0.1494852937  
-0.3089653364  
-0.9598498902  
0.30626162  
-0.2269184597  
0.4200911144  
-1.118706772  
-1.2478006  
-0.6492765577  
0.1253541048  
-0.03834520125  
-0.5021394155  
0.4142383406  
-3.149254046  
-1.693070646  
-1.39354813  
0.003543883866  
-0.8436616828  
-1.792438121  
-0.6015725713  
0.2252735837  
-0.2231550475  
-0.8550982509  
-0.4199160313  
0.05565768631  
-0.7780817018  
-0.4740043255  
0.1317494564  
-0.5791185756  
1.225491072  
0.391353099  
0.07299501071  
0.1187597429  
-0.01579448619  
0.641799032  
1.134359372  
-0.6830845901  
0.9419492147  
0.5168737058  
0.3659027827  
0.1607352671  
0.5424642424  
0.1641466019  
-0.249498719  
1.180425356  
0.5250252099  
0.6115454746  
0.8500627378  
1.108870986  
-0.3945238154  
0.4292247116  
0.1814216915  
0.2321436358  
0.5934389035  
-0.01914789833  
-0.01337942921  
0.07108665863  
0.407468377  
0.6028808368  
0.2460945947  
0.855407259  
-0.05223696193  
0.1203564446  
0.08954804149  
-4.135455961  
-1.8865715  
-1.212915487  
0.4863161337  
1.636128006  
0.5187545155  
-2.947819771  
-0.5111663335  
0.2521908573  
1.808955081  
0.3398325731  
-0.4510167397  
-0.1656520028  
0.2095807649  
-0.1808381348  
0.9595484008  
0.6386665923  
-1.156725754  
-0.7342477412  
0.2474922002  
0.792333996  
1.073735981  
0.2230825766  
0.6553297985  
0.9001433922  
0.9244016816  
0.05812670308  
0.3442842622  
0.8384416969  
0.6984016926  
0.002917353699  
-0.1454222219  
-0.6522754068  
-0.3618441077  
-0.8666472351  
-1.053812319  
-0.6353081708  
-0.8044206664  
0.3392695256  
0.01456811475  
-0.9358232531  
-0.7069678867  
-0.2120811974  
-0.5709672078  
-1.56786481  
-1.85359586  
0.6331043117  
0.5741467896  
1.183252569  
0.7225196956  
-1.614100021  
-1.163998743  
0.9152434861  
0.4223368279  
0.6512046338  
-2.719324844  
1.122844835  
0.7032997314  
1.706413174  
0.7044799252  
-0.2634882571  
0.3322121508  
-0.2974299318  
0.329901102  
-0.5110942968  
1.390622533  
0.7560240366  
0.7327510708  
0.004763915919  
0.6801061493  
1.082091689  
0.6571555111  
0.167156893  
0.6691539186  
0.6046846087  
0.3720865343  
0.5457973548  
-0.3810753134  
-1.08778889  
0.5232921284  
0.8427065077  
0.0451878777  
0.8862222863  
-1.01915288  
-0.9649147128  
-0.3472818078  
-0.6037388964  
-1.341085598  
-1.359615947  
-0.890809385  
-1.634826762  
-0.6979637204  
-0.5726765324  
-1.122701521  
-2.220141779  
-0.3682101759  
0.01491496826  
-0.1624352489  
-0.7877911592  
-4.923681963  
-0.023564155  
-0.08118804423  
1.309885219  
0.9790619139  
-0.077453358  
0.164908355  
-0.6679639136  
0.3422301595  
1.189332719  
0.6516965202  
0.66023206  
1.291364337  
0.8993699331  
1.589415962  
0.6728774259  
0.2558384331  
0.8949680583  
1.236636051  
2.438497119  
0.9500126046  
1.673783048  
0.4264115885  
-0.3474102422  
-0.3978850161  
-1.056353873  
0.06652879888  
-0.7455768648  
-0.8479904467  
-0.5863965741  
-0.3129418399  
-0.3017024559  
-0.5741314457  
-0.8322767918  
-0.6417657993  
-0.5376507274  
0.0549570487  
-0.8104792797  
-0.2872915878  
-2.106178501  
-0.9681810734  
-1.61105306  
-0.9067446048  
-1.641649216  
0.9718222787  
1.459100211  
1.967526124  
1.613815612  
-1.711178881  
0.1859875427  
0.4042684449  
0.7866743263  
1.178053335  
-0.5870127656  
0.9579130598  
0.9627428065  
2.052519902  
2.038506332  
-0.4784771675  
0.9517659483  
0.829039399  
-0.3248450186  
0.03510489874  
-1.059843965  
-0.7018144243  
-0.125611706  
0.4778297589  
0.4154103405  
1.237142538  
1.219780608  
0.2753061199  
0.3156390913  
-0.1002923812  
-0.08548358946  
-0.1967406869  
-0.2009748929  
-0.2032739541  
0.0807450633  
0.02197061602  
-0.7983349079  
0.4086486734  
0.5883317527  
0.4918035223  
-0.3815496309  
-0.771659249  
-1.280393117  
-0.2322711257  
0.1124315589  
0.035015246  
-0.5374912672  
-0.3510094609  
-0.4148241011  
-0.8387928698  
0.1536425184  
-1.274978454  
-0.7925749367  
-0.4886279254  
-1.266698222  
-0.06878777398  
-1.300524176  
-0.3509784226  
-5.047932972  
-0.9147915632  
-1.227796429  
-1.040844964  
0.2450471988  
0.2780711562  
-0.6982721007  
-0.2234931779  
0.947444  
0.558597815  
0.2259037978  
1.425526143  
1.067293108  
1.650467071  
1.132196559  
0.5689673363  
0.9215470284  
0.9868431179  
1.500485372  
0.2728656022  
0.4458929583  
0.9745449597  
0.399471198  
0.3603929359  
-0.9490349698  
-1.078732638  
-0.540048883  
-0.4540585103  
-0.04414649041  
0.7877735798  
0.04055121471  
0.666538619  
0.9711783003  
0.0524411342  
0.6130412615  
-1.130303647  
-0.002849604248  
0.1582817177  
0.239800912  
-0.6071404776  
-0.407738251  
0.5712243684  
0.182092218  
0.5105963497  
-1.811536715  
-0.4322836584  
-0.3837464819  
-1.285780882  
-1.164866942  
-0.7581862607  
-0.5974880036  
0.5189892384  
0.2926338155  
0.1368334433  
0.2588712538  
0.2382616071  
1.013755751  
0.8712019979  
1.967036893  
0.8236739438  
0.1532963306  
-0.1906637393  
0.07545516163  
0.9349982312  
0.2670294974  
0.2143214398  
-0.5871336089  
0.1141297609  
1.133283179  
0.7049533297  
0.5259179338  
0.6853459408  
0.5600617847  
0.5613298399  
0.4420303161  
0.4420474328  
-1.995533853  
-3.217830816  
-0.6408786961  
-1.044986846  
-1.488373135  
-0.4572210782  
-0.5602323548  
0.04042725768  
0.5809144578  
0.4567535139  
0.1694254381  
0.2076104833  
0.08922054146  
0.7012664195  
0.04955789384  
1.327863324  
0.6399035743  
0.8277345034  
0.8758823821  
0.6513605059  
-0.5589915293  
-0.7049273944  
0.1554549088  
0.2636901647  
0.4879105683  
-0.9450925972  
-0.5485247266  
-0.07939289416  
-0.1330778441  
-0.4219625308  
-0.6924167362  
-0.5567269811  
-0.5543448294  
0.2422736356  
0.9682526529  
-0.2400934168  
0.4707678611  
-1.910983376  
-2.14901726  
0.04339126795  
-3.36469265  
1.167657589  
1.40362667  
2.885465463  
1.59084295  
-0.5748560102  
0.8503438802  
1.131325986  
0.5700196655  
-0.6016447189  
-0.7028534371  
0.3418458027  
-0.1666196974  
0.6301716421  
1.198709757  
0.6328230389  
0.8742690707  
0.7269174727  
-0.4552129411  
0.2096351505  
0.7432072265  
0.05709557264  
0.4672850984  
1.402121321  
1.73348562  
-5.217167396  
-0.4570367946  
-1.461058973  
-0.967952679  
-0.8021694012  
-3.075105805  
-2.281365188  
-0.579188569  
0.9490251427  
1.386794552  
1.086604477  
-2.120234587  
0.770204109  
1.627636631  
0.3494905326  
-0.1071667971  
-0.9031457064  
-1.051025449  
-0.01462757607  
0.9566006651  
-0.444743136  
0.4530414113  
0.3655435995  
-0.3493057039  
0.7741249039  
0.4740653932  
0.4676552893  
0.595868554  
-0.2917638296  
0.4245859731  
0.05445832747  
0.9256969906  
-0.3094338269  
-0.2490115337  
-0.7883960645  
0.01535521845  
-0.0387384195  
-0.4426604176  
0.02782192421  
1.040789864  
-0.3510136636  
0.2684965705  
0.3613612624  
1.054574326  
-0.2957860265  
0.3922047532  
-0.7097912944  
-0.9088630325  
0.174847549  
0.6438660521  
0.4295396301  
0.01408852519  
0.0925938055  
1.544654841  
0.9301355778  
0.1457266645  
0.4739103886  
0.7230034645  
0.07481492575  
-0.3895850961  
-0.7702589863  
-0.8341771917  
-0.4746325766  
-0.004967628839  
-0.6530957052  
-1.223399133  
-0.4860511068  
0.4857396961  
-0.5560906131  
-2.898016247  
-1.191209505  
-0.2702576897  
-0.8138324758  
-0.1210630053  
-0.4124046114  
-1.232655194  
0.198319477  
-0.8929210281  
-0.007754860169  
-0.06891499552  
-0.2449531009  
0.4630370983  
0.7083348343  
1.591271401  
1.461630728  
0.6861608007  
1.283806992  
2.175863917  
0.8261916629  
1.860393797  
0.9697203251  
-1.95820108  
-0.585332138  
-0.2265686523  
0.384581157  
-1.099408496  
-0.2699077253  
-1.13096691  
-0.4477261594  
1.289277969  
0.8705071793  
-0.01621904533  
1.270715022  
0.8064107313  
1.066911551  
0.9626598522  
-0.9108480489  
-0.3956787715  
0.1662342033  
0.8960589641  
0.7935235791  
0.2183094468  
-2.241873611  
-0.5932426654  
-0.3640553321  
1.014810805  
1.001788777  
-1.481328336  
-1.03695254  
1.176669864  
0.543067882  
0.5308461663  
-0.2759400771  
-2.203770217  
-1.435701788  
-1.143985691  
-0.5814117427  
-0.01221619931  
-0.04838259036  
0.2205895789  
-0.4150230522  
-0.01297181301  
1.154305504  
1.31197178  
0.8176044766  
0.1563487176  
0.4996053656  
1.157499275  
1.373234277  
0.03062866094  
-0.822898965  
0.9606495257  
0.6314988059  
0.9652856726  
0.2724773494  
0.4746696763  
-0.2244679096  
-0.2320722253  
-0.295373068  
-0.9319061182  
0.08332645053  
0.4643554583  
0.2588243587  
-0.05608947877  
-1.003226984  
-0.3213376777  
0.9740004348  
-0.1284075135  
-1.272072579  
-1.122326805  
-0.6253387885  
-0.1206632713  
-0.5204510396  
0.1602466286  
0.9156039645  
0.2513122774  
0.1127959162  
-0.01580325722  
-0.2505880592  
-0.5117938412  
-0.5783254206  
-1.630190288  
-3.853253716  
0.53106864  
0.593380442  
-0.7814956117  
0.293337328  
0.3204848056  
-0.3565004681  
-0.3018610986  
-0.9534789706  
-0.7422502487  
0.2030297654  
-1.191242786  
0.8330834051  
0.2638152369  
0.5351035007  
0.7814874306  
-3.588911153  
-0.01435311519  
-0.1500780667  
0.6335342338  
1.020610088  
0.2969655679  
1.759002343  
0.5678116411  
1.333473583  
1.230336178  
0.8130208049  
1.297032006  
0.7528878562  
-0.1586970983  
-0.5957242445  
0.3072184809  
0.29067919  
-0.3112927805  
-0.6766267766  
0.7675820956  
-0.2233911715  
-0.1291795478  
0.2629819174  
-2.296550111  
-0.4892780732  
-0.4597358998  
-0.3525981654  
-0.6776738126  
-0.4391561629  
-1.986873344  
0.3592562538  
0.1470492494  
-0.492007593  
-0.6437273578  
-0.1857345909  
-0.009139267115  
0.7220203138  
1.496531431  
1.538222599  
0.7142537361  
1.060518652  
0.1616506109  
0.9740385905  
1.072072737  
-0.1082209555  
1.36753048  
0.3950506467  
-0.1743502916  
0.8198821316  
0.39984696  
0.1012061218  
0.5642029491  
0.576740695  
-0.06013792557  
0.3016151078  
-0.3728035723  
0.4897073938  
0.220315323  
-0.9100779386  
-0.514304344  
-0.9207728395  
0.05110467932  
-0.09362687446  
0.6322795656  
-1.562269566  
-0.4247346963  
0.5314590814  
0.07051558922  
-0.9367044835  
0.04499765587  
-1.267797184  
0.004823264339  
-2.770558287  
0.970272581  
-0.261257112  
-0.2614192168  
0.0690526291  
-3.791588133  
0.2770201658  
0.660371005  
0.1190837986  
0.1371765763  
0.08278749707  
0.2611413805  
0.2962356  
-0.246745354  
0.2211998428  
0.1238755819  
0.7422524567  
-0.03392036639  
1.043811447  
0.8098491614  
0.7639463613  
0.4155533374  
0.0767129097  
0.1014308074  
0.8629051061  
2.00102768  
0.4742818441  
0.7956960889  
0.5351016831  
-1.867313995  
-0.9636290246  
-1.689432766  
-1.74752326  
-1.456725708  
-1.001323862  
-0.7031267958  
-0.4049468885  
0.4202078121  
-0.1844716711  
0.8557395254  
-0.5901481042  
0.6084529287  
0.01289007452  
-0.09221880393  
0.4178651619  
-0.3880092556  
0.7003502314  
-1.196319136  
1.111724875  
0.5344973735  
0.457162033  
0.4337501707  
0.6886098114  
0.4199572428  
-0.004552666227  
0.2208762975  
0.2786041945  
0.6679319921  
0.4825263627  
0.09044995725  
-0.09750227243  
-0.2030162049  
-0.1596846799  
-0.07098747202  
-0.9611418013  
0.6539924944  
0.6216541352  
-2.154716319  
-1.436633811  
-0.5507990932  
0.4101505495  
2.743392167  
1.680450391  
-2.99813671  
0.7224035173  
-0.6520162629  
-1.276329894  
-1.117021742  
-1.101134292  
-1.645614933  
-0.1410141224  
0.07495273481  
0.4988143455  
-0.6798278674  
0.9840761354  
-0.08520040096  
0.8404464292  
-0.327966926  
0.2009658166  
-1.007204938  
-0.4919554424  
-0.386336596  
-2.611834864  
0.9078157918  
0.53273766  
0.3856914607  
0.7900079252  
-0.6794184924  
-0.4014599354  
-0.4201273442  
0.2251730462  
0.6912282183  
-0.6511315615  
-0.2914937498  
0.1736197084  
0.1230984321  
0.6705581674  
1.366535213  
0.5728875849  
1.270495053  
1.978069992  
0.5314996258  
1.10591692  
1.600009603  
1.565999844  
0.2655990775  
0.9114514689  
0.06696056629  
0.6823414882  
0.4941459028  
-0.4138900082  
0.2440071943  
-0.8493118264  
-0.2371564931  
0.3349199507  
-0.5814481479  
0.4433279256  
-0.1756449268  
-0.3859549119  
-1.235790638  
-0.8786393125  
-0.5918882699  
0.4923694356  
-0.08999054438  
-0.601010035  
-3.419828684  
-1.213095826  
0.005880547283  
0.3084685025  
0.6867789039  
0.8647936676  
-0.3454221811  
-3.3960519  
-0.9837523384  
-0.7356519324  
0.275864872  
0.09769065466  
-0.702417907  
-0.6456318428  
-1.865360231  
-0.05015874514  
1.091597914  
0.4312088375  
-0.2581037954  
1.047287378  
0.7405437058  
1.073425079  
0.0984348776  
-0.3816694583  
-0.3163652109  
0.1558548024  
0.2928063905  
1.1633407  
0.003828657831  
0.04002420022  
0.3012602241  
1.491194304  
-0.6403860309  
-0.3675181966  
-1.436353803  
-0.399753991  
0.2595444676  
1.898331902  
-0.9299074274  
0.5428710782  
0.2133794958  
0.9775948241  
1.774912122  
1.165456415  
0.3353920141  
0.3952105046  
2.099955798  
1.944187385  
0.489999918  
0.937316244  
0.9549946883  
2.048148119  
1.313058917  
1.50590264  
-1.090455311  
0.3083357648  
1.124184603  
0.05900061637  
-0.1828268877  
-2.817103077  
-1.21381368  
-0.4403061676  
0.02509284372  
0.6463607727  
-0.7535612684  
-2.156755482  
0.053655814  
-0.5776823513  
-1.603205966  
-1.518482198  
-1.034712921  
-1.590084598  
-0.2515851238  
1.910901179  
2.357467513  
-1.102009436  
0.6061385983  
-0.1861054991  
-1.572770171  
-0.4731522512  
-2.007063504  
-1.443898317  
1.066212843  
0.6011859034  
0.1052402235  
-0.5637699897  
-0.8236314877  
0.3332927679  
0.02760744085  
-0.3599535594  
-0.9562201157  
-1.911935371  
1.188588662  
0.5929380768  
1.003060621  
2.097618428  
-0.5547821243  
-0.2874845294  
-0.4565725854  
-0.5231940186  
-0.5955759033  
-0.4133587469  
-0.2304800307  
0.338806774  
-1.71515499  
-0.07989532417  
-1.360515281  
-1.976616415  
0.6065023019  
0.9604383568  
3.239825663  
1.860304102  
0.4653052925  
0.5501485205  
-0.0566198482  
0.7801407104  
1.470217441  
0.3713053441  
1.351852248  
0.3353547949  
-0.07105975998  
-0.2071075643  
-0.9201831399  
-1.323555856  
0.2547078514  
-0.4419270257  
-0.6910966486  
1.104609459  
1.303740714  
-2.317076029  
-0.2740531444  
0.00841516345  
-0.3013040026  
-1.399637663  
-1.113602135  
-2.244589823  
-0.3749407667  
-0.3766410483  
1.916532914  
1.319121588  
1.082642701  
-0.381188966  
0.01420845955  
-0.4367035555  
-1.49264968  
-0.3794105772  
-0.2425018897  
-0.9833604976  
-0.2843330647  
-0.2624378935  
0.5492777628  
0.6607187351  
0.812206035  
-0.1734817343  
0.6565332267  
-0.3896329986  
0.9320691473  
0.03212872904  
0.5566990562  
0.3020467973  
1.082198671  
0.8534699187  
1.335599419  
0.8340166753  
0.6435448218  
0.4120705282  
0.247834918  
-0.07854965314  
0.9531441575  
-0.3316146239  
0.7011855322  
-0.05681408024  
-0.3059921437  
0.0274037698  
0.07521664357  
-0.9880475881  
-1.009668863  
-0.7943686011  
-0.8128783948  
-0.2063118775  
-2.512200079  
-0.6709098348  
-0.498524858  
-0.7713821718  
0.3503435587  
-0.9204926792  
-0.9049896716  
0.1954767912  
0.2619206744  
0.7622118642  
1.636280228  
-0.00164158407  
0.8314997045  
-0.3319733667  
0.8970384944  
-0.335593438  
0.6803965377  
0.003671599001  
0.7967375252  
1.331160401  
1.549324333  
-0.2154049847  
0.2305856554  
-0.1928078788  
0.9016191458  
0.2185821842  
0.2352128566  
-0.3178426473  
-0.3070077403  
-0.08289512912  
-0.6538919291  
0.2377109981  
0.4381009457  
0.6043162107  
0.1197031037  
-0.5067948734  
-0.5323826504  
0.08560930801  
0.5262684549  
-0.4737382787  
-1.137347536  
0.1013335  
0.06156153706  
0.6573325327  
0.04524532944  
0.09708678607  
-0.5796923575  
-0.1974965429  
-0.7743261411  
-0.9731692993  
-0.9343666628  
-1.155631877  
-0.4570187577  
-0.2737377624  
-0.0677451519  
-0.9597068609  
-0.847010645  
-0.9438618472  
-0.3034146888  
-0.1915861582  
0.1331890626  
1.892409165  
1.347144197  
0.7357698077  
1.200324551  
1.568672092  
1.587949757  
1.037443155  
-0.6037365526  
-1.450849479  
-0.9866819983  
-1.050946639  
-1.57117503  
-1.22544522  
-2.511734903  
-0.1401536661  
-0.4789740554  
0.869411245  
1.298340114  
-0.1885250186  
-0.004025739413  
0.07366824438  
-0.04520392035  
0.8045790822  
0.1191885205  
0.476424504  
0.9844695505  
-0.1652575978  
-0.6305948162  
0.5804368529  
1.045508393  
1.048782491  
0.2959418005  
0.04134302881  
1.280673734  
0.8377452412  
0.2351475727  
1.053997248  
-0.05652324891  
0.08633544299  
1.102278534  
0.4122716332  
0.2645171667  
1.567083321  
0.2231022844  
1.17871048  
1.023086415  
0.5302973139  
-1.56808208  
-2.642943428  
-1.322692162  
0.2207072242  
-1.155968058  
0.3016705418  
-0.4208907672  
-0.7181379299  
-0.2736284194  
0.4670318515  
-0.03630285618  
-0.1657001401  
0.5624503452  
-0.05633154239  
-0.1861145659  
1.231777059  
-0.2120950428  
0.07387433379  
-0.9322914071  
0.6012765487  
-0.494026241  
-1.341055658  
-0.1187402651  
-0.7785025088  
-1.45218331  
-0.7649979863  
-0.2703602784  
-0.3594498857  
0.316825882  
-2.4705789  
-1.408313592  
1.245490766  
0.3095947846  
-0.2706678262  
-2.408585547  
-0.3152057349  
0.1651628386  
0.7126975226  
1.170661947  
0.5115467976  
1.141471171  
-1.066353149  
2.015096157  
2.793806155  
1.272088926  
-0.4259267725  
1.556710288  
-0.137170711  
-0.004505319985  
0.02021608327  
-0.514087262  
0.1841256308  
-0.7900287429  
-1.14572807  
-0.7534242086  
-0.8627534699  
-1.007539262  
1.035679383  
0.1568540355  
-0.05989772317  
-1.208412749  
-1.781183055  
-0.85494119  
-0.5793943562  
-1.095414795  
-0.7235463155  
-1.786707842  
-1.317739932  
-0.5887454982  
-0.1870919318  
-0.1417560898  
0.9710455887  
-0.6025524752  
0.08587460378  
0.679564929  
1.158434697  
2.163904648  
1.530164458  
0.5660734119  
0.5925615562  
1.619896054  
1.942352716  
2.295444986  
-0.2589477428  
0.6245227379  
1.173807087  
1.82631487  
1.77017319  
0.2244910566  
0.3330181132  
0.1266748737  
-1.239950007  
-0.9443365408  
-2.724096608  
-0.7286974917  
-1.872272192  
0.6996020435  
1.601241877  
0.596869935  
1.756359842  
-0.766278812  
1.441124884  
2.646137005  
1.5714019  
-0.5176407436  
-0.7400902225  
-0.4152408769  
-0.8198691387  
-1.661071769  
-0.4287515161  
-0.6244355342  
-0.776136069  
-1.311724904  
-0.9936687577  
-0.4118204446  
-1.049829056  
0.09519304368  
-0.3934808662  
-0.9780299878  
-1.394166761  
-0.7341490664  
-0.2574739928  
0.01043643333  
-1.674823899  
-0.3833504651  
-0.5854959586  
1.283595322  
2.275774915  
1.325979101  
-0.2889205512  
0.7342593687  
1.100015364  
2.48987389  
1.637502558  
-2.129754251  
0.5886234813  
0.7231113673  
-0.4524630727  
-0.144966302  
-0.8199577325  
-0.6251916896  
-0.2652146206  
0.5730693635  
0.4751476357  
-0.5223372503  
-0.0386236059  
-1.117862926  
-0.5729982369  
0.3183580527  
-0.1631238659  
-0.800464288  
-0.5117380265  
-0.3458700469  
-0.3656246011  
-1.027067371  
0.05164366723  
-0.4057011984  
1.025128083  
0.06295765862  
0.2711916062  
-0.5605965475  
-0.7987137783  
0.2177371475  
0.3282550911  
0.07604683483  
-0.7108389428  
0.05623891635  
-0.5684804064  
0.3618163159  
-1.063930789  
-0.3777284175  
-0.1813680817  
-0.180089131  
0.4955804565  
-1.214660198  
-0.7966507486  
0.4619523425  
0.8592505043  
-0.6652054371  
-0.7743685913  
-1.449290124  
1.198635681  
1.016134657  
2.274468395  
1.674121428  
-1.011986343  
1.244349268  
-0.1054945084  
1.682040686  
0.6985120297  
-0.6866227719  
-0.3212818379  
-0.3181952298  
0.9244933442  
1.258228785  
0.1667787201  
-1.282723851  
0.1062094105  
-0.2183731919  
1.0905354  
1.169603165  
1.600615041  
-0.6932251347  
-0.1989579375  
-0.04724142969  
1.417339423  
1.586983913  
-0.4950242563  
-0.1221917457  
-0.5229101029  
-0.4461264241  
-1.008788853  
-1.357779049  
0.3619711967  
0.6404024813  
0.1494001602  
-0.1085565655  
-0.314236758  
-0.8953060067  
-0.456823496  
0.3822273075  
-0.3689102268  
0.5808133802  
-0.1528382606  
-0.5294978209  
0.6057904009  
1.42441759  
-0.3277829306  
-0.3104701346  
-0.7806917084  
-1.650741883  
-0.1810612445  
-0.8711301524  
-0.5392967568  
0.108162455  
0.143189289  
-0.793878008  
-0.415850153  
-0.05687062261  
0.06072568026  
-0.09763408205  
0.6963805748  
0.4969743473  
-0.120828508  
-1.059944985  
-3.596305643  
-0.770079203  
1.81207924  
2.410314167  
0.7460726228  
1.183602525  
1.287103222  
0.7819708376  
2.371405129  
2.082150095  
1.348589694  
-0.00277098162  
-0.3524213881  
-0.3354802776  
1.146512692  
0.9974855528  
-0.5330396592  
0.6007559771  
-0.3139866533  
-1.270455304  
-0.6908974883  
-0.3803480299  
0.2812899247  
-0.04499319205  
0.19444765  
0.02754044044  
-1.018551523  
-0.3103362166  
-0.3155787864  
-0.08288241667  
-0.8607869748  
-0.06647360371  
-0.4304979023  
0.235374328  
1.047262548  
-0.4546102758  
-0.3732640411  
0.3045368601  
-0.6166314219  
-0.4962285358  
0.5184937446  
0.3370524105  
-0.915614491  
-0.152636373  
-0.8753200092  
-1.098460191  
-0.4238569368  
-0.4039813201  
-0.795727672  
-0.4248909904  
-1.38432945  
-0.09858048596  
0.2190942931  
-0.3423123371  
1.04574707  
0.2439155653  
0.3374023611  
0.4129231704  
0.4315193071  
0.1155759364  
-0.2836647564  
0.2571176966  
1.026279723  
0.004449878955  
0.367614038  
-0.2507390723  
-1.351013017  
0.2776534867  
-2.981082674  
-0.6844400774  
1.282616618  
0.7575421596  
0.9589032842  
1.129986363  
-1.189592361  
-0.1401291325  
-0.2267668688  
-1.172612547  
-0.6388230843  
-0.3970545572  
-1.073697572  
-0.1725060556  
-0.6726179621  
-0.3283864647  
0.25315514  
0.2470474667  
0.1201368725  
0.08649434169  
0.2343106623  
-0.08492187552  
0.9782891842  
-0.3432043807  
-0.2256010467  
1.040411872  
-0.0269387534  
0.4816169574  
0.006393354472  
-0.09969453964  
-1.398183175  
-1.062441498  
-2.566014442  
0.8963091372  
1.099626091  
1.952207526  
0.9918456837  
1.786619428  
0.4219915855  
0.09053893973  
-1.0847019  
0.1466812293  
1.65783166  
1.305201472  
0.5023606688  
-0.7516410146  
0.2928758536  
0.4286504931  
0.938223621  
0.2995233954  
-0.4839882855  
-0.9436580024  
0.3800120376  
-0.6138411956  
0.5567100442  
-0.7519439361  
-0.3436727254  
0.1054078572  
-0.6638768877  
-1.155019921  
-0.9001517363  
-0.2050770097  
0.03879906429  
0.001054861464  
-0.2321823668  
-0.6820916286  
1.033788298  
0.2476953149  
-1.326698293  
0.5917693909  
-0.8000409174  
0.7438538692  
1.098810638  
1.180169365  
1.687774597  
-0.6356724254  
-0.6869948587  
0.3625063088  
-0.8703179837  
0.01579312205  
0.1874991688  
-0.1930238891  
-0.4589227842  
0.436690761  
-0.412164512  
0.2107985227  
0.926127051  
0.9522683496  
0.2591064989  
0.2015286902  
0.5588984222  
0.3008832613  
0.6178769626  
-0.890260244  
-1.027919219  
0.08191469907  
-1.307824008  
1.59836031  
0.857322953  
0.9428666805  
0.4234603907  
-0.3927566305  
0.533465756  
-0.1112654297  
0.09912568148  
-0.4799011632  
-0.746818998  
-0.1485978761  
-1.59944864  
0.09818067286  
1.076731569  
-3.111868771  
1.998169003  
-0.8165934386  
-1.869334085  
-0.683188985  
-1.173181453  
-0.3739388664  
0.186807676  
0.7854217637  
0.7724109875  
1.245525835  
0.7580920027  
-0.5023483652  
0.3048830861  
-0.08829099654  
-1.529088419  
1.086813559  
0.5703710035  
-1.019910423  
-0.434707917  
-0.2502943973  
-1.136487066  
-1.120020638  
0.1840631324  
0.02032916539  
0.7019913693  
-0.2367637654  
-0.4586373758  
0.06114418062  
0.4247536047  
0.5340039425  
0.2327807972  
-0.1584808211  
1.590229875  
0.3231309329  
0.3131518285  
0.3260555592  
-0.2768925694  
-0.6578442584  
-0.6088236457  
-0.01669047526  
0.2963547242  
0.812074311  
0.27534638  
-0.6908036253  
0.2763756016  
-0.209306442  
0.2807465343  
-0.369975321  
0.4849080109  
0.08544639318  
0.04473931228  
-1.791325933  
0.6909263866  
1.356704686  
0.6331843172  
0.3025348348  
-2.239319699  
0.6677535675  
-0.430305122  
-0.3450213148  
0.09685173585  
0.8780043273  
-0.1544650305  
-0.585330409  
-0.8330265675  
-0.3601022132  
-0.5831130149  
-0.06954558199  
0.696488703  
1.285224308  
0.6143733331  
0.6818361681  
-0.3517287188  
-0.9244828256  
-1.201626029  
-0.732127183  
-0.7547763046  
6.884976888e-06  
-0.9428205225  
0.2764621211  
0.5455142123  
0.1898326423  
-0.7439091176  
0.3192636496  
0.5630822557  
-0.2946881595  
2.699629509  
0.3146728234  
1.283138534  
1.2062813  
0.7272877741  
0.830803128  
-0.3403573952  
-0.7614920069  
-0.9658518249  
-1.589362404  
-0.1643131896  
0.5069763153  
-1.085135803  
-0.6715403926  
-1.541908285  
-0.5556862439  
-0.301613595  
0.8099650983  
1.036738235  
0.03645816628  
-0.2632955518  
1.085020985  
-0.3486442642  
0.2118868699  
-0.2029493415  
-1.828122564  
0.6950828589  
0.932387034  
2.02408609  
0.714125264  
-0.4854950579  
0.4358872269  
-0.6838790519  
1.162487177  
0.63767414  
-1.766168373  
1.118502767  
0.2849400963  
-0.2231685675  
-0.2771341415  
-0.7276032368  
-0.05320593586  
-0.2105129665  
-0.5424528982  
0.2425090572  
1.342332533  
-0.03542021741  
0.1572401268  
0.2542220191  
0.5716250271  
0.7413245214  
-0.4385338964  
-0.1084278604  
-0.6767576005  
-0.07675372945  
0.2075016647  
-0.7000028899  
0.2112219773  
0.6531968305  
0.04000992715  
0.7178061045  
1.129915874  
0.2940071077  
0.132996139  
0.6412538347  
-0.2333741536  
-0.1952279066  
-0.2389451105  
-1.220260813  
0.373451008  
-0.5502601349  
-1.432027642  
-0.44389898  
0.09152720327  
-0.4715883087  
-0.2843850065  
-2.102916908  
-0.4514047029  
-0.1233946505  
0.2862977551  
-0.462307597  
0.4026295131  
-0.5929969884  
0.02577200719  
-0.1016990471  
-1.423256828  
-0.158336365  
-0.658716851  
-1.333753036  
-0.3918585041  
0.08380640169  
0.2882769873  
-0.4913348024  
-1.599504468  
-0.5245529354  
-0.1749793593  
0.2982908738  
-1.412776  
0.00897384851  
0.9092521183  
-1.122820982  
-0.2702184444  
0.4720396122  
0.4424875526  
0.1438216435  
0.5719894359  
0.6855621922  
0.9382238875  
0.6126412309  
0.03824775082  
1.391853441  
-0.00547099293  
0.5219365763  
1.202854456  
0.8459943673  
2.629614078  
2.08505895  
1.790565947  
1.68950505  
2.034588849  
1.398546418  
1.727521583  
0.6222490668  
0.2788342462  
1.206402613  
-0.2655422213  
0.9127662216  
0.3593480621  
0.9070419875  
-0.9354077964  
-0.992099735  
1.382202284  
-1.682179401  
-1.034527563  
-0.7561442489  
-1.076050464  
0.1904996724  
-1.141427927  
-1.198237048  
-1.464968088  
-0.5209390186  
-0.7728165982  
-0.4841702385  
0.3168780154  
0.3249621701  
0.1592016152  
0.1502037389  
-0.2617566051  
0.08421454856  
-1.145260044  
0.2406948038  
1.006894824  
-1.074901802  
-0.7828948014  
-0.4904335212  
-0.5252385816  
0.1651614106  
0.1347576956  
-1.083915326  
-1.565682739  
-0.6919615443  
-1.139160532  
-0.9314689829  
0.5082262084  
-0.1644070202  
0.3481973734  
0.2045904322  
0.002393659602  
-0.1690274145  
-0.4780524346  
-0.3881543931  
0.429388974  
0.7874009501  
-0.006268503573  
1.049251616  
1.538802074  
0.8810724763  
-0.008090925198  
-0.5005940387  
0.0255214299  
-1.080412867  
0.1998572555  
-0.8585860426  
-0.282392575  
-0.6892135927  
0.416926171  
0.4729227861  
-0.3593718727  
1.287045767  
0.9202257779  
0.9522731589  
1.085801349  
-0.5384600205  
0.687134155  
-0.03503406927  
0.5477978115  
0.01749030676  
-1.282873962  
0.09213536558  
-0.8411307885  
-0.04879119444  
-0.5771543017  
-0.8944124129  
-0.3990133174  
-0.457517711  
-2.045750161  
-0.1718518823  
-0.4984974982  
-0.625720994  
0.3473197397  
-0.2112631729  
0.1829212551  
2.110242889  
-0.2350129923  
1.001347601  
1.021770871  
0.4717508987  
0.96486658  
-0.7908348665  
-0.4255183039  
-0.3261327823  
0.1808430331  
-0.617528183  
0.3140057614  
-1.105338436  
-0.2939599639  
-0.09675970367  
0.5222173693  
-0.4185139886  
-0.6671103702  
0.070300435  
-0.4243549326  
-0.02638192829  
0.9173025988  
-1.456511008  
-0.2361602014  
-1.289925277  
0.1077991042  
1.082571424  
1.039701633  
0.2190021272  
1.794654939  
2.002830776  
0.8932519085  
0.5252303889  
-0.7400311867  
-2.419511575  
-0.3181584278  
0.7189135697  
0.787673301  
0.106186127  
-0.5420556453  
-1.838512932  
1.225858363  
0.7234823185  
-0.07004455547  
-0.3913226541  
-0.6195664416  
-0.4069369132  
-0.02544966805  
-1.166066685  
-0.366367705  
-1.129023633  
-1.223073416  
-0.4542772577  
-0.5047306692  
0.1248721316  
1.108833882  
0.3715330978  
0.9552685506  
0.9343699948  
0.1155896204  
-0.3779331694  
0.7046358371  
0.577579422  
1.280167759  
0.0956268588  
0.5209369124  
0.4117382466  
1.106516593  
1.280469712  
0.3004128198  
-0.1970076548  
-0.459619897  
-0.2964519068  
-0.2271838079  
0.07939194761  
0.668987112  
0.8904838849  
-0.07280381784  
-0.7775285366  
-0.6091425493  
-0.5493388198  
-1.33410486  
-0.3861673747  
-0.9496226829  
-1.50348051  
-1.140265996  
0.0005265145223  
-0.1093600274  
0.1075994925  
-0.0885369992  
-0.0921191442  
1.059097693  
0.07802957962  
-0.3419280204  
-0.4013009053  
0.179223991  
-0.6681421508  
-0.9231795778  
-0.2081055078  
0.780669804  
0.6719637251  
1.897969609  
1.893083876  
2.377629129  
0.8620662442  
1.588733943  
-0.2774009537  
-0.05093484058  
0.6281153878  
0.799085772  
0.2758781244  
-0.9269214365  
0.2088696122  
-0.07853207278  
0.3280548847  
0.5906524525  
-1.217695659  
-0.021939738  
-1.532829436  
-0.6041202314  
-1.07516752  
-0.2884213927  
-0.264068951  
-0.2705788324  
-1.493252046  
-0.888893452  
-0.7324342856  
-0.921001707  
0.2123705742  
-0.3452332892  
0.246443448  
-0.1962111723  
1.005304543  
0.7742632141  
-0.04978606385  
0.5591670428  
-0.290672749  
0.9058677758  
0.477629179  
0.6244261463  
-0.06961113923  
-0.2422331088  
0.831266205  
1.707137914  
-0.6408200665  
-0.1025022997  
-0.6694983908  
-0.2205501938  
-0.8265512292  
