0.1088993156  
-0.2907814619  
-0.3430261268  
-0.9970496219  
-0.3175137881  
-0.721188827  
0.1956893308  
0.8914885556  
1.002861679  
0.2483584515  
0.5836674285  
0.4113570895  
-0.4138982611  
0.6820926246  
0.2498491293  
-0.3086392153  
0.3879349829  
-0.9136520382  
1.114827845  
0.28564203  
-0.07834975141  
-0.1432584843  
0.7128870234  
-0.8618758604  
-0.7120731272  
-0.4141563416  
0.4322887591  
-0.05928889442  
0.1346332679  
-1.212545171  
-0.730604978  
0.1246181537  
0.3089165323  
0.306213833  
-0.4808906873  
-0.4027091932  
-0.7485429963  
0.9630882001  
0.1176001394  
-0.09372181009  
0.0514411966  
-0.1501430907  
0.5054597417  
0.7719663447  
-0.04172548905  
-0.10514819  
0.4490349924  
-0.8814366411  
0.5712006133  
1.691926415  
1.202814204  
0.9513253874  
-0.3781132141  
-0.3403013549  
-2.040474435  
-0.7793194333  
1.386650038  
0.06464434822  
0.5572720782  
-0.09778471678  
-0.9063181572  
-0.4768374636  
0.5288399461  
0.502030686  
-0.5377820449  
0.3177962204  
0.02998367392  
-0.1815933332  
-0.4506261872  
-0.3307322012  
0.4392986247  
0.470364219  
0.5557113265  
0.9316887146  
1.213027038  
0.6034465702  
0.8144031787  
0.4366513439  
-0.09829329732  
-1.092708145  
-0.03679948057  
-0.07546608011  
-1.241695583  
-0.7910628136  
-0.2741995681  
-2.049699053  
-1.365973854  
0.2514803248  
0.03479100696  
-0.09765914419  
-0.2703968037  
-0.5478436979  
-0.421397648  
0.09959951521  
1.157966688  
0.1877536576  
-0.01538045521  
-0.1540341037  
-0.9401361104  
-0.1462314099  
-0.5826666304  
0.05703150188  
0.213332275  
-0.3176510043  
0.01620692543  
0.07798426871  
0.8040844521  
-0.002208984294  
0.3685911281  
0.3018189771  
0.502402484  
0.0222375508  
1.106342309  
-0.3744831445  
-0.7280157063  
-0.8811420184  
-0.1926282249  
0.07937952212  
-0.04724559077  
0.2910835772  
-0.3159635589  
-0.1858606513  
-0.05338429978  
0.14268982  
-1.083339846  
-0.6389370984  
-0.1648599771  
-2.62925869  
-2.584597209  
-0.2653277258  
0.496621253  
0.6724162958  
0.81445211  
0.4539553935  
0.2286960552  
-0.05488287433  
-0.3217450492  
0.2420156549  
0.5627097894  
1.281427266  
0.800390652  
0.3535081983  
1.217091648  
0.2729772218  
0.5594641941  
0.1770635015  
1.323367019  
0.4691371329  
1.133771333  
0.2354863781  
0.4748276265  
-0.02965650284  
-1.788277092  
-2.128533795  
-0.587378184  
0.3909427395  
-0.4618650503  
0.2122777072  
0.6624085428  
-0.3874254478  
-0.5815642326  
0.2017179853  
0.3632364517  
0.1927912309  
0.8241954809  
0.2759649192  
-0.2128583433  
-0.2908676693  
0.3685220311  
0.8140181365  
0.5588613482  
-0.3520799176  
0.1006791018  
-2.494814929  
1.288608395  
0.885995959  
0.7276926928  
-0.1765996515  
0.833464067  
-0.2528749173  
-0.2794169437  
0.418820013  
0.2816690718  
-0.7808822193  
0.07466302396  
0.1718514849  
0.4521209819  
0.09510653269  
0.3103640876  
0.4564826844  
0.4165618128  
0.09643506606  
0.7838635515  
-0.06674665521  
-0.6171652004  
-0.5213172888  
0.007992077126  
-0.5573615297  
-0.462211665  
-0.2518051274  
-0.6065284525  
-0.09713014794  
-0.0009998079643  
0.230226616  
0.1379404573  
-0.1270086711  
-0.7128019858  
-0.4254986839  
-0.6990902246  
0.1175328847  
-0.5466158789  
0.3036839185  
-0.5436314177  
-0.1981790687  
-0.45169831  
0.2243829831  
-0.08242733566  
-0.0182025278  
0.5548878478  
0.8064200039  
0.3507704449  
0.06942378183  
-0.1491667947  
-0.6340599086  
-0.535856487  
0.307917255  
-0.4291607777  
0.9106496311  
-0.5795199958  
-0.992458006  
0.1392386172  
-0.785688449  
-1.198959414  
-3.615768775  
-0.3031349641  
-0.8139703204  
-0.5811322476  
-0.02315605239  
0.2761459843  
0.7983515531  
1.152753491  
0.9700061658  
0.5464507892  
1.006629549  
-1.737763734  
1.653087984  
1.010848158  
-0.0993083522  
0.3419483284  
0.4121248541  
0.2535895584  
0.6173436536  
0.5851646593  
0.3295114521  
0.3937698366  
0.6482660283  
0.8511025048  
1.010127483  
1.400119613  
0.7063268503  
1.121688964  
0.8534892309  
0.6121594292  
0.4219768852  
-0.8231829249  
-1.55087304  
-0.873034678  
-0.5876018093  
-1.506041199  
-0.3895661303  
0.169440286  
-0.3600403256  
-0.5747874311  
0.03526270914  
0.003084460338  
-1.115664912  
-0.6253754595  
-1.002428076  
-0.45454561  
-0.1026013138  
0.1033019747  
0.9978643155  
0.5207882936  
0.1858174535  
-0.3204587037  
0.2582204014  
0.1673848638  
-0.3777387461  
-0.1290072598  
0.4978550961  
0.5038293428  
0.7743213424  
0.3578262585  
0.1303169368  
0.0305678921  
-0.5632616333  
-0.1267321915  
-0.8291974022  
-0.78687146  
0.3534116244  
0.4281157742  
-0.4366721655  
-0.007941696268  
-0.3052254206  
-0.3632917748  
-0.2108296234  
-0.4560528524  
-0.2088199818  
-0.466818121  
0.3691468826  
0.1065716878  
0.3895341174  
0.02071277096  
-0.1629182094  
-0.6800561905  
-0.1847050926  
-1.866001444  
0.08241638953  
-0.1152272158  
-0.3854233744  
-0.001963889569  
-0.2544312746  
-0.4529645692  
-0.6991479953  
0.5123871293  
1.383001492  
0.01332084882  
-0.5819246904  
0.01507803599  
0.2782217959  
0.8007934896  
0.4409236246  
0.8351742503  
0.8252730938  
0.9009695341  
1.284314455  
1.525271791  
0.9414989505  
0.1995501938  
0.6445508161  
0.4743672376  
-0.900009699  
-0.6366169744  
-0.4369295042  
-0.2854355237  
0.1595345403  
0.3940099412  
-0.1409102272  
0.3032103368  
0.4394753239  
0.01722001248  
-0.6691086713  
0.1980460601  
-0.4205860994  
-0.6310494238  
0.02141802315  
-0.6035861502  
0.2311190297  
0.8193949309  
-0.05180886285  
-0.1007101051  
0.1581940985  
-0.4419919258  
0.8534242503  
-0.1878226294  
0.0958291531  
0.517341969  
0.5118409769  
-0.4416669045  
-0.09521427405  
-0.03339461085  
-0.02113033017  
-0.6237572719  
-0.8012841944  
-0.03449351735  
-0.1734504143  
0.03943014831  
0.5409909881  
0.09477631703  
0.476364782  
0.1534201653  
0.6013754179  
0.8679682564  
0.116533998  
-0.8040246976  
-1.170624015  
-0.7003096562  
-0.485178484  
-1.138914794  
-0.3858681145  
-0.0537859505  
0.2855151771  
0.5564935945  
0.1973438893  
-0.5727780615  
0.1405253663  
-0.2354520776  
0.04402740831  
0.222589208  
0.3221038617  
0.1795625271  
0.2292505335  
0.4308854054  
-0.3057761979  
-0.06684130012  
-0.08525539666  
0.4960535913  
0.5429314543  
-0.09699235445  
-0.4112662204  
-0.2646326971  
0.2261072471  
0.4433717763  
-0.004468249791  
0.04103903844  
0.4701730476  
0.6111487212  
0.09307761974  
-0.7896686495  
0.4056536211  
-0.485704584  
0.3436832729  
-0.1172355082  
0.6629835157  
-0.1212603679  
-1.138362674  
-0.4809819696  
-0.5213106393  
0.2802670437  
-0.2054390998  
0.01661997368  
-0.01541429281  
-0.2448645308  
-0.4036726861  
-0.5417857909  
0.09366146671  
0.201359302  
0.2608526359  
-0.1373281763  
-0.1755889575  
-0.2215370888  
0.177888651  
0.4024173138  
-0.6507121265  
-0.08690182138  
0.0185342979  
-0.04999727714  
-0.9898725338  
-0.0104472718  
-0.6822689637  
0.05928981152  
0.8734373884  
1.459987193  
1.023228478  
0.8417416965  
0.8497717565  
0.506536939  
0.2755851658  
0.6762312467  
0.5151853689  
0.4177357067  
-0.6052676986  
-0.2265913641  
-1.17174886  
-0.5315351297  
-1.575051851  
-1.361708025  
-0.1069834795  
0.4395952306  
0.5241093729  
0.5487037779  
0.1180059562  
0.1405798598  
0.1461611777  
-0.1949070136  
-0.4080694997  
-1.292562226  
-0.9517292006  
-0.2343570654  
0.2508981317  
0.2758012529  
0.8482675028  
-0.2316877673  
0.8433054671  
0.3133318857  
0.9274231995  
-0.200937048  
0.3320182017  
0.494732613  
-0.08553093862  
-0.02634992537  
0.1672487963  
0.1061345029  
0.5619864141  
0.5768136648  
-0.03468963312  
0.5407725747  
-0.7632312749  
-0.7845605046  
-0.4618485964  
0.1778695751  
0.3745109532  
-0.005977586563  
-0.02618388468  
-0.09149236265  
-0.08215224005  
0.2117123632  
0.3724884624  
0.8110726798  
0.3071975455  
0.5658888203  
0.4839886101  
0.805392622  
0.3394641762  
0.3962863236  
0.3252766712  
-0.0002343542782  
-0.3971003841  
-0.1190420089  
0.01438750488  
-0.7240592005  
-0.4143101453  
0.1574532812  
0.8239659771  
0.2190438756  
0.8642794891  
0.9518607283  
0.2195326839  
-0.1177102498  
0.9611996709  
0.7595384413  
1.143920382  
0.7869004431  
0.4495494395  
0.8302536825  
0.01797704479  
0.3190164085  
-1.742555582  
-0.1495842698  
-1.26467617  
-0.2222531813  
-1.281068946  
0.03424282896  
0.8514960663  
0.7715060269  
0.5993685013  
0.2567950525  
-3.22270981  
1.691900193  
1.415577789  
0.2788515461  
0.6053228002  
0.9925657563  
-2.040770799  
-1.72687969  
0.6512176989  
1.359706518  
0.9493776971  
1.019427321  
0.4309462362  
-0.7772025412  
-2.449188073  
-1.172269096  
-1.500309595  
-0.8359850098  
-0.3066098716  
-3.361545323  
-0.4518828572  
-0.6410401799  
-1.412073889  
-0.3864402134  
-0.4982214391  
-2.021190092  
-0.8257674455  
-0.5504993695  
-0.1132521396  
-0.09657318301  
-1.007880863  
-0.4974159112  
1.393639002  
0.6611840453  
-0.33677934  
0.2592297994  
0.3513353252  
0.09000680867  
-0.3800799693  
0.9018251959  
1.576513156  
0.7995188716  
0.7240549111  
-0.2021791332  
-0.9286979414  
0.4864322988  
1.675599943  
0.9932047345  
0.03030812439  
0.1302826984  
0.1358438466  
0.04659662565  
0.05189858286  
-0.4272392275  
0.1978628196  
-0.07254142112  
-0.3055287038  
-0.8008606573  
-0.8622257418  
-0.285512963  
0.3825141711  
-0.6593797437  
-0.5888210704  
-0.3590922429  
-1.000340466  
-0.826606033  
-0.2738872969  
0.02777865073  
-2.19510079  
-1.465227097  
0.004917894541  
-0.4942228452  
-0.4631522119  
-0.1366407529  
-0.08636665268  
1.036808075  
-0.7178073079  
-0.5470551864  
-0.3264304054  
0.302397448  
-1.076093717  
0.4889653683  
1.152756818  
0.9776518542  
0.8745145246  
0.5650534969  
1.210927446  
0.1787050962  
1.136006903  
1.656640077  
0.7760799904  
1.340330171  
1.025199769  
0.01488203182  
1.123973085  
0.2274589261  
1.097596825  
1.145444626  
-0.03908867067  
-1.210823049  
0.2306523389  
0.196076557  
-0.2315237555  
-0.09017284786  
0.2316634648  
0.2894535351  
-0.1967539793  
1.588041738  
1.324713098  
0.06127074637  
0.5850514942  
-0.2696809229  
0.4348343721  
-0.01937557013  
-0.308795641  
-1.400799754  
-0.08913777413  
-0.2154299303  
0.8463587081  
0.4322736305  
1.192119736  
0.2517546767  
0.2458000978  
0.734439976  
-0.1728852132  
0.1638712968  
-0.0005882394166  
-0.009646033175  
-0.07155303711  
-0.08035029151  
0.3996150825  
0.4529821099  
-3.005416082  
1.164883112  
0.6038611898  
-0.2972390369  
-0.6347556608  
-0.2294352539  
-0.4954864033  
-0.1237783026  
-0.4229132156  
-0.3206267429  
-0.2222310486  
-0.6038819871  
-0.5300144685  
-0.2033822703  
-0.1034833028  
-0.3010935955  
-0.1019744304  
-0.3082396988  
0.1394503178  
0.1124349262  
-0.03236158929  
-0.4611560401  
0.3940372484  
-0.3903988735  
-0.3996889161  
0.3257601989  
0.2691386906  
-0.592184956  
-0.3011613729  
-0.1845992497  
-0.5605094385  
-0.02939411127  
-0.2907097882  
0.7123439845  
0.9001050455  
-0.03714614149  
-0.1977268656  
-0.6821202773  
0.253328441  
-0.05977383746  
0.1768523198  
0.2068076588  
0.4540280428  
0.2290092922  
0.9023979961  
-0.07225308901  
-0.302195443  
0.2766676724  
-0.3086379758  
0.4296806082  
0.1544928228  
0.2547660792  
-0.4587604429  
-0.359813705  
0.04691112946  
-0.1702609954  
-0.4430057367  
-0.01554828343  
-0.8399451413  
-0.04288440131  
0.1588523832  
-0.6980387941  
-0.6189932398  
-0.6077396333  
-0.1477384533  
-0.519209935  
0.3048405461  
0.1606225871  
-0.4059211088  
-0.01437862589  
0.1767796886  
0.0732659237  
0.3962290566  
0.6895091053  
-0.07411881896  
0.3486781354  
-0.748888195  
-0.03735346103  
-0.4951870651  
0.01606404067  
0.1739872927  
0.162615144  
-0.2897549652  
0.3003205748  
-0.3949841069  
-0.8045106727  
0.1728811637  
-0.310470162  
0.02424537353  
-1.888367085  
-0.6844492145  
0.2495427348  
0.5818240943  
0.6815957093  
-0.8548634595  
-0.2603705804  
-1.61090716  
1.455861255  
0.9809081453  
0.8467333531  
0.7237204658  
0.7812876558  
-0.3343458139  
0.8938693299  
1.290956963  
2.205404053  
1.816545306  
1.207962164  
0.997001792  
-0.3857595409  
0.922451307  
1.860967259  
1.513885644  
0.9950697686  
0.169266631  
-0.2949702454  
0.8431391723  
1.225773027  
1.295646054  
1.176859555  
0.5238733777  
-0.406695645  
0.3773306582  
0.9011398385  
0.9514570207  
-1.122460845  
-5.648626537  
-3.40548745  
-0.6284631399  
-0.2817546977  
0.6496434862  
-0.7368752844  
-0.7700544904  
-1.28233686  
-1.089484911  
-0.1560580699  
-0.5748171975  
-0.7697480175  
-1.834583062  
-0.4025557952  
-2.870807841  
1.404442836  
1.353358257  
1.594465414  
1.423281938  
0.2782304634  
1.230550392  
-0.01445882293  
1.487321445  
0.9542124123  
1.0171594  
-1.68378686  
-0.4178930084  
-4.141913907  
-1.139033307  
-0.4205216886  
-0.3396577376  
-0.6029946518  
-0.1315917551  
-2.5760817  
1.031485287  
0.9609983492  
-0.1570122416  
0.5845220951  
0.3721874889  
0.02953141977  
0.4918550066  
0.2184929509  
0.06043943859  
0.894981878  
0.395207394  
0.9072344611  
0.210488842  
-0.8145086595  
-0.7181855146  
-0.03643398582  
-0.0814816551  
0.4086922393  
-1.314928966  
-0.2390260428  
1.320002499  
0.1735701725  
0.9861110329  
0.6882919877  
-4.606330364  
2.326986274  
0.5584313603  
0.2684408145  
-0.6825524758  
0.4874340611  
-1.506084246  
1.049236742  
1.641115876  
1.127237273  
-0.4712683359  
1.01330599  
-1.171851285  
0.2268588967  
0.6454822182  
0.6199566003  
0.2050089553  
-0.718884826  
0.04670538033  
-0.7714807111  
0.5134863244  
1.028507859  
0.3981186844  
-0.6202663498  
0.2000853194  
0.3160863467  
-4.029041528  
0.6718814082  
0.3590116516  
1.285030149  
0.1826244512  
-0.3118284463  
0.5958522172  
1.193573957  
0.1761720484  
-0.1849495514  
-0.2634331765  
-0.5550722379  
-0.2231533938  
-0.316668532  
0.3842267269  
-0.3759662041  
-0.08385991078  
0.2574613422  
0.2044028264  
0.3565693708  
-0.5192294214  
-0.2605226209  
-0.76599126  
-0.3897332894  
-0.1493674228  
-0.5336633054  
-0.2490768205  
-0.4059295607  
-0.4655091417  
0.1374247589  
-2.489874051  
0.8937952791  
1.279460527  
0.4972827378  
0.1720567132  
0.04332237175  
-1.509060543  
-1.961208936  
0.8416719208  
0.7453143602  
1.081910896  
-0.3186412723  
0.2605386128  
0.2481695057  
0.09292886833  
0.0006921868119  
0.2655072564  
-1.828863262  
-0.06405226737  
-1.234979272  
-0.4566039263  
0.4020712885  
-0.3558952947  
-0.9739684523  
0.191606863  
0.3133357488  
0.6623045506  
1.124189554  
1.189824989  
1.49134825  
-1.787545846  
0.3162610335  
-0.2754132507  
-0.6777488708  
-0.005079551814  
0.002564906686  
-0.3439220639  
-0.05873104529  
-1.308115167  
-0.925397674  
-0.2366144376  
1.504485534  
-0.2570089564  
0.6519074945  
-0.7129951926  
2.232530743  
2.945932704  
2.01790894  
3.06963475  
1.126461688  
1.307314267  
-1.479084262  
2.562551566  
2.377732109  
2.662998697  
0.6470570551  
1.719027608  
1.127074793  
-3.527754724  
-1.357597323  
-2.092085338  
-2.00457194  
-0.5504787005  
-2.840950515  
-1.887962869  
-4.194890461  
1.606667735  
0.4117183535  
-0.01038347943  
1.240242592  
-2.818336407  
0.5096250805  
-0.3578236794  
0.0712771959  
-0.1488335766  
-2.386808762  
0.8574926379  
1.681228779  
1.123503485  
0.6705724468  
0.6021362746  
-4.128068652  
1.334751371  
0.4646736482  
0.9865849857  
0.7238104851  
1.17140019  
0.2831674733  
0.1678458076  
0.9290290971  
0.9499962423  
-0.661614673  
-0.3251379782  
-1.766052652  
0.6459008627  
0.4859384985  
0.7523651492  
0.8753447782  
1.456330596  
0.1097293281  
-0.272869016  
0.8780260817  
0.3848531955  
0.1415521424  
-2.332709723  
-2.533225276  
0.6222575261  
0.8972234699  
1.878651731  
-1.319895416  
0.3909751539  
-2.471661898  
1.953462008  
1.592465487  
1.350955947  
0.8484124467  
-0.6063259327  
-0.720752815  
0.08979495728  
-1.224500918  
-1.286603155  
-0.5926532234  
-0.2407081185  
-0.7070191548  
-1.198261187  
0.126440662  
0.6506054088  
0.3526070557  
-0.4851577613  
0.7009757641  
-0.1672537662  
-0.5072170597  
0.4764563973  
-0.5609008943  
-0.9715967798  
-0.9458693505  
-0.549378479  
-0.6702907337  
0.07446698411  
-0.5890032102  
-0.5667999174  
-0.667298747  
-0.7025799645  
-0.3241379959  
-1.021788711  
-1.240180522  
-0.002229098768  
-0.757489243  
-0.05743496008  
-1.357125803  
1.446415978  
1.262592927  
0.8298849454  
0.3726129839  
1.412938552  
0.02126257499  
0.3409664154  
0.2986382852  
0.2071833475  
-0.401662584  
0.2614521338  
1.012665015  
-0.09369720323  
0.2715285533  
1.157524561  
1.003530205  
0.7755051242  
0.6357809024  
0.7352405976  
-0.1107212937  
1.044922353  
0.9252701565  
-0.1553810908  
-0.3773413272  
0.3108764856  
-1.248899464  
-1.16580493  
0.4912510427  
0.8555811825  
0.8906385668  
0.6545470348  
0.06946892824  
-1.572779633  
0.5630472991  
0.6748740988  
0.4379170504  
-0.1094524768  
-0.6512309865  
-0.5748664056  
-1.342678793  
-0.4486906497  
-0.6990982217  
-0.7383654543  
-0.6187361745  
-0.6410230556  
-1.452441434  
0.9090379428  
0.5310837643  
0.04650805104  
-0.3479614987  
-0.2992321045  
-1.193993101  
0.5059467135  
1.37441133  
0.460410371  
0.4284849088  
-0.04556568201  
-2.605648883  
1.671619728  
1.391642962  
0.9510035301  
0.5013365335  
0.9916547247  
-0.230437553  
0.1011119876  
0.1377525946  
-0.7881090803  
-0.1225019705  
0.2554181661  
-0.5981329391  
-0.4421987572  
0.3474254719  
-0.1390799692  
-0.4291023612  
-1.207236018  
-2.859511175  
1.532091894  
0.1599147284  
0.4462691199  
0.03696018791  
0.06094233602  
-0.4951835664  
0.2559123083  
-0.1182765851  
-0.2796091114  
-0.0904682243  
-0.08911692997  
-0.1189831625  
-4.270979366  
1.879963305  
2.370501947  
2.146032039  
1.269625771  
0.7595865237  
0.5157945632  
-0.1405528797  
1.573142703  
1.733508086  
1.03364455  
-2.767260298  
0.475873491  
-1.013875037  
-0.8862154658  
-1.233959484  
-0.7877522943  
-1.602259233  
0.1568600702  
-2.564894877  
-0.1990020915  
1.027480188  
0.2457342254  
0.1161252341  
-0.1683000445  
0.8345681139  
-3.106411306  
0.6852658715  
-0.402332856  
-0.01185937928  
-0.08606540342  
-0.009795781138  
-0.6804697779  
1.710172876  
1.879451151  
0.3501084458  
0.164731862  
0.2595050033  
0.5119250526  
0.1581563035  
0.05502540413  
0.2321839017  
-0.4825205234  
-0.1733895483  
0.002055081113  
1.87356802  
1.943099233  
1.316423004  
0.003829051236  
0.3341809151  
0.2087949931  
1.049650659  
0.2355827811  
0.1584609452  
0.3395923668  
-0.4771436577  
0.2651867755  
-1.210255139  
0.4380792674  
1.49948909  
1.912143118  
1.290064765  
1.322741497  
0.6256237975  
1.546432558  
1.10276083  
1.429919188  
1.058906613  
-6.692914053  
-3.426399146  
-3.650006471  
-2.369916621  
-2.259946964  
-2.0013588  
-1.618877559  
-0.2439535297  
-1.154892703  
1.20309914  
1.562034763  
1.80601547  
-0.3448093657  
0.09874006822  
-2.333181025  
2.20527065  
1.411903766  
1.134930616  
0.4401898724  
0.707029026  
-0.6518503039  
1.110607191  
1.844604666  
1.158295294  
0.3363488685  
0.767503662  
-0.8465586408  
0.6980275016  
0.05915231349  
0.8689389343  
0.5393558469  
-0.2378026244  
-0.4159622487  
-2.114911791  
0.8539093802  
0.5755786797  
-0.104824574  
-0.412172031  
0.1257092206  
0.1859292986  
-0.1817144754  
0.8375857573  
-0.7431993644  
0.627326778  
0.1428879902  
0.4684618012  
0.5852122012  
1.335669479  
-1.133135288  
1.89690013  
2.357000114  
1.538848232  
1.097400847  
0.04204594115  
0.1638566296  
-6.533150731  
-1.688426414  
-1.298277463  
-1.249775579  
-1.733442035  
-3.334146168  
0.6756042636  
0.02897477588  
0.98793179  
0.3814059353  
0.2556242628  
-0.5096776527  
0.7646565286  
0.9723584493  
0.4951322451  
0.4805251724  
0.03746151753  
-0.04050013671  
-1.378952989  
-0.7775892702  
-0.6042375897  
-0.0644097909  
-1.01114064  
0.1116229378  
-0.2511148485  
-0.1197397519  
1.094623766  
1.292827286  
0.004540962326  
0.5483553719  
-1.109285678  
0.2854010304  
1.469350847  
-0.0641221566  
0.8363714586  
-0.0328436604  
-0.2276137694  
-0.2500952527  
-0.4518573034  
0.07655161845  
-0.1953462272  
-0.09083696908  
-0.828074008  
0.4913928746  
1.065978338  
0.3541167894  
0.06834011702  
-0.2498605668  
-0.3504542716  
0.687287623  
-0.2666197802  
0.3592056846  
-0.430846785  
0.4481543252  
0.525032352  
0.5414744992  
0.1300946031  
0.2004365378  
0.4730524015  
0.6510159139  
0.4012046127  
0.1964732735  
0.3742739544  
0.5478736711  
-0.9528635768  
-0.2373428762  
-2.853064487  
-1.738391041  
0.05589216003  
-0.3414781422  
-0.3054778491  
-0.2355625348  
-2.084098864  
0.3637655555  
0.3598855896  
-0.3562147802  
0.6144297556  
0.586846418  
0.2004481047  
-0.8229062548  
0.8690408495  
0.9034954827  
-0.02727026248  
0.1142569147  
-0.3494475257  
-2.120686797  
1.236657453  
0.6802294729  
0.3345842307  
-0.4034080152  
0.3924407318  
-0.3946385074  
-0.1086089584  
-0.03244677329  
-0.498313527  
0.191299288  
0.5874352815  
0.2282144722  
0.3640304306  
0.3401092436  
0.7574235869  
0.1869176639  
0.2426604529  
0.6328011225  
-0.09628665859  
0.2359811872  
-0.2613594558  
0.2174918964  
-0.3905397301  
-0.3006028659  
-0.3177689871  
-0.479843993  
-0.626427801  
0.2014353379  
-0.3700476202  
-1.939330318  
-1.395064993  
-1.137125648  
-1.594130983  
-1.116724131  
-0.7013162578  
-0.7813313428  
-0.8761119284  
-2.640243971  
2.151344486  
1.014035835  
1.430408081  
1.415297735  
0.3960399753  
0.1731042085  
1.277308852  
0.3756964346  
-0.1226772175  
-0.9741396113  
-0.4669647195  
-0.03027774735  
0.1088911202  
-0.6658396926  
-0.5637835609  
-0.7673166584  
-0.2391054615  
-0.504448617  
0.05187638251  
-0.7288486051  
0.439679218  
-0.3798064282  
-0.2313556908  
-0.6397261936  
1.876360713  
2.955175125  
2.404745732  
1.787795382  
0.8284570051  
0.7200068942  
1.982395531  
1.281425777  
2.168048078  
-0.5592825534  
-0.9641191221  
-0.5117129377  
-0.9979731385  
-0.7735700659  
-1.025090443  
-1.325549799  
-1.977215522  
-1.021756218  
-1.788223424  
0.1877816779  
0.5550636028  
0.9272591686  
0.6135244923  
0.03274914025  
-0.3555177595  
0.3426697382  
1.315458017  
0.8400971743  
0.6910936602  
0.07655372945  
0.6070230384  
0.8135675672  
0.942751719  
0.7213750362  
0.733158219  
0.9476601889  
1.152662642  
0.09124019686  
0.4449314676  
0.8900852622  
0.7657665642  
1.17023215  
1.064499745  
0.8137406263  
0.3044735524  
0.3990451169  
1.276245576  
0.9729925371  
-2.123597354  
-0.5180147839  
-0.1426377181  
-1.075908336  
-0.1491450989  
-1.733315386  
0.3639694045  
-1.82907401  
2.136995954  
2.077509075  
2.528661207  
1.678279615  
0.001454941796  
0.1009268849  
-0.4129240762  
1.687148948  
2.269957237  
1.827861299  
-0.6346357749  
0.3814093004  
-0.3330334302  
-0.7075793733  
-0.2085550854  
-0.3283560312  
-1.203107211  
-0.3721559775  
-0.9174945334  
-3.135944465  
-0.9027749411  
-0.7134011866  
-0.1138776917  
-1.276186277  
-0.8154451171  
-0.9863603132  
-0.2643029629  
-1.268559804  
-0.4713873742  
-1.478210467  
-1.323482693  
-1.062409847  
1.449524407  
1.058672937  
1.110659313  
0.1990767452  
0.04798721721  
-0.3144502745  
0.1164664097  
0.04383841395  
0.4310108543  
-0.3456896544  
-0.748770808  
0.552278383  
-0.5549182257  
-0.5852260445  
-0.3822024541  
0.3037896474  
0.08501754472  
-0.06215829799  
-2.632173848  
-3.806360001  
-3.051641355  
-1.965565542  
-1.12543046  
-0.2185748313  
-1.101352319  
0.8071053434  
3.296983707  
-4.044610135  
1.085176376  
1.916462359  
0.9588183267  
1.327669865  
0.2938218725  
0.2412256989  
-2.10675338  
-0.9794122068  
-0.6239486274  
-0.754995395  
-0.6217695343  
-0.1962120357  
-0.1288759696  
-0.07078949557  
-0.959329704  
-0.6697927566  
0.1956083901  
0.2622023813  
-0.2449590627  
-4.341362141  
-1.617545042  
-3.286674442  
1.421167312  
1.471410845  
1.039371409  
1.506346243  
0.01103910459  
0.5335401679  
0.6136216748  
0.7608975332  
0.7962713715  
0.118182179  
-0.112414817  
0.8792217011  
-0.03993695424  
0.05299929924  
0.1718349193  
0.4335506225  
0.1533109958  
0.1122683877  
-0.4029192288  
-0.007463585498  
-0.08194441778  
-0.5328047197  
-0.5579904169  
