-0.7259389915  
-0.8958063611  
-0.153065725  
-0.9701548839  
-0.1420129501  
0.08053903085  
1.155960841  
1.964850764  
1.679169839  
-0.6473979729  
0.2484464098  
0.5547305559  
-0.8646130157  
-1.186964697  
0.9111626546  
-1.652733834  
-0.2894269272  
-0.1089312316  
0.8219093777  
0.9250476141  
-1.18774618  
-0.0708957044  
-0.2095106338  
0.4917998317  
0.7790164954  
0.4229877485  
0.8714117388  
0.3602035221  
0.1064945333  
0.4897400618  
-0.8469535678  
-0.400404705  
-1.175689227  
-1.029716664  
-0.2924430188  
0.3790511837  
0.07377205097  
1.051130201  
0.6405074148  
0.06626083931  
0.208217191  
-0.2557987929  
-0.07752298353  
-0.2913412351  
-2.205410987  
-1.620133421  
-2.77545645  
-4.113441803  
-2.200179352  
-1.434591292  
-1.51025764  
-1.457944391  
-0.2113757201  
0.0890369155  
-0.6382574683  
0.1489728759  
-0.3114233119  
0.3029872518  
-0.1740754037  
0.6657815315  
0.8892770091  
0.5189662086  
-0.05437087847  
-0.3759728774  
-0.5123468685  
-0.4252039  
0.3355119995  
-0.03142669661  
-0.6727859297  
0.1249057315  
-0.5908719464  
0.1740094377  
1.106093997  
-0.1449657454  
0.8112954288  
0.615278577  
0.6493076619  
0.8810812331  
0.5465948591  
1.394887205  
0.0936858611  
0.7564986879  
0.1190514157  
1.176071389  
2.041332165  
1.609578765  
-0.3377636117  
0.6683207675  
-0.8917737926  
1.040887766  
0.9868998649  
0.8773309855  
0.7667274015  
0.5168923423  
-0.02901848297  
0.7860776975  
1.38869976  
1.203534041  
0.5614773219  
0.4964336575  
-0.2185855792  
-0.3072473677  
0.8241296196  
0.5151547345  
-2.020005659  
-0.3920053493  
0.3145625497  
-0.03655282882  
-0.0811982848  
-0.2858462527  
0.1930709684  
-3.129906956  
-1.292863392  
-1.440155658  
-2.446165849  
-1.211983812  
0.1128081856  
-1.029239855  
-1.907135109  
-0.7170698404  
0.1721320456  
0.1807756503  
0.6582639287  
-0.796128874  
1.301526984  
0.5735228314  
1.38710067  
0.6099792631  
1.075167077  
0.06101659973  
-0.590318448  
-0.4369290952  
-0.08954874037  
0.5522833065  
1.109966288  
-1.304316326  
-0.400406413  
0.2992736277  
0.5988686549  
0.6061063896  
0.7181436069  
-0.9162806406  
-0.3542242267  
-1.033297628  
-0.5124484568  
0.3307388284  
0.569046156  
0.3533401526  
-3.602077656  
-0.6913209797  
-0.215403283  
1.003895463  
0.5477616457  
0.5982255532  
-1.872442802  
-0.3430184608  
-0.007796010604  
0.877771717  
1.35606696  
0.8835756385  
-0.6793591086  
0.9079357379  
-0.5840193111  
0.197178475  
-0.03422650648  
0.5769614743  
-1.420735206  
-0.3266921019  
-0.5545120484  
0.09691498578  
0.4563699519  
1.034247874  
-1.517878894  
0.6264920337  
0.1772777001  
0.6387296384  
1.710490826  
1.218777262  
0.7239639638  
0.435022103  
0.5894016679  
-0.4880178584  
0.3170936772  
0.6518389362  
0.09593200778  
-0.5197282409  
0.4870626472  
-0.5999445272  
0.7030277474  
0.6384538196  
0.9183143865  
-1.09916157  
0.3716214652  
-0.1073215677  
0.8460028063  
-1.743591  
0.9216481995  
-0.07348746666  
0.1403689433  
0.3113383594  
0.5075889412  
1.025178903  
-0.4762598779  
0.1022433652  
-0.1059620864  
-0.1804192129  
0.4440931567  
0.8883920595  
0.559567189  
0.2425490969  
0.179935452  
0.591125335  
1.000908668  
1.135589231  
0.8545561437  
0.6699046523  
-0.8993307495  
-0.7204195392  
-0.2214242897  
-0.3115253846  
-0.3885472885  
-1.058747704  
-0.4955001046  
-0.6381528261  
-0.3477077297  
-0.753633995  
-1.489610867  
-3.475203258  
-1.577675807  
-2.475380557  
-1.145384477  
-0.4154953122  
-1.140010716  
-3.230093395  
-0.4323573138  
0.524957517  
1.161460423  
0.5313380195  
0.2091818715  
-1.778304953  
-0.6797074647  
1.17314723  
1.148686861  
1.805630211  
2.135671597  
1.063759506  
-0.6139054751  
-0.07841156224  
0.7644748183  
0.3310212919  
1.491905839  
0.7313940346  
-0.5841201568  
0.7129768583  
0.407154032  
1.677280101  
1.459871232  
1.531931978  
0.3957330273  
0.2828546041  
0.9302921409  
1.200114179  
-0.7061385814  
-0.5446422258  
-0.525849277  
-0.9885840455  
-1.23177809  
-1.020847832  
-0.01572987873  
0.7436963106  
0.6383240376  
-1.230133369  
0.06402288159  
-0.713261497  
0.3436322173  
-0.001396380956  
-0.1651838725  
-0.6645133183  
-0.3401133645  
-0.9016371603  
-0.3012627571  
-1.75866986  
2.348821422  
-0.003784166208  
0.1453583915  
0.5409612295  
-2.985723228  
-1.943040552  
-1.550925732  
-2.017761995  
-0.2629818288  
0.3604114529  
0.6823397834  
2.103683752  
2.56377898  
0.4605880964  
0.5220700679  
0.7815285997  
1.436462101  
0.7193099601  
0.8534584138  
-0.5234423137  
0.1400467434  
0.7376865457  
1.133196934  
-1.217694365  
0.6167849464  
-0.690682837  
-0.4044748631  
-0.4165729255  
0.3007989364  
0.768343597  
0.8663298486  
-0.6177382966  
-0.9788228617  
-0.7098706351  
-0.1514716224  
0.8135812196  
0.8335762676  
-0.2265637735  
-0.5803829669  
-0.7979903881  
-0.701182279  
-0.8388378915  
-0.8693859029  
-2.036489285  
-1.992886139  
-1.18598357  
0.4088360821  
1.185631611  
0.5049580678  
0.5080431128  
0.4522202395  
0.3997303291  
0.8879221324  
0.7577736564  
1.608949842  
0.0007454427635  
0.4040410622  
-0.5241592564  
0.9787441579  
1.152555943  
0.5838458282  
-1.951393212  
-1.599226123  
-0.6498818154  
0.4246247002  
0.09951131717  
0.28270178  
-0.1401839504  
0.03955041619  
-0.1043056491  
0.2418076568  
0.6885004716  
0.4574952135  
-3.702628398  
-1.505945145  
-0.9741756305  
-0.5006014438  
-0.3683009826  
-0.2119000743  
0.4975331503  
0.2164350375  
-0.1190600676  
0.175722672  
0.5031627338  
-0.3358370868  
-0.5011623616  
0.3699772173  
1.336184947  
1.244615228  
2.197195496  
0.8138742618  
0.7844908388  
0.7126677107  
1.630012865  
1.942032891  
1.698880611  
1.219104078  
1.249320238  
1.14066809  
1.278564508  
-0.7446843216  
-3.578394309  
-2.580149657  
-1.837355886  
-1.405995736  
-0.1038521733  
-0.1034928583  
-1.127303885  
-1.490779695  
0.402844719  
-0.2851290196  
0.5989666568  
0.6999932388  
-0.6812176709  
-0.2886704356  
0.8589829513  
-0.03158001532  
0.9886940355  
1.7151837  
0.4959285913  
-0.09924216288  
-0.1634557894  
-0.2031302781  
0.2249097792  
1.032930142  
0.2096165882  
-0.7812029  
-0.9823705204  
-0.3391979241  
-0.878380761  
0.3183139003  
0.9987058283  
-0.7619097811  
-0.628340859  
-0.5130520844  
-0.4559114238  
0.1620734106  
0.7000905797  
-1.291711233  
-0.5440997512  
-0.5874938166  
-0.0811558761  
0.2837228755  
0.9120356521  
-0.8452950372  
-0.4797950628  
-0.1720385907  
0.170240495  
0.9019514306  
1.368036065  
-1.713471302  
0.132952548  
0.1118268669  
1.339939687  
1.707014628  
0.03968182852  
-1.721833224  
0.2455970053  
-0.1249892922  
0.8654362456  
-0.4672036576  
-0.4652355727  
-1.002831761  
-0.1214677524  
0.2946377513  
-1.084425905  
0.1180216989  
-0.2093573826  
-0.6993156286  
-0.5417167774  
0.2079077398  
-0.03985278285  
-0.7884906541  
0.09331592042  
-0.287705567  
0.6110947142  
0.9626574101  
1.475440906  
1.222463717  
1.907604484  
0.3377333285  
-0.6273395592  
0.4749878357  
-1.128424818  
-0.02458297924  
-0.1138761485  
-1.31686867  
-0.5372688038  
-0.509344841  
-0.7125404923  
-0.2604125492  
-0.206620639  
-1.343929352  
0.1035716689  
0.1687292358  
1.629985153  
0.9931145075  
1.200443335  
0.962968847  
0.8575498893  
0.1159922837  
0.8657712835  
-1.226189216  
0.9652364166  
-0.6649033726  
0.9896302183  
0.5738859143  
0.8238669993  
1.281407277  
0.009801654225  
0.422713895  
0.5610391022  
0.01694633816  
-0.7091705092  
0.2618384016  
-1.369643134  
-0.1629737379  
-0.7989006927  
-0.8539794413  
-1.411002012  
-0.957981455  
-2.748344499  
-0.9494457686  
-1.076795958  
0.07669599417  
0.2120908499  
1.10996301  
0.1812414696  
-0.2958090004  
0.01434650398  
1.236007479  
1.526223852  
1.592529984  
-1.378301271  
-1.777501506  
-0.3418348189  
-7.376502771e-05  
-0.1594411892  
-0.5713372335  
-0.4040535598  
-1.47642488  
-1.195351636  
-0.2566265947  
-1.076384403  
0.41323006  
0.7832123316  
-1.057627366  
-0.2888189436  
-0.01275524602  
1.125887747  
1.052672397  
1.316781598  
0.1199135385  
0.04343810785  
0.1064624631  
0.9016529503  
1.01672915  
1.217683284  
0.9694821333  
1.044551578  
-0.3053614228  
0.8283878596  
1.375959082  
1.151930608  
-0.9331757565  
0.389957228  
0.1069358037  
1.28592771  
1.410564954  
1.723042811  
-0.1618624678  
-0.154491599  
-0.1017124701  
0.1369146928  
-0.1264209924  
-0.2955819663  
0.1413115648  
-0.9088832791  
0.2087042389  
0.7969643588  
1.0830179  
1.47297168  
1.079154978  
0.3772377426  
1.111517452  
0.8659353935  
1.372918915  
-0.929993397  
-1.217449232  
-0.9081198676  
-1.476774204  
-1.24221705  
-1.329627367  
-0.7827163603  
-2.497991987  
-0.7489425932  
-1.343015264  
-1.458570584  
-0.9232547527  
-0.51726749  
-1.362700771  
-0.6749933475  
-0.8945067255  
-0.147921074  
0.0495613288  
0.5502293993  
-1.383685393  
0.06385159166  
0.9348073122  
-0.4573387545  
0.8222576048  
1.191571744  
0.9588067672  
-0.50034148  
0.5285209454  
-0.2879559825  
-0.1458264957  
-0.1538970922  
-0.6041413597  
-4.166331284  
-2.027585735  
0.424556427  
1.301017264  
2.3454694  
2.710089398  
0.8013937165  
2.267802008  
1.740780984  
1.151582358  
1.256016325  
1.68934976  
0.5898482556  
0.2159695121  
0.4838158912  
-2.450359545  
-4.094041577  
-2.499984704  
-2.873546503  
-0.3683049497  
0.05399739038  
0.6627480158  
1.070624517  
1.119726767  
1.540816312  
-0.1395950303  
0.0766496387  
-0.7696810255  
-0.784988955  
-0.8780881322  
-0.8694939404  
-2.004284202  
-1.514341028  
-2.187713109  
-1.824281185  
-1.386579241  
-1.730645149  
-3.787767974  
-2.689250613  
-0.5639782483  
-0.3543226026  
-0.3899484696  
0.1632632423  
0.3725173529  
-0.4297885022  
0.446048745  
0.7085885696  
1.493764596  
2.45163587  
2.396146822  
-0.5300466282  
0.290248933  
0.6376008981  
1.603354828  
2.285517429  
1.496625513  
0.1485196116  
1.247031963  
0.7189336464  
2.002378249  
1.65232099  
1.41050116  
0.1077292382  
0.5542173634  
-0.09969836477  
-0.1528353042  
-0.3008953196  
0.1536605978  
-0.6638737832  
-0.346597788  
-0.5957006424  
0.3989676509  
-0.173875842  
1.181004671  
0.6200940928  
0.8813135322  
0.3610684194  
1.913062963  
1.340372801  
0.1756102373  
-1.2218972  
0.09741766901  
-0.419217191  
0.8291383206  
0.4972390312  
0.654500378  
-0.3434662233  
0.8047791308  
0.4522024176  
0.7871369824  
0.8738070979  
0.1538830087  
0.3032642601  
0.08346879039  
0.2269038743  
-1.218482861  
0.4094115234  
0.4148416109  
-2.560817379  
-0.757382442  
-0.3067367699  
0.5565816241  
0.6594197097  
0.161895  
-1.033855576  
-0.908303462  
-0.6825728887  
0.5273554171  
0.9676857426  
0.3200579694  
-1.211408874  
-0.4866098615  
-0.3405087704  
-0.557004026  
0.342387237  
1.429774981  
0.4522308462  
0.431812407  
0.2019411573  
0.7559721528  
0.6863287015  
0.6715367547  
-0.8612823629  
-1.017848134  
-0.8454695454  
0.1069609245  
0.5125839652  
0.9480953288  
-0.4149871886  
0.03249446617  
-1.031291898  
-1.168582361  
-1.072105306  
-0.9042940171  
-3.366026331  
-2.511761932  
-0.6417367879  
0.7695679532  
0.8647319308  
0.6364990288  
-0.5141978153  
0.4158399128  
0.4851347962  
0.3056947481  
0.4150609819  
-0.04094713189  
0.3770975117  
0.5186674139  
1.301846409  
1.756045831  
-1.266502442  
0.4698371121  
-0.5371106546  
-0.4534428097  
0.300891001  
-0.1778733757  
-0.5974393798  
-0.1657992887  
-0.3158795493  
-0.08369299803  
0.7031912501  
0.8039633057  
0.07775781036  
0.4541716061  
-1.019663818  
0.3871151805  
1.193098112  
-0.5565503556  
-0.04757559738  
0.2217591344  
0.3044220696  
-0.9119798225  
0.3791259953  
-0.5208189376  
0.3062958077  
0.3062617499  
0.6660114277  
-1.469389913  
-0.6975355604  
-1.784795871  
-0.9772334953  
-1.622803398  
-1.330102691  
-3.669178471  
-1.959839501  
-1.620515955  
-0.338120866  
0.580881523  
-0.1365549758  
-0.07154530265  
0.8981797022  
0.3309351245  
1.112742908  
1.582463137  
0.7046664372  
1.256172337  
0.6753539052  
0.7471410833  
0.4964559974  
0.5491783109  
-1.272056505  
-0.5227100008  
-0.0377730781  
-0.08671749965  
0.429989288  
0.7263059394  
1.038369271  
0.1637745852  
0.9628254369  
1.37063273  
1.284398549  
1.152297274  
-0.2300790143  
1.583023653  
0.6808534064  
0.4778840368  
0.563339064  
-0.1519858194  
0.3934327782  
-1.82090317  
-0.524318459  
-0.4845396677  
0.2319553837  
0.7112056694  
0.661693419  
-0.0323603712  
0.3247895026  
-0.2358675938  
0.05329240075  
-0.2321152261  
0.4497732293  
-1.199397456  
0.1125670303  
0.6967115081  
0.09836348619  
0.4497862939  
0.6518769745  
0.4389714975  
-0.9311996012  
0.5910534737  
-0.09692544184  
0.03765711149  
-0.5903589288  
1.224155823  
-0.4549102627  
-0.1250713236  
-0.3121484038  
1.082297843  
-2.26879382  
-1.350011885  
-1.371663438  
-0.2500181254  
0.1038911147  
1.097844396  
0.09328581067  
-0.2469126154  
0.2190966349  
-0.4173806812  
-0.03434838787  
1.568094093  
0.9422088249  
-0.2842121607  
0.5943538345  
-1.046948956  
0.3386749527  
0.1263239274  
-0.1978263991  
0.4143035086  
-0.1384554634  
-0.1627086278  
-1.125642956  
0.1944247116  
0.2017099248  
0.3609320741  
-0.5963288249  
0.3120135646  
-0.3141078429  
0.3967485238  
0.155816697  
-0.1044614396  
-2.301038427  
0.1936955048  
0.1469016289  
0.4333788132  
0.2336989665  
0.5215337393  
-0.6321853276  
-0.003125384748  
-0.07899724475  
0.7905577753  
1.433610044  
1.354949171  
-0.9231848507  
-0.6393086073  
0.009454449493  
-0.3878365517  
-1.130058464  
0.7763147778  
1.293452707  
0.5688755949  
0.7669714555  
0.3448316819  
0.5674549106  
0.3783027107  
0.6083358238  
-3.103458571  
-0.4783791208  
-0.6015081403  
0.339161693  
0.8189154328  
1.892222886  
-0.8350018444  
0.7923108793  
0.6444845116  
0.5653464015  
0.7435121294  
0.5935203826  
0.2301713601  
-0.3415240647  
0.3495239907  
-0.2107019216  
1.172652912  
1.041269302  
-0.5137288851  
-0.4516778482  
0.385292262  
0.3687069569  
-0.167269759  
0.417583116  
-0.5630253667  
-0.624380827  
0.6780247924  
-0.6296643175  
0.2742732184  
0.131380645  
-1.079266006  
0.2107174936  
0.4923172263  
-1.232003944  
-2.864635047  
-1.143687433  
-0.7186870132  
-1.821281961  
-0.5879431626  
-0.6411203358  
-0.1116802047  
0.9240175922  
-0.8550323738  
0.7984371935  
0.3021904813  
-0.180316244  
0.3804376534  
1.295948822  
1.864957811  
0.05609457201  
0.5146728536  
-0.6222819413  
-0.1263322589  
-0.6493626726  
-0.932605335  
-1.895873582  
-0.7192195961  
-1.327710082  
-0.1790658802  
-0.6872695023  
-0.8539664261  
-1.073354835  
-0.6309899918  
0.1135609075  
0.3307893469  
0.5390183902  
0.2923446617  
-0.7022870463  
-0.001662383396  
-0.08547855247  
0.3202712615  
0.9872686426  
-0.1585129846  
-0.6916772468  
-0.8746915066  
-0.7923913002  
0.09611331943  
-1.315823481  
-0.4974718763  
-2.168604008  
-0.6069017639  
-0.8195680184  
1.060795615  
1.130723421  
1.550688748  
-1.153201006  
0.6715114954  
0.3247689748  
0.8874288344  
1.041699144  
-0.2575543101  
0.1622845956  
0.05379869686  
0.5102130788  
1.5007325  
1.160041662  
0.05192292222  
0.5845887872  
0.7581112768  
0.9205997787  
1.798612914  
0.4710188539  
0.1628067989  
0.5475806995  
0.6901562298  
0.9216704452  
-0.08021862918  
0.609926952  
0.2972790963  
-0.3164566408  
0.07867210405  
0.88508761  
-1.260995735  
-0.2824186764  
0.2850653927  
-0.1897377234  
-0.2557530211  
-0.3299007672  
0.757342995  
0.7291420792  
-0.1643359652  
0.05782096861  
0.3741727705  
-0.5275115213  
0.3636934507  
-0.02596040958  
-0.3513941473  
-3.81180896  
-0.8200182702  
-1.171446694  
0.1304412572  
0.6493140589  
-0.2477245236  
0.00537702564  
-0.3009472321  
0.01249902339  
-0.2052528369  
-0.5944271605  
-0.3899447134  
-0.1885528414  
-0.2747103382  
0.8080732816  
0.6494454398  
0.1959126087  
-0.2342149294  
-0.05508112936  
0.2492678595  
0.8483214243  
0.8355941913  
1.874751593  
0.5489171712  
-0.1665424983  
0.2094584944  
0.1993242954  
0.1047499918  
-0.2041076571  
-1.630566136  
-1.300287942  
0.1993122854  
0.9130190144  
2.070130761  
1.531248176  
-0.8155537708  
0.7122515187  
0.9292102302  
1.380855403  
-0.4676049914  
-0.7426439821  
-0.4299800333  
-0.5531716774  
0.04124291965  
-0.3874363264  
-0.6722170009  
-0.8563243666  
-0.5068886163  
-0.1964086835  
-1.306273046  
0.09872124126  
0.01579612728  
0.345550331  
-0.9055700848  
-0.5458549564  
0.4178906614  
0.8707842198  
1.064259621  
0.105255705  
0.6968587142  
0.07460368557  
-0.3351026845  
0.1689647861  
-0.2114180098  
-0.1445716885  
0.1881991642  
