-1.196774288  
-0.6287415312  
0.2487461348  
0.8316792779  
-0.2815213662  
-0.5994733596  
1.344186217  
0.08552262401  
0.3180691935  
0.7608305362  
-0.7882320401  
1.501452635  
-1.286165646  
-0.7576104849  
-0.006552708711  
0.8856094503  
-0.860450456  
0.6493939987  
1.572758753  
0.1629434656  
0.6607761426  
-0.03474613579  
-1.405346223  
-0.1141721062  
-1.307627749  
0.4084691098  
-0.08050979624  
-0.282094145  
0.7665282153  
-1.058753052  
-0.1213661106  
-0.4309503406  
0.6132662938  
-0.1649349188  
0.7227789906  
-0.780783222  
-0.8773117142  
-0.3185396488  
-0.6349006897  
-0.7704175161  
-0.9096454274  
1.955025537  
0.1580578081  
-0.1280420868  
0.08751076831  
-0.9715615606  
1.232790048  
0.2729650112  
-0.4935372685  
1.548352961  
-1.658633894  
0.3243893564  
-0.9018767328  
0.6353000575  
1.624564516  
-1.093740396  
1.247250938  
0.01721354737  
1.243575749  
1.189079961  
-0.2940189383  
-2.506570942  
1.222999229  
-0.06751752963  
0.9400986873  
-0.6171277742  
-1.533141838  
-0.01415280032  
-0.6384766441  
1.056646353  
-0.9329055414  
-0.05340549876  
2.539508199  
-0.9067533534  
0.7682222918  
1.927564778  
1.285212191  
0.1075352598  
0.6110014322  
2.876705988  
-0.07402385418  
-1.766757295  
1.385168113  
-1.4183139  
0.05810138761  
0.02438607056  
0.2737671599  
-0.1880034391  
-0.3678966001  
-0.3546101458  
-2.556364929  
-0.08767841129  
-0.08597168785  
0.1348771884  
-0.3927965602  
2.054917555  
0.1868581631  
-1.115073008  
0.450376305  
-0.8065779465  
0.04606551607  
-0.6897507892  
0.1061984211  
-0.2501290441  
-0.1467332424  
1.035997716  
-2.121755983  
1.018291953  
-1.801493931  
-0.7290635451  
0.6961651764  
-0.8962551072  
-1.539841158  
-0.4272441441  
0.5358427067  
-0.2013155532  
-1.888294738  
-0.7276788441  
0.640040361  
0.5897413603  
1.20958396  
0.5665678497  
-1.147036142  
1.176154338  
-0.6305222543  
1.386495316  
0.3848107116  
-0.1068496534  
0.5135934661  
-0.7973426999  
0.4581336245  
0.5948110388  
-0.5469465603  
0.4602670776  
0.7810481699  
-0.3002914703  
0.04120436385  
-0.989114903  
-0.1464654657  
0.9362603337  
1.036362048  
0.9390532098  
1.680037301  
-1.113683974  
-0.630501585  
-2.037127205  
-0.385688725  
0.5076594021  
1.3338179  
0.6722278401  
-1.463233754  
0.4394904635  
0.4111964481  
1.149818049  
-0.3192410145  
-0.4101280359  
1.595553523  
-0.1491728001  
1.079604428  
-0.5192921317  
-0.6006454389  
0.1177150398  
-0.07530108092  
-0.6888628896  
-0.81979319  
-1.455147878  
-0.5825036064  
0.685113518  
0.991639367  
0.3463397387  
-0.1283831959  
-1.139898563  
0.1528912831  
1.104066137  
-0.4418965271  
-0.1808789404  
-1.480539209  
0.9918952047  
-0.5689197322  
0.8243420845  
-0.3319430986  
-0.008488026844  
-0.8068743276  
0.4448370709  
-0.1866933994  
1.103627514  
-0.1873548505  
0.1718580101  
-1.047001963  
-2.182685319  
1.257411691  
0.1923043566  
-1.327617428  
0.9143985391  
0.3565879265  
-0.7382727455  
1.103099791  
-0.7328965062  
-0.2748886775  
-0.4631424081  
-0.63241226  
-0.2036618539  
2.633020142  
-1.353666013  
0.1189488354  
1.668333964  
0.7346508062  
1.260587707  
-0.3710738934  
-0.9015321138  
-1.622197793  
-1.193796577  
1.755008101  
0.5578219754  
-0.6091114236  
1.352653253  
-2.643769053  
1.097013248  
-2.49097086  
-0.5915578419  
1.0753093  
-0.04995877202  
1.158120518  
0.2652118993  
-0.7878357388  
2.337697773  
0.486062221  
-1.129292423  
0.8318893845  
-0.4824425739  
0.5107082854  
-1.995241697  
-0.2261005503  
0.440143678  
0.3443766282  
2.310291518  
1.516625013  
-0.503409763  
0.9372273953  
-0.3298558468  
-1.918196303  
-0.6269501597  
-1.084663413  
1.43489633  
0.3607788752  
1.945792523  
-0.2322555493  
-0.4817299457  
-0.6205623137  
0.2058657293  
0.3283066089  
-0.3795865182  
-0.7945263613  
0.06970156891  
0.6207846829  
-0.0172923707  
-0.0760746324  
0.6718317441  
0.2635169686  
0.3402264571  
-0.5840813658  
-1.988422544  
-0.7158620842  
0.7704766909  
-1.411514505  
1.090999564  
-0.1055771908  
-0.6345982362  
0.1726853854  
-0.7161458564  
-0.8354863271  
-0.8111226827  
-0.7536080367  
-0.04252796719  
-0.1413362734  
-1.08785385  
-1.743440116  
1.240653462  
-0.8953453385  
-0.5917189946  
1.273679789  
-0.186013686  
1.371816821  
1.111665967  
0.3911262388  
0.5502472786  
0.6478039559  
-0.4476165452  
0.01393894156  
0.4600123259  
0.8683707943  
0.195892463  
0.4666934341  
1.337656505  
-1.724986995  
0.3142220431  
0.5363358808  
0.2469639683  
1.997765274  
2.164304341  
1.153231772  
0.5284657771  
-0.1378952307  
0.2025696874  
0.6014366987  
0.1348514359  
0.9576388186  
-2.197759614  
-0.2257504944  
-2.11711061  
-1.388328279  
-0.7604624319  
0.5497679941  
-2.317605649  
-0.4367628059  
0.1954068731  
0.2971271273  
0.3369682326  
-0.4613248045  
-0.3919327103  
0.4971264097  
1.218242779  
1.551523947  
-1.126989954  
-0.281680689  
-1.553406996  
-0.7913707648  
-0.7476109628  
0.4171916173  
0.4671339114  
-0.989670124  
1.387064316  
0.7620592918  
-1.05229876  
0.657990302  
-0.3088558498  
0.9221933425  
-0.2684928423  
-1.185549645  
-1.571453452  
0.6775206826  
0.05792081616  
-0.6863894908  
0.8012473084  
-1.270062031  
-0.7720241147  
0.418179238  
0.7415328499  
0.1418550504  
0.3658610212  
0.1281678829  
0.6265871156  
0.2731279273  
0.3497552  
0.3828019127  
-1.508375429  
1.39152872  
1.558165245  
1.480490927  
0.4016199654  
-0.7191714356  
-3.415189788  
-0.3987806066  
0.6046749732  
-0.2287837347  
2.102155111  
-1.000624811  
-0.3968165347  
-1.256398652  
-0.4235128227  
-0.6126011524  
1.066625076  
-0.8622204609  
0.7458725945  
0.8682639744  
0.3195803598  
-0.501647174  
-1.226623453  
-0.1653165185  
-0.3552942371  
0.5918921345  
0.6897914525  
-0.4696176033  
1.685863094  
-0.5740935857  
2.115072249  
-0.08839412397  
-0.3043430829  
0.8116511613  
-1.776191877  
0.5586960723  
0.0877726816  
-0.9112762796  
1.77255539  
-0.7662976202  
0.1234337087  
-0.2067815104  
-0.341811304  
0.4106044013  
-0.02122998103  
-1.17368588  
