-0.2285766716  
0.5253738962  
-0.05709664422  
0.8240251883  
-0.7731330591  
0.9886632122  
-0.4939164303  
0.1337340985  
1.257826161  
-0.2645030646  
-0.4714561225  
-1.124784064  
-0.9294267706  
0.8878623331  
-1.431647968  
-0.2083413393  
-1.914441454  
0.6335501272  
-0.2462889665  
0.2096574343  
-1.428998342  
1.444155785  
1.437160322  
0.1855003312  
1.199681614  
-1.514817036  
-0.2646161773  
1.041500992  
-0.791155722  
0.807531944  
1.402191158  
-0.5988124243  
1.073071785  
0.7982893019  
-0.9926037392  
-0.4307715487  
1.272696057  
-0.06446735184  
1.159613201  
-0.3653840973  
0.4320976668  
0.4094394726  
-0.04204555054  
-1.116627716  
-0.2201233931  
0.4742199585  
-0.3088659805  
-1.748539091  
-0.9087159143  
-1.273308687  
-0.7364083304  
1.090501719  
0.6013661011  
-0.3601905062  
1.254178645  
0.5410217072  
-0.6324752383  
-0.9146598727  
0.3558409724  
1.676099387  
2.055581528  
-0.3966491453  
0.509254644  
-1.683058216  
-1.324854366  
0.3699517349  
-0.1692038043  
0.352817635  
0.04306552015  
-1.791699687  
-0.3141645712  
1.085475066  
-0.07528462857  
0.3969491983  
-1.608545204  
-0.08154279072  
-0.9294732837  
-0.6025301127  
-1.168022723  
1.741644976  
-0.9232162132  
-0.7817182633  
1.157679747  
0.7442521956  
0.6967064242  
1.425435341  
-0.1321005763  
0.8007833471  
0.9617548052  
-0.3880485513  
2.136480805  
0.04310081133  
1.932566982  
-0.9265492466  
0.3785788035  
-0.5255964415  
-0.8043065247  
0.4946446099  
1.338592872  
1.468462  
0.3809089836  
0.6209638765  
-0.09982090355  
-1.52718396  
-0.4157317632  
1.561109141  
-0.3900199469  
0.2197560167  
0.1305863956  
0.5383384448  
0.5132473086  
-2.140529782  
-2.516017077  
0.3541933195  
0.5694677565  
0.9918248587  
0.09387410909  
1.619611871  
0.6274704242  
-1.054977666  
-0.6008976528  
-0.4252536392  
-0.5754591568  
-0.354908157  
-2.246846076  
-0.7273349095  
-0.4049678443  
-0.84291928  
1.280112474  
-0.3434466477  
-3.430946718  
0.5678833053  
-0.7680429104  
-0.1245887048  
-0.8241708148  
-0.6366294531  
-1.709789724  
-0.04478109885  
0.07237602606  
1.252342072  
0.01942991442  
-1.319046947  
0.1628496097  
0.5043843794  
-0.565681589  
-0.5101526402  
-0.1211070211  
0.2623552543  
0.9313974233  
-1.316457951  
-1.79217582  
0.8058719172  
-0.3958821856  
-0.6064076418  
1.480216658  
0.269770762  
1.165501376  
-0.6204859757  
1.251511063  
1.191490889  
-0.1789640501  
1.054158619  
0.08355977369  
-0.8921572838  
1.742149949  
0.942954711  
1.018556745  
-0.04955608654  
0.2408419138  
-0.1943117475  
-0.7654202108  
-0.08762079654  
1.24536439  
1.324767686  
-0.2061226795  
1.39141456  
-1.192504157  
0.03928319144  
0.5650805975  
0.611144361  
-0.1214186972  
0.6021992857  
-0.540560041  
1.510384012  
-0.9394991294  
-0.4405203443  
-0.8405328451  
-1.123790259  
-0.477262092  
2.423347324  
1.196910156  
-0.3216441158  
-0.0919705254  
-0.09912818212  
-0.6873370626  
0.452230511  
-0.4275785574  
-0.06302293101  
0.5435323253  
-1.246780767  
-1.266083094  
-0.008343441837  
1.049062178  
0.08065344523  
1.927306788  
-0.1416315627  
-1.657835857  
-0.5371263706  
-0.5388085927  
2.542764206  
0.8625742192  
0.6956300724  
1.254469212  
0.9316329277  
-1.016196212  
1.919308916  
-0.155054042  
1.593709367  
1.893570818  
2.540804099  
0.8760560649  
-1.35510356  
-1.751197231  
-0.7304992462  
-2.186587989  
1.148878081  
-2.825795113  
0.1766297151  
0.6126347897  
-1.134105107  
-1.297332999  
-1.171999772  
-1.205937502  
-0.7285161536  
-0.5148166561  
0.5051894285  
-1.18041533  
-1.669235336  
-0.3764185748  
-0.5004503726  
0.07971141811  
-1.380176252  
-1.254698718  
0.3246721745  
0.3272239899  
-0.3792197767  
-0.68466328  
-0.8346258316  
-0.5441257214  
0.2626263937  
-0.2280733426  
0.1437688478  
0.60387793  
1.018354884  
1.57817943  
-1.567266677  
2.530042384  
-0.02701441304  
-0.4512167129  
1.217303934  
-0.7446015422  
0.9359969519  
0.6564253914  
1.382848125  
0.5532095256  
1.066842048  
-0.4009309716  
-0.404306652  
1.211117528  
0.7169905923  
-0.02790414353  
0.4630172087  
0.7456321479  
-0.5062473017  
-0.5599548539  
1.026729234  
0.1609061874  
-0.437050806  
-1.342112799  
0.2074567371  
0.8041613785  
-0.7998715334  
-2.085024128  
0.599040559  
-0.3910525858  
-1.231225243  
0.009997755035  
-1.130987021  
0.08036213562  
-1.489638506  
1.716458769  
-0.1316359584  
-0.4675071251  
2.310796236  
0.6248160108  
-0.433785127  
-1.580565657  
0.4876777437  
-1.710629783  
-0.02367291348  
-0.6209774225  
0.9647420745  
-0.6851387597  
-0.8299957121  
-0.4850624187  
0.0937858665  
-0.4294224537  
-1.045717791  
0.5570867335  
-0.7711031397  
0.7757258506  
-1.365602335  
-0.4896339265  
1.652356025  
0.5768455378  
0.6748916033  
0.3571759187  
-0.2182328929  
0.8398986839  
-1.480250316  
0.1518683558  
0.3410138555  
0.01002497262  
0.753787369  
-0.5038405544  
1.141926245  
-0.7213153051  
-0.2125853908  
1.386736339  
2.320665966  
-0.5213915996  
0.250658821  
-0.2571730737  
-0.693389807  
-1.316928021  
0.9281347944  
-0.533979786  
-0.2944513663  
0.1192410978  
-0.1051031914  
-0.305714615  
-0.6585219859  
0.9995656909  
0.5316228193  
-1.096771778  
0.3911547272  
-0.2371797941  
0.3439835241  
-0.8991551188  
-0.2459055683  
-0.379287033  
-0.06931659794  
-1.233201171  
-0.1387239267  
-0.03147028981  
1.779434543  
1.266118213  
2.904145408  
0.9464332846  
-1.309211056  
1.810796219  
-1.375065698  
0.3284601472  
0.1241927654  
0.04539432533  
0.711536183  
-0.05914456389  
-0.6244799163  
0.9364065084  
-1.055489277  
0.8933367112  
0.02365474145  
-0.8758256084  
-0.3758090392  
-0.09927927675  
-1.596095629  
-0.06278356316  
-1.460540146  
-1.27264593  
-1.124928649  
-0.1919208683  
-0.6847689189  
-1.696776163  
0.9481335292  
0.7069498041  
0.5908718083  
0.5140772101  
-0.3023497235  
1.232712899  
-0.7065837036  
1.668619728  
0.04508195951  
0.1020565886  
0.9778412117  
-0.9924659929  
-0.1906078923  
0.3991790714  
0.0007734581836  
-0.4715380931  
-0.4412102851  
0.7158939478  
