1.171231452  
-1.206025864  
1.315460789  
-0.5400244503  
1.010589123  
0.1803806091  
-1.180747137  
2.357445916  
-0.005376719393  
0.3719629215  
0.988252172  
-2.063201524  
-1.305273478  
-1.038577819  
0.1315235702  
-0.7088344995  
-0.206657559  
-0.01115182975  
1.993116787  
0.5546623223  
0.1192642569  
-0.932634284  
0.3015509152  
-0.8478600972  
-0.9830064262  
0.04705430448  
-0.07232799619  
-0.1212661271  
-0.7341548966  
0.2531741304  
-0.6004163564  
-0.4630071793  
0.5656028034  
-0.8089283253  
1.255984791  
-0.03841243912  
0.1453096517  
-2.541281205  
-0.655992086  
1.502588201  
-0.1769593987  
-0.4744843583  
0.6711404658  
1.550750599  
0.4267707253  
0.4878016332  
1.338400038  
0.1208069374  
0.4380090552  
0.9081644038  
0.2837972142  
-1.337166195  
-0.02930469978  
-0.05371944926  
0.3718889769  
1.961526854  
-0.5330801346  
0.05749310908  
-2.032663244  
-2.910733025  
-2.469033019  
-2.104505912  
-0.5282136116  
0.2277016341  
1.136012292  
-0.7684896247  
0.6102557653  
1.002967878  
0.7619146489  
1.506171946  
0.3866777127  
0.4297196947  
1.483170874  
0.8573411025  
1.546762126  
1.282035215  
0.6248423676  
0.1097534778  
0.6314338954  
0.8968646107  
1.03340904  
0.04688460335  
-1.560529448  
-0.5104879047  
-1.113364951  
-0.3572578012  
-0.9062890426  
0.7290214117  
0.488672144  
0.1852957762  
-0.5630626191  
-2.173467263  
0.2907813185  
-0.2940366965  
-0.3480186852  
1.180460175  
0.0609134571  
-1.493940793  
-1.381065385  
-1.768288722  
-1.342680858  
-0.6834915654  
-0.05413792732  
1.181641928  
-0.1609805614  
0.1973040973  
-0.9266050897  
-1.458745681  
-2.309557586  
-1.283758636  
0.9420601547  
0.7032963007  
1.164537419  
-0.3061537491  
0.9779838181  
0.4294203606  
-1.681903035  
-0.9412319443  
1.125678926  
0.5609552697  
0.4668597105  
0.1904554393  
1.248639042  
1.174830943  
0.981959843  
0.6090807101  
-0.09822231775  
0.8239541398  
-0.4951347337  
0.7911667036  
1.595311859  
0.3369351593  
-0.2917707776  
-0.3502096355  
-0.3318567219  
0.5194360901  
1.117328375  
-0.8240633981  
0.8537479308  
1.387899427  
0.4712713065  
0.5486725468  
1.920970435  
0.1969291997  
-0.6260185112  
1.429793554  
0.2636611057  
-0.009193458509  
0.9315187666  
0.08521807122  
0.6138568829  
1.190246395  
-0.02149257341  
0.4020036626  
-0.7130601283  
-1.220079128  
-0.9067279332  
-0.08940364334  
0.058281943  
-1.285606893  
-0.4853117407  
2.320152364  
0.8695217993  
0.7572303854  
-0.4807709812  
-0.791998581  
-0.9245710893  
-0.3999412367  
-0.8818785622  
0.7606600389  
0.6021755101  
-0.3353550224  
0.01962882822  
-0.6242058588  
-0.4498376354  
-1.036997301  
-1.305731481  
-1.300778584  
0.1575817578  
-0.5073535249  
-1.463721403  
-0.4659697965  
-3.021210627  
-0.5169316425  
0.303665384  
0.8386354297  
0.6481222621  
0.4151167134  
-0.6496959841  
-0.506520482  
-0.9486366601  
0.2953247305  
-1.151975329  
0.7177607923  
0.8420819242  
0.1368343363  
0.369676833  
-2.211339756  
0.5880404836  
0.2686928798  
0.1546980786  
0.4619973177  
-0.8705516782  
-0.2289520298  
-1.475090648  
1.561821293  
0.88037102  
0.8517537343  
-1.071885428  
-0.6564756878  
-0.7964968345  
0.5272401768  
-1.565828228  
1.121674175  
1.469816959  
-2.817601433  
-0.6006625787  
-1.632663876  
-0.9275197698  
1.558469411  
2.36543174  
0.3386853649  
1.267724109  
-0.05303190848  
1.496216914  
1.996228659  
0.07844081003  
1.801491449  
1.148708816  
0.7206960169  
0.2328297548  
-0.195551536  
0.2421161718  
1.075642891  
2.180730172  
0.7416741116  
0.2672207977  
0.3502988728  
1.37433697  
-1.314580278  
-0.3300477533  
-0.966179525  
-0.03401545021  
1.373339416  
-0.06728511523  
1.984001109  
-0.9219805315  
0.6665942019  
-0.1485974364  
-0.453367826  
0.7489911464  
-0.8472419856  
-1.102479446  
-0.9320265779  
-1.046392887  
-0.9216703606  
-0.9449817478  
-0.2346488301  
-0.9346339153  
-0.8081986578  
-0.6861458827  
-0.537786345  
-0.484221741  
-0.8657597141  
0.3638042472  
0.2617541944  
-0.2440814367  
-0.5843911272  
0.004890961068  
-1.50644251  
0.7374233793  
-0.3557471338  
-0.2235646867  
-0.6980515049  
0.1910939913  
0.102291003  
-0.9670462044  
-0.1817311223  
0.2991728139  
-0.4667396785  
0.517065417  
-0.2327602407  
-0.554609402  
0.274453144  
0.4455573523  
-0.1790853761  
0.3661222117  
0.7407027088  
1.131309797  
1.652780672  
0.9477961692  
0.4179458207  
0.2515767137  
-0.3888623022  
-0.8140357098  
0.4081905833  
-0.04308424952  
0.7337882556  
1.533921136  
0.6095504893  
2.213493512  
0.6101193211  
-0.06616555568  
-0.5423450064  
1.917341141  
2.805130097  
0.8754466623  
0.6888439657  
-1.140004647  
-0.05196642747  
-0.7912700548  
0.02609401797  
-0.8664745989  
0.4904242439  
0.8352184956  
-0.01068234325  
-0.837219652  
-1.05919041  
-0.7140472794  
-0.6593039296  
1.41573944  
0.4874512741  
-1.103704916  
-1.550449826  
-0.4056144908  
-0.9326872882  
-1.670983392  
-0.7087362805  
-1.298652598  
-1.271872912  
0.2100635549  
-1.964328488  
0.706348486  
1.091041365  
0.9573298362  
-0.3655206896  
-0.9637096616  
-0.3396627755  
1.066158717  
-0.01660561266  
0.323069148  
0.001621165406  
1.308744293  
-0.1436226927  
-0.05976664115  
-0.4077182815  
-1.200744602  
-0.5200589997  
-0.602631862  
-1.495514774  
-1.238815067  
-0.6955540659  
-0.4124566578  
-1.32877752  
-1.241977345  
-2.425940483  
-1.066149605  
0.1933090338  
-0.2438568496  
1.411617945  
-0.5076378781  
-0.401995184  
0.1173453968  
-0.147200429  
0.759036247  
1.186608182  
1.094136942  
0.1657758957  
-0.06946703625  
1.011455382  
-0.249018847  
0.4148676352  
0.1583446821  
1.455877942  
1.733015906  
0.8254594599  
-1.402676072  
0.9589161388  
1.779075819  
0.3101232002  
1.217941354  
0.0316891699  
0.7365447204  
0.4256920396  
-1.924057136  
0.2732243316  
-1.873735429  
1.154676992  
1.344081056  
-0.8571352391  
-0.05953991456  
0.5043088423  
-0.192084799  
1.169609896  
0.6743386873  
0.08332125192  
-0.9828165621  
-0.6095199177  
-0.1414571669  
-1.032965776  
-1.438065424  
