0.4794796652  
1.592951195  
0.8307499386  
-1.154427333  
-0.6907177859  
0.06241816402  
0.4124062434  
1.108320893  
-0.464080064  
-0.08150381254  
-0.4971722467  
0.01207384479  
-0.9648609374  
0.02187101586  
0.4426408632  
0.02910162125  
-0.05202522643  
0.9024862013  
-1.263930143  
0.2679679032  
1.974435956  
-0.9729919768  
-0.4602604999  
-2.246387576  
0.1913420153  
0.2247786967  
-0.3063819433  
-1.394172262  
-0.5581752215  
0.02531274945  
0.4773790264  
-0.6862177744  
1.637844311  
-0.7886127616  
0.462555435  
-0.9644153459  
-1.539401284  
-0.1065698315  
0.7131133148  
0.8431588802  
1.721414541  
-2.558031544  
-0.1767625938  
0.8902662692  
-0.4809994819  
1.080403707  
0.619516039  
-0.3162655477  
0.1428204009  
-0.596749376  
-0.9767569633  
0.4561486164  
0.5748876495  
2.562373158  
0.4164515561  
0.411179582  
1.887700792  
-0.1527858187  
-2.265246538  
-2.446320545  
-1.547833896  
-0.9884819122  
1.037800217  
0.2745629892  
-1.522817707  
1.057301936  
-0.1243326354  
0.5928975505  
0.3784004724  
-0.368372166  
0.4603657304  
0.8353047734  
-0.7677107521  
-0.8762426044  
-1.209233196  
0.2445017542  
2.528543576  
-0.5821125989  
0.9473467891  
1.663838067  
-0.006780075192  
1.717987746  
0.2263840238  
0.1789077499  
-1.230783656  
0.9223239702  
-0.1944516779  
0.4327768643  
-0.268909743  
1.002145592  
-0.2730054896  
-0.3609088334  
-0.7518069308  
-0.04146484155  
-0.1172246702  
-3.512117094  
2.667694221  
-1.208571922  
0.108839726  
-0.9410360512  
0.4610747934  
-0.5628234345  
-2.968605052  
1.083137067  
0.1794052961  
-0.2702010693  
-0.5627480133  
-0.216471357  
-1.219080209  
-1.616844103  
0.02594311086  
-0.8796049649  
-0.4706901284  
-0.1645312092  
0.3858427718  
1.035310991  
-0.7919115466  
-1.465849925  
-0.7201862735  
0.5947258195  
1.670135357  
0.3306775415  
-0.03457291519  
2.030668218  
-0.7133274595  
2.471897888  
0.4146596055  
1.046207041  
0.4339371984  
0.5143435271  
-0.4044576876  
-0.1089733842  
-0.0809325724  
0.6157387225  
0.2266267098  
1.217340037  
0.9981829945  
-0.2270466972  
-0.02841401382  
0.4793638538  
1.423775867  
-0.4528434156  
1.58789324  
-1.640460963  
0.2631107543  
-0.939956664  
1.120603094  
0.08392866583  
0.7133685055  
-0.3976433082  
-0.1467290959  
-0.5174603355  
0.8431663886  
-0.9532112994  
0.03098501548  
-0.5057046224  
0.2328603304  
-1.527541034  
1.443771366  
-1.343363797  
0.4971407074  
1.864278325  
-0.2264302991  
0.8348907292  
-0.5361050333  
-0.1916405795  
-0.2681210569  
-0.5191612046  
0.5360900722  
0.8494887641  
-0.4874830906  
-0.1727354691  
-0.5011214466  
0.4634048453  
-1.142356282  
1.096466135  
0.01775321498  
-1.211835706  
-1.229316843  
-1.975890156  
1.084988166  
-0.6266308806  
-0.0592058196  
-1.239860761  
-0.03922692349  
0.5255968107  
-0.1499723095  
0.8845832728  
-0.9836132834  
-1.628839572  
0.2041555077  
-0.2660570958  
-0.8451611775  
-1.730216508  
-0.2962151959  
-0.9837487985  
1.756411304  
-1.292298175  
1.222913577  
1.407815978  
-0.725714224  
0.1867436018  
0.6683389995  
-0.3244412014  
0.8523124294  
1.003426463  
-0.9009729834  
-0.3659468526  
0.3520943837  
-1.791350085  
-1.802001783  
-0.2254962632  
1.439082803  
1.042051087  
0.3334432729  
1.117544421  
-1.117424146  
0.6283884957  
-0.9153380288  
-1.761888432  
1.179979707  
0.6169867038  
-1.465110488  
0.02913737704  
1.16728831  
1.077901325  
0.4812211144  
-0.5339625952  
0.4332260483  
0.2817921459  
1.072875515  
0.05993346184  
1.039414759  
1.035229893  
1.155948735  
0.6897710857  
-0.2831516489  
1.734084079  
-0.4304008949  
0.3672814471  
-0.4680547545  
-0.3032172074  
0.7759675979  
-0.8958939955  
0.2557607947  
2.228434139  
0.5900314442  
-0.03593280285  
0.7452490199  
-0.6565217467  
0.9382414523  
-0.6874524225  
1.323005601  
-1.562706552  
-0.4015719203  
1.305141678  
-2.163273081  
0.3687199692  
-0.190583535  
0.491845102  
-0.5131960865  
-1.673403711  
-0.8950893884  
0.7407055109  
-0.5162187314  
-0.2074882197  
-0.5633202227  
0.5378586831  
1.192533426  
0.07532341489  
-2.967214581  
0.2858717182  
-1.963411421  
0.5511325337  
-0.02337123675  
-1.076958508  
-0.2723661703  
0.4245771531  
0.5396229597  
0.9218835323  
-2.335644436  
-1.169494581  
-0.1125154136  
-0.1183991569  
1.68471712  
-1.065313375  
0.8184415332  
0.63674419  
-0.5737881633  
0.6179651239  
0.2376162005  
-0.5029386805  
0.02412527366  
0.08266368186  
-0.7093937466  
1.597287117  
0.3790906655  
1.733425853  
-1.722156481  
-0.1777174777  
1.546864568  
-0.6199384737  
1.679953655  
-0.2431054034  
0.8446911029  
0.8538113353  
1.235234314  
-0.4185763637  
0.6746149335  
-1.526787566  
-1.103352066  
-0.135385947  
0.5437138829  
-0.9362157463  
0.1756153031  
0.03259914116  
0.5870964233  
1.333915723  
-0.1399208148  
0.7237966292  
-0.418530972  
-0.6227025536  
-0.2333178259  
0.6002290686  
-0.4679487463  
-1.114416612  
-0.6937203702  
0.1737088392  
-1.656144713  
0.4391016317  
-1.146758346  
-0.05859548428  
0.8424092317  
-1.740171548  
-0.3260908925  
-0.5694940769  
-0.8661003491  
1.253647713  
0.1202479061  
0.7143801744  
0.5006155151  
0.4790798088  
0.8768000477  
-1.388507296  
1.505750244  
0.8816339755  
-1.12246913  
-0.4964177137  
0.915704113  
0.7752944621  
0.4462478819  
0.5925181093  
0.256050028  
1.146640929  
0.02288736081  
-1.745383428  
0.06878373566  
0.2406872631  
0.1684432614  
-0.5349905383  
-1.857126925  
-0.1548974177  
-2.509186712  
-0.1969221794  
-0.7189698508  
1.176698945  
0.05937264462  
1.148326215  
-0.2688988563  
0.7376971478  
0.09015756831  
-0.2263851075  
-0.8024288905  
-0.4541097753  
1.05675894  
-1.104633054  
-0.07846748573  
-0.4423157955  
1.877320885  
-0.8365576328  
1.910512277  
1.018231804  
0.0743870913  
0.5114254718  
-0.4270280216  
1.015328643  
-0.5938912977  
-1.628153835  
0.7884023584  
-0.2152390382  
2.013290621  
-0.2929256468  
-0.5032498363  
0.1098997793  
0.6520403915  
-0.7616749452  
-0.7200837452  
0.2293122915  
0.6025648481  
-0.7706154332  
-0.7836465621  
