0.4553434038  
0.412813388  
0.7459133429  
-0.3429580307  
-0.3820891694  
1.086760671  
-0.734017257  
0.0582736797  
1.249056226  
-1.247712272  
0.5794900033  
-1.543087356  
-0.207390196  
0.07009529308  
1.348685156  
-0.5140931928  
-0.439425359  
-0.2251781276  
-1.671249191  
-0.7488344279  
1.035581337  
-2.025980324  
0.4447911852  
-0.1614187096  
0.8090251559  
0.6943383343  
1.55244527  
0.8408575007  
0.01823190657  
0.4109972049  
-1.550225105  
-0.404223432  
-0.1237463614  
-0.4836302771  
0.02064743397  
-0.3302552423  
0.7403045562  
-0.01458435126  
1.25791646  
-0.2635035305  
0.8506369985  
-1.792415774  
-0.03160457577  
0.9639147469  
-1.098155872  
0.8742678315  
0.5275220464  
0.5715486657  
0.8733670956  
-0.8390791219  
0.7693068181  
-0.4444698671  
-0.05548925404  
1.179259772  
-0.2310702657  
0.7112903547  
0.7760385957  
0.1727050871  
-1.226325756  
-2.617090387  
0.4140983717  
0.5467943366  
-0.204805778  
0.3642535914  
-0.1055206527  
0.3290886974  
0.5273941556  
-1.269693492  
0.7004621564  
-1.572420916  
0.658307581  
0.5375240809  
-2.27226399  
-0.05884119034  
-0.7047549806  
0.2381150939  
0.772253718  
0.01211044431  
0.339404326  
-2.613468409  
0.08157589419  
1.450445942  
0.4678345877  
1.140118529  
0.7722966839  
0.00110508123  
-0.52292327  
-0.2257760666  
0.1003217324  
0.5117583369  
-0.01502976974  
-0.6341740953  
-0.2596134857  
0.4169030141  
0.2408694836  
-2.517396834  
0.2666680885  
-1.897123415  
-0.5835154886  
0.4205681358  
-0.6483750681  
1.235873286  
0.1882638091  
1.506504294  
0.9078219462  
-2.193388887  
-1.16779787  
0.1264887849  
-0.2779318489  
-0.3240235381  
-0.5334770274  
0.04913212485  
0.5068807332  
-0.8220324373  
0.1452281157  
0.8950089418  
-0.7093701586  
1.268366397  
-0.2650937805  
0.3405776365  
0.5632417861  
-0.06133228671  
0.47835841  
1.263896621  
0.9671087431  
-1.065537817  
-0.3290401962  
0.7027116229  
1.163691299  
0.110035924  
-0.8650997269  
0.9641718068  
0.5771456393  
0.6567970167  
0.3850633385  
0.7867264895  
1.388688349  
0.6550454899  
-0.8346776995  
0.9308202081  
0.6908988931  
0.6966092839  
0.1706856808  
-0.2605531962  
0.2770932171  
-0.09990935447  
-0.8506105314  
-0.2574648262  
-1.534869887  
-0.7044041128  
-0.04432453849  
-0.2989629363  
0.6957882646  
-0.1115767988  
-0.2540970171  
0.1413714291  
-2.776163217  
0.8965758909  
-3.012416714  
0.02521306479  
0.5001491658  
-0.1064959093  
0.1245455564  
0.3472112182  
-1.651367393  
-0.1638812826  
1.279595009  
-0.06717986787  
0.4546570822  
0.04084638657  
-0.0234701189  
0.4282263574  
1.245124139  
0.4468442307  
-0.8143951351  
0.4382274819  
0.03142213935  
0.5879016527  
-0.06569327278  
-0.9672174572  
-0.2329968704  
-0.01230676008  
0.9834522155  
-2.363513638  
1.100266479  
-0.3773480213  
-0.3035936848  
1.250098566  
0.1243746687  
1.178650338  
-1.205913164  
0.2355236464  
-0.6885423495  
0.6260301689  
0.8288580661  
-0.4932298403  
0.1154613304  
-1.575605688  
0.4618775679  
0.4942383723  
0.8890922001  
-0.3020432361  
-1.448906491  
0.7276761666  
1.134007754  
0.8963773015  
1.388172093  
-0.2603631174  
-0.1143330464  
-1.176298304  
-0.8869223686  
-0.1417605106  
1.022038836  
-0.296818596  
0.6004037366  
-3.154653163  
-1.201922991  
-1.443238191  
-1.456757782  
-0.7575292741  
-2.488976807  
0.4768272425  
-0.5599783707  
0.1306613097  
1.218966752  
-2.975393801  
-0.1958082553  
0.342178627  
0.07641477119  
0.7078888994  
1.023219282  
1.325162064  
-2.131673184  
1.154806812  
1.485152501  
0.05666711818  
0.726518558  
1.449788448  
0.8361340714  
0.6300974985  
0.1765271889  
0.3899222498  
0.4819949498  
-1.29701633  
1.114968425  
-2.455653629  
-0.4488781044  
1.136999055  
0.5257139889  
0.01229675213  
0.8140202615  
0.6666431689  
1.233296163  
-2.530716519  
0.585411363  
1.592901322  
-0.3944176699  
-0.07185350933  
-0.6711683866  
0.6483962501  
0.6764631494  
-0.5002831801  
-0.7871620265  
0.5238479545  
-0.5070536819  
0.1436031466  
0.9542972694  
-0.264551966  
0.3680951683  
0.8456210239  
-1.010684991  
-0.0245458776  
-1.478878119  
-0.3129322333  
-0.1079316764  
-0.8018687302  
0.4746459751  
0.5721744886  
0.2926644575  
0.862427638  
-0.8559891313  
0.9079760267  
1.784932361  
-0.03682782071  
0.6325424969  
0.1035874223  
0.491018087  
-0.2084264146  
-0.7850160241  
-0.3562339042  
-0.3957923283  
0.3283011049  
0.7519418967  
-2.230016805  
0.02087693449  
-2.461047532  
1.182787942  
1.59348737  
-1.044955042  
0.6966764163  
1.300848238  
-0.6087786508  
-0.05167462763  
0.3361684108  
0.1935069768  
0.4604100776  
-0.01438633577  
1.196599152  
-2.624495166  
-0.03609037166  
0.4261294892  
-0.01250821139  
-0.2682175308  
-0.8020530713  
-0.1120012235  
-0.7006469437  
0.4860432231  
0.4559867963  
0.1653276034  
0.989739885  
0.8807667245  
-0.6619765241  
0.9619907192  
-0.4734746456  
-0.4655318261  
-0.3050092687  
0.2976156947  
1.165973624  
-0.1568673823  
-0.4922327765  
0.2988055391  
-0.04036243339  
-0.3423601461  
0.05748179504  
-0.3290980184  
-0.8401747016  
-0.2416762851  
0.4378008341  
-0.6411805695  
-0.1127007639  
0.4945758542  
-0.6620928809  
-0.3983568922  
-1.313287979  
0.7176853534  
-0.8736301708  
-0.3199534831  
0.2953029954  
0.723083964  
0.4458479251  
0.9639566515  
1.990359845  
1.067188194  
1.045501047  
1.215450425  
-1.452172937  
-1.912372423  
-4.025273075  
-0.5552333777  
1.340424447  
-0.3134051896  
0.6043613765  
0.4060895139  
1.669419903  
1.285955939  
-1.756190743  
1.101930269  
-2.841219402  
0.3881107593  
1.041972614  
0.4141007858  
0.4991483915  
0.7865240696  
-0.6494791881  
1.272544394  
-0.4509343961  
0.4064190782  
0.9092183509  
0.7084474732  
1.316619751  
-1.923714839  
0.5663593131  
1.815858736  
-2.198266946  
-0.8436422476  
-3.179418051  
-1.014123752  
-0.7617596493  
0.02661628091  
1.021902856  
-0.4598475333  
0.07115642786  
-0.3145206751  
-2.621014803  
-0.08701931681  
0.8527926545  
1.517679623  
0.6038283994  
0.7560726937  
0.8881678024  
0.5952686808  
