1.665508669  
1.353297871  
1.01705503  
-3.431974965  
-1.207720996  
-0.7349110436  
-0.5406699293  
-0.1228396276  
0.2967232824  
0.3454294207  
-0.9400583209  
-0.6626424254  
-1.094563722  
0.750462188  
0.7972958256  
1.559560699  
0.7790855325  
1.874128328  
0.5663162743  
-0.07617682909  
1.289901375  
0.7444608188  
0.1991301101  
0.3339362948  
-3.151000313  
-1.574794679  
-1.578174627  
-0.3341211567  
0.4127630837  
0.6304083682  
0.194554258  
0.4368013099  
-0.9640845687  
1.206357806  
0.7357866488  
0.2729451428  
-0.6348569694  
-0.741539425  
0.3006018894  
-3.215354228  
0.5339453961  
0.8157834649  
0.1607438804  
0.06855589697  
0.2194991534  
-2.295061528  
-0.8742557397  
1.411027953  
1.049422211  
0.6273785487  
0.8031464656  
-1.150911725  
-2.458056887  
0.9958051918  
0.3588740145  
0.482334755  
-0.7851486867  
0.8346692774  
-2.347672633  
0.8122116457  
1.079844244  
-0.2946609024  
0.5970120128  
-0.5781985797  
0.1838500166  
-0.1377786491  
0.9474818646  
1.170327491  
0.3422201656  
-0.1503226149  
0.06329353431  
-0.194809231  
-0.2182774801  
-0.5371858416  
-0.9339794283  
-0.970017291  
0.0613234575  
0.5423806951  
0.3162637363  
0.8314506274  
0.1610397668  
-0.0150981376  
0.0237934175  
-0.2143507061  
-0.6277676187  
0.9259091127  
-0.8015408081  
0.3866809773  
0.8798609719  
1.338983271  
0.3972084122  
0.5162623167  
0.4303245178  
0.6267836936  
-0.01341698156  
0.2804528355  
-0.4559428803  
0.04802531976  
0.03920646222  
0.1164351732  
0.004016277596  
0.2277180995  
0.3995553834  
0.5699226936  
-0.4170233866  
-1.043169703  
0.7341207784  
-1.031654523  
-1.826715436  
-1.430895576  
-1.090442823  
-0.5655079383  
0.3213284259  
0.4215168785  
-0.8400043953  
-0.9405290805  
-0.5262637008  
-0.3431655757  
0.3996417103  
0.1630045639  
0.0226039005  
0.2426945577  
0.9294465305  
0.3002349738  
-0.038662168  
-0.1328083494  
-0.1225034619  
1.168060133  
1.125489218  
0.4931619891  
0.7793298158  
0.2656535653  
-0.3932796264  
-0.1403942018  
0.6241860526  
0.5361767045  
-1.270985474  
-0.1801761632  
-0.5911152009  
0.2109809361  
-0.5039692949  
0.3756837841  
-0.2980801823  
-0.005846767856  
-0.410583784  
-0.7479933044  
-1.245906794  
-0.192025473  
0.1090045406  
-0.02348235435  
-0.5012469531  
-0.3932346778  
0.5298860812  
-0.2167378244  
0.7927497794  
0.6636846575  
0.3106626383  
1.030588631  
0.3780285922  
0.05426028561  
-0.4448149053  
-0.08056035223  
-0.2140224855  
-0.151402282  
-0.4059192575  
-0.6690841257  
0.1129799876  
0.9631416625  
0.129820707  
0.9788919602  
0.6069578578  
0.3933025104  
-0.1524663693  
0.1937131626  
0.4706708782  
-0.9774780996  
-0.5887958201  
-0.351248847  
-0.6300511226  
-0.5638515228  
-0.3413199991  
-0.3248515479  
-0.403998723  
-0.3417001763  
0.5403416603  
0.1353648842  
0.8473638734  
-0.006330357723  
-1.244926156  
-1.086866044  
-0.5585915768  
0.09618823767  
0.3444822112  
-0.5268352859  
0.004613268987  
0.2986472242  
0.08023454205  
0.3857086787  
0.1212150102  
1.151375419  
1.354032544  
1.212710585  
-0.2667766003  
0.8996360802  
0.6051313303  
0.9506320824  
-0.2900397289  
-0.7394739322  
0.4345600526  
-0.3202330669  
-0.3386138948  
-0.1179257746  
0.192134516  
-0.0724611702  
-0.4832822175  
0.6837752322  
0.1437628665  
0.0006465002442  
0.09558715356  
-0.01322579317  
-0.2552152434  
-0.05096956287  
0.1700485655  
-0.3995921534  
0.4992862335  
-0.334000724  
-0.7266531025  
-0.02606173794  
0.1597102774  
0.4189993048  
0.6618814427  
-0.1411403975  
-0.1125513813  
0.03144620469  
0.348291472  
0.1453507005  
0.09697882329  
-0.189764556  
0.2174922359  
-0.5287948888  
-0.7932334113  
-0.5247870029  
-0.1031778803  
-0.3116613326  
-0.2609027966  
0.1391396038  
0.4733246905  
-0.6078660685  
0.4604952133  
-0.4189533499  
-0.03567807324  
-0.53965594  
0.4460705884  
0.7845595086  
-0.5672263347  
-0.2977030748  
-0.1955007156  
-0.4382569877  
-0.5975136627  
-0.4906259479  
-0.04005603265  
0.8508662211  
0.4723705721  
-0.3308075227  
0.8534170736  
0.1538377041  
0.04764341169  
-0.4720316231  
-0.5748861269  
-0.6542406468  
-0.06343255292  
-0.265168282  
0.6938061984  
-0.2657520058  
-0.1724022245  
0.1131201747  
-0.147702892  
-0.08922124783  
-0.1593373338  
-0.02546644108  
0.008378417918  
0.3727888228  
0.4640820815  
1.170256782  
-0.03650613143  
0.0700756468  
0.873095862  
0.2431826798  
-0.4352545659  
-0.5025266119  
-0.0858768127  
0.4746838715  
0.1012694972  
0.1196875602  
0.1692596959  
-1.008362072  
-0.4011550672  
-0.7793386591  
0.02832047526  
0.2988385208  
-0.1751599432  
-0.2845929058  
-0.03965251446  
-0.2241719185  
0.6652196432  
0.1594408337  
0.3055345159  
-0.1813978227  
0.1457601661  
-0.246100329  
-0.04996469801  
0.3603244276  
-0.2979140781  
-0.0967142957  
-0.1081195074  
0.03143296786  
0.4904710927  
-0.1220643103  
-0.9524224977  
0.08634760882  
-0.06322944468  
-1.04179823  
-0.9635256922  
-0.3409562798  
0.1994272691  
0.2142312127  
0.3602031187  
0.722220624  
-0.01724493559  
0.06584477353  
1.312043969  
0.4997232537  
0.3658452976  
-0.2828953973  
0.4390518528  
0.6301979738  
-0.1651997652  
-0.06398274308  
0.3859224597  
0.1578165979  
0.08895589361  
-0.3037572296  
0.359836245  
-0.4045492728  
-0.2206128025  
-0.01596674284  
-0.5936704997  
-0.2096594474  
0.4006393741  
-0.2483054717  
0.5865946406  
-0.6948812693  
-0.07741692415  
0.4507230739  
-0.5908655742  
-0.3319111882  
-0.5885137042  
0.1056363192  
0.5952618074  
-0.1583182305  
0.4696178072  
0.9891450128  
0.1953073358  
-0.02489404176  
0.5787967571  
-0.7503855014  
-0.09452495857  
-0.291191949  
0.2105135214  
-0.9287650928  
-0.01223599899  
0.2191631094  
0.01875661203  
-0.5371985949  
-0.920311549  
-0.02751327753  
0.1757279867  
0.2578824174  
-0.1517770935  
0.42365267  
0.01180766849  
1.284098807  
0.21181148  
0.664306376  
0.1353071262  
-0.6501840288  
-0.7358916764  
-0.2992354222  
0.2646315971  
0.08278008284  
-0.7616249427  
-0.184422777  
0.3676885104  
0.361311224  
-0.6689857955  
0.09952265036  
0.7230993349  
0.245796144  
0.02058287041  
0.2105879945  
-0.2211993152  
-0.001189410914  
0.3869737503  
0.340056987  
0.3386008861  
-0.7648648861  
-0.2897677508  
-0.9957984265  
0.1849235454  
0.5080357925  
-0.07067092615  
0.6223396422  
0.2054333416  
0.5902881207  
0.8929318721  
0.6250702325  
0.8396255498  
1.454630825  
0.2633240359  
0.394530634  
0.402372046  
0.8269449101  
0.9419393998  
0.7111975573  
0.6644966727  
1.371310485  
0.4413611712  
0.5077689122  
0.4119892497  
0.8935197839  
0.9034774404  
0.1707011818  
1.011680968  
0.9763684501  
1.346328178  
1.121247763  
1.150212937  
1.23945599  
1.870797596  
0.7838261276  
1.258695765  
0.05373691959  
-1.53415958  
-3.659152547  
-1.232013417  
-2.79024116  
-2.511361077  
-1.54493681  
-1.497124043  
-1.652772384  
-1.702618312  
-0.2308081634  
-0.03144894885  
-1.996948711  
-1.628562218  
-0.4052220065  
-1.261432201  
-1.006204904  
-0.3134736899  
1.132174147  
0.5385575351  
0.3537898298  
-0.8498868853  
-0.2271784327  
-0.3832192232  
0.96912031  
1.294919679  
0.2229153741  
-0.0919088557  
0.7630724769  
0.477270701  
-0.1130141312  
-1.470546245  
-1.671297259  
-1.467866323  
-1.205664815  
-0.4738792453  
0.6739670778  
0.3540163409  
0.1599846112  
-0.6768172227  
-0.1202938871  
-0.21141765  
-0.2177893424  
0.7158248586  
0.7313162931  
-2.76319679  
-0.8739383019  
-2.60459848  
0.7933133196  
0.5757936672  
1.292013583  
-1.023369711  
-0.003100565956  
-0.7004568299  
0.4453677509  
0.4010997945  
0.3554748001  
0.2343706417  
-1.248658574  
-0.2538520603  
-1.114226922  
0.0935405105  
1.367978783  
-0.0528687151  
-1.995627881  
-0.8632593198  
-0.0635044567  
0.4339865639  
-0.6930940087  
0.5043462956  
0.9635148058  
-0.5636225561  
1.265271989  
-1.106335778  
0.9908441807  
-3.392936645  
-0.4175103769  
-0.2357841169  
0.05070779086  
-3.557582069  
1.063779949  
2.250740008  
1.052635426  
-0.194017939  
1.956968593  
1.49973183  
-0.4350413986  
1.340590365  
2.008412902  
0.597073994  
-0.3794688913  
0.438527746  
-0.3747678541  
0.2339923516  
0.5584043406  
1.05960324  
-0.6018163702  
-0.2811899491  
-1.007814175  
-0.519598645  
1.49248413  
1.072713528  
-0.7710398434  
0.50185128  
-0.07002574272  
-0.0199559755  
0.677641068  
-0.7971580133  
-1.262386696  
-0.637430097  
-2.160261401  
-0.7864584743  
0.7711370664  
0.5963029021  
1.339653694  
1.370101733  
0.3402299774  
0.200163779  
0.7830055237  
-0.4882453299  
0.5097288259  
-0.605094679  
-0.5246611961  
-0.9092303894  
-0.2129060807  
-0.160697571  
-0.01816811532  
0.1321938581  
0.8116126681  
-0.4101642539  
-1.266199839  
0.6622251111  
0.7910219685  
1.234866403  
-0.07717150812  
0.1617189456  
0.1580824938  
-0.3911102271  
-0.4753185948  
-0.9482569666  
-0.3713970378  
-0.5001969471  
-0.0360685266  
-0.1493507001  
-1.116736315  
-0.01379663897  
0.1947317558  
0.1753679095  
-0.0986104417  
0.6589971939  
1.077091466  
0.462683817  
1.092155721  
1.441233504  
0.6239981425  
1.426046046  
0.9237212799  
0.01742615747  
0.2018378387  
0.3486491832  
-0.06206825615  
-0.35686945  
-0.1132429438  
-0.037532677  
0.6908374731  
0.1901915346  
-0.1711026393  
0.08682083507  
-0.03460000497  
0.3911875655  
1.030647549  
0.9105800538  
1.215741584  
1.308170384  
0.7906903321  
0.5622639451  
0.5059705575  
0.5935496928  
1.080356503  
0.9795275043  
0.5839228576  
0.1778900983  
1.045184064  
0.3318247455  
0.9842089118  
0.5725521588  
-2.593056281  
0.8954746435  
-2.814775851  
-0.2001810259  
-0.08826628296  
0.05861016626  
-2.635844757  
-1.839951169  
-2.092597937  
-0.9481347094  
-2.513788745  
-0.7394606942  
-0.6632263656  
-0.4701205003  
-1.344889235  
-0.1852801077  
-0.5301080973  
-0.04404125379  
-0.5022366293  
-0.5709371853  
0.5238699742  
0.7722311918  
-0.8587101058  
-0.9322972268  
-0.686803988  
-0.689521461  
0.06864714118  
0.2600134703  
0.9137195561  
-0.9102664353  
0.01437243075  
0.1232049516  
0.05620545073  
1.602826577  
1.083422224  
0.8013685183  
-0.5904328601  
0.4977493077  
-0.911812164  
0.6386454936  
0.7531987153  
0.6577111324  
0.2654162805  
0.1198762842  
-0.5177571481  
0.1379814417  
-0.0301902836  
0.1968075816  
0.6597861181  
-1.092602598  
-1.140726842  
-1.148471479  
1.326803782  
0.2863445774  
1.192444021  
-0.5589298551  
0.5765912292  
0.1868791993  
0.3113912041  
1.709294308  
1.265716051  
0.6797902462  
-0.06034617133  
1.133718569  
-1.165015594  
-0.3951199275  
-0.2211240655  
-0.3289749685  
-0.6176619941  
-3.328357576  
-1.091373409  
-1.14255605  
0.6590550425  
1.625910646  
0.4463898697  
0.6378863732  
0.6742718704  
-0.02761110961  
-1.63068958  
-1.587066398  
-1.683021414  
-0.7040161335  
-0.5389269573  
1.198661798  
0.01275243141  
-0.9736650131  
-0.5138859314  
0.923528098  
-0.6147264037  
1.639354152  
1.264669188  
0.3421784474  
-1.64948711  
0.9152964006  
-0.1398279922  
0.2844896907  
-0.3345231122  
-0.4658795858  
0.08032884511  
0.05740417205  
-0.3793221866  
0.306176445  
1.206338108  
1.148762525  
0.5219857137  
-0.1700675442  
0.7881715633  
-1.829788038  
1.082716249  
0.633576241  
0.5589119414  
-0.8858597395  
0.1070539208  
0.9409857835  
0.1979592791  
0.1479633519  
-0.443362897  
-0.2673634443  
1.151403114  
-0.3151215384  
0.4936516809  
0.4506870446  
-0.3456361599  
-1.295327315  
-0.2232666927  
-0.5514236368  
-0.458215843  
-1.526836766  
-0.8974695364  
0.5534474013  
-0.1100474453  
-0.8886095621  
0.5754725181  
-0.899339467  
0.53485122  
-0.8248377469  
0.001965070803  
0.6290125657  
0.3440793994  
0.06210989101  
0.7333969511  
0.0649792846  
0.5622345754  
1.033623412  
1.226585765  
1.005759043  
1.245447158  
0.4643727134  
0.03430389709  
-0.7056542202  
0.7823482286  
-0.04782562514  
-0.4923000209  
-0.8203434164  
-0.003287212554  
-3.746625576  
-0.3848399641  
-1.143039982  
-0.01816385122  
-2.110387659  
-0.2812804516  
-0.151611415  
-0.6724096492  
-0.6629435504  
-0.9867481844  
-0.6030497308  
0.277843522  
-0.9170376428  
-0.9534595093  
0.3271434381  
0.5376682563  
0.8857310693  
-0.7746873098  
0.6815520834  
-0.7446643193  
0.1704986653  
-0.3083858191  
-0.1582200867  
-0.1350035409  
0.1016585204  
-0.7013866517  
-0.1027964708  
-0.1460484686  
-0.4144654567  
0.2414689832  
0.2043775054  
-0.06001472181  
0.724703909  
1.117955393  
0.1770798195  
-0.02463793619  
1.231793968  
0.9128086831  
0.7694513333  
0.7032484619  
0.01190329849  
-0.4079299045  
-0.342781994  
-1.056518453  
-0.1919886854  
-0.1649253859  
0.2702187688  
-0.3263374371  
1.087983053  
0.6476958739  
0.6928150575  
0.2607277978  
-0.0121795823  
-1.037074071  
0.1110037813  
0.3959807484  
-0.008385497753  
0.4750864576  
-0.4672351064  
0.1011321563  
0.1595334581  
0.4965648276  
0.2765956944  
0.7670095832  
1.084355493  
-0.0741394969  
0.5444173979  
0.1004234199  
0.06042811853  
-0.05631846684  
0.1039996421  
-0.35535184  
-0.842067505  
-0.02002184198  
0.1008860132  
0.613682803  
0.07568220046  
0.004866093288  
0.001222246874  
0.1964820444  
-0.3163412485  
0.5230523136  
0.3311346671  
0.7665229243  
-0.2279548457  
0.4226559687  
0.2707627554  
0.4683499694  
-0.1358618591  
0.9248325812  
0.3921231009  
1.080221808  
1.126368086  
2.31876046  
-0.06541910265  
0.3860470142  
-0.7125345353  
-1.45597897  
-1.359630456  
-0.986684252  
-0.9405264129  
-1.465200493  
-0.9128837137  
-1.083145332  
-0.6443404443  
-1.110869677  
-0.2843569618  
-0.5371074763  
0.2916563287  
0.0197082559  
-0.5365422871  
-0.4175759676  
0.4113925239  
0.3452557556  
0.3147625617  
0.6770387055  
0.08102985861  
0.5276824136  
0.6495285966  
-0.07903722055  
-0.005245620991  
-0.1601359455  
-0.9391243049  
-0.4588375061  
-0.2325814146  
-0.2037266009  
-0.3172271755  
0.01539784316  
-0.07669160115  
-0.1006074951  
-0.7371417265  
0.05764269024  
0.5526474079  
0.4043583894  
-0.04460218268  
0.4186544648  
0.06029244887  
-0.03581305896  
-0.6282485609  
0.6591901456  
-0.4124164829  
-0.7702951764  
-0.6434395739  
-0.3534339567  
-0.4297897753  
-0.1142957681  
0.2144795482  
-1.032566996  
-0.02986148061  
-0.06455680476  
0.3340844437  
-0.1193728655  
-0.628627503  
-0.9320590712  
-0.35032496  
-0.1707299382  
0.3180837781  
0.2658844645  
0.6797751144  
0.004381095967  
-0.6102854372  
0.2622407021  
0.7293234803  
0.1010498201  
0.4832779465  
0.3339306253  
0.7696842666  
0.6586432855  
0.3001664178  
0.717680744  
-0.1634061558  
0.897606049  
-0.7106095221  
0.4007491165  
0.06341855012  
0.7530250171  
0.2603348828  
0.3006523044  
0.1943903171  
0.8446735257  
-0.3823496045  
-0.1958127382  
-0.3790719237  
-0.7297314949  
0.8511796802  
0.95460294  
-0.193350271  
-0.194775107  
0.7939082493  
0.5498300146  
0.2398616119  
0.4141427214  
-0.3514799521  
-0.284063972  
-0.01374816055  
-0.7803895759  
-0.01577746262  
-0.007139999167  
0.8974924558  
0.2606731805  
0.3265554329  
0.6399777927  
0.4636213331  
0.9306250966  
0.07367101957  
0.5572361946  
0.7225449127  
0.6526318864  
0.003512260389  
-1.750288255  
-0.1708475939  
-0.328899875  
-0.6956629209  
0.4560511329  
0.2906252351  
0.4156097398  
-1.093573629  
-0.3588844147  
-0.5190722967  
-0.986135341  
-1.080359529  
-0.9113442497  
-0.7918033817  
-0.8085654441  
-0.002593645967  
0.3427856343  
0.316120865  
0.7119293474  
-0.05738860893  
-0.04595973677  
-0.09077290169  
0.2602649018  
0.649991971  
2.011983919  
1.957584444  
0.4990594625  
0.4537451913  
0.5030309765  
0.4927476458  
0.1564375978  
0.1739449879  
0.626954009  
0.3965402505  
-1.066522448  
-0.4055345315  
-0.4045342663  
-0.9754478355  
0.1908384844  
0.1280425569  
-0.2598255509  
-1.490870895  
-0.4961591873  
-0.854580893  
-1.611207021  
-0.4188930145  
0.1102049387  
0.2163218468  
-1.044563187  
0.09492310092  
0.7461177471  
0.5774243912  
0.5695847514  
0.9124929242  
-3.739283434  
-1.25149787  
-0.7277449036  
-1.921879471  
-0.102945278  
0.2922288589  
-0.07965323658  
-1.322238718  
0.2782313924  
-2.356034331  
0.6654332608  
0.7770305153  
0.2791582169  
-0.2178402509  
0.3410230155  
0.006442680055  
-0.2111438105  
0.5347199531  
-0.4359847366  
0.5501816509  
0.919778994  
-0.06761963233  
-0.380850104  
1.298474096  
0.7603199187  
0.4235843213  
0.6959832036  
0.2055219061  
-0.3136095828  
-0.423191665  
0.155184051  
1.646066567  
0.02766497714  
1.098130664  
-1.148550411  
-1.208164026  
1.009532175  
0.738461729  
0.4457676349  
0.4768846481  
0.05304713444  
-1.23861026  
-0.9421504945  
-1.087365706  
-0.3402508143  
-0.9786976626  
-0.692659393  
-1.184816343  
0.6320995223  
0.4705050243  
0.4415563854  
0.75859476  
-0.3232113  
0.7508764859  
0.1035619066  
-0.4439711963  
0.09632807945  
-0.001592594251  
-0.5215087485  
-0.08862529575  
-1.007904663  
0.2127759907  
0.1590518222  
-0.5912114996  
-0.286213272  
-0.4329927406  
0.2599053782  
0.8627391405  
0.07127179429  
-0.3194688825  
0.1396805025  
-0.4557670264  
-0.213520758  
-0.2165210906  
-0.7061316804  
-0.221688998  
-0.1604812449  
-0.3669828933  
0.6215146127  
0.7249878289  
0.8916561447  
-0.109606845  
-0.01713215335  
1.072280579  
0.5404876574  
0.04069946078  
0.4418096425  
0.1723624981  
0.7681973731  
0.04087029987  
-0.05439382125  
0.5493734177  
-0.3573504529  
0.3157781895  
-0.4050647727  
0.6213939769  
-0.1349045023  
0.2145898045  
0.5986061058  
0.5930577254  
0.3803130334  
-0.1023925878  
0.02283615681  
0.4548434029  
-0.1831955299  
-0.1673462868  
0.2536605707  
-0.08722014353  
-0.2343687003  
0.5375997635  
1.165730613  
-0.4621847768  
-0.2665833095  
0.08878333437  
-1.052980037  
0.2568872614  
-0.1420264841  
0.4935188283  
0.6006664105  
1.386088399  
0.6870406699  
0.307610305  
0.7633090989  
0.4430159538  
0.2335279985  
-0.5050318914  
0.5803390416  
0.6858771971  
1.589447976  
1.828898087  
1.220318563  
0.7358606701  
-4.430254156  
-1.491182054  
-0.3092052264  
-0.2938842441  
-0.1765265436  
0.1799263478  
-0.2830308475  
0.01614062595  
-0.4481337728  
-0.4206750092  
-0.3326815656  
-0.0814868878  
0.6683225609  
1.614808256  
-1.112621987  
0.5844788969  
-1.853969327  
0.3838908182  
-0.7315569274  
-0.01960792606  
-0.2318522422  
0.1616807896  
0.193342681  
0.6156329417  
0.5249794207  
-0.1779648027  
-0.2723642585  
-0.01773821592  
-1.508932602  
-0.20109582  
-0.7034546007  
0.009721321807  
-0.498234541  
-0.7451665732  
-0.1498746451  
-1.925150645  
-1.7208798  
-1.484831567  
0.1427713976  
1.308166448  
0.8029165072  
0.4757509029  
0.1840207118  
-0.4565551439  
0.0434670695  
0.8536633268  
0.09850941424  
-0.5730381988  
-0.07740309161  
-0.5136188389  
-0.6706998966  
-1.765648241  
0.1309263223  
0.4746094316  
0.4245393175  
-0.1834129252  
0.5475384547  
1.307915105  
0.1617644976  
0.6447702045  
-0.2475151851  
-0.8037342465  
0.2206734173  
-0.5815753934  
-0.004811599776  
-0.2924966454  
0.7924756975  
0.765088216  
0.4567050602  
-0.2137868985  
0.9798427202  
0.4358231697  
0.1184194005  
-0.1135110992  
0.2146577849  
0.675708264  
1.426028483  
0.8325108948  
-0.2142382161  
-0.3763554508  
0.111693095  
0.1215995698  
0.5103589601  
0.2569155723  
0.4826538424  
-0.1526860632  
0.7811756141  
-1.395024496  
0.4243971273  
-0.2003516149  
-0.2755482184  
-2.241362173  
-0.1248997962  
-0.5075647845  
-0.2483457659  
-0.0282507491  
-1.208512167  
-1.632394791  
-0.5844474473  
-1.407192271  
-0.9968969232  
0.8062289155  
0.5925052874  
0.2676799733  
0.7977080818  
0.5287667598  
0.07950885598  
-2.751744448  
-0.1424767991  
-1.383824973  
0.7081379224  
0.1910681007  
0.1352746529  
-0.2070702649  
-1.747047369  
-1.679644889  
-0.7618943501  
-0.0856187247  
-0.8095011143  
0.791984369  
1.078358968  
1.574696181  
1.154342556  
1.320306441  
0.6552489922  
-0.0550274569  
1.060822616  
0.2277621408  
0.6282231252  
0.1061552776  
0.6987397592  
0.5278457478  
1.701960799  
0.8509379144  
-0.09722898022  
-1.925384842  
-2.632814961  
-0.8907365386  
-0.8700853506  
-1.166552901  
-0.134001028  
0.7033721022  
-0.5898014049  
-1.497171576  
0.4907145697  
0.986547779  
0.3669144655  
0.4261341371  
0.986295974  
-4.065222997  
0.1322942407  
0.5376862458  
1.599879929  
0.3495473702  
0.6870320622  
0.3476872623  
-2.275122234  
-3.477950534  
-3.298292985  
-0.1543673553  
1.162512857  
1.583394725  
-1.007980899  
0.4254201088  
1.447898507  
2.141738492  
0.92977067  
1.021638164  
-4.967153897  
1.943186343  
1.882526479  
1.37175257  
0.3777147883  
0.8485317417  
0.2358625974  
0.5111700131  
1.205085166  
0.1948815244  
0.3584998016  
-0.3170311914  
0.4721969707  
-0.01236638001  
0.6206841691  
1.453484922  
0.704150362  
-0.6939103664  
1.416822189  
-1.899915418  
-0.01288946976  
0.756829951  
0.8103440354  
1.10686071  
-0.1038203725  
-0.08584536041  
-0.04253784539  
-1.216926606  
-1.257727575  
-0.6911399676  
-0.9697817204  
0.3109008475  
-0.04892725765  
-0.6544049962  
-0.08112555452  
0.4062755201  
-0.4094400796  
0.1478886459  
0.126927362  
-1.027653668  
-0.4949585352  
-0.0508201191  
1.078755918  
-0.7880213205  
0.5376651784  
0.5622882356  
-1.008604392  
-0.651534419  
-0.5028147866  
-0.2951945449  
0.1799184691  
0.05345414359  
-2.01726299  
0.6888923949  
0.6745102156  
0.08627308799  
-0.004953072366  
0.1085148977  
-1.305356691  
-0.09704081288  
0.728528512  
0.2877140852  
-0.2701432622  
0.5903436303  
-0.3781622299  
0.3722954669  
1.373338494  
0.8439171057  
0.2024549473  
0.4686749729  
0.1212353827  
-0.1062414441  
-1.028841342  
0.0612323785  
0.1397199499  
-0.4884015117  
-1.194709915  
-0.5912816135  
0.6850351463  
1.696331032  
1.298745464  
1.241451031  
1.351969613  
1.126837283  
0.2600079559  
0.4990681769  
1.184101415  
-0.35272817  
1.271555715  
-0.4130827895  
0.1811620578  
1.263312079  
0.5437663068  
0.9595156202  
0.1991053002  
-0.2566057456  
0.3502691179  
-0.2467969002  
0.5460674394  
-0.3539002968  
0.1469506339  
0.9976072472  
1.472832301  
2.135848071  
0.7101085608  
0.8445026886  
0.07597340535  
-2.065266427  
-3.264880826  
-0.01147147944  
-0.9018162093  
-0.7227337999  
-2.34030658  
1.478470539  
1.149898304  
1.207479244  
-0.4044005933  
0.3222309975  
-0.001012898903  
0.1492412571  
-0.1767185501  
1.164647402  
-0.2066651615  
1.117603858  
-0.2997162508  
1.474532375  
-1.14437725  
-5.851741453  
-4.310817741  
-0.4642307613  
-0.9712183234  
-0.01090253405  
0.5493372683  
0.3254999142  
0.212667332  
-0.1717166225  
-0.3599544217  
0.3741814041  
0.5343403191  
0.1797755841  
-0.5116613111  
-1.001120436  
0.1822172329  
-0.2874441802  
0.5882051154  
2.247505661  
1.593540853  
1.173946245  
-0.2176351817  
0.6530982165  
0.482143569  
1.45271594  
0.2365293473  
0.7631821322  
-0.5960104141  
-0.489763673  
-1.714386642  
-1.426283168  
-0.347938804  
-5.361634819  
-0.924187184  
1.043085376  
0.7132614923  
1.460118863  
0.8384966821  
0.7324665092  
-1.939128092  
-0.1593941387  
0.213852329  
-0.6093182355  
-1.264402962  
-1.967959948  
-1.291920214  
0.1118730601  
-0.7341710054  
-1.613047891  
-0.08489944305  
-1.011836762  
-0.1122865858  
-1.911465598  
-0.9923943879  
-1.040345226  
-0.01692900419  
0.9717848145  
0.6582105814  
-0.6313027117  
0.1980651059  
0.4298320084  
-0.8883861986  
1.486462299  
1.217655241  
0.4646222052  
-0.8712822803  
-0.1317495068  
-1.573153248  
1.234140469  
1.200928727  
0.4017492478  
-0.07362455069  
0.903716535  
-0.8251027763  
-0.1998171706  
0.7004258775  
0.2870667211  
-0.7447875289  
-0.6957560395  
-0.6957903721  
0.3629370481  
0.4514786655  
-0.3481768522  
-1.013591678  
-0.9672162795  
-1.603983393  
-1.048015727  
0.7475532573  
-2.74611454  
-2.301644174  
1.439077105  
1.716251385  
0.5174317372  
0.3890994265  
2.285182035  
1.25249987  
1.749361021  
1.60362623  
-0.2607385166  
-0.3325221424  
0.4474251541  
1.400259031  
1.08536301  
0.573846963  
0.7457805609  
-0.1611940652  
-0.4484255616  
-0.7955102714  
-0.1950046151  
0.1820988298  
0.4129492764  
-0.5667360181  
0.0433106017  
0.4828702934  
0.01252533187  
-0.5599231356  
0.5267979148  
-1.204231142  
-0.06786351169  
-0.5567179307  
-0.3136008808  
-0.5199297688  
0.1009198492  
0.4114832343  
0.7473876942  
0.6553929135  
-0.7793945456  
1.122831931  
1.73980241  
1.729526988  
1.625170171  
0.4813285015  
-0.5609261355  
0.8180735569  
1.365605935  
1.749459808  
1.038677685  
0.8418637379  
0.1485060031  
-0.1810887282  
-0.4075070206  
0.5377524966  
-0.3033484115  
-0.7578585041  
-0.2493716481  
-1.016605251  
-0.2640855317  
-0.3936437994  
0.4686597334  
-0.04379438197  
0.4405344178  
-1.315789172  
0.5587875822  
0.09385324041  
-1.344317408  
0.9204632626  
-2.160441963  
0.04241862068  
-1.787389333  
-1.006872622  
-0.9533432701  
0.9405051064  
0.9659101777  
0.5293093529  
1.26606149  
1.578659865  
-3.157247184  
1.55632851  
-0.7121852755  
-2.078501646  
-3.688875664  
0.8045782809  
-2.677511635  
1.735951911  
1.53270549  
-2.038169493  
-0.6665234326  
-0.4728957452  
-1.270343771  
0.2951479119  
-0.6883719963  
-0.7234783622  
-0.7612747249  
-0.8168552296  
-0.452708377  
-0.293679912  
0.7313068938  
1.218004329  
1.140036942  
0.4424489073  
1.147220361  
-0.04490611311  
0.5552113868  
-0.06035454176  
0.2073728559  
-0.3868767496  
-0.2275094076  
-0.9257756735  
0.3814373136  
0.7944433695  
0.02676806797  
-0.3915192203  
2.068214058  
-0.1273263223  
1.327597171  
2.10696707  
1.641450448  
0.6433115379  
1.097124326  
0.6034182881  
0.2278311508  
1.9720819  
0.986895883  
0.4315153422  
0.4559304689  
-0.6479590011  
-0.5251181358  
-2.007942848  
-0.5078830662  
-1.526913035  
-0.2795654255  
0.9935393843  
-0.9230639106  
0.6267164625  
1.324830692  
0.4579117128  
-0.1300900967  
-0.2790596944  
-1.255279228  
0.2175741204  
0.4672406672  
0.3965809074  
1.214680931  
0.3312677367  
1.659394905  
-1.990606204  
-1.866875294  
-1.975260059  
-2.01799968  
-0.9395558327  
-1.476988753  
-1.233375001  
0.06078868852  
0.004200911297  
0.1619435786  
-2.656282583  
-1.397116379  
-5.64356476  
1.292064983  
0.2841310276  
0.410026003  
-0.8488846558  
-0.4947052172  
-1.430142378  
-1.294503866  
-1.460050945  
-1.644118768  
-3.735297761  
-3.123229843  
-0.411725947  
1.054371156  
0.9810890222  
1.145049616  
1.218031631  
0.4244875119  
2.123714545  
1.977435356  
3.607777906  
0.02723203798  
0.4275735702  
0.5931596145  
0.1530969209  
0.8672475501  
1.494538073  
1.258224857  
1.202583015  
0.4136500745  
-0.4334464155  
-0.4015495496  
1.703112428  
1.531632267  
0.3854672762  
-0.2837654981  
-0.1370527842  
-0.8724650195  
0.6607846327  
0.3700268664  
0.03301757825  
0.5827550638  
0.6485572819  
0.3485377455  
-1.347641868  
1.598450832  
0.7325186458  
0.3092462064  
-0.7862301797  
-0.7587086205  
-0.003058331477  
1.369125736  
-0.1193066374  
0.5221839041  
0.4600126157  
0.3613677354  
0.08347448775  
0.2864101948  
-0.5217739597  
-0.233725762  
-0.3775823144  
0.0834388266  
-1.143468716  
0.8173348225  
1.415056075  
0.3109397465  
0.124518501  
-0.3820622906  
0.09714958033  
-0.1602940579  
0.6197405741  
-0.2128090623  
0.4145488137  
-0.8939101541  
0.86014049  
0.08062157163  
0.4544677303  
-0.6256384041  
-0.6317903024  
-0.2999379496  
-0.009678571095  
-0.1485240649  
-0.02080549172  
1.061426921  
1.205543602  
0.962615356  
-0.3685914927  
-0.1552548395  
1.115249628  
0.4602197572  
-1.940225948  
-0.5664895968  
0.8232565291  
1.215391461  
0.561298821  
1.411731166  
1.936247059  
1.418303101  
2.053900562  
-0.693472853  
1.128773665  
1.178417395  
2.111488305  
1.594189669  
-1.69634901  
-1.460026429  
-4.971820815  
-1.919392117  
-1.966828548  
-1.726171378  
-0.4672831864  
-0.4943598512  
-0.5159162638  
-0.03613051031  
-0.1236282393  
0.3393665214  
-0.7479227205  
-0.6902878258  
0.1600617364  
-0.1932339955  
0.5374630072  
1.536289589  
2.462611244  
0.02683280683  
0.3706834513  
0.8926337139  
-0.5297226678  
1.462110566  
1.982550864  
1.424767333  
0.4795688931  
1.148009099  
1.309846107  
1.162881573  
1.85552592  
1.468400705  
0.4992297652  
-5.076913217  
-3.323778332  
0.3160383818  
2.248918416  
2.581104654  
2.614957463  
2.345899018  
2.695233581  
0.02630820081  
-1.906627868  
-6.342573327  
-6.41424801  
-2.524546588  
0.1476080467  
1.361711049  
0.4925061158  
1.396014445  
0.02221909668  
-1.041187639  
-4.732196413  
-1.817633073  
-1.873554289  
0.9984892854  
1.178394659  
1.465715379  
1.297240154  
0.3707377019  
1.496145812  
0.6362805026  
2.844399323  
