0.3488191456  
1.056877098  
0.289491794  
-2.110104734  
-1.88309172  
-0.2513594909  
-0.009724401415  
-0.05768959084  
-0.6186269648  
0.02670356102  
0.02168468309  
-0.2911377616  
-0.658793017  
0.793952781  
1.504534783  
1.736202288  
1.288361026  
1.063540017  
-0.2508220002  
0.04055028514  
0.9085910945  
1.259229844  
-0.3912710898  
0.4642141181  
-2.36654479  
-2.023241661  
-0.961218605  
0.4710868701  
0.3616940736  
-0.1177803443  
-0.239838289  
0.6745851891  
-2.805005541  
1.481715621  
1.07505563  
1.038453774  
1.06008698  
-0.007593089374  
0.3280145185  
-2.216983111  
0.8307556279  
1.104112073  
0.7287134509  
-0.4403266489  
1.24275849  
-1.575139057  
0.6072142734  
0.7250936573  
0.9919235908  
0.07849712148  
-0.3597251207  
-2.508419105  
-1.430089182  
0.6922676745  
-0.6693811866  
-0.2536321292  
-0.4000500754  
0.299193534  
-2.168094555  
0.6566406038  
1.153172847  
0.5982641861  
-0.6313499631  
-0.8668894722  
-0.3196852487  
1.189442868  
0.4665104589  
0.7131916143  
-0.06307528552  
0.325215084  
0.3442058521  
0.6483476456  
0.1193271425  
-0.5409908738  
-0.8906214096  
-0.2705661204  
-0.2408087066  
0.1922093021  
0.6628581588  
0.3300646035  
-0.393825403  
-0.2020827483  
-0.03126826878  
0.4231783061  
0.03679587229  
-0.4958578813  
-0.6984893329  
1.402338465  
0.4523459114  
0.917073499  
-0.174549558  
-0.3086857006  
0.3717242318  
0.3138221292  
-0.3602128597  
-0.4197547884  
-0.4198109494  
0.2644808541  
-0.7821174261  
-1.496467045  
0.1447132241  
-0.1999169773  
0.7760090523  
0.5839441536  
-0.1187012188  
-0.8158370934  
-0.8486780201  
-0.03867397708  
-0.6019621134  
-0.8726544196  
0.1960547584  
-1.289930511  
0.4217711013  
-0.7546789404  
-0.8920143046  
-1.038956549  
-0.02670520122  
0.1613621321  
1.683340756  
0.9151337613  
0.2630241254  
1.13932552  
0.4898685695  
0.2615574254  
1.167630758  
-0.2465538226  
1.259227654  
1.261515409  
0.1467554842  
0.59059411  
0.9747447475  
-0.9138732697  
0.5667547635  
-0.7416141865  
-0.2941890309  
0.1582552699  
-1.005482694  
-0.5784897519  
-0.4370410015  
0.7969519204  
0.3598487633  
-0.815260989  
0.573650103  
-0.4430819141  
-0.335097922  
-0.8106867257  
-0.4957489523  
-0.7676761181  
-0.1605985857  
-0.5360612234  
-0.8535169755  
1.410645041  
0.389039631  
0.446873533  
1.53935252  
0.1699695557  
1.375337552  
-0.002417263648  
-0.2349708571  
0.1321416536  
-0.6796707203  
-1.184711678  
-1.080352121  
-0.4356734846  
-0.2068328573  
-1.235586682  
-1.275984588  
1.009954057  
-0.01942929626  
0.2423200108  
0.9460608026  
-0.7427799408  
0.05182753226  
0.7213823222  
0.4382711632  
-0.5000324053  
-0.8003051604  
-0.2190817054  
-0.07096129164  
-0.6312503204  
-0.1104983609  
-0.07394764233  
0.6647389759  
0.1800615873  
1.447864528  
-0.2310153967  
0.2547958934  
-0.1704172934  
-0.5667867574  
-0.6970804309  
-0.7559291741  
-0.08492997745  
0.3380072198  
0.07535698743  
0.1354129457  
0.5336638628  
0.4280097428  
-0.2960707134  
1.266034237  
0.8098591712  
0.7482359748  
-0.3745345901  
0.7485071234  
0.1643326856  
0.2734069016  
-0.3838035465  
0.1134577428  
-0.1980454144  
0.03121641969  
-0.05992439903  
-0.3318694196  
0.8672027073  
0.2442601639  
-0.437235226  
0.1920668447  
0.3455016893  
0.4112661692  
-0.8177974696  
0.3382168409  
-1.097854186  
0.04203076338  
0.5494652711  
-0.4964135492  
-0.8491847618  
-0.4661324386  
0.01516204101  
-0.03281248615  
1.053166503  
0.7347835887  
-0.2244857031  
1.004113783  
-1.134554045  
0.4338397367  
2.396232412  
0.1787588006  
-0.08820496121  
0.1703256356  
-0.04700524105  
-0.8012156172  
-0.8504934934  
-0.1044782644  
-0.5478120149  
-1.584730426  
-0.4155328163  
-0.1561620191  
-0.4238893696  
1.473788462  
-0.5717732836  
-0.9398588668  
0.9793875037  
-0.339677433  
-0.1844519547  
-0.8821434775  
0.4069370994  
0.4687678324  
-0.9870442691  
-0.7457780009  
-0.4146459343  
-0.5135710593  
-0.05918598445  
0.3399132867  
1.53132099  
0.08073848315  
-0.4160761964  
1.561730025  
0.7423357658  
-1.48146128  
-0.4280282029  
-1.194260998  
-0.7181296561  
0.004579731461  
0.5824785877  
0.7370990692  
0.287846246  
0.06705595175  
0.5438938294  
0.2684862615  
-0.9876601861  
-0.7280940148  
0.2624511386  
-0.3345905547  
0.8607221303  
0.1002367496  
-0.003627737827  
0.2070219166  
0.1252783881  
1.26840886  
-0.4393240391  
-0.7815871017  
-0.442335288  
-0.2946624899  
-0.3191407483  
-0.4351641929  
-0.1170870754  
0.3432355341  
-0.4550588176  
-0.3732315263  
-0.08645936126  
1.501264846  
0.03823669968  
-0.1900266219  
-0.09624521969  
-0.495789884  
-0.08351111702  
0.1660738632  
0.5489187376  
0.6795107438  
0.533107953  
0.09945673131  
0.1145637106  
0.3595447869  
1.29667111  
-0.7933663214  
0.387671928  
0.1633254481  
0.820354917  
-0.1310531514  
-0.1053750381  
-1.017004091  
0.2989780607  
-0.7962958883  
-0.002497494665  
-0.4433915124  
-0.4347462562  
-0.396645276  
0.1981955986  
-0.2508882056  
-0.3665927468  
0.7597337733  
-0.02528233435  
1.186309568  
0.3824823337  
-0.4735565669  
-0.5747091422  
-0.1732214946  
0.6460595276  
0.1192274324  
-0.2247873025  
0.3605248776  
0.4234233076  
-0.1095381145  
0.251694591  
-0.3411581737  
0.2236677734  
-0.640028169  
-1.025993309  
0.1093710264  
0.5020575928  
0.6155454891  
0.122145497  
-0.6182476111  
-0.6197160802  
0.261251122  
0.6535282405  
-0.04260661152  
0.2890737772  
-1.100592484  
-0.484502908  
1.041106923  
0.3466724945  
0.7138001881  
-0.4661708158  
-0.0478009976  
-0.1327916538  
-0.05563509681  
-0.1044525493  
0.1268940198  
-0.02138368684  
-0.9468161085  
-0.5810419957  
0.4341712291  
0.4765604511  
-0.1278612291  
-0.1216794593  
0.2284474509  
1.191603828  
0.2157744967  
0.0429152537  
-0.3416019569  
1.052804556  
1.509490306  
-0.1116949318  
-0.003690180829  
-0.03210355418  
-0.4913219664  
-0.05108096579  
-0.441071399  
-0.6445859222  
0.1618478153  
-0.02038457212  
-1.470850477  
-0.05424961427  
0.009145310004  
0.2440976559  
0.0846918334  
0.04584964738  
0.4812383018  
-0.8126387256  
0.8901217286  
-0.9747613954  
-0.7019348341  
-0.7662863367  
0.2673690708  
1.291803962  
0.2727694749  
0.9667826295  
-0.3361660869  
-0.428271142  
0.2378329468  
0.04659497337  
-0.1089226832  
-0.2531611097  
0.7053032999  
-0.388244133  
0.1427466485  
0.5576878341  
-0.1299623625  
0.9425705088  
0.530255002  
0.0133571091  
-1.144753509  
0.0342005134  
-0.2228293399  
0.4506482092  
-0.3788355133  
-0.2023961013  
0.6188698223  
-0.4901876799  
0.5106334655  
0.6803272823  
0.7983507037  
-0.102242572  
1.21094098  
0.6961822473  
0.1029594595  
0.2096661566  
0.372250779  
0.6885104879  
1.166089552  
0.5728501043  
0.7918167774  
-0.02568654928  
0.5031936065  
-1.893390491  
-0.4083572721  
-0.7974486516  
-1.36428036  
-0.6465209752  
-0.7557823774  
-1.054598642  
0.3005696327  
0.06342522332  
0.8633945523  
-0.7307159403  
-1.327582816  
0.3058681915  
-1.719887868  
-0.658598513  
-0.6393803483  
0.4106315185  
-0.5911931622  
-0.144445991  
0.3788596853  
0.13520638  
0.0946179648  
1.139805406  
0.8146170298  
0.6833424923  
-0.1347963137  
1.778526035  
0.5358158288  
-0.1577258951  
-1.194544418  
-1.265448031  
0.2859430789  
-0.05018999619  
-0.6851979581  
-0.2142154154  
0.4301978796  
-0.598267784  
-0.1804176186  
0.2019360483  
-0.5169601523  
1.017196127  
0.906797822  
-0.1748800829  
-1.365843924  
0.04498727039  
-2.956557829  
1.128936401  
0.8352643251  
0.7309547626  
-0.2017613555  
0.9327890459  
-2.071227821  
1.015742234  
1.272440005  
0.7479848951  
-0.6348726256  
0.2152734463  
0.08797459722  
-0.9862887478  
0.8983457479  
0.7138976106  
1.335490296  
-2.094940656  
-0.08389815615  
0.3652400134  
0.5388681296  
0.2688453644  
-0.2350373688  
0.5852615071  
0.8774220789  
0.9582124163  
0.7679510717  
2.188502993  
-3.942769103  
-0.2577091973  
-0.2365901511  
-0.1320338493  
-4.176549042  
0.7226140052  
0.07302654584  
0.88349269  
-0.7693023095  
0.3993187485  
0.1104230141  
-1.216691907  
0.4082230537  
0.3328002139  
1.156769727  
-2.575915835  
0.5768348624  
-1.848775889  
0.3263911783  
1.784396547  
0.3516039427  
-0.2507912179  
-0.22118709  
-2.30864712  
-0.8921634979  
0.7191407244  
0.8158723571  
1.094884529  
1.018502875  
0.7965889006  
0.7260406066  
0.1665095067  
-0.5093630895  
-0.7080062511  
0.2346228085  
-1.832961341  
-0.6704858671  
1.027208167  
0.02732821178  
0.564931829  
-0.2419234589  
-0.07283166916  
-0.324976297  
0.6581030286  
0.01431330909  
0.883130594  
-0.6172294499  
-2.205615484  
-0.1400599598  
-0.1015897832  
-1.983237846  
0.3638750226  
0.664160408  
0.4482257175  
-1.469565343  
-0.4704548883  
1.301595479  
1.555364307  
0.3774665402  
-0.6435421975  
-0.2305309113  
-0.01292566954  
-1.186788228  
-1.065275089  
-1.995234583  
-0.5420159273  
0.4219471666  
0.2266474921  
0.4303419187  
0.6886075203  
0.1839800375  
-0.5103265034  
0.4273926437  
-0.4378464823  
0.6760845829  
1.836036373  
0.7623239107  
1.446694146  
1.312058318  
0.8987192354  
1.120697393  
0.7997607416  
0.2365321174  
0.3321499453  
0.1894879975  
0.3921125767  
-0.3773130684  
0.6882128427  
-1.496689439  
-1.1608794  
-0.4734825702  
-1.91029936  
-0.9152951641  
-0.6603935844  
-0.5783228768  
0.9560563163  
0.7180914647  
0.1386040944  
0.8066303365  
-0.04462476128  
-0.3300720812  
0.05352568976  
0.5047381498  
-0.3052822484  
-0.5273581658  
0.632063355  
0.6793687423  
0.2469875416  
-0.2087259799  
0.6483446772  
1.257224605  
-4.4671523  
0.01892177206  
-0.03827415013  
0.293799992  
1.10325417  
0.5392270307  
-0.994343593  
-0.5871483586  
-1.109421202  
-0.6469847802  
-0.6769004041  
-0.2284690783  
-0.7082850169  
0.5956962494  
0.2444284673  
0.9028187002  
0.23144634  
-0.3175406601  
-0.2028130273  
-0.5173329075  
0.927481274  
0.5684227051  
0.4389231817  
0.5005707941  
-0.2686834417  
-0.5536685933  
1.0411652  
0.4404891064  
0.3487770184  
0.3793377681  
0.6770154529  
-0.7335366094  
0.4210104276  
0.4963043015  
0.08706054414  
0.6191407277  
-0.7102540123  
0.1421799158  
-0.7789554339  
0.8629423382  
1.449101822  
0.9027971125  
0.7957040052  
-0.006570752387  
0.411755256  
-1.2294245  
-0.3395942034  
-0.5209160625  
0.270828559  
0.004230103021  
0.6873265492  
-1.052366291  
1.369216436  
0.2252901736  
-0.1942834121  
-0.7845717695  
0.383513466  
-1.233604579  
-0.07125065292  
1.576801669  
1.013956037  
0.582153962  
0.6696961876  
0.3911822499  
-1.499627217  
-2.021671506  
-0.4620234556  
-0.6188279549  
0.6024530495  
-2.544204471  
-0.4050355102  
-0.3463367571  
-1.381134857  
2.162212324  
0.09282953759  
1.018665571  
1.448466404  
0.3142721082  
-0.9035710462  
-0.3472812616  
0.5660887432  
-2.29302927  
0.3735043928  
0.8172105331  
-0.5360044642  
-1.545487679  
-0.1431087422  
0.2472511156  
-1.001659041  
1.566920621  
0.955599909  
0.2734331562  
-0.170305319  
1.417096483  
-0.6865584138  
-0.5854453114  
-0.7622738659  
-0.69176699  
0.9094800429  
-0.02423928855  
-1.171681884  
-0.3703063537  
-0.2129482281  
0.630253372  
-0.4957312111  
-0.05042349246  
0.4160268976  
-3.096043022  
1.821963734  
1.399867296  
1.007640105  
0.04070990804  
0.3184625607  
0.8455789865  
-0.3792259958  
-0.4870369059  
-0.7188483923  
-1.241473552  
0.9506270096  
0.399894029  
0.5904035644  
-0.07749493577  
0.194483471  
0.1502899487  
-0.3551910185  
-0.522891322  
0.4198404139  
-2.590163476  
-0.07379217502  
0.6286181513  
-0.3659041102  
0.3685538809  
-0.08714182071  
0.2237046907  
0.6742559614  
-0.4032389215  
0.03371591612  
-0.5356407943  
-0.3493545864  
1.251026782  
1.011091533  
0.6458617948  
0.5811343553  
0.7627780455  
0.2682562134  
1.655032678  
0.7366483547  
-0.4297112516  
-1.055041953  
-1.564757162  
0.1304624198  
0.2918102723  
-0.1798624806  
-0.6795140065  
0.38036405  
-2.276250598  
-1.726565431  
-0.3428569119  
-0.1065802324  
-0.70475018  
-0.1704423708  
0.7390130018  
0.4013131833  
-0.4507526254  
0.4992163732  
0.6572399544  
0.8417757463  
0.9140599041  
-0.8416133535  
0.06773915572  
-0.4764709159  
0.4499785553  
0.8307139339  
0.7947595291  
-0.1359023505  
-0.4001093908  
-0.5468948895  
-0.4464606986  
-0.6184750868  
-0.1539124576  
-0.2518823984  
-0.5645693697  
-0.593563787  
0.5748890445  
-0.318168283  
-0.4289164692  
0.3452970048  
0.04513941205  
0.2885642437  
0.6478502433  
2.033329999  
1.121954331  
0.3624783346  
-0.2504410827  
-0.1835131339  
0.0780098043  
-0.2686478081  
-0.4461645979  
-0.8066732854  
-0.7964683929  
-0.6290348978  
0.8032458617  
-0.4459571245  
1.029540128  
-0.2088419944  
-0.6525796173  
-0.5781706551  
-0.1691583403  
-0.6658775609  
0.4723596501  
0.3579953896  
-0.1359721673  
-0.6799040499  
0.4164482423  
0.5117376006  
0.07301418441  
-0.6038831463  
-0.1766893205  
0.3198609437  
1.261936034  
-0.5910332171  
0.009774581368  
0.5729190819  
0.3907981304  
0.3936517898  
1.495286862  
-0.5915719379  
-1.344459235  
-0.4513701044  
0.7036461174  
0.09950383574  
-0.5526416876  
0.08704649737  
0.7776858595  
0.7214981463  
-0.4941667032  
0.7461342411  
-0.05276734904  
0.222401327  
0.1523806431  
0.1553571595  
0.3677994239  
-0.2862876318  
0.1961892433  
-0.03168544482  
-0.1582605478  
0.8172647047  
-0.4346971051  
1.011307013  
0.7700782537  
0.7078536603  
-0.5284048597  
-1.622466799  
-1.42563141  
-0.6954629407  
0.5096972806  
-0.3386560578  
-0.9052093807  
-2.187079627  
-0.2902372655  
0.2071014078  
-0.5464913887  
-0.6103079286  
-0.3277308199  
0.09901565442  
0.7087349255  
-0.2131186011  
1.006749901  
0.9554710886  
-0.5793755782  
0.5413927203  
1.031176503  
0.6897159988  
1.660031335  
0.6343520013  
-0.5911328242  
-0.7894287908  
-1.304388726  
-0.03405479776  
0.4859009789  
-0.2266492357  
-0.8261908924  
-0.8886433144  
0.6416218535  
-0.1416266127  
-1.157731881  
1.119975615  
-0.1021881478  
0.491282081  
1.033406943  
0.4544130141  
0.2351899118  
-0.4345199989  
0.01492623896  
-1.103666575  
-0.8190182552  
-0.5350125832  
-0.1406463343  
-0.6365250926  
0.2737294176  
-0.935526234  
-0.12155507  
-0.6929535085  
-0.7202383284  
-0.1980850093  
0.4011985016  
0.1889600141  
0.1802589019  
-0.2196338673  
-0.5097745001  
-0.463984001  
-0.5757558221  
-0.8796180298  
0.09828692613  
0.5923632665  
1.007556034  
1.294587184  
1.100945624  
0.007069339591  
1.445433721  
0.6191020656  
0.884717032  
0.5449065233  
-0.006069451741  
0.508209578  
0.2275671909  
-0.8236719236  
0.7959551342  
0.4024249897  
-0.2209075855  
-0.1383248695  
0.06059828518  
0.05588381988  
-0.01832665553  
0.285528531  
-0.9909317708  
-0.4025633167  
-1.020162453  
-0.4141500226  
0.3017046815  
0.6060527533  
0.06144679967  
0.359715063  
-0.4355414905  
0.1425104885  
1.269300981  
0.4095822615  
-0.989042698  
-1.197650989  
-1.130218887  
-0.01896171533  
0.2720318841  
-0.1937419632  
0.4187776744  
-0.4011318784  
0.1005750583  
0.4342455355  
1.142886662  
-0.2976698798  
0.6340549557  
0.7390135505  
-0.9029803905  
-0.2156642112  
0.8071413237  
-0.2771013181  
1.014855638  
-0.5072474125  
-0.007825172886  
-0.01908286776  
1.396454599  
0.6543322956  
-1.708808333  
0.02942198728  
-0.7844287413  
-0.7875234523  
0.1849553796  
-0.03213257463  
-0.7231816519  
-0.2448829573  
-0.7808417011  
1.113580528  
1.059804013  
0.5841989076  
0.6198452334  
1.009787657  
0.3985819399  
-0.03356759966  
-0.4324632314  
0.9748548519  
1.225734422  
0.8605554189  
-0.2093304536  
0.530220133  
-0.5794454309  
-0.0632183941  
0.1922625284  
0.5110281537  
0.2015087703  
-0.1076087021  
0.2332126434  
1.087021178  
0.1263856512  
1.478356937  
0.3120005074  
1.124977955  
-1.469157985  
0.6370256272  
0.8991808544  
-0.07614426114  
-0.9979620726  
0.3147503417  
0.7136949536  
-0.5900744679  
1.36884632  
0.7216954246  
0.3903066751  
-0.1339096336  
0.1201500621  
-2.940228374  
-1.498498405  
-1.674929621  
-2.04962788  
-1.157554595  
-0.2388261004  
-0.458315023  
-2.086619319  
-1.041681919  
-1.828206501  
0.01735440834  
0.1676601559  
0.0894049876  
0.1393367273  
-0.2790252059  
-0.3685374099  
0.9886776009  
0.888340767  
0.18626063  
-0.1381247098  
0.4986172972  
-0.6755073548  
-1.120182868  
0.2200077045  
1.021774685  
0.1445973623  
0.5683214688  
-0.05038458548  
-1.052217011  
-0.6558017125  
1.218690572  
1.500301482  
-1.32695105  
1.377173611  
-1.327362281  
-0.7688939913  
0.3913690435  
1.527735088  
1.045206578  
0.6892309867  
0.7373146754  
-1.62020479  
-0.8627997916  
-1.372805873  
-1.780290403  
-0.9142958029  
-1.046509075  
-1.356227654  
0.2142495894  
0.5262597809  
0.4818037076  
-0.07876079749  
-0.07566692198  
-0.7105867137  
-0.8246479627  
0.7108292723  
-0.3692874325  
0.3744692404  
0.3313067754  
-0.3399659914  
-0.2583453124  
0.3478148979  
0.05198253636  
0.3616670142  
0.5212598563  
0.7111311055  
-0.7588282953  
0.5774314574  
-0.2302667988  
-0.02519566556  
0.5000412938  
0.8951940311  
0.5456997726  
-1.303830778  
-0.7045536138  
-0.8452071548  
-1.053294694  
-0.06071643168  
-0.6246625539  
0.7428410227  
0.2169074809  
0.586911096  
0.4733482845  
1.375115111  
-0.8877097496  
0.05682328495  
-0.3083704145  
0.6717377605  
0.9997324933  
0.8270898239  
0.91887619  
0.3990056845  
0.4213712962  
-0.1647545202  
-0.6276759431  
0.614235442  
-0.4909115043  
0.3237934254  
0.4510764337  
0.615517745  
0.8259651235  
-0.136253198  
0.3567744773  
-0.9148774191  
-0.1806584594  
-0.08738125403  
0.3023792505  
0.2576671306  
-0.7676129324  
0.7941685353  
-0.663638958  
0.4457686719  
0.2311626831  
0.136958638  
-0.2665591889  
-1.014567477  
1.154857204  
0.6307224271  
0.7365729325  
0.6268907071  
0.8565447163  
-0.04233793557  
0.7778908127  
-0.8437210988  
-0.687133323  
-1.638765051  
1.465116349  
0.496384607  
0.04549527499  
-0.2548944659  
0.4468293459  
-1.473000146  
-3.714048059  
-1.171338467  
-0.2663566612  
0.4872209721  
0.8563125207  
0.4386066529  
0.1968513776  
-0.652095341  
-0.7973133934  
-0.2322785346  
1.10634917  
-0.006586239795  
-0.7712589634  
-0.6659102362  
0.2899921704  
1.170504783  
-0.7683375317  
0.2514917764  
0.783338721  
-0.1168801407  
0.3705012209  
0.5394492938  
0.2416163759  
0.3043887898  
0.761734493  
-0.80451506  
0.6017097971  
0.1314625967  
-0.7352615213  
0.9534632618  
-0.4750032939  
-0.6480846738  
0.7059539282  
-0.3813809334  
0.2206010742  
-1.005665565  
-0.8715105465  
0.2061007604  
0.4402647015  
0.383327268  
1.659725763  
-0.0978917013  
0.9504637071  
-0.01924785971  
-0.7139539981  
1.372129075  
1.017526586  
-0.5366599404  
-0.8140029108  
-0.180485751  
-0.1576377499  
-2.4307087  
-1.433096987  
-0.5504835184  
0.7609727107  
0.4418561581  
1.095003355  
1.203376758  
0.08483239767  
-0.3207136558  
-0.1152858963  
0.6365051039  
-0.3835774569  
-0.5147012458  
-0.8960281406  
0.06578044884  
0.1538960883  
-0.9591886126  
0.9002902884  
-0.1075953763  
0.5118561946  
0.05841089912  
0.9799533696  
0.4625387297  
1.205674734  
0.1497474849  
0.2247012969  
-1.151021682  
-0.5932100588  
-1.097612522  
0.09408945516  
-0.3979455444  
0.7999156268  
0.5768311059  
-0.8270021315  
1.452171634  
0.7143420073  
-0.4906917845  
-0.2094556718  
1.002328099  
-0.3107074232  
-1.695993846  
0.2166314486  
-0.9277486312  
-0.2797800782  
0.06857967967  
0.2783092223  
-0.930372178  
0.1639926879  
-2.462822798  
-0.1828520306  
0.7427517332  
1.421620761  
-0.1177589996  
1.183620163  
-0.4227499395  
-0.9330719747  
-3.671977502  
-0.6486445776  
-1.561318038  
1.38490811  
1.397088208  
0.05401777734  
0.9496179543  
-1.018699975  
-0.5067513701  
-0.05684440155  
0.9993038909  
0.1162266103  
0.7007210953  
0.1328852259  
0.9630600795  
0.6796638289  
1.123919038  
-1.182680297  
0.6858064915  
0.7904698447  
0.9493311068  
0.02509359559  
0.8211234393  
0.4796580829  
1.993180457  
1.350349467  
1.13515696  
1.037326672  
-1.6923553  
-0.2874740607  
-0.9019239376  
-0.04837709105  
0.6834354699  
-0.1256377878  
0.663204321  
0.7507526107  
-0.3772497407  
1.556693723  
1.025961122  
0.3781372326  
1.496109768  
1.843758527  
-4.932841229  
0.872661564  
0.6929675082  
1.927690471  
1.096549803  
1.035218408  
0.1467969105  
-5.553115563  
-4.290116432  
-3.564239124  
-0.1393026537  
-0.2500364376  
-1.148816853  
-0.4943792421  
-0.4139847151  
0.5416414439  
0.7567515801  
0.30004757  
0.3392663549  
-5.995656301  
1.127139885  
2.263967921  
1.240037869  
-0.01465808477  
-0.09120221972  
-0.3431589555  
0.08057821143  
0.9216918166  
1.008609967  
-0.2357928432  
0.2160514027  
1.094101472  
-0.9099842732  
0.0269645366  
1.509159465  
0.9070108232  
-4.04595962  
0.9081525328  
-1.063936385  
0.7083556367  
1.274073898  
1.314325582  
-0.1193655474  
-0.7952578621  
0.07317377969  
0.8836820494  
0.6054708338  
0.2305044617  
1.093674478  
-2.424860268  
0.8531434536  
-0.6814452367  
-0.08901647075  
-0.4067809933  
0.5199745392  
-0.5184882625  
0.3591821003  
-0.5817572867  
-1.156644211  
-0.192278679  
0.1760359996  
0.3427773551  
-1.139003528  
0.6313094377  
-0.9004446018  
-0.6426974022  
0.1876197704  
0.1273608836  
-1.04478444  
-0.06165221686  
-0.4412124164  
-1.044932541  
0.5847804203  
0.06415165675  
-0.255170893  
-0.5567315332  
-0.8728962662  
-1.911366054  
0.3933678869  
1.012580206  
0.6510656748  
-0.583708441  
1.260093558  
-0.4293184866  
1.432093651  
0.4967070272  
0.5722417846  
0.05247339447  
0.6049305873  
-0.8039788297  
0.08573133686  
0.3226781226  
0.6897412907  
-0.3928598615  
-0.4542887307  
-1.811917322  
-1.689889631  
0.8695347162  
0.7601407203  
0.9395523178  
0.008823863646  
0.02122038586  
0.56980271  
-1.498439194  
0.6886263052  
0.9870270878  
0.4855526791  
0.04841940106  
-0.4251413377  
-0.09180366042  
0.8865059383  
0.5249442831  
0.7091956801  
-0.0183855448  
-0.4472494921  
0.307742192  
-0.1612246396  
0.2945687185  
0.2041954333  
-1.343051302  
1.269758598  
0.1467414939  
0.6046146635  
-0.7941115803  
-0.2817989873  
-2.249739207  
-3.398972643  
-1.963692764  
0.3206023248  
1.782191315  
0.9482970521  
-2.563809353  
0.8262281699  
1.78406754  
1.868996545  
0.1416735164  
0.1971035473  
0.4773585924  
0.5784723271  
0.06921282277  
0.5738084059  
2.019595813e-05  
0.05342396803  
-0.5271428666  
-0.01412948063  
-0.8646619966  
-1.051823643  
-1.990517064  
0.4807144361  
-1.266668446  
0.1423804067  
0.6107677034  
0.9489228781  
-0.1286882479  
-0.0788129563  
0.9680634313  
-0.00432748319  
0.2189631594  
0.6100345833  
-0.4826217609  
-0.1508809096  
0.208003169  
0.02929772183  
0.1151473233  
0.9509345574  
1.435345068  
-0.1639113227  
-0.184083425  
0.2100462165  
0.02133726254  
0.4034157929  
-0.446966833  
1.121226244  
-0.3591522055  
-0.4876905788  
0.4432233152  
-0.1546429837  
1.951438543  
-1.375456195  
0.5459125726  
1.576168669  
0.2997679129  
0.3566670869  
0.2260616125  
0.7260747545  
-1.414909392  
0.911972371  
1.059421786  
-0.7083791627  
-1.250941578  
-0.06386913594  
-0.000666943719  
1.116528684  
0.7631726244  
-1.665181454  
-0.04003684011  
-0.6382970957  
0.9673900407  
-1.709345683  
0.06174760177  
-1.339638631  
-0.5590822948  
0.8901646444  
0.2880545764  
0.008441013053  
-0.1650494051  
0.1774415739  
-0.4857182941  
0.640219696  
1.567229494  
0.445612717  
-0.02576022008  
0.6681319109  
-0.5601524067  
1.399575074  
2.133268178  
1.15330058  
0.966316587  
0.3195053955  
-1.10389523  
-0.1950393127  
0.4594792015  
-0.3224874295  
-0.3622292584  
0.1083600308  
-0.07793049511  
0.442170497  
0.2029845518  
0.2042426187  
0.7331776785  
0.3501615317  
-2.455763036  
-0.1550194663  
1.284338329  
-3.516421308  
-3.356482722  
-0.2054615454  
-0.4490544862  
-0.9166774407  
-0.668000859  
1.646661551  
-0.1292319744  
0.7171443233  
-0.8101677738  
-0.1485455898  
-2.291938038  
0.5186248789  
1.502874555  
0.8995034587  
-0.9071032296  
0.9436212026  
1.439595254  
-0.1150062741  
-1.293047348  
-0.4964424174  
-0.9250444033  
-0.271738404  
-0.5726941518  
0.5964827212  
1.104491207  
1.74187393  
-1.169536591  
0.7210561462  
-0.705035007  
0.4216372983  
-0.2031257079  
-0.6038782334  
-0.8791584745  
-1.619094212  
0.2748355734  
0.02936643232  
0.8950852851  
-0.6363089837  
1.689042635  
1.285253335  
0.6989617793  
0.49095179  
0.703310192  
-0.935987791  
0.5095174016  
1.057510141  
1.729419844  
-0.5226080915  
-0.02937716222  
0.5799048588  
0.8178776207  
-0.2199624702  
0.183915794  
0.1084959995  
1.526232523  
0.1452386766  
-2.809618873  
-1.382647488  
-1.719405819  
-1.2303859  
-0.8701846795  
-0.5756752959  
-2.242176579  
-1.26830402  
-0.5737482221  
-0.8119417384  
0.4834037352  
-2.980937257  
-0.09640616377  
1.810709731  
0.8575131067  
-0.3251782774  
2.612301222  
2.175196696  
1.455200339  
1.327925292  
0.6794258433  
-2.750107467  
2.047590485  
-1.513543817  
-0.3806152433  
-6.742522339  
0.4549045605  
-2.788625554  
1.114684543  
0.2838722118  
-2.287842784  
-0.623685792  
0.2455519144  
-2.246888303  
-0.807923075  
-0.3746903134  
0.6366835267  
0.908454145  
-0.04483256727  
0.2367850627  
0.3548554548  
0.8205299189  
1.703821646  
0.7155624645  
0.8435669986  
0.8103361647  
0.9378035319  
1.108299541  
1.762078382  
0.621103068  
-0.3377691059  
0.2431342044  
0.9863161611  
0.6298516283  
0.3566944642  
0.3769518995  
-1.292475223  
0.5550951704  
0.3751765842  
0.3536067864  
1.765045719  
1.24470785  
0.211713655  
0.05073479154  
-1.126142936  
0.05217818638  
0.371829026  
-0.7688074858  
-0.05157079548  
0.3149615997  
-0.1519482109  
-1.568661875  
-0.245192138  
-0.3989761725  
-1.331099904  
-0.3422104356  
-0.02403088158  
-0.2251252722  
0.9744160574  
1.833717621  
-0.04358433027  
0.3992507408  
0.7929159003  
0.3230982064  
1.995452609  
1.271466133  
0.9879630158  
0.05129475541  
1.462710912  
0.3492873096  
-1.407096126  
-0.3365319884  
-1.213263952  
0.05089852746  
0.9164086515  
-1.597704306  
-0.2276890356  
1.132149023  
1.515236134  
-0.06555304308  
0.1697875296  
0.4618643631  
-6.613989483  
2.782145538  
0.3261837633  
2.16586561  
0.7973032925  
1.495347956  
0.5879082702  
0.1736955144  
0.6239295535  
-0.3229684873  
-3.887190636  
-4.65528071  
-2.129537665  
-0.6274213026  
-1.064915679  
-0.01692276822  
-0.9258772768  
0.6150741225  
0.4313408515  
0.6018360472  
1.324978732  
0.2439119688  
-1.428170301  
-0.7828572481  
-1.00156553  
-0.6007687594  
0.6254281432  
0.4910461464  
-0.6397897079  
0.1425661829  
0.08064737243  
-1.435724792  
1.053391192  
2.256037823  
0.2569325338  
-2.014087515  
0.3691664718  
-0.4964731809  
0.2136683574  
0.6025276017  
0.3170514463  
-0.2805520256  
-0.5283806093  
-0.4301421303  
-1.261177244  
0.8670421946  
0.3317983382  
1.477808579  
-2.097074445  
0.1840427362  
-0.4333739843  
0.6777120711  
0.8004758325  
2.216072562  
-0.08877646488  
-0.583495554  
-0.1883714242  
0.6623869399  
-0.2513984318  
-0.06932211702  
0.3870179081  
0.2739896517  
0.3539899836  
1.29136065  
1.587568354  
1.370898452  
-0.742498712  
-0.8760948207  
-1.2014207  
0.2186008136  
0.03497701791  
0.8989558067  
0.2898001753  
-0.2444417585  
0.6190716861  
0.7354124856  
-0.2025087025  
-0.6580409934  
-0.06343004309  
-2.197818291  
-0.2358615276  
-0.8302322082  
0.4993475001  
-0.07870446212  
0.3478020572  
0.1118072578  
-3.626629419  
0.0571389005  
-0.002734921661  
-0.7180131456  
-3.025527281  
-0.7196913866  
1.171010443  
1.966064502  
-0.0430712304  
1.899667186  
2.170998065  
3.127107708  
0.05883420645  
-0.6338816931  
0.3112730972  
-0.4629896304  
0.6484011385  
0.6316455499  
-3.62256885  
-1.930006055  
-4.603385757  
-1.813821383  
0.1852489445  
-0.4778372602  
0.2517364563  
0.08874727124  
-0.08347460493  
0.1505810102  
0.973742227  
0.4212716444  
1.154234709  
0.4331317816  
0.7961643105  
1.192667424  
0.01009774195  
1.755257497  
1.037648947  
0.7016732477  
-0.04311706306  
1.46408186  
-0.7171382647  
1.071290969  
2.044312898  
0.7771278856  
0.5575828269  
0.8518885532  
-0.3909954775  
0.2235777366  
1.385283032  
1.023972518  
0.8901098044  
-6.039092823  
-4.23159056  
-0.2223577075  
1.300199634  
1.12926123  
2.446011887  
0.5303901624  
1.972873721  
-2.002031101  
-2.265082186  
-2.090726192  
-2.17548707  
-0.7004432325  
0.9394778886  
1.694194272  
0.07855836155  
0.9882089287  
1.101235049  
-0.7387756179  
-1.241979544  
-0.324603317  
-1.766158195  
0.5953539654  
1.280712579  
0.1964859055  
0.170441541  
-0.1745423536  
-0.2244738153  
0.7606633848  
0.9080429525  
