1.017474703  
0.8488103297  
0.2325420848  
-0.8164661466  
1.777564935  
-2.039325319  
-0.8575722581  
-2.681092286  
-0.4839258956  
0.2099667605  
-2.126974255  
0.506790474  
-1.556848729  
0.2943634083  
0.1942798254  
0.7538698852  
1.549910741  
1.149742176  
1.646678269  
1.888796801  
1.622511196  
1.759851967  
1.927517786  
-0.303620842  
0.3843844906  
0.0676105716  
0.3245557552  
-0.8002881223  
-0.279548789  
1.937832475  
-2.693575587  
-0.6093542433  
-1.400642716  
-3.356538779  
-1.060849365  
0.1486956678  
0.8183040801  
-3.499122103  
0.2286721177  
1.126261247  
-1.595217207  
-1.165993419  
-0.8609415978  
0.02634001157  
-1.648188601  
-0.8494973665  
0.2267354104  
0.07770672841  
-0.1379248212  
-1.515167185  
-0.7394562727  
-0.5844126642  
-0.7360884358  
-0.009924506689  
-2.062469657  
-0.6723531127  
1.249584628  
1.369285402  
2.373878858  
2.129433735  
2.099089762  
0.6767611778  
-0.8275948276  
-1.042618306  
0.01262004271  
-2.327219314  
1.50018915  
1.591553915  
2.154133545  
1.593893181  
1.591791405  
0.6716298465  
-0.8180037847  
-0.6790716299  
-0.1198844004  
-0.2141280215  
0.3505892052  
-0.9026092511  
-0.4123425481  
-0.1912830457  
1.071813959  
-0.4604533679  
-0.9432801216  
-1.121778379  
-0.3367369941  
-0.7951937201  
-1.606146253  
1.075748997  
-0.7284238461  
0.1198988936  
0.9861643452  
9.002696621e-05  
0.02862531147  
-0.6360027674  
-0.5252157678  
0.04092105256  
0.4572526681  
1.102516094  
1.159076214  
0.8676485222  
1.218124203  
0.06342515925  
0.5411273183  
1.106327535  
0.3309621628  
-1.331928871  
-0.126048424  
-0.4692841048  
0.5561566302  
0.2707228323  
0.3734275047  
-0.2319562058  
-0.6642482039  
-0.6803166302  
-0.4357249863  
-0.7239888568  
0.2488946448  
-0.08983912926  
0.7411009266  
-0.9382639443  
-0.7062915268  
0.6324494706  
1.667050638  
0.2572525189  
0.327876874  
-1.832048213  
-0.2050884879  
-0.7946418634  
-2.765387594  
-0.5044096258  
0.2360872552  
-0.771222804  
-0.9360241446  
0.457284511  
1.377571453  
1.158732809  
2.406587172  
2.005725549  
1.031503722  
-1.742384653  
-1.334551232  
-1.214848433  
-1.392100499  
1.322977461  
0.6166789216  
0.4918786377  
0.2362444051  
0.6107309745  
1.692607924  
-1.450931637  
-0.7156872707  
-0.7740947784  
-0.8557938192  
1.911906303  
-1.170289439  
-0.5284662861  
0.5008510559  
1.479899422  
-1.318864934  
-0.7470336489  
-0.09280693253  
0.2481187659  
-2.607022589  
-0.8493993599  
1.190201324  
1.227475983  
-0.4821440581  
-1.588805086  
0.7142862717  
-1.154602559  
-0.09952290828  
1.106110085  
1.699122322  
-0.1930013558  
-0.1470784368  
-0.1793523161  
0.5209350535  
-0.749892172  
0.5699966764  
1.3049883  
0.9098734743  
-0.04756322551  
0.02466525385  
0.6060183735  
0.09126849033  
0.9904049471  
1.647554263  
0.4770885629  
-0.6266057322  
-0.3716119175  
-1.471466519  
0.2082342482  
-1.155319377  
0.04866273135  
0.1893897246  
0.2176305326  
-0.512094558  
-0.3747524048  
-0.1539940115  
-0.4257558701  
-0.513631746  
-0.1638046375  
0.2943681144  
0.2744583026  
0.9499933276  
0.1814194468  
0.8984224074  
-2.046285569  
-0.09264549885  
-0.2934129128  
-0.5077181508  
0.3542541878  
4.475542055e-05  
0.05882558486  
-0.4732916873  
0.7252557641  
0.4975911965  
-0.1236132568  
-0.06492080262  
1.004858839  
0.01277997735  
1.116068377  
0.2161764709  
1.173071272  
1.047414653  
0.538404579  
0.219024933  
-1.608236802  
-0.1833431639  
-1.175942494  
0.4164346658  
2.188136849  
1.023260116  
-0.7133731848  
-0.1563389363  
-1.591471066  
-0.9703280855  
0.8793998434  
-1.084683334  
-0.7874007593  
-0.4611842767  
-0.7041374988  
-2.264614821  
-0.961108066  
-0.2534900108  
0.4133306425  
1.024866104  
1.105113313  
1.965030899  
-0.5424969779  
-0.6619029461  
-1.028661356  
1.144298178  
-1.599204283  
0.3607982004  
-0.4258549405  
-0.1848405139  
-0.7913801538  
-0.3193973667  
-1.338988219  
0.648935261  
1.681930595  
-0.07292158175  
-0.4402903769  
0.2379493991  
1.235096097  
0.5925662475  
1.212287647  
-0.05809543552  
-0.8252703213  
0.2557909934  
-1.554364095  
-0.270279128  
-0.6998611761  
0.2096615035  
-1.359436237  
-1.189150756  
-0.8020200286  
0.1840632781  
0.3415571164  
-1.130819184  
0.1264595227  
1.614377183  
0.8177609036  
0.3789670054  
-0.3456879073  
1.259997025  
-0.9672227453  
-0.4637260146  
-0.01996632974  
0.06395761968  
1.333195078  
1.574173346  
-0.2788680709  
0.1945777354  
-1.364402125  
0.2244112442  
0.02553871229  
0.6239218703  
1.868392823  
-0.775304959  
-0.5970945341  
-0.9874060268  
0.01312306435  
-0.4404342713  
0.9146103918  
2.477314252  
-0.09427087174  
0.4348630123  
-0.1276512133  
0.2610863879  
0.3929561132  
-1.640027827  
-1.535723974  
-1.423819486  
-1.536258594  
0.877083513  
-0.08278564746  
0.2958386739  
1.294344885  
0.4184332817  
-2.017166277  
0.6316396281  
-0.1743458459  
0.4519567836  
-0.04798257593  
-1.683757985  
-1.570475474  
-1.180710169  
-0.6773452608  
-0.4037592201  
0.1581732658  
-0.214988299  
-0.5667186799  
0.8777820312  
2.210252868  
1.704048021  
-0.723046075  
0.756474037  
-0.9959283406  
-1.825467317  
0.04350701001  
1.266313671  
1.38952327  
1.092687471  
1.15094694  
0.1949466264  
0.1164536115  
0.5885995167  
0.4329977727  
0.005484358729  
0.8454040483  
0.198616886  
1.389833475  
1.882225288  
1.998316158  
2.595877466  
2.602574259  
2.760113288  
0.8729378919  
-1.504482254  
-0.7156762168  
-1.331578167  
-0.9262491923  
1.068228122  
-1.506089495  
-0.01723106791  
0.3978258134  
-2.196922522  
-1.203353744  
-2.017350006  
-0.98807662  
-0.5321230146  
-2.318392598  
-1.032908766  
1.214019962  
0.8317536208  
0.1317031568  
0.04677453479  
-1.915492251  
-1.295938987  
0.2452207539  
-1.324955869  
-0.2824203032  
1.314208688  
1.261575469  
2.300162525  
1.031778048  
0.6239436971  
1.200750833  
-0.8810966695  
1.00846424  
-0.4444489555  
-0.00759055319  
-0.8533409433  
-1.544110096  
0.6505268444  
-0.5528668383  
0.1696095239  
-0.2685882575  
-1.442315123  
-0.9963698627  
-0.4597497546  
0.9672332895  
-1.123802978  
0.1758176766  
-0.3908030409  
-1.367768536  
-0.6847082947  
-1.595315481  
-0.9096669535  
-1.021675918  
0.7109500222  
1.489208123  
-2.293573337  
-0.2405372461  
0.1213165467  
-0.06545790811  
0.7512728379  
-1.057806674  
0.116481211  
0.5958402437  
0.5872710975  
-0.489935651  
-0.4287829309  
0.06796997204  
-0.124379196  
0.3087544814  
-0.5444499123  
0.2333540135  
0.4732601859  
0.5592982686  
0.9146974268  
1.10951439  
1.143639313  
1.091763144  
0.9395141664  
1.053227723  
1.257004691  
1.928470636  
1.389327954  
0.3630384758  
0.1627811445  
0.7154858615  
-0.2537177206  
0.3166474093  
0.4178029626  
0.07248598288  
0.1831619398  
-0.41821445  
-0.2348248739  
0.06505780472  
0.4850682535  
0.07066653939  
0.05585740967  
0.2528560977  
0.2888703994  
-0.6725626666  
-0.3710006006  
-0.167650692  
0.02504446354  
0.1425227967  
-0.2513818932  
0.07187414485  
-0.0655845273  
0.02366715711  
-0.396812873  
0.3430323834  
0.04569215064  
0.4408676579  
0.09157829796  
-1.3433064  
0.6019607276  
1.16433773  
-0.4804826831  
0.8010840609  
0.8780152032  
0.7311020174  
0.2248402645  
-0.4402101485  
-1.11211837  
-0.4009809211  
0.8662919962  
0.5802827561  
0.2879251418  
-1.828695758  
-2.738703452  
-1.383151559  
-2.295924861  
-2.22557285  
-1.341654151  
-0.5147939212  
-1.363549363  
0.1321870719  
-0.4170908961  
-0.3317067628  
-0.1126476205  
-0.6864881953  
0.2301275672  
-0.03428333124  
-0.2070270618  
0.06099597372  
0.2295289887  
0.01213930107  
0.2129138037  
-0.2407288027  
-0.05300437838  
0.2069621164  
0.3145800368  
-0.005735618175  
-0.01656446324  
0.01614186568  
0.834269144  
0.1890777856  
0.2163497567  
0.373349336  
0.8659931475  
0.5687291581  
0.7930443832  
0.4298228898  
0.4679505127  
-0.02507097771  
0.09649053871  
0.4362730701  
0.05948306167  
0.2389016387  
0.1280440671  
0.3490153615  
0.1201407265  
0.5422177795  
0.2394130158  
0.370498046  
0.6843511831  
0.8405220468  
0.5943217343  
0.7724663329  
0.7664458163  
0.1997865144  
0.5982745887  
0.5076041488  
0.9106593836  
0.8674691102  
0.5032507636  
0.696002077  
1.011109158  
1.073094687  
0.4900195716  
1.071966006  
0.8026730007  
0.3860829969  
0.5674581018  
0.6957574235  
-0.02576431889  
-1.298715539  
-1.070784809  
-1.080500141  
-0.9079529161  
0.08381422908  
-0.7208222197  
-1.155156514  
0.007036249232  
-0.3521532916  
0.8047937095  
-0.9345201306  
-0.06164497131  
1.23301582  
-0.7921527575  
-0.5437991823  
-0.8346317883  
1.069162317  
0.2433167908  
-1.590006241  
-1.314819602  
0.0253619821  
-0.06739594983  
0.2690198909  
0.409990961  
-0.002042248566  
1.312742895  
-0.5586958892  
0.2056579192  
-0.0068661242  
-0.5415505572  
0.8437547882  
-0.3591276277  
-1.10098023  
-0.8538160814  
0.5937684547  
-1.1270452  
-0.09459020838  
-0.7709530698  
-0.7996061395  
1.142310975  
-1.75681737  
-0.2784916053  
1.07433565  
-0.4765245531  
0.0992798423  
-1.318749596  
-0.155187644  
0.09393671597  
-0.2350190327  
-0.7870956897  
-0.6898254321  
-0.9852194786  
-0.9317969809  
-0.1746138463  
0.02672391608  
-1.506320207  
-0.4583420877  
0.7736451605  
0.6878900666  
1.512720714  
0.530048365  
0.2179176953  
0.4926232962  
0.6036855269  
0.3087542302  
0.2652499284  
0.6398895197  
