-1.727849263  
-0.5008465153  
-0.3591138042  
0.2173765759  
-0.5104809053  
2.027778728  
0.6705576068  
2.461872221  
1.176467319  
1.549950444  
1.280188898  
-0.6984513417  
-0.484832128  
-0.7077880673  
-0.03049843435  
-0.3568093885  
-1.003156737  
-1.464975189  
-2.441293342  
-1.435597537  
-1.972370276  
-1.748889622  
-1.918230792  
-0.5462699863  
-0.2206505169  
-0.3048042285  
-0.8509731144  
1.079166216  
0.01375959132  
0.4196521083  
2.232097613  
0.8967924769  
2.670855843  
1.412035495  
1.349300954  
1.818965645  
1.576959158  
2.853035718  
-0.3153731939  
0.5746479798  
0.3383170217  
1.158091921  
1.822953304  
0.9491366861  
0.4461848036  
0.7478081732  
-0.8974779815  
-0.01583302117  
1.513104814  
0.341334379  
1.169367469  
0.6353065243  
0.420802305  
1.407186848  
1.08641447  
-0.3487217155  
0.5332601342  
-2.669838542  
-3.065229688  
-3.784935824  
-3.304082784  
-0.3843699378  
0.7439967217  
-0.7452351715  
1.757852713  
0.5515403047  
-0.4830241601  
-0.5721991123  
-0.9477428723  
-1.762377208  
-1.59738879  
-2.32012531  
0.1959521137  
0.4049508481  
1.41875869  
-0.5363434356  
-1.400667043  
1.558237962  
0.3808168128  
1.539837827  
-1.180616093  
1.075822063  
1.791978508  
0.8834187124  
0.9661492387  
0.2004686609  
0.8874660038  
1.001518302  
0.02203170238  
-1.069116371  
-1.084222218  
-0.8620729162  
0.706123685  
0.2050025521  
0.3512686248  
-0.1234653841  
0.5113777845  
-0.2477554927  
-1.29699218  
0.3227337774  
0.0974289484  
0.265757815  
-0.2858904793  
-1.016486888  
1.671740771  
0.09327423162  
-0.1518210038  
1.044532731  
0.2629421954  
0.4828166291  
0.2103219774  
1.540168802  
1.009620675  
0.03861596582  
1.117799386  
-0.4925529443  
-0.9249672386  
-1.619173798  
-1.430147794  
0.2293850915  
-0.2968236361  
0.3098140691  
-0.03329366842  
-1.078554387  
0.6043345376  
1.028003144  
-1.083508507  
1.67100964  
0.6887739409  
0.7020738572  
1.491711239  
1.023385559  
1.002356671  
1.374217118  
-1.109872048  
-2.724760309  
-3.050983523  
-3.381873739  
-2.193866907  
0.389529505  
1.629673213  
0.8154958208  
1.12324636  
-0.2655053123  
0.07755222481  
-0.6174467265  
-1.480572247  
-1.324309084  
-1.827358634  
-0.1307566924  
0.8050981956  
0.9993363076  
1.412152421  
-0.6949239944  
0.6694073537  
0.03414336976  
-0.06799287734  
-0.7708088008  
0.6390501592  
0.884037848  
-0.07874080272  
-0.0787610687  
0.269073284  
1.228132884  
-1.126398098  
-1.542219049  
0.2993559168  
0.4675870835  
1.200404171  
0.7285384953  
0.5145916116  
-2.304147551  
-1.322856707  
-0.03567806635  
0.2679723466  
-0.008343562529  
0.5726191003  
0.8320035512  
0.9744782475  
0.8122741284  
-0.5131139635  
-1.20599044  
-1.350974882  
-1.230779311  
-2.581856518  
-2.173080044  
-2.711633251  
0.2469076419  
0.564021559  
0.1826565624  
0.2824199604  
0.5348463347  
0.9822790642  
0.1580847158  
0.2471565534  
1.380361851  
0.4584051256  
0.8116682294  
0.8234804072  
1.019105698  
0.5189719865  
-0.01250560939  
1.168576091  
0.9052265775  
-1.151205428  
-0.6514627408  
-0.148045271  
0.7614661125  
0.6954542495  
1.09277059  
0.6053538132  
0.4317162524  
-0.08561768446  
0.6667636864  
-0.5435611041  
0.8312382905  
0.1478293  
0.2074626105  
0.2944716504  
-0.9701284819  
0.4748572271  
-0.6412287136  
0.4187441561  
-0.09910758952  
1.217041103  
-1.01546646  
0.7162463095  
0.7914321777  
0.9685385294  
-0.6302120578  
-0.9438113205  
-2.304762055  
-0.7911712783  
0.09393677614  
-0.03563162426  
0.9462000942  
0.2374105759  
-0.3488130602  
0.2537572206  
0.1410346917  
0.9024934523  
2.015474426  
1.313155053  
1.065919913  
-0.1909480949  
-1.324398107  
-1.076726383  
-1.677522227  
-1.474962215  
0.5836113566  
-0.1147846207  
0.1375504831  
-0.305316863  
1.05717978  
1.369656842  
0.5169617535  
0.1399168897  
0.5189012432  
0.7390806774  
0.456402571  
-1.82089441  
-2.236269539  
-0.430829897  
0.8011479084  
-1.521728476  
-2.23871483  
-1.476450377  
0.04294104658  
0.02213077534  
0.9479431087  
0.3272088296  
1.654440041  
0.7421998764  
-0.3897233223  
0.5122102964  
1.606747037  
0.7958672014  
0.7163839182  
0.9364475703  
0.6193012852  
1.624764749  
-0.5174968361  
-2.139845007  
-1.175293996  
-0.9220493609  
0.8175674352  
0.3647678604  
0.4819635217  
1.14244433  
-0.4566832807  
-1.784289205  
-2.332128699  
-1.176730086  
-0.03109268739  
-1.426714448  
0.6586851699  
-0.3618532858  
0.9850278409  
-0.4677016309  
-0.8520641409  
1.292040965  
0.5515624673  
-0.1183433619  
-0.08946599175  
-0.5195871063  
0.009101054678  
-2.488411191  
-1.296320738  
-1.974974653  
1.369288545  
0.1081624117  
1.789395459  
0.5254004969  
0.5177585737  
0.799423546  
0.2261880863  
1.61796006  
-0.3889160981  
-0.5946406018  
-1.288428289  
0.7258901937  
0.03746451678  
-1.118501979  
0.4513045505  
-0.7740089977  
2.130850816  
1.189046443  
1.378195881  
1.084756112  
0.9143962735  
0.1248793596  
-0.4672063315  
1.208529812  
0.2867522602  
-1.929740769  
-2.386679484  
-1.177368448  
-0.8691856389  
-1.566307728  
1.397707725  
0.7332234492  
0.03695295374  
-0.5027264501  
-0.4153421821  
-0.4175549218  
-0.04573317184  
0.461272812  
0.5267303956  
0.5420424601  
0.4153391263  
0.8754809753  
0.5970927747  
0.846556127  
-0.2937269901  
-1.73809352  
-1.971401781  
-2.386152205  
-2.281897831  
-1.73746824  
0.9468030272  
-0.4487678392  
0.009879060192  
1.606956644  
0.2805040812  
-0.1099604995  
0.09871065198  
-0.3581956093  
1.089092744  
0.4217206865  
1.146268942  
0.8536045896  
0.04329492584  
0.9360194728  
0.2903898461  
0.3963667878  
-0.9540373251  
-1.959276133  
-0.9914787226  
0.7982010893  
0.5579287966  
0.7864511185  
0.4062072406  
-0.08073750353  
-0.1958669071  
-1.092029257  
-1.171545348  
-1.551666292  
-1.520554309  
-1.209836752  
0.1996300566  
0.8749986981  
-0.8557072798  
-0.7526835165  
0.3498764469  
0.8672441584  
1.14625581  
-0.8713947665  
0.2670210672  
1.764860283  
0.2406913314  
1.037029583  
0.9017815993  
0.2224678316  
0.364482403  
0.5687150976  
0.5427867276  
0.5801110651  
-0.3435555688  
0.03036097047  
0.3808328663  
0.9250847431  
-0.1214364422  
-1.132216823  
-1.089904009  
0.7827771935  
0.6876463318  
0.2585336431  
0.01397096065  
0.3665091631  
0.5734493819  
0.4620205244  
0.3830062932  
-0.02026351366  
0.3958354882  
-0.6031688875  
-0.4931984665  
-0.5653747065  
-0.402886879  
-0.6951260153  
-0.8666442666  
-0.140973786  
-0.03695695618  
0.3847350503  
0.6410543347  
0.4798610504  
0.2279331517  
0.3238071178  
0.4146881473  
0.5101766731  
0.1860332438  
0.1274163227  
-0.2377673787  
-0.9031853876  
-0.7054489779  
0.07291860968  
-0.3909215117  
-0.6228367895  
-0.485028555  
-0.8504064246  
-0.3396966556  
-0.8308642227  
-0.5124737346  
-0.06172754963  
-0.6180822126  
-0.3968427669  
-0.2739174914  
-0.4809443769  
-0.3515492597  
-0.5973933267  
-0.4824720554  
-0.1976663614  
-0.4523733472  
-0.3926648849  
-0.3463174784  
-0.3244397217  
-0.1527357926  
0.3420383492  
-0.1662155491  
0.3944763956  
-0.2376198841  
0.8726316712  
2.195428905  
-0.2505705153  
-0.05713809067  
-0.4636199855  
-0.6466312923  
-0.2567150108  
-0.7812107587  
-0.3023632153  
0.702765629  
1.351527491  
0.3412969121  
-0.7578563064  
-0.8157826643  
0.8564239932  
1.175521741  
1.556488437  
1.606944299  
2.434954446  
1.048139124  
0.526098006  
0.1637710041  
0.3275393697  
-0.1128508069  
-0.2487887935  
-0.4352774997  
-0.08169351048  
-0.7185565421  
-0.6384795222  
-0.4087981342  
-0.2451488663  
-0.1648694035  
-0.1096853688  
-0.4162407775  
0.010198845  
-0.3695293428  
-0.363048352  
-0.2219574778  
-0.2044262124  
-0.4843134189  
-0.3094859725  
-0.161989279  
-0.1068212338  
0.1765463929  
0.5863062175  
0.5528929592  
0.0416646178  
-0.3294286064  
-0.7112757649  
-0.7789146408  
-0.6218892925  
-0.4756507726  
-0.5114914522  
-0.5491294696  
-0.776503429  
-0.6224135701  
-0.5631961804  
-0.6194166692  
-0.7264724611  
-0.6216868267  
-0.3977233319  
-0.5306094634  
0.2108988251  
0.305893107  
-0.3358348801  
0.1121613844  
0.4676769182  
0.1128698029  
0.03943303557  
-0.7586092264  
-0.9640299794  
-0.933051365  
-0.88509463  
-0.6842782026  
-0.6246335314  
0.01368534748  
0.08768023291  
0.1303741849  
-0.3327141119  
0.1853301179  
0.1235564117  
-0.9353876893  
1.128318138  
-0.4743972191  
0.7890744568  
0.9621968139  
0.02977903285  
0.6948672978  
-0.1745787465  
0.2511816395  
-0.00670766825  
0.3320222548  
-0.2758846901  
0.5523289485  
-0.9186001861  
-1.530340112  
1.181616703  
0.1753631634  
-1.061043745  
1.247355324  
0.7387807984  
2.370409938  
0.5842985865  
0.2715682986  
0.919027952  
0.9146734308  
0.8680018663  
0.4107075972  
-0.4578929599  
-0.2212697527  
-0.2321369106  
0.4946003868  
-0.15376222  
-0.01746982395  
-0.06921421502  
1.128629068  
0.7374150593  
-0.3566480496  
0.6916494821  
-1.128052218  
-0.3536344336  
0.6290359905  
-0.9751958331  
0.8610416509  
-1.029010861  
-0.7064769056  
1.217720676  
0.4635011874  
0.2639481841  
-0.08060901598  
0.912576585  
-0.2601558088  
0.3972287619  
0.7877824657  
1.698403952  
1.037868882  
0.7170712155  
0.2399584472  
0.7294879646  
-0.7511499672  
-0.9803265577  
-1.297254631  
-1.708529044  
0.1888284867  
-0.1865993981  
-0.4073950057  
-0.4220984213  
0.01977919746  
0.2099229565  
-0.2664527122  
