-0.4692074916  
-0.7450116565  
0.8892078352  
-0.6854302649  
-0.4334772614  
1.835172721  
-0.2723250779  
0.701537706  
0.7717853959  
0.4982951319  
0.6539689526  
-0.9803342578  
0.627733873  
-0.1120010339  
0.9020043076  
-1.374239602  
-0.5519112885  
-0.5766637792  
-1.439916552  
-0.06013591096  
-1.052701948  
-1.566557207  
-1.669595226  
-0.3490227012  
-0.08835967393  
0.1861925588  
0.2649351486  
2.396567669  
0.3044530764  
1.048763032  
1.123164118  
-0.1442412654  
0.509626275  
0.8137579895  
1.581383288  
-1.002415819  
-0.8889874207  
2.259544338  
-0.107442849  
-1.244157414  
1.127961603  
-0.148038807  
-1.184292568  
-1.665547812  
1.00669347  
0.6162377967  
-0.3750955522  
0.3785430498  
0.2497088773  
0.6997931827  
1.210902379  
2.132410577  
-0.516358296  
0.4235603458  
1.344890669  
-0.2452261916  
-1.883997652  
-2.21854413  
-0.8739099024  
-1.62535797  
-0.8955608885  
-0.6858084636  
2.354988354  
0.7244310617  
2.971954144  
-0.6588850074  
-2.189959554  
-1.685902758  
-1.546788811  
-0.6933586189  
-0.3809017674  
-0.2339054392  
1.151721672  
0.6162635892  
0.1104155059  
-1.334811175  
0.7164189119  
0.1048796274  
0.1483656786  
1.591688089  
-0.6159242929  
-0.4736209741  
0.2078806432  
1.289366755  
-0.2258092429  
1.614797863  
1.767088528  
-0.3362961896  
-2.209057039  
-0.2855183597  
0.5850483031  
0.2558760099  
-0.331618649  
0.5929923618  
0.553470674  
0.8939632651  
0.9755780015  
-1.046905401  
-0.7723483176  
0.02014317732  
-0.2153180326  
-0.9135111462  
-1.519937866  
0.8895403093  
-0.1352989072  
0.9620343421  
0.1768539812  
0.05803667406  
0.6334158907  
-0.2788514157  
-0.4914436554  
0.47601189  
1.659623396  
0.04551327511  
1.424526851  
-2.248010109  
-1.389807093  
-1.289286554  
-1.630218587  
1.710312197  
0.1897070079  
-0.3836907371  
-0.8718036602  
-0.3190926463  
0.3182332034  
2.581258979  
0.1879746666  
-0.2734422735  
1.918785075  
0.3716343576  
-0.2762937687  
1.567946551  
0.737625535  
-1.444238922  
-1.594881246  
-1.229844829  
-0.7288450887  
-1.309503973  
-0.1924222692  
0.8807966698  
1.502178997  
1.17639165  
1.243902887  
-0.8168718162  
0.009237196363  
-1.781539871  
-1.708325089  
-1.00784769  
-1.22492561  
1.027683169  
0.08526763935  
3.446440486  
1.200526867  
-0.5344859839  
1.812159053  
0.3947378692  
-1.281491431  
-1.120498689  
0.8276514893  
-0.3410005192  
0.03894120679  
-1.175530829  
0.9778626634  
1.524534884  
0.6926246337  
0.1335757317  
0.2841476262  
0.6552762714  
-0.7630882353  
1.928616376  
-0.9103714086  
-2.823366077  
-1.939170455  
-0.8784375659  
0.3043829044  
0.8137696924  
0.2990545603  
1.211941613  
0.5066656091  
-0.4204993685  
-1.159740238  
-1.705453723  
-1.181749168  
-0.738232136  
-0.5256266313  
-1.854894014  
-0.6917764969  
0.608078157  
0.2312645501  
-0.5602075055  
2.003661359  
-0.779770977  
0.8993857468  
0.03995943073  
-0.8161973169  
0.4954093399  
-0.7869799447  
1.314994208  
0.5459356624  
0.5741378975  
-0.7611343061  
0.7345151481  
0.8676817632  
-0.3292215232  
-1.978236867  
0.1070813548  
0.1009019384  
0.6508989109  
0.7829495734  
1.105809991  
0.8788580913  
-0.5001688075  
-1.110362673  
-0.3065067442  
0.743576809  
1.183706702  
-0.1228284499  
-0.001676772629  
-0.1115270913  
-0.178947259  
0.2075082082  
-0.6095763062  
0.6142160316  
-0.5188138087  
0.87519096  
-0.2520073908  
-0.2372656985  
1.298222529  
-0.8821849653  
-0.9728342046  
-0.6995584382  
-1.875142432  
-0.6742958149  
2.376160644  
0.4023446999  
0.7842035136  
2.539463073  
-1.111693247  
1.600196509  
1.654550633  
0.8790262262  
0.3197398819  
0.8600964192  
-0.6985257897  
-1.445170966  
-0.3325336812  
-0.934164905  
-1.33033595  
-0.7982859529  
1.074965215  
0.103000431  
0.1515444926  
-0.8062347158  
0.6546991683  
1.159887566  
2.248628441  
-0.5575581956  
-0.4862794257  
0.2961232153  
0.3543131078  
-1.917215427  
-0.09835160914  
-0.400412652  
-0.9261734836  
-0.5568313677  
-0.8409372784  
-1.540777093  
-1.021584177  
-0.8401754173  
0.2036652805  
0.6508296254  
0.56165264  
-0.6982800254  
0.723352526  
0.1143046786  
0.7143725987  
0.2417008879  
0.1468111238  
-0.6590851368  
0.01597271256  
-0.5145132321  
0.4030954545  
-2.150092206  
0.5678126245  
1.014939468  
0.930737112  
-0.7469871937  
1.164067896  
0.2472900269  
-0.9611807165  
-0.6955397228  
-1.59636102  
0.4407079421  
-1.434725368  
-1.392624384  
-1.120337583  
0.7432053287  
0.9473310833  
-0.4818200777  
0.6235517236  
1.667793416  
-0.1045958561  
1.231472742  
0.8544150858  
-0.178006861  
0.7858006532  
-1.605010465  
1.573267962  
-0.288675995  
0.6969683258  
-0.7014460645  
1.32864499  
-0.2040943668  
1.913012738  
1.528875465  
-0.008841048762  
0.1518886115  
0.998810785  
0.8522277325  
-1.174363688  
-0.1221378583  
0.1442621383  
-0.5476053504  
1.498546043  
0.6862401303  
1.581045846  
0.6649829424  
0.7916755761  
0.7528920974  
0.07651929951  
-0.7977409726  
0.03284342198  
1.177555893  
0.3100609347  
-1.821742276  
-1.040626336  
-0.4312483486  
1.095442587  
-1.366867854  
1.787073021  
-1.136185707  
-0.8453202665  
-1.521031041  
-1.863430739  
0.310364935  
-1.202544323  
-0.09045147846  
-0.8547496946  
0.3323406022  
-1.094286058  
-0.8662706324  
-1.400086574  
-0.07246743337  
-0.9651903119  
-1.866140963  
-1.509379662  
-0.457021055  
-0.4605946655  
-0.964442254  
1.3076487  
1.670221423  
-0.8037701443  
2.396670252  
0.5588814133  
-1.007483264  
-0.3341496668  
-1.21995283  
0.620337446  
0.8270216895  
0.4794123664  
1.836520149  
-0.4905478942  
-1.433964371  
0.4553641104  
-0.2909781895  
-0.3572414494  
-0.4844404396  
1.967460797  
-1.205539269  
0.7246211166  
0.3353361929  
-0.4249460586  
2.144766394  
-1.030602314  
-0.2679713694  
-1.914862828  
-1.626132208  
-0.4180781304  
1.209009473  
-0.06786710903  
1.475723765  
-0.5068190392  
-0.4337212447  
0.3915569988  
1.541458741  
0.8837628551  
0.6588051317  
-0.2138193676  
-0.3068866583  
0.3826412035  
1.008925815  
0.7261175105  
0.2106834587  
-0.6103492225  
1.816254006  
-2.698153504  
1.145151495  
1.698946266  
0.3411700984  
0.7175780733  
0.6765668107  
0.04417478529  
-1.598601403  
-0.2060760336  
1.466830472  
-0.3984689971  
-0.01861646309  
-0.03398480799  
-0.9559850119  
-0.05699060199  
0.4409157738  
-0.2155439675  
-1.000694128  
-1.051960645  
-0.8443381919  
0.2288695301  
0.4291447052  
0.7608047398  
0.5789355278  
0.5548668836  
-0.1591701905  
-1.023386129  
0.1581480312  
-0.5702882542  
-0.9676549843  
-0.861498834  
-0.4134212449  
0.7802905165  
0.04008039666  
0.214586901  
0.8082606584  
0.2552734834  
0.2661950727  
0.5629145125  
0.4960121724  
-1.238451543  
0.02878995523  
0.2473887541  
-1.454651139  
-1.993425045  
-0.3461141865  
-0.5723043602  
0.609946806  
-0.05534526692  
0.1996030284  
0.2473519801  
-0.5498675328  
-0.9579017683  
-1.145213698  
0.3350113051  
0.6698511342  
-0.3311790563  
0.5645634389  
0.3726027419  
-0.009471159526  
-0.2081125652  
-1.095445345  
-0.5411541529  
0.09223074114  
-0.8137820662  
0.1662898857  
1.432856425  
0.9918383213  
-0.9933735833  
-0.9968021864  
-0.7553470015  
0.05564798737  
-0.2965071091  
0.1676962444  
0.9349033952  
1.070484041  
-0.5985541791  
-0.8237528846  
-0.6586565129  
-0.1316025316  
3.314241969  
1.463111442  
0.1562834562  
3.141519641  
1.499988849  
-1.415731477  
-1.371528669  
0.217937764  
-0.940178193  
-1.446400849  
0.4060387543  
0.06497967201  
0.1107665961  
-0.2552968105  
0.06822299645  
-0.5925500985  
0.1600533654  
-0.6338078608  
-0.7211186378  
-1.288199211  
-0.2831895291  
0.5035229036  
-0.1215597837  
-0.4214002128  
0.8507912014  
0.4257710238  
-0.30912589  
0.6612613108  
1.145831845  
-0.841279639  
0.02211730952  
0.3107322576  
-0.6999213381  
-0.3506433852  
-0.1840451723  
0.5064355069  
0.4302728776  
0.8223637324  
0.296882121  
0.5880718123  
-0.4568456592  
0.6996555681  
0.6048947662  
-0.7351392112  
-1.379179627  
-1.368242516  
0.8051890468  
0.2375272495  
-0.6040086791  
-0.7591568433  
-0.4492587263  
-0.6024960043  
-0.3100367564  
-1.371040937  
-1.63639865  
-0.1633132281  
-0.1993866953  
0.5892808525  
0.4390236723  
0.208606545  
-0.1309556827  
-0.7886623215  
-0.5146050191  
-1.313342375  
-0.06728319068  
-1.516501137  
-0.93176418  
1.309281392  
1.288006677  
0.2749338119  
0.6785202149  
0.4811442883  
0.144191927  
0.2090969337  
0.1659053002  
-0.1025339017  
0.3698742811  
-0.7797239054  
0.7999560798  
0.5918067914  
-1.060460561  
0.6968767257  
-0.05559140551  
0.3400520345  
1.34677634  
-1.330723331  
1.538040564  
0.8356528325  
0.6448237366  
0.07461520768  
-0.6633902972  
-0.8546318053  
0.876347646  
-1.323240796  
0.5142905245  
0.8365102648  
0.9357699255  
-0.07078293748  
-0.5220221609  
-0.3391290729  
1.082306496  
0.07250441742  
-0.339181701  
0.4950173751  
0.9948581383  
2.794775496  
0.3326825157  
-1.88862075  
1.748389347  
-0.320382815  
0.2897901004  
-0.009007464017  
-0.6504719677  
0.08916872125  
-0.6960056404  
-0.6720677416  
-0.6464212098  
0.9079529271  
-1.007569816  
0.1683220182  
0.134495621  
0.4236397219  
-0.3672876412  
1.351904977  
0.299226719  
0.188010709  
0.03162196598  
0.2337470271  
0.02284364412  
-0.2795175333  
-0.5407900077  
-0.8192208218  
-0.1106600181  
-0.3485079586  
0.116566183  
