0.8784308161  
-0.6956654282  
1.879316194  
-2.122462514  
-1.075334738  
0.3419394489  
-0.6862819442  
-0.6411346912  
-0.7968867712  
0.9865752088  
-0.7552269109  
-0.1874475763  
1.259933465  
1.344505326  
-0.08312777088  
0.2934173779  
0.6203930983  
-0.9586177797  
0.7407581123  
-0.7416811357  
1.35911148  
0.1587391867  
0.2004063007  
0.6973816725  
0.538693041  
0.2662365873  
1.636602777  
0.6057124328  
-0.7986325462  
-1.46830292  
0.8584894857  
0.04674039974  
-1.319706143  
-0.2528748347  
-1.119176821  
-0.9550471594  
-2.323962655  
1.807917783  
-0.3199787874  
-2.367635064  
0.3578851713  
-0.8084651679  
-2.024730305  
-2.638321574  
1.354389388  
-0.7427988367  
1.31293268  
0.3869712375  
-1.148614508  
1.544711068  
-0.4477067513  
0.113301872  
-0.7086359278  
0.4399329333  
1.389415188  
0.3497691887  
-0.8849008693  
-0.524478091  
-0.4582510576  
0.1174652572  
-0.767582338  
-1.003994689  
3.281470259  
-0.1277004964  
1.459565734  
-1.205398287  
-0.3647852121  
0.08805829778  
-0.7647586527  
1.391928867  
-0.03412969033  
-0.1510518286  
0.3300285497  
-0.1936831329  
-0.9305079071  
-0.9781987007  
0.8310059863  
-0.7369562634  
0.675475645  
-1.48526756  
0.04087608562  
-0.9127769883  
0.2705262708  
-0.2862491917  
0.8885465152  
0.5106790602  
-0.1377143504  
0.329166057  
0.2387337026  
-0.5594185751  
2.162094567  
0.9854786762  
0.104008316  
-0.05854307033  
-0.3863189931  
0.8192653141  
1.032826695  
-0.349586452  
0.2680058693  
-0.3145892037  
0.5355431879  
0.4608346954  
-1.167433673  
1.642079654  
-0.8726450746  
0.7571282782  
-0.01533762591  
-0.1596869006  
-0.07440280604  
-0.2766105597  
1.166365254  
0.1078410907  
0.9726742466  
-0.9011956156  
-0.1212027134  
-0.3545640789  
-2.000168861  
-0.5359171816  
0.2878361177  
1.999699994  
1.127329132  
-0.03336438628  
-0.5318393419  
1.182152985  
-1.222536948  
1.539874241  
-0.04495515695  
-0.1299571571  
0.02457690688  
0.5980538858  
-1.779093457  
-0.1961221535  
-1.057770278  
-0.3159457129  
-1.578864823  
-0.3240794645  
-0.9408215146  
0.06257357476  
0.9285363762  
0.1847486311  
-0.3794264782  
1.168104995  
0.4866391432  
-0.4415547533  
-1.234215655  
-0.1732317999  
-0.6718984701  
-1.600962003  
-0.04934357528  
-0.06551731481  
-0.02855167249  
1.694559814  
0.04334778245  
-0.5191676919  
0.8063162872  
0.6242929918  
-0.8223238743  
0.451662513  
1.988485903  
-0.7490302585  
-0.7751395501  
-0.8217299029  
-0.684961735  
-0.7992714638  
0.4052636489  
-1.430052433  
0.5287326749  
-0.5360554218  
-0.223166984  
0.8319259613  
0.3147149429  
0.4781258595  
0.4352060182  
1.426326419  
-0.5688204493  
0.9722397803  
0.8847332147  
0.2363310398  
1.105377066  
-0.2068915494  
-1.356947679  
-0.7724674464  
0.1420467411  
-0.7978818326  
-0.04643172915  
-0.1755120991  
-0.2018149351  
2.633200413  
0.2236045397  
-0.2506926863  
0.4542001956  
-1.485066038  
-0.5440927719  
-1.378817628  
0.1364475909  
-0.4240681703  
-1.244241949  
0.3044360327  
0.4319774796  
0.3409838559  
-0.07580897005  
0.9458954264  
-0.5259671776  
-0.73286335  
0.4228324764  
0.8781283543  
0.3044440053  
0.5760434528  
-0.6506667434  
-0.2272657559  
1.268839991  
-0.674505109  
-1.720397811  
-0.1739494473  
1.315794126  
1.231647331  
0.5636811252  
-0.5222724855  
-0.3824980882  
-0.8988405687  
1.103535506  
-0.9038783577  
2.131388093  
-0.2794152815  
0.2673227315  
-0.2895023731  
-0.06566530179  
0.2960005407  
0.5906002103  
-1.6159345  
0.08477187058  
-0.06684250935  
-0.6621581681  
1.980907925  
-0.02291089571  
-1.145293049  
1.575031407  
0.04902146705  
0.9171714304  
1.691790685  
-0.0144387019  
-2.098194795  
0.4914161184  
-1.054280569  
-0.4152686842  
-0.7110894337  
-0.5629977589  
0.236242946  
-2.066315728  
1.446155049  
-0.9697285947  
-0.1587797411  
-1.320754307  
2.121079376  
1.236595433  
1.195785004  
0.7728266188  
0.695875935  
-0.1141882528  
-0.4700372363  
-0.5495319044  
0.2952474136  
-0.6617139311  
0.4950043524  
0.4662963607  
-0.4757659416  
0.5208532146  
-0.9116953254  
-1.027977652  
0.7833372391  
0.479795435  
-0.2640374984  
-2.270206928  
0.9227378722  
-1.701462081  
0.5536574404  
-2.282137027  
0.4100976118  
-0.7488920349  
-0.7129941118  
-0.8851062145  
1.706518356  
-1.601084  
-0.666265541  
0.4224346569  
0.8998009717  
-0.9859067741  
-0.1973770753  
0.973356238  
-1.713858863  
-0.3820065007  
1.180757199  
1.130237074  
-0.1848696238  
-1.314421356  
-2.649377805  
-0.4543726484  
1.247456139  
0.304760664  
2.674694873  
-0.0703169971  
-0.1171541388  
0.7840047756  
1.643448456  
1.123778112  
0.005759571517  
0.6707944583  
-0.1028966228  
0.8082811859  
2.411697285  
-0.1594185637  
1.793591479  
-0.6685538092  
-0.5519680576  
0.66597999  
-1.193040763  
1.0601789  
-1.223164154  
-0.08013117896  
0.7778900593  
0.008414808645  
-0.2094072596  
-0.7050666913  
2.80515382  
0.8328546955  
1.92993703  
0.1961114032  
-0.3266689127  
-1.331626539  
-1.605712031  
0.2591905087  
0.6706171534  
0.6803134459  
-1.017721586  
0.3051832933  
-0.9487951928  
0.4296744149  
0.1297986725  
-0.5068580313  
1.723516951  
-0.005025485251  
-1.557465397  
0.002122730985  
-0.892303709  
1.083967531  
-1.158909479  
-1.978968975  
-0.8956914954  
0.601621692  
-1.667340669  
0.1369668463  
-2.034097287  
-0.1628009044  
0.3277774769  
1.654274334  
1.02056447  
-0.3961852563  
0.7455716142  
0.6356703185  
-0.5299641236  
1.708689687  
-0.2907428102  
2.118655281  
-1.221889191  
-0.5392884182  
-0.6185548618  
-0.3947484563  
0.1865552537  
0.3821304699  
-3.01146462  
1.739362549  
-1.140130049  
-0.2476783176  
-0.8000127836  
-0.7275991584  
0.3468295874  
0.7718920741  
1.502413907  
0.6956915251  
0.568076953  
-0.2325947086  
-1.359012275  
0.871254652  
-0.3292368405  
-1.064160465  
-0.1717619899  
-0.5386670424  
2.702664192  
-0.9286571718  
-0.3628315438  
-0.09498981729  
1.301930878  
1.359526389  
-0.03472686453  
2.634100875  
-1.019443973  
1.293738389  
1.240949129  
-1.33741476  
1.094376368  
-0.8334984584  
-0.7520089236  
0.4255383125  
1.512582426  
-0.005490492279  
-0.5289741055  
0.3081447088  
2.457348461  
-0.01514060333  
-1.049641317  
-0.5729389522  
-0.2641852637  
-0.1231332394  
-2.090148726  
1.06655102  
-0.7598641914  
0.4679264889  
0.1846040307  
-0.8112504578  
0.2839113136  
-0.7738968155  
-0.9632333988  
-2.474687476  
1.099366781  
-0.9175343996  
0.6743090751  
-0.7524318782  
1.068332602  
-0.0005868264466  
0.01320996156  
-0.1574319952  
-0.676839234  
-0.4029768003  
0.5019045375  
-1.962526091  
-0.5478244786  
-0.7134949792  
-0.2237405712  
-0.4371065983  
-1.265542095  
0.6439923368  
0.9605051153  
-0.4032075123  
1.351262201  
1.202323788  
-0.9548641102  
1.401004192  
0.7951228159  
-0.1190870331  
-0.08041644916  
0.8727648567  
-1.127228711  
1.106095854  
0.3933080045  
-0.4010948976  
0.8994096153  
-0.6696407085  
0.4612882876  
-0.8106694054  
0.6430876186  
-0.5230537905  
0.8112323122  
-1.213718791  
-0.4389454354  
1.651938706  
0.2504614467  
1.607638263  
1.176205719  
0.216571628  
-1.497977961  
-1.211594948  
1.544501756  
0.3112326609  
-1.880742662  
-0.8356016528  
1.066476368  
-0.1225205293  
-1.291410918  
-0.7912070581  
-0.3073772532  
0.8559704689  
0.6583156208  
-1.269264902  
-1.117453992  
0.1176603764  
1.190031897  
0.4833614786  
1.534191528  
1.445982984  
-0.6231419458  
-1.214766887  
-0.8451308341  
0.01669874487  
-0.1316600374  
-1.262463567  
-0.3037815111  
0.3940366689  
0.1502096264  
-0.6494413344  
-1.239028911  
-0.3795545223  
-0.6123687159  
-0.5554565979  
0.0995310132  
-0.7686034891  
-0.3443509401  
0.5672927563  
0.02465578351  
-0.3802511255  
0.748274066  
-0.3933752561  
0.1763129671  
0.7043132511  
-0.8028639422  
0.03969267513  
-0.05642704681  
-0.7333067734  
-0.7375493419  
-0.8093866888  
-0.04149301405  
1.537770007  
1.891284653  
0.8013034629  
0.8557900044  
1.407917278  
0.3018268765  
0.06527164618  
-0.0950041676  
0.1386903532  
-0.2455244902  
-0.8524783466  
-0.03391427889  
0.7488577004  
-0.2941660004  
-0.09286918829  
-0.1314913023  
0.5640044021  
-1.005184068  
-1.06761619  
-0.8682713782  
0.858577245  
-0.9104123562  
0.5640414699  
-0.4142902458  
-0.8313263867  
-0.3925968508  
0.7000394024  
-0.4958914874  
-0.1759676486  
-0.7278403787  
-1.152481084  
-1.964048082  
0.5095326087  
-1.176279551  
-0.7354378741  
1.744514947  
1.001989469  
0.7218058811  
0.4480833622  
0.5097337948  
-1.237448415  
-0.4102235717  
-0.1707703984  
1.951994325  
-0.1593569577  
0.4772143896  
0.1448509428  
0.9868158929  
0.8402720715  
1.16463168  
-0.7829774389  
1.746309497  
-1.792562757  
0.949577173  
0.2408742523  
-1.440581712  
-1.421868009  
1.326717078  
-0.3635398988  
-0.09060669494  
1.438043161  
-0.4507434107  
-0.4157130377  
1.480430311  
0.2130601389  
-0.2540847469  
-1.879665726  
-1.586035713  
1.284479408  
0.02206139934  
1.830343884  
-0.5081360991  
-0.2061586633  
2.437952532  
1.072287646  
1.550663859  
0.5036124681  
0.1432245728  
0.4631882773  
-1.756522011  
0.4114364615  
1.092257464  
-0.9964488871  
-2.195452228  
-0.3663064175  
-0.8120987679  
-0.4721587862  
-0.221085223  
1.759930909  
0.2172230702  
0.6185715102  
-0.4857331696  
-0.4241424029  
-0.9798229255  
0.4186279103  
1.096292777  
-0.8767509139  
-0.1926621034  
0.2780217946  
0.1431045871  
