0.2192227377  
-0.0483814359  
-0.6964341535  
0.8887843706  
0.3591553346  
-0.9262181637  
-0.200722635  
0.5325912659  
0.294467231  
-1.486336722  
-0.1562372013  
-0.326269117  
-1.523347882  
0.3850810644  
1.42259023  
0.05382166064  
0.8203001641  
0.3977261457  
0.6668592207  
0.4490555189  
0.001802874631  
0.9890020139  
0.3815383817  
0.5691110228  
-0.5082466575  
-0.4029279365  
-0.1895913467  
-1.078837503  
-0.7279595354  
-0.2953825844  
-0.3023236552  
1.078365305  
-0.5680632414  
-1.017804856  
-0.3876904092  
-0.005275569857  
0.7799061798  
-0.6080599222  
-0.6423575036  
1.120277428  
-0.103997843  
0.2933338255  
1.22314367  
1.871552538  
-1.272099334  
-0.9728688188  
-0.1430115339  
-0.2404515429  
0.1646869549  
-1.257094063  
0.006518115875  
0.5161302975  
0.1467399519  
0.7736768531  
0.04851979544  
-0.6519300365  
0.2784404782  
0.2388898468  
0.5053571548  
0.728160427  
1.245394105  
1.778388468  
-2.264473727  
-0.5152551052  
-1.839028919  
0.4764091639  
-0.1535051371  
1.251587457  
1.175731387  
1.105780993  
-1.696302623  
0.7833173325  
-2.587772408  
1.281813237  
1.057296012  
0.4842723179  
0.2186155662  
-0.4041418421  
-3.039950238  
-0.2890171468  
0.5462638845  
0.5080222545  
-0.1782614698  
-0.9985698573  
-0.5221650134  
0.05583527095  
-0.494412865  
-1.432588609  
-0.3049353395  
0.9896524477  
0.5509484693  
0.3380312509  
1.080602533  
-1.893970841  
-0.4235561908  
0.5631663067  
0.120710894  
1.057891149  
-0.2196223287  
0.07838224957  
0.3115201953  
-0.6918206873  
-0.1562928197  
0.3041175076  
-0.2751349488  
-0.4511955171  
-1.005930455  
-0.3501623582  
-0.04186740323  
-0.09263357553  
0.389361712  
-0.7263276583  
-2.400446214  
-0.5996115879  
-0.3832055658  
2.167496797  
1.861026767  
0.7470461872  
2.246540342  
-3.075130572  
0.1567047833  
-1.910987464  
-1.24416425  
-2.070645887  
-0.1936445939  
-0.1524381174  
-0.5019685177  
-1.171561289  
-0.117882648  
-0.9867360781  
0.332674707  
-0.9573201325  
0.3940529913  
2.030092499  
1.428844812  
1.888021983  
1.059311555  
1.090545127  
0.8823542254  
1.077300137  
0.5320862123  
-0.5580520673  
1.155311678  
0.7053596348  
0.1542303722  
-0.1918173997  
1.55763004  
1.343909363  
0.7356966473  
-1.908429392  
-0.1483596327  
-1.029265202  
-0.4667262692  
-0.2614211542  
-2.087036533  
0.4730336712  
0.4022917155  
1.360061526  
-0.5109177203  
0.2342228168  
0.6090798736  
1.179890126  
-0.5095369846  
0.2425141658  
0.006165607217  
1.399020308  
-1.128553836  
1.96636297  
-0.9317243458  
-2.011521916  
0.3012122848  
-0.1153745971  
0.4815197614  
-1.049159822  
1.068587801  
-0.4018334515  
-0.3514931909  
1.843782838  
-0.5350521404  
0.7546568009  
0.7450955068  
2.842726072  
0.9703061884  
-0.06856274165  
0.7285501925  
1.10448217  
1.227202069  
-2.635758523  
-0.9483100925  
-1.817408495  
0.7499496974  
-0.4887433039  
0.6394505124  
-1.810079074  
0.1040844802  
0.09472402547  
0.3359876792  
-0.1904761914  
-0.9082879264  
-0.02231935797  
-0.3542371807  
-1.572257181  
-0.4044381433  
0.00438727544  
-0.2656208169  
-2.853470765  
0.3161224874  
-0.2651251736  
-0.2767993417  
0.03813940065  
-0.073629369  
-1.007077293  
1.005703697  
0.2492448681  
0.203033348  
-0.5528736141  
1.326157668  
0.5896947131  
0.1001643835  
1.807595037  
0.1472533077  
-0.3460730023  
-0.94190126  
-0.4961415107  
-2.560159285  
-0.6562012717  
0.2526874744  
-3.882196384  
1.162672555  
1.160955023  
0.8020090489  
1.828292474  
1.212621667  
-1.981808572  
-0.7816063661  
0.09295893456  
-1.093562079  
-0.3395084555  
-1.527363858  
-3.812032709  
0.6938023569  
0.5555067691  
1.645538177  
1.256888216  
1.564238161  
1.77131927  
1.420099425  
0.6441685615  
1.338669896  
-1.015701041  
-1.052510081  
0.3850602382  
0.9598230898  
-0.9008531496  
-1.369252509  
0.09977967448  
-0.3443135628  
-0.3688328206  
-0.08654054032  
1.267036185  
-0.3339616418  
-0.2654851597  
1.183707957  
0.7367416146  
0.5766220176  
1.137972311  
0.1985563522  
0.02272613291  
-0.8969751514  
-1.305395542  
-0.06136659078  
0.5239008444  
1.246124618  
0.8784281159  
-0.02584228776  
-0.09845263628  
0.8761301566  
0.7476690832  
0.5971147125  
0.05720614427  
0.1988665975  
-2.153607955  
1.580083115  
0.05232112879  
0.04227220583  
-1.716309591  
-0.7843489038  
-0.1236130354  
-0.9091098681  
0.8432809537  
1.066050335  
-0.6733008791  
0.7680119062  
-0.3661599484  
-0.04637374841  
0.3701232655  
1.263820953  
0.04007756358  
0.1705299446  
0.2774510651  
0.6130616771  
-0.04076331577  
0.1014853058  
-0.09383926923  
-0.7875009673  
0.1381688912  
0.6716877848  
-0.05463577708  
0.2949012457  
-1.587714201  
1.382689479  
-0.3248684202  
0.207580993  
-1.513850509  
-0.7235465133  
-0.4599031436  
-2.270103527  
-1.493159745  
-0.4468679833  
0.9386492692  
1.479550123  
-0.5987903121  
-0.4325972731  
-1.772177275  
-1.345399063  
-0.2963531537  
0.1883698623  
1.373190669  
-0.394557408  
-0.8396603369  
-0.5537066124  
-0.5204066429  
-0.1707634585  
0.3113541545  
0.9253314496  
0.2053477397  
0.7842066046  
-1.307975734  
0.0560456608  
-0.7863376228  
0.4805418754  
0.677190102  
1.167940514  
-0.3682348329  
1.152311529  
0.04311391791  
1.257531697  
0.3484738725  
-0.2249469786  
-0.07306350276  
-0.7520152912  
-1.801932864  
-0.5694344044  
0.2555561433  
0.9702195043  
0.7670146299  
0.1182418182  
0.8927050667  
0.9164660024  
-1.936936734  
-0.1393556448  
-0.7391672432  
-0.8412037798  
0.9608637085  
0.98708428  
1.610924909  
0.8929196879  
1.840564064  
1.535685266  
0.260280683  
0.3631314224  
-1.533742493  
0.2212403789  
0.07929088304  
1.098793532  
-0.3034661677  
0.4396407722  
-0.1727153512  
-0.550015663  
0.1821941597  
-0.9824806379  
0.3042903071  
-1.443101103  
-0.6289659651  
-0.06808993966  
-0.3580765357  
0.36576375  
-0.2284701537  
1.184024481  
1.596166982  
0.03325605915  
-0.4125560219  
-0.2012623755  
0.3252082796  
-0.5051906319  
-0.05328264469  
0.07168813785  
-0.232004875  
0.3125182497  
-1.807062949  
0.1560937715  
0.2604245571  
0.4904268709  
0.3349813496  
-2.1330411  
-0.05808158285  
-1.064135513  
0.5697651059  
-0.8721155662  
-0.7841618976  
-1.122009326  
-1.042115951  
0.1769571487  
0.4937129622  
-0.002236409227  
0.6972959052  
-0.8152770215  
1.080804991  
1.498249866  
0.5487297502  
0.003334933388  
0.5049228146  
0.09767023423  
0.1557534678  
0.7372724244  
1.401329322  
1.206920959  
-0.3670945796  
-1.263990534  
-0.4474948542  
-0.8607122558  
-1.977018647  
-2.318410973  
-1.981471201  
-0.6588514744  
-0.7717797592  
-0.2423741395  
-1.334504514  
-1.250355503  
-1.073115921  
-2.162106094  
0.2791039723  
1.38792158  
0.7207925225  
0.6740139824  
1.74542621  
1.139319136  
0.6407442185  
1.081895654  
1.785170176  
-0.08371041288  
0.1735146876  
0.9264496824  
-0.02250052671  
0.7690174344  
0.7172469339  
0.01357869037  
1.439913484  
-0.8486804285  
0.29923033  
0.8479611912  
1.046767648  
-0.5404714408  
-2.195602411  
-1.15683624  
-0.4404541188  
0.06164433174  
0.3847747522  
0.7280669803  
1.117350638  
0.3644877214  
-1.17696595  
-0.08884526851  
-0.3633068729  
0.5167688038  
1.248126359  
0.192080461  
1.365035679  
1.16263843  
0.264992538  
-0.7615816836  
0.7554163713  
0.3685811451  
-0.3252829123  
0.6310152755  
-2.523827988  
-1.161005206  
-0.9667807085  
-1.711169163  
0.5824824955  
-0.6571622086  
-0.1485337794  
1.032252836  
1.650667226  
0.3928694365  
1.254568648  
1.015791656  
-0.5728151504  
0.332184758  
0.6916627647  
1.184256432  
-0.2068533577  
-0.6325099744  
1.047483628  
0.6376658714  
0.3643988421  
-0.06920299584  
-0.4027191022  
-0.3210456991  
-1.199372042  
0.04283069302  
0.3760031937  
-0.3985361229  
-1.020688675  
-0.589458822  
-0.5891463015  
-0.3559615461  
0.9403324614  
0.3197213283  
-0.3958050184  
1.21330762  
0.8277490292  
0.5915903322  
0.3684829602  
1.016622299  
1.326577409  
0.9434525226  
0.4863201138  
-0.03288126512  
-0.00565748693  
-0.3054940723  
-0.4646632766  
-0.4643252924  
-0.8182080606  
-0.400375447  
-0.8309263032  
-0.3888976117  
-0.4918497021  
0.5087683684  
0.5111790372  
-0.3974126255  
-0.2962812152  
0.01076154009  
-1.350989948  
-0.5236519523  
-0.6093590591  
-1.035184113  
-0.4379198539  
-0.3492951638  
1.782676449  
0.6890686858  
0.4099217208  
-0.06653400379  
0.9414300827  
0.8178686793  
-3.72426539  
0.4768258656  
1.114017572  
-0.6520482162  
-0.7531336904  
0.6493507475  
-1.619031229  
0.588148587  
-2.508864467  
-1.078636376  
1.774253532  
-1.015481482  
-0.2456366144  
-0.500882338  
0.2228120504  
1.776959922  
-0.5524700095  
1.751538397  
-0.1981673951  
-0.1915952967  
0.6054358348  
2.35273331  
0.2218579238  
0.8925244723  
-0.1921575765  
-0.6686894233  
-2.743983548  
-0.01629351824  
-0.3517237204  
0.1808070429  
0.6128442525  
0.3463464379  
0.03547360392  
0.6761094682  
0.9748258755  
0.7397881951  
-0.02446769697  
0.9051324274  
-1.091525473  
0.6572760751  
-1.871415728  
-0.9127319255  
0.0622343713  
-0.9796018694  
-0.4276102692  
-0.8729692582  
0.7825068616  
0.5413514498  
-1.814981173  
0.03759496766  
-2.022509818  
0.009958313899  
-0.4694194494  
0.641315757  
0.3318403089  
-0.03035896221  
0.5142301156  
-0.1629265889  
0.6194492064  
0.5809853756  
1.144324408  
0.6346068284  
0.099671707  
-0.04852763161  
-0.3740384102  
