-0.7533017743  
1.854121585  
0.6731501254  
2.238913496  
1.783938782  
-0.6326461385  
-1.00443568  
-0.8078116693  
0.1078735568  
-0.9362963796  
0.128506582  
-0.7407910298  
-1.09950032  
-0.5268963988  
-1.880739065  
-0.9933698882  
-0.6617164254  
-0.8935560968  
-0.7660641384  
0.9387368709  
0.9008009167  
-0.9448330915  
0.2410790591  
1.617100019  
0.4711847642  
0.5123682311  
-0.4619702769  
-2.141594966  
1.557164916  
0.8179976825  
0.3718253674  
-0.2182196938  
1.252205899  
0.8664468768  
-0.2692716635  
1.350488264  
0.7584266697  
-0.1480822783  
0.9413045155  
0.7039055675  
0.2783256015  
-0.7727288819  
0.2673566504  
0.2629553237  
-0.604857703  
0.9051608289  
0.7069021279  
-0.04057455196  
-1.784428288  
-0.3092295853  
1.01117245  
0.004172084783  
-1.144738766  
0.5699769779  
1.930194309  
0.9782786832  
0.961239669  
0.2582923533  
0.3180082955  
-0.1447574856  
0.08035867788  
-1.017018003  
-0.2523721521  
0.08166564674  
-1.063244199  
-1.329650759  
-0.550269283  
0.6159395375  
-1.594817748  
-0.7599142013  
-1.386623593  
-0.7137313658  
-0.4804234902  
-0.8683304019  
-0.308669467  
-1.062769324  
-0.3791992304  
0.5272870974  
1.206737425  
0.2510161938  
0.445525988  
0.4129006643  
0.4532059639  
-1.090160187  
1.973340886  
-1.083260463  
-0.2015050376  
-0.7533880616  
0.749570152  
0.6476798133  
-0.09300186619  
-1.354244693  
-0.8688900636  
0.3929663134  
-0.4106030721  
-1.162544687  
0.3939323957  
0.02560221949  
0.757012437  
1.12458429  
0.575461003  
-1.023964946  
-1.009156422  
0.960559751  
-0.2021024443  
-0.0262367506  
-1.493653665  
-0.3018286276  
1.497576393  
0.4065764432  
1.292799335  
-0.5842904645  
-0.4571666098  
2.55462465  
-0.5677304925  
0.1061453172  
0.06829328106  
0.9236256167  
1.073775987  
-0.8207489035  
0.4848743571  
-0.3633172198  
0.4334261748  
1.044322745  
0.4084368956  
-0.5337486531  
-1.0164452  
-0.8314260425  
-1.145029828  
-0.5552124428  
-0.2363179866  
-0.2413858295  
-1.008064106  
0.3202869899  
-1.083427105  
0.9560260175  
0.4029971162  
-1.083163003  
-0.8212988768  
0.4964210171  
0.2722554025  
-0.432542753  
2.794958093  
0.9439984564  
0.7939006869  
-0.385455866  
-0.06511589842  
-0.1575857451  
-0.315986294  
0.3685995879  
-0.04368595781  
-0.4936218155  
-0.2902173711  
-0.7348183938  
0.5904198721  
1.176921547  
-0.9895729184  
0.2404838092  
-0.7298793827  
-1.205910389  
0.7680777188  
0.302077739  
0.2514000392  
-1.375934621  
1.078414729  
-1.101777162  
-0.431600023  
0.07289863893  
0.1482147393  
-0.4490285271  
0.6413255971  
-0.1263742593  
1.230562638  
-0.4289248413  
0.0180931748  
-0.6133260486  
0.1341982613  
0.2356137101  
-0.346421243  
-0.0236639575  
-0.4341695038  
0.4384629011  
-0.9549711661  
-0.9129365369  
-0.04110921957  
0.7146119004  
-0.5651224024  
0.3025615762  
-1.600061916  
0.1602760088  
0.9965615964  
1.005446328  
0.6593681223  
-1.371067731  
1.901334831  
-0.3910508855  
-0.7650471831  
-1.072252376  
0.7098156446  
0.6915498817  
-0.3423387178  
-1.001891223  
-1.009042886  
-0.0578852136  
0.2101512037  
-1.02285265  
-0.01026958366  
1.21811359  
-0.4782261221  
1.132636876  
-0.1521917332  
0.2187586932  
0.510144782  
-1.013827564  
0.3598542892  
-0.389639281  
0.8028357864  
0.6556602191  
1.598945816  
-1.434445527  
0.4838995211  
-1.147204322  
-0.002441728621  
1.522868493  
1.406178037  
1.101032247  
-0.02316557756  
-1.646743604  
-1.04530512  
-0.5039254503  
1.459648361  
0.3011824175  
-0.1416593491  
0.8796808117  
0.9193969177  
0.08039226162  
-0.3032292254  
-0.8081493465  
0.3920888633  
0.1741764723  
-0.1859849007  
-1.139366234  
-0.4262796516  
0.4942244195  
-0.4792530177  
1.556454165  
-0.4683317564  
-0.2283444131  
1.135676935  
0.7067791037  
-0.1795538725  
-0.7039214477  
-0.8726387692  
-0.6896930251  
-0.7331330812  
-2.032972003  
-1.697555266  
-0.2797825321  
0.5708615554  
-0.004854190305  
-2.39167028  
0.6425722628  
0.6918658623  
-0.7948271623  
-1.053647829  
-0.6036234962  
-0.3490364723  
-0.6790390015  
-1.523953158  
0.2531636014  
0.4825272397  
1.718924909  
-0.3048617617  
-0.7235912264  
0.1457631738  
-0.3009092901  
-0.9874695887  
-0.1271418202  
-1.398859854  
0.5708366768  
0.3227524885  
0.01051530938  
1.171239277  
0.9111510032  
0.4251299682  
0.4658628897  
0.559832337  
-1.503935446  
1.030202072  
0.5981631656  
6.556222294  
1.967755622  
1.624215262  
1.460465671  
-0.5427624484  
1.335689904  
0.372731931  
-0.6917058585  
-1.244943515  
0.6733503218  
-0.004995845484  
0.9184644514  
0.5144676051  
1.014678914  
-0.8235053761  
-0.8983622807  
-0.7010465824  
0.3231028822  
0.3800996729  
-0.4908660523  
-0.947166546  
-0.07922705018  
-1.121364485  
-0.2564503195  
-0.6375967712  
-1.042703495  
0.764390002  
-0.7132875417  
-0.08307018659  
3.26269184  
0.8617140644  
-0.2151507697  
0.5250929672  
-1.356975911  
-1.249797617  
0.3708167107  
-0.5881945614  
-1.175545727  
-1.115032258  
-0.9198093708  
0.4986628136  
-0.7362121921  
-1.141632787  
-2.284584252  
-0.04288380945  
0.2015882161  
0.8418898488  
0.7733119511  
1.178952609  
-0.9999279427  
-0.5328240586  
1.972411412  
1.315589824  
-0.7629687854  
-1.458633036  
-0.3013843019  
-0.7018365452  
0.4032432917  
0.4301324239  
0.5835102189  
1.348731544  
0.5517530717  
-0.2105416355  
1.047528576  
-0.4295962137  
-0.2471326556  
0.1932858242  
-0.9899603973  
1.522882224  
-1.04894146  
1.022436998  
-2.295549273  
-0.6992976708  
0.2951363587  
0.1345930328  
-0.3503930219  
-1.051349477  
-0.3262330764  
0.3170736977  
0.8661193325  
1.790793363  
-0.06516721802  
-1.585898151  
-0.5801110294  
2.164649561  
0.7076141937  
-0.7306463529  
1.402356361  
0.3130824829  
0.2295506507  
-0.7543884171  
1.537650157  
-0.5536576458  
0.6212607384  
-1.465596943  
-0.4234367864  
0.5524848713  
-1.146144796  
0.3690563351  
-0.2847759088  
-0.5667298581  
-0.3384417955  
-1.696750928  
-0.2345166602  
2.06261156  
-0.5358250014  
-1.581549382  
-1.226743915  
-0.4326435258  
0.1123325473  
-0.7134843676  
-0.5224336314  
3.205437974  
3.12212337  
1.776149202  
1.902412963  
-0.3036055697  
-0.7907981064  
1.021144023  
-1.676715985  
-0.677141363  
-0.5279330807  
-0.4345046037  
-0.3363022694  
-0.8002267711  
0.7531210418  
0.1519862756  
-0.3204286991  
0.3560007112  
0.09599180553  
0.1418727031  
-1.403100087  
0.3076548963  
