-3.074843195  
-0.4410192189  
1.085261263  
-0.7460053895  
0.229876837  
-2.170695551  
0.2009067832  
1.343869038  
1.482416981  
1.570001114  
1.718278391  
1.279857467  
0.6259465108  
0.8457254831  
-0.2204376172  
-0.4156902687  
-0.3336809803  
-0.4955243962  
0.1938261367  
-0.4154444164  
0.4272943289  
0.3292022103  
0.189930478  
0.004629925139  
-0.4426422308  
-0.2496001443  
-2.048013696  
-0.7253263398  
-0.09591075831  
0.3134675962  
-1.186489161  
-1.244947498  
0.0007993801319  
0.1358711935  
-1.889594634  
0.4794201387  
-0.3988248278  
-1.387120966  
-0.672434097  
0.8376988893  
1.618749854  
-0.4683379516  
-0.1213303676  
-0.9150637787  
1.253272681  
0.6700183679  
0.009156440179  
-0.4906792141  
0.3382497973  
-0.3218420679  
1.211486552  
0.2607746806  
1.050470331  
-0.4347971071  
0.1314174256  
-0.5736622448  
-0.449544216  
-0.7629335617  
0.1959291847  
0.3013437126  
-0.1010289657  
-0.9003467989  
-1.357047329  
0.4696024543  
-1.418489106  
-1.184512783  
0.3260930965  
1.297721302  
0.01008630355  
0.8119860847  
-0.3471438253  
1.15070075  
1.021270354  
0.3516709014  
-0.3989463057  
0.7572919875  
-0.4441556443  
0.04877657479  
1.215061195  
0.9905474484  
-0.9308083428  
-0.1211582906  
1.175410201  
-1.991821752  
-0.4533598958  
-0.03843246724  
0.6847333122  
0.7932471789  
1.515378191  
-0.198849067  
-0.9830647697  
-0.4103710078  
1.236955549  
2.959584294  
-0.3295714762  
1.070462963  
-0.3614366507  
-1.148364666  
0.8000815164  
-0.3698821094  
-0.5131527111  
1.113862666  
-1.674275991  
0.5471584698  
-0.7107388746  
-0.3866544099  
0.2693785718  
0.09954091764  
-0.3543852843  
1.003519525  
0.06826661002  
-0.5593021806  
-0.008064403153  
0.8820599076  
-0.677273971  
-0.2579840359  
2.890079163  
-1.003003803  
-1.225116716  
-0.1759037891  
-1.759981062  
-0.5180360599  
0.479234505  
-0.2847004889  
1.001654591  
-0.6692084969  
0.08791412542  
-0.1729204719  
-1.474116291  
1.029150556  
-0.02856871388  
1.500602629  
0.267798478  
0.734604233  
-0.1509948209  
-2.77701069  
-1.008436175  
-1.99500112  
-0.734627084  
-0.8624437854  
0.1837550721  
0.8443221684  
-0.9052394106  
0.3746948387  
-0.8439067433  
1.212259985  
0.9746572958  
-0.01376531414  
1.060720884  
0.5610560889  
-0.8837941175  
0.483268197  
1.31260506  
0.4782640625  
0.3514622363  
2.196918822  
-0.05533046734  
-2.041606681  
0.6690612841  
-0.3325025315  
-0.134563013  
0.7534308971  
-0.01185451623  
-1.023810954  
1.117794636  
-0.380011137  
0.1722907804  
0.2412565773  
0.7827290899  
2.106553006  
1.589404303  
0.5038022078  
0.555761625  
0.2304416096  
0.7189446222  
1.135256757  
-0.3509176431  
0.1475209328  
-0.24637427  
-0.2866319041  
0.2247702886  
0.3033275583  
-0.9379481892  
-1.679126457  
-0.83862705  
0.3743031838  
-0.8265477447  
0.5522914108  
-0.3927953878  
0.6501801283  
0.840414963  
0.2255166649  
0.196836443  
-0.1997522581  
1.137731691  
0.6457190386  
1.244086727  
0.2843390973  
-1.013175472  
0.4143209427  
-0.3501874634  
-0.9071088521  
0.5276482587  
0.6902022753  
0.3219108636  
-2.871977225  
-0.3236902922  
-1.285533396  
-0.1607847009  
-0.9047332221  
0.2880419707  
-0.2725055079  
-0.04649827656  
-0.3266859336  
-0.2019784863  
-0.1677538341  
0.146724601  
-0.4537116089  
0.8433871033  
-1.209465767  
-1.666317265  
-0.4137298938  
-0.1447569337  
0.4382477825  
-0.7088840856  
1.227369212  
-0.3576639469  
-1.500323725  
-0.1161214881  
1.205794816  
0.8163756529  
0.5190189149  
0.374334909  
-0.01641308741  
-1.937163429  
-0.1852430844  
-0.260190387  
0.1210208896  
-1.204259054  
0.7140867453  
1.879531803  
-0.2442255518  
-0.26941549  
-0.2720550005  
0.7083132377  
2.383075914  
1.606072933  
0.3920577146  
0.6160003826  
-0.8060809185  
-1.649091029  
0.0735473572  
0.6093356504  
-0.1402568007  
-1.123344911  
-0.8145920959  
-0.6083590889  
0.8044482265  
-1.721347169  
-1.295212819  
0.5967941403  
0.7870573914  
1.285244718  
-1.105745995  
-0.3417396619  
0.2213129123  
-0.6336310524  
0.5046031881  
-1.270581436  
1.270088075  
-0.05575514826  
-0.6147985937  
0.1498392707  
1.069849814  
-1.502678563  
0.9305724619  
0.8529152624  
-0.3061783935  
-0.7121516622  
0.2356134749  
-0.4474311846  
-0.4114866299  
0.2364983986  
-0.4829658728  
0.04487547027  
-1.930726174  
-0.644268235  
-0.234852403  
-0.7547695556  
1.365189373  
1.794892314  
-0.6988937197  
1.320453803  
0.03593211706  
0.4003203321  
1.137304989  
-0.3400651076  
-2.082427517  
-0.6146779575  
0.3124185303  
0.6391786508  
1.288838381  
1.821242266  
-0.09934760746  
1.078976441  
-0.8233165171  
1.777520705  
1.507652443  
1.491371632  
1.681033735  
1.651694567  
1.924272515  
0.4840459388  
0.4641002717  
2.76076752  
0.8841245453  
0.8129433904  
1.01205482  
2.478075601  
-0.3076966925  
-2.12865186  
-0.8236996022  
-1.653522335  
-1.839042283  
-0.5679983021  
-0.07184508012  
-0.6612190486  
1.044417749  
1.913230851  
-1.493002086  
-1.414116034  
-0.5346883559  
0.3868873859  
-0.3169594838  
0.478099452  
0.09876974775  
-0.9295278764  
-0.3248779928  
0.05531078151  
-0.9157276385  
-0.5397342217  
-1.132244583  
-0.995497709  
-0.7365067803  
-0.06751428206  
-0.3664562053  
1.217045069  
0.6499199281  
-0.5707965257  
1.587389989  
0.2624457084  
-1.406953347  
-0.0413237278  
0.6562688716  
0.381766816  
-0.1543598887  
-1.529761128  
-0.2552903696  
-1.169303845  
-0.7178183357  
-0.4575300116  
0.1622339579  
1.219089946  
-2.176354325  
-0.1570010577  
0.4847162098  
-0.9016943749  
-1.657173321  
-3.344859143  
0.8715500737  
0.689482414  
-1.584465555  
-2.174740635  
-0.8548170314  
1.473562397  
-0.4338904643  
-0.918343585  
-0.2971796974  
-0.1938537781  
-0.8452084935  
-0.08164127401  
0.2657664666  
-1.786718264  
-0.3102191154  
0.1156276905  
-0.8488084744  
-1.159068605  
0.3847529487  
0.9639918887  
0.5092510975  
0.2693144261  
-0.1871153375  
0.06788990728  
0.3978372375  
1.080706047  
2.152014218  
0.6253103763  
0.8012646492  
0.1993657108  
1.368847742  
0.6468482812  
0.4079283588  
0.5189962321  
0.7529365333  
-2.127764217  
0.8498935904  
1.624188014  
0.8674266427  
1.966501983  
0.3260745113  
-0.1920660262  
-0.6753841608  
-0.1772833466  
0.2807263925  
-0.7319184444  
-1.154957993  
-0.3044004061  
0.7660440326  
-1.185629103  
0.2499859697  
-1.256742174  
-0.5733597167  
-1.032717526  
