0.4953773874  
0.544534413  
0.1396451176  
-3.129913248  
-0.4289685793  
-0.5864776268  
-1.657105946  
0.02735903934  
0.7306758947  
-1.092927534  
-0.05571561666  
-1.792312873  
-0.831304708  
0.6079445964  
0.5382673074  
0.7322760618  
0.1061778224  
1.044416464  
0.6998319131  
1.802541893  
0.9843019755  
0.4979056543  
1.513858677  
0.9011553938  
0.9980686374  
0.8473168766  
0.3796424171  
0.416929166  
-0.3469964352  
1.064542054  
0.6418376093  
0.8781173871  
0.9148103909  
0.8815115538  
0.5524734355  
0.02026112297  
1.758761702  
-0.3677245381  
-0.07895990725  
-1.184310399  
-0.0733055358  
-1.545379016  
-0.7906839807  
-0.2747086171  
-1.98277877  
-0.3274635559  
0.3267482788  
0.5455937988  
-0.8960048934  
0.08298903969  
1.502241801  
-1.055095707  
-0.5007096008  
-0.771919427  
-0.4358361173  
0.2712066607  
-1.180331119  
0.9034349567  
-0.4245323818  
-0.05198672595  
1.860157599  
-1.288804331  
-0.06954492034  
0.9786673699  
-1.085153669  
-0.3663087831  
-0.3447846099  
0.3035276591  
0.6668901952  
1.468657722  
-0.1831003324  
-0.6258761427  
1.468898008  
0.299195202  
0.6976798051  
-0.4171175368  
0.8619657996  
0.02650571029  
-0.08531177277  
-0.6485709025  
-0.2180229255  
-0.4689688338  
1.662006687  
-0.6116046188  
-0.5200883718  
-1.726048569  
-0.7437304556  
-0.1117260193  
0.3587177285  
-0.01029568061  
-0.4883470677  
-0.04433699613  
-0.09513295996  
0.5576298532  
-2.630278046  
-0.9817031926  
1.519899298  
0.1871602422  
-0.7597702962  
0.1054447774  
-0.3759674664  
-1.817015667  
0.2064176133  
0.6661035054  
-0.3639662403  
-0.1079749849  
0.198933456  
0.06639520837  
-0.3425848251  
0.007886340791  
-0.07800060644  
-0.9754218434  
-0.1243986796  
0.7021272912  
-1.01408492  
0.6643645424  
0.7936280369  
0.1562381254  
-0.04597234505  
0.2112629966  
0.357017026  
-0.1763891177  
0.450982296  
1.01873444  
0.06314939975  
0.3460627835  
0.1984899357  
0.7796932982  
-1.019782015  
0.2305948892  
1.012697473  
1.377986374  
-0.08951621541  
0.4155734693  
-0.225492553  
-1.152120116  
-0.2394869699  
-1.146842853  
-0.888397058  
-0.3945919584  
-0.04938946278  
-0.8599511591  
-3.124647347  
0.1674364258  
0.4357945556  
0.5324144383  
-0.3761791218  
-1.117390922  
-0.6304350372  
-0.4299411472  
-0.04118086358  
-0.9140632869  
2.684710348  
-0.1412575775  
-0.7107851035  
0.3135914625  
-0.2010133503  
-1.961015904  
-0.2426532606  
-0.06042212398  
-1.755890059  
-0.1425776727  
1.352509901  
0.7388368  
-0.438574008  
0.07657075087  
0.8488340958  
-0.4913005879  
-0.5836312394  
-0.4650842662  
-0.9865339111  
-0.1374994977  
1.834993639  
0.3863397314  
-0.05620666925  
0.8778277297  
0.9170239129  
-0.04832368257  
0.2996636023  
0.7959335915  
-0.6425171599  
1.704984822  
1.684124947  
1.290391551  
-1.168767246  
-0.6977274319  
1.679415769  
0.7246073734  
-0.4549145179  
-0.817785543  
0.07395700849  
0.2390699819  
0.9869846076  
-0.5199692119  
0.3331905948  
-0.2077690807  
-1.094886102  
-1.534235621  
0.5566163735  
-1.867965154  
0.3315530347  
0.321962653  
0.1058240461  
1.103252508  
0.2367997349  
0.0002634629441  
-0.7670902821  
0.05431799207  
0.7775501359  
0.2899058797  
-1.201819473  
1.392601492  
0.4876210765  
0.7938497918  
-3.574971558  
0.3079013419  
0.4276121771  
2.634212226  
0.8006878532  
-1.113600849  
0.3795758058  
-2.676926927  
0.03584398685  
-0.4163049194  
0.1427215049  
1.176909377  
0.58716735  
0.1731770918  
-1.983833568  
0.7039082816  
-1.991222872  
1.562821121  
0.2512772271  
1.149969652  
-0.7852466355  
-0.9058358607  
0.3464296016  
1.405658056  
0.9651494762  
-0.6235384402  
0.3520125041  
0.432726456  
0.6171219959  
1.262397545  
-0.7139253477  
-1.054252912  
-0.372771304  
-0.8028663729  
-2.247323691  
0.186366019  
0.1078599967  
-0.3134824153  
-0.2256964031  
0.3720336935  
0.643972452  
-1.976077555  
0.9809451672  
0.5099502778  
0.1347786618  
1.576176933  
-0.6229513594  
0.7009152302  
0.169163677  
0.02496486831  
0.2696513031  
0.1573211347  
0.04498722447  
0.7723243901  
0.9877201061  
-0.7435063495  
0.5739649718  
0.2915206504  
0.5860859219  
0.3315564225  
0.2119575355  
-0.9207213237  
0.5609206869  
0.8514411501  
1.033329412  
0.9221253831  
0.344206055  
0.7762774631  
0.5342097609  
-0.1706192852  
1.399716598  
-0.03677667719  
0.1334443226  
0.697593777  
1.202376321  
3.05348441  
-3.384957385  
-1.193220907  
-3.292716149  
-0.3158023987  
-0.1175366608  
-1.438037395  
-1.099880845  
-2.625854042  
-1.9920553  
-0.036155556  
-1.440225555  
0.5866480152  
-1.230300346  
-1.889330853  
-0.7631135582  
-0.741749615  
-0.2063439015  
-0.4651985417  
-0.9845579997  
-0.6814320208  
-1.523072755  
0.3669953806  
-1.440345547  
0.9235892417  
-0.309264148  
-1.43949775  
-1.278360955  
0.3526218401  
-0.2199052911  
-1.362831347  
0.6692699157  
0.4003813349  
0.5383990236  
1.47276903  
0.6843349085  
1.677661915  
1.739887459  
0.7355960138  
0.2981133891  
0.2798758849  
1.817690503  
0.9311582551  
0.2056244587  
0.7086176207  
-0.4977776975  
0.7219048956  
-0.09543322957  
-0.07363369444  
0.6705600638  
1.298285454  
0.9738032679  
-1.477238634  
-0.1985925912  
-1.116617166  
-1.386767373  
-1.308041191  
-1.764095865  
-0.9003172171  
-2.262127835  
1.689843899  
1.023412044  
-0.2764012622  
0.7925720098  
-0.100116694  
0.6356712222  
0.004743159043  
-0.3249164597  
-0.2680977547  
-2.75571653  
-0.09849322522  
0.7737793416  
-0.9995909385  
2.145729097  
-1.681158193  
-0.1241741304  
1.090678597  
0.7079604899  
0.1335685091  
0.557399656  
0.5079414368  
1.54609481  
-0.1712232962  
0.8688935992  
1.68302141  
1.928392158  
1.119743446  
0.4645186836  
1.445981614  
0.6930545186  
0.1621631907  
-0.6011743177  
-0.3897890354  
0.2623622149  
-0.168557431  
-1.199197614  
0.4626809432  
2.006276847  
-0.2876276437  
0.5956467142  
0.407432147  
0.5798063974  
0.6665968698  
-1.270848145  
1.324747969  
-1.40549637  
-0.7273832119  
-0.6761446425  
0.0338850668  
0.1183597757  
-1.542998168  
-1.040852904  
-0.7316923092  
0.6045853391  
-1.264091989  
0.8812986659  
-0.5634305461  
0.4329694943  
-1.104296872  
-0.4284525899  
0.1776703517  
0.9360199269  
0.0813978627  
0.653418369  
-0.05860520194  
0.3957100779  
-0.1222935678  
0.2039303731  
0.4913629706  
0.951003849  
-0.5270362473  
-0.1155880379  
-0.06749084367  
-0.0609015469  
