-0.4609524493  
0.1790095831  
1.752036067  
-0.5573674778  
-1.368463555  
-1.897662634  
1.335774358  
-0.02272508472  
0.6643320918  
1.095498265  
-0.1034308125  
-0.02131615036  
-0.2356606887  
0.7157480703  
-1.254853729  
0.9870279223  
-0.8495573732  
0.311800049  
1.831583468  
-1.111862519  
-0.4372980516  
0.0446757104  
0.03312261354  
-0.7244606746  
0.5423760812  
-0.3496626878  
-1.757044957  
0.8573547711  
0.3640086413  
0.7494436658  
-1.000719334  
-0.8694779864  
1.286008471  
0.06368802502  
-0.1356842899  
-0.173570358  
-0.8588164598  
0.7292692399  
0.4405605371  
-0.2127196651  
-1.285999291  
0.4636144102  
0.1736135061  
0.5865295625  
-0.899825026  
2.445068727  
-0.2224769877  
-1.394866783  
-0.4822402539  
-1.625247805  
-1.02338067  
2.574881424  
2.969200084  
1.379332499  
1.847100598  
1.025406706  
0.8069872597  
-0.2836336528  
-0.9015791633  
-0.9004208918  
0.9754869603  
0.01531640023  
1.08761126  
1.795468117  
1.278630846  
0.01425012894  
0.4153315722  
0.2721113827  
-0.7998554206  
0.9115912008  
-0.6226260961  
0.1263455191  
0.6124349512  
-2.126175252  
-0.5419292464  
-0.5568533859  
-1.301339239  
0.1271103062  
-0.06093535629  
-0.4889837906  
-2.042543088  
-1.287596131  
-0.8176413584  
1.327267805  
-1.299021057  
-0.892432793  
-1.042973327  
-0.01321442758  
-0.1308473371  
-0.5337368404  
0.1953403924  
-1.181480985  
-0.5466430748  
-0.1754487553  
1.046369243  
0.1324892322  
-1.14328399  
-0.1307396303  
-0.5219535653  
-0.9291850582  
-0.9588346953  
-2.451838171  
0.8975463323  
0.6700149537  
0.7181784944  
0.000954345318  
0.06730416332  
0.9363231755  
0.01274171198  
-0.4979662797  
1.151457423  
0.4093113714  
-1.200821434  
2.810062077  
1.503237668  
0.14798693  
0.7878246626  
0.9281949197  
0.4926954503  
1.399177042  
-0.08424995159  
0.3488489297  
0.1332934047  
0.8879529424  
1.182047789  
0.7424315907  
-0.4355237207  
0.6961220242  
-0.1119996739  
1.429588994  
1.227801731  
0.5599198566  
0.3273797053  
0.5600740304  
-1.02259521  
1.790841433  
1.033109937  
-0.4443144863  
-0.5489518957  
-2.472574873  
-1.605439398  
1.044223041  
-0.1515909697  
-0.06393804526  
-0.873101296  
-0.5409687797  
-1.307952519  
-0.09973505179  
-0.1886557714  
-0.2117500211  
-1.10031494  
0.4858369766  
0.5790821407  
0.6160408155  
0.3090076674  
-0.1697054511  
-0.4565295153  
-1.062774446  
-0.09363035234  
-1.26886396  
-0.8961854848  
-3.285656408  
-1.427960515  
-0.4956360713  
-2.033148062  
-1.28128292  
-0.8992252581  
1.430220322  
0.3473515946  
0.3753497051  
-1.036885418  
-0.7618398302  
-1.06040063  
0.1971460447  
-0.5434657339  
-0.06743864119  
-0.2181980071  
0.9615065249  
0.4901817225  
1.018757339  
-0.3315756368  
-0.1147768836  
-0.005044149175  
-0.09341148259  
-0.2743443144  
0.3995997737  
-0.6254812021  
0.1232879544  
-0.8871543613  
-1.825168223  
-0.5115580132  
0.5329994538  
0.1300794614  
0.7777088999  
0.6118479535  
0.7762875822  
-0.04285140271  
1.511337  
-1.140820003  
0.7597625453  
1.49318364  
0.922476681  
1.70836474  
1.251879909  
1.891909872  
1.117321442  
0.2795734135  
1.122607274  
1.738374923  
0.2465459333  
0.2839614136  
-0.3553681685  
0.2491015495  
0.2340845589  
-1.507428338  
0.3838287257  
-0.5446457616  
-0.08998884978  
-0.8191196662  
0.2884526086  
-0.2460862955  
1.347509026  
-0.7881740662  
0.8407433093  
-0.2300079458  
1.11492532  
-1.049240816  
-1.036303396  
-2.789918238  
-0.1302013889  
-1.056104706  
-1.047310044  
-0.4699483223  
-0.1692872537  
-0.7943922748  
0.6922160976  
-1.441527045  
-0.07786799223  
-0.6890326994  
-0.1200865997  
0.2531120828  
-0.68156294  
-0.1301153459  
1.434743929  
-1.042087401  
0.2546221034  
1.480399318  
-1.712451912  
0.3108444015  
0.9548935343  
-1.05107367  
-0.08717405294  
0.4750417165  
-0.7790449623  
-0.8152495392  
-0.415084422  
-0.5677759232  
2.401140198  
0.9240291961  
1.534429278  
0.9255138214  
0.4283455071  
0.3060242903  
-0.3998607536  
0.5712566031  
0.6441687629  
0.4111034242  
-1.011444697  
-0.3325766017  
-0.4892048224  
-0.8142672885  
0.3507514443  
0.4624867857  
-0.3628771884  
-0.526896039  
1.019511165  
-0.9683597085  
-1.331056197  
0.321595534  
-0.06079019442  
-1.253643204  
0.8837744765  
-0.5476850629  
0.8690010101  
-1.017601777  
1.051984204  
0.3560157557  
-1.904938666  
-0.5778427386  
0.1395267762  
2.386574132  
-0.4762096114  
-0.6827431534  
1.44840009  
-0.2768704363  
-0.09034952406  
-1.233274877  
-0.9049587824  
0.9229480936  
0.157105615  
-0.1258190288  
-0.3559772737  
0.4146974736  
1.550319693  
0.05517693008  
-0.827757584  
-0.03350197881  
-1.121987457  
-1.291040926  
1.393245291  
0.4342630847  
-0.3172498533  
-0.4566649833  
0.8307068008  
-0.005985564908  
0.489267964  
-0.2432743289  
0.9930497015  
-0.7302069335  
0.4404264623  
-0.8943926106  
0.1376235044  
0.5354077838  
-2.374153177  
1.716024295  
2.302067131  
-0.9331950199  
0.1284885067  
0.04852585042  
-0.2229739247  
-1.934376847  
1.535234993  
0.3943475824  
2.4068448  
1.380279897  
0.744142939  
0.8309260242  
0.4341031595  
0.5425630563  
-0.1009943179  
-0.8548031932  
0.4405615769  
0.2817935111  
0.410833868  
-2.407924857  
-1.65334221  
-1.087166965  
0.590162389  
-0.8292803479  
1.055074882  
-1.00251836  
-0.9650924854  
-0.2213123754  
-1.211885625  
-1.177495527  
-1.131335711  
-1.133058915  
0.4267772648  
-1.125090507  
0.1268028428  
-0.03953536385  
-0.02697056195  
-0.0468201927  
1.869510155  
1.504903227  
0.7088599086  
-1.153942562  
0.492590218  
0.6579559102  
-1.542580947  
-0.125212557  
1.081540705  
-0.3114733025  
1.122287094  
-0.3908968747  
0.3910926179  
0.5956806596  
1.945023885  
-0.003779684449  
-0.6357571406  
0.3755580815  
0.1448603022  
0.8268901339  
0.03564333933  
-0.8618487834  
0.8402779712  
0.626195528  
1.262167425  
1.206203941  
-0.3424221142  
2.345925685  
-0.0895680554  
2.318554257  
1.367512533  
-1.07511969  
-0.0229342555  
-0.3496231642  
-2.439774168  
0.4475972614  
-1.926353073  
-1.084063133  
-1.756946274  
-0.6008107826  
-1.04442006  
0.1278565358  
-1.188160243  
0.4396940751  
0.02732956944  
0.5656915215  
-0.2846015068  
-1.114667038  
0.1558982779  
0.02431863248  
-0.9140065193  
0.53966145  
-0.03130957864  
0.8248946955  
0.6084223235  
1.545279772  
0.6726063528  
-0.3819343469  
-0.7889025834  
-0.4666062861  
-0.4287246391  
0.5298448044  
1.83577062  
0.438591531  
1.039429765  
-1.047858783  
-0.2354762957  
-0.919159087  
-0.2963624527  
0.06935566624  
-0.2076790408  
0.2038984325  
-0.6495590582  
-0.1558977054  
0.2814124943  
-0.3577344394  
0.7122605117  
0.1646623091  
-0.777373756  
-1.329174595  
1.003192381  
-2.483360311  
1.058490864  
-0.7712089349  
2.458636173  
-0.5345731993  
-0.6741987085  
-0.3319665984  
-0.1031062857  
1.637553326  
