-0.299004207  
0.3276827163  
-0.812924327  
-0.8579637287  
-1.352964415  
-1.11978448  
-0.2874119204  
0.04581646891  
1.120462666  
-0.3601939262  
-0.8500901374  
-0.02562828622  
0.1622685314  
1.066368247  
1.225873088  
1.028388075  
-0.5212709989  
-1.327408647  
0.2474968928  
-0.3448848019  
0.6816054468  
1.64378808  
0.2600415644  
0.7927983662  
1.83725621  
0.7474517384  
1.571063408  
-0.8949479311  
0.6809677084  
0.2416857059  
0.8282984216  
-0.3561080678  
-0.07802045574  
-0.8060818017  
-0.4971612707  
0.2256476357  
0.0645310246  
0.8951674246  
0.4925446597  
0.8313084933  
-0.3473341971  
-0.7026819876  
-0.9305914887  
0.3322793788  
1.467540451  
-1.609107905  
0.8633523274  
0.2790187097  
-1.082093759  
-0.200531189  
0.02328318905  
-3.745195341  
-1.320560357  
-0.7342844547  
-3.168479257  
-0.4107912729  
0.4598533363  
0.8957323305  
0.1328365596  
2.211774346  
-0.2905289287  
-1.175445828  
-0.1067892733  
-1.552366985  
-0.3236854731  
-0.234391631  
-0.9484705727  
-0.5681457573  
-0.1345620369  
1.923188408  
0.9259631071  
-0.09097635184  
0.6496120604  
1.773682594  
0.6306055835  
1.097953815  
1.110429869  
0.2973238183  
1.219507194  
-0.05480004723  
0.2403342404  
1.568358485  
0.9164096515  
1.075229774  
0.652824398  
0.417833523  
0.5701704448  
-0.1663110819  
1.018826153  
0.6448513325  
0.3283382751  
0.3828920635  
0.7868659833  
-0.9223334198  
-0.3946441764  
-1.154332583  
-0.00571456843  
1.565837397  
-0.4184934789  
-1.076588567  
0.5159512222  
0.0811348109  
0.7566946019  
0.9035776711  
-0.647765486  
1.619421377  
0.5616019595  
1.846510249  
-0.7139183421  
1.505714553  
0.3828918459  
2.929440937  
0.6195950597  
-2.169640107  
-0.688769547  
-1.193700402  
-0.9684690721  
-0.1155307781  
-0.9360649542  
-2.836202351  
-0.7015543973  
-0.1039996433  
-0.8198698073  
-1.805315948  
-0.5784911  
-1.208710385  
-0.3325382103  
-0.1084029781  
-1.606014548  
-0.9679376741  
0.05340497433  
0.5035709095  
-1.387864312  
-1.591497788  
0.6741199667  
0.2388608722  
-0.6123133254  
-0.233458498  
-2.08164061  
2.40447383  
1.07457366  
0.6285173752  
-0.3970614026  
0.3204391583  
-0.03490400185  
0.05562181897  
-0.1111585781  
-0.152044992  
-1.477174311  
1.470234542  
1.748177702  
1.401616087  
0.4980650365  
0.5951120001  
0.313542861  
0.2452961316  
1.386319225  
-1.402830698  
1.601895843  
1.132004242  
-0.6769322026  
0.296294821  
0.5156949515  
-1.095628275  
-0.151843969  
0.1032302218  
-0.5417504483  
1.865073868  
-1.205287274  
-0.1540554158  
0.6552575932  
0.3098335346  
-0.0957192643  
0.006556143058  
-0.8411887337  
0.5469618567  
0.0383111899  
0.05147931243  
1.723816129  
-1.974271959  
0.7266505076  
1.610353981  
-0.4833117823  
-0.5444760769  
0.8297961416  
-0.1985027179  
0.8142395588  
-0.7648293507  
0.4020572043  
0.3591661808  
0.7510033548  
-0.5877753848  
0.3786712126  
-0.1363994976  
-0.7307947733  
-1.02447198  
-1.595283953  
1.074809898  
-1.42459905  
0.8693821994  
-0.9983647436  
-0.3487659333  
-0.2515029261  
-0.3384390788  
1.177429917  
-1.457628339  
-0.8054559427  
-1.585341695  
-0.3676413337  
0.02201945491  
-0.5678928201  
-0.1384357466  
-0.4046807982  
1.619614267  
1.075841153  
-0.2847688237  
-0.57137984  
-0.256734331  
-0.2005774502  
-0.4044567222  
1.034472958  
-0.3572196912  
-0.7993273653  
-0.9489379546  
1.394245049  
0.05276532843  
0.3120971169  
0.7739767494  
2.319538798  
-0.7617450927  
-1.372003799  
0.940219572  
0.07255708507  
1.59595527  
-0.09722563843  
0.5806156081  
-0.9940118409  
-0.5068804334  
0.9707470338  
0.8547859391  
-0.4709412176  
0.122468976  
-1.047219285  
0.04106605915  
-1.430627037  
1.635216798  
-1.140214286  
1.08213925  
0.4400936287  
-1.038624822  
1.454888067  
0.8086243036  
-0.3936324284  
-0.6063479205  
1.922223972  
0.6577483072  
0.2670853929  
-1.39680975  
-2.132562247  
-2.514152266  
-0.906987746  
-2.312860921  
-1.216060948  
-0.3026679644  
-1.591175755  
0.93209347  
0.7458313094  
-0.2755671005  
-1.991081168  
1.215199579  
0.3554453166  
0.257801498  
0.7694476856  
-0.3149401549  
0.1014618683  
1.46987182  
0.2883220627  
1.151489548  
-1.426810268  
-0.6361753139  
-1.335499895  
-0.5697065544  
1.834377919  
1.082773923  
-0.6835954388  
0.25011334  
-0.265179336  
1.480499515  
2.185902189  
0.3283882178  
1.512122859  
-0.6997327674  
0.7157036234  
1.283371975  
1.084124036  
0.6294616443  
-0.5438572612  
1.636051706  
0.2555123324  
0.6606402097  
1.13146576  
-0.02039642229  
1.082392587  
0.7142165728  
1.022312958  
-1.172115289  
-0.2722497931  
-0.548045779  
0.1435451173  
-2.645283727  
0.538340415  
0.6642379694  
0.4343618229  
-0.5529709351  
-0.4320190669  
-0.2194126414  
0.6748778809  
0.05272902882  
-1.021801883  
0.533242274  
-2.156980733  
-0.7419327643  
-0.5081957595  
1.203353425  
-0.04276043964  
-1.34875225  
0.3948843779  
-1.225580694  
1.416975405  
-0.3946663097  
0.3618652424  
-1.411740985  
-0.6383362784  
-0.2922795562  
-2.053642547  
-2.052127026  
-0.8968781838  
0.5908191708  
0.3067925519  
1.291672  
0.03647380239  
-0.02117882546  
1.219032389  
-0.9625842182  
0.3767606296  
0.8070580293  
-1.322671521  
1.313427717  
-0.5402183017  
-0.5579244572  
-0.6860496679  
-0.392449399  
-0.4974946741  
-1.397262399  
0.05581734581  
1.593218807  
1.063851884  
-0.5069216986  
-0.8349826693  
0.8306985149  
0.3091590236  
0.5894158649  
1.337047164  
-0.03014327148  
0.4396959017  
0.5302774259  
-0.8144142225  
1.274777406  
-2.027011115  
-1.096512865  
0.02711799668  
-0.4121024649  
-0.8326149185  
-0.7894779776  
-1.571497057  
0.3346330723  
-1.156946388  
-0.412513162  
-0.2423161564  
-0.01740857729  
-1.160525434  
0.430995512  
1.550411762  
0.2079568032  
-1.462272036  
0.7846006661  
-1.007901723  
1.633893966  
-0.774101649  
-0.0258249498  
0.2576420772  
-0.2683224249  
1.087460481  
-0.9753348804  
1.150303539  
-1.359830287  
0.4905496442  
-0.4841195479  
0.1835134906  
0.2437568735  
1.255458811  
-0.1089528763  
-0.2982324386  
1.376331818  
-0.9464874816  
0.6781484823  
-0.07925396065  
-1.064989726  
-0.5017774044  
1.200841114  
-1.073030261  
1.598356707  
-0.5940388885  
1.181932677  
-0.3222022195  
-0.0958480534  
0.1153046396  
-0.8707171286  
0.100178699  
-0.9505385717  
0.3266821061  
0.03763736621  
-0.2744613273  
0.6155884327  
-1.300224682  
0.4585479599  
-0.2015383496  
0.7610597168  
-0.560956233  
1.35862311  
-0.4847819786  
0.7110541333  
0.1592685502  
-0.6970188519  
1.222212407  
-1.703150262  
0.1066861802  
-0.3622795204  
-1.636089363  
0.01663339139  
-0.5121032464  
0.2838350446  
0.3744245307  
0.9002216952  
-0.1159294856  
-0.4226551903  
-0.7110863276  
-1.662755473  
0.8423670656  
1.241872593  
-0.3143672024  
0.4666404395  
1.050834955  
