0.903724151  
-0.3702454935  
0.2852389575  
-1.585105864  
-0.7139502474  
0.3580442484  
-1.643625316  
0.01541168633  
1.014962865  
0.9537200039  
0.3185092154  
1.021150822  
0.7929497773  
0.6107972244  
0.2461116082  
1.225433909  
0.9548929457  
1.045328832  
-2.601624723  
-0.8601207922  
0.2472705945  
-1.212760625  
-0.2596744275  
-0.09978350079  
-0.1719107196  
-0.2373398739  
-0.9429213162  
0.5384135598  
-0.2318619822  
0.4738164952  
-0.6389950423  
-0.3765127524  
0.6709832993  
-1.668814798  
0.121325354  
-0.2686776226  
-1.049437531  
-0.6560819501  
-0.4066977554  
-0.1237550052  
0.1605124706  
-0.7327141349  
0.4210459907  
-0.3876401879  
0.8432241665  
0.7631777626  
-0.06923840936  
-0.001575930788  
-0.1340204285  
-0.7705478224  
-0.5244666048  
1.307703286  
1.936710051  
0.9263476198  
0.8615916033  
0.07255703773  
0.1362013521  
-0.480755435  
0.764926933  
0.8958785313  
1.037101624  
0.6343121808  
1.388122633  
1.138291748  
-0.08438946115  
0.4734867226  
-1.378320657  
0.6417416286  
-0.3214754203  
-1.607109363  
0.4801221717  
-0.7969133125  
-0.7314402386  
-1.126890896  
-1.665299531  
-0.2394263434  
-0.7083692704  
-0.3097816676  
-1.849010197  
0.1967004747  
0.1379644938  
-1.140265976  
0.3540938094  
-0.2843102081  
-0.2522733891  
-0.5773470743  
-2.784642968  
-1.131039789  
-0.6332666317  
-0.1876932657  
-0.3406727251  
0.06396328299  
0.05255895584  
0.2275701733  
0.9788405126  
-0.6674824189  
0.9327770198  
-0.1831168824  
0.2802888155  
-0.3447447182  
0.03384842793  
-1.197100351  
0.477110678  
-0.0627029586  
0.2383080702  
-0.1811533421  
1.215721898  
1.555809949  
0.9918126464  
-0.5016019631  
0.579084068  
-0.3489320892  
-0.3341386196  
2.157162121  
0.3854169689  
-0.3539377886  
0.8668405627  
-0.1715006315  
-0.07873153714  
0.1898187808  
-0.3018307602  
0.2905905798  
-0.08819073074  
0.8513357854  
-0.305672734  
-0.691806715  
0.866128767  
0.4402231531  
1.467743654  
-0.6071102086  
0.150253961  
0.6312758403  
-0.4022062523  
1.233589579  
0.07163862125  
1.05840321  
1.220768944  
0.9465322598  
1.90134383  
-0.3673361485  
0.9710465915  
0.3667824272  
-0.699191526  
-0.869640586  
-0.7011508272  
-1.795557751  
-0.8915624864  
-1.299706852  
-2.860366156  
-0.9182032769  
0.2501539607  
1.459079871  
0.9163844678  
-1.40672743  
1.364304708  
-1.26302707  
0.7259162666  
0.573748779  
-0.2469282126  
-0.7732632212  
-0.6361499649  
-1.721362373  
-1.336933272  
-0.9636252057  
-1.074101882  
-0.1915844507  
-0.6603869621  
-1.512340215  
0.7359875627  
0.1096269438  
0.6713806741  
0.4736780137  
-0.6680877903  
1.23185787  
2.007507798  
-0.6176125603  
0.5364394459  
1.106093632  
0.6006712061  
0.2033451156  
0.4071632924  
-1.549848985  
0.4619767982  
0.05111874865  
-1.355141861  
-0.6348664285  
-2.931828267  
0.01764277712  
0.2090140675  
-0.6369159309  
-0.2296193548  
0.5778881686  
0.3236615707  
0.9851193773  
1.354953685  
-0.2439346771  
-0.5986643344  
1.233955203  
0.1278065343  
1.33161162  
0.4158811779  
-0.7445927194  
0.268292794  
-0.7084552546  
0.6470804537  
-0.193157263  
-0.6119893803  
0.6530072476  
1.189063189  
0.4319781966  
-0.6248410181  
-0.5874218337  
-0.75198542  
-0.2839437188  
-0.6041057838  
-0.4217268581  
0.005325810982  
0.1706871394  
1.060780018  
0.6291359862  
0.166137501  
0.4686865901  
0.8055332665  
0.7280088617  
0.9298495417  
-1.257691047  
-0.5356302807  
-0.7666100485  
-1.128645029  
0.5642716581  
-0.8436779901  
-0.886644312  
-0.4363416091  
-1.289352323  
-0.1413625861  
-0.3849090077  
-0.1045381144  
-2.254496889  
-0.4548642691  
-1.244673033  
-0.9511870976  
2.463272735  
3.38420387  
0.6451702562  
0.6741858426  
0.7919135881  
2.652124104  
0.8789489624  
-0.8598257943  
-0.03648701627  
-1.033523602  
-1.329026347  
-1.923202669  
-1.536254526  
-1.939786712  
-1.391013584  
0.790693372  
1.637260984  
1.517014086  
1.760101559  
1.023622736  
1.089920521  
1.18945631  
0.5548033519  
-0.02413035435  
1.835655661  
-1.382028466  
-0.3628249885  
-0.9320637041  
0.01580559539  
-0.3297913645  
0.1596939583  
-0.9510608077  
1.041367135  
0.09283449715  
0.06725308153  
0.1016270669  
-0.9736753323  
-1.006927885  
-0.3755815353  
-1.331283397  
-0.08560911527  
0.8336027196  
-0.7710364067  
-0.5040397988  
1.004590914  
-1.488385202  
-1.996583405  
-1.525167885  
-0.7117168501  
-0.1304186737  
0.7346059035  
0.1160811782  
0.1396580605  
0.1617840799  
0.8436277917  
1.186600968  
1.020385959  
1.512696166  
1.889513532  
1.491365557  
0.7414486769  
-0.2333882562  
-0.1057250121  
-2.326921269  
-0.2499429228  
-1.781725867  
-1.921425952  
-1.157634612  
0.09483788876  
1.054240956  
-0.893058955  
-0.4934520845  
-0.242432048  
0.1698142606  
-0.7089873719  
0.3075029018  
0.5751937027  
1.149476222  
-0.02897524289  
-0.512542208  
0.2756930212  
0.9400066211  
-0.1340567907  
-0.03655870326  
-0.1710437362  
1.355039865  
0.2404664485  
-1.71976767  
-1.032694852  
-0.830295611  
2.108493328  
1.566000522  
0.5540596048  
1.205691194  
1.320044912  
0.9238888138  
0.395245748  
1.493433561  
-1.123946652  
-1.100711538  
-0.3073299928  
-1.417614668  
-0.3295080486  
0.6255929715  
-1.271246007  
-0.01309592434  
-0.9556826795  
-2.267090026  
-1.579288742  
0.7334124442  
1.180011855  
1.180550595  
1.310727554  
-0.7518176166  
-0.1443855454  
-1.501649096  
-0.1170259385  
0.2830331401  
-0.1174429457  
-0.8472960072  
-1.267036274  
-0.7643324258  
-0.1421537685  
1.067506483  
-1.491005918  
-0.8839023761  
-0.9412210508  
-0.8226098597  
-0.2142970129  
-0.4227120781  
1.079248636  
-0.1264477264  
-0.3959885473  
0.8386043729  
1.589949829  
1.798386023  
2.078529224  
1.802829276  
1.157605153  
0.6093674103  
0.2306578758  
0.8302417386  
0.1820421727  
1.730697037  
1.411446561  
2.20581653  
1.83935499  
1.282937661  
1.377934189  
0.383802295  
1.128442213  
1.414035928  
1.397632577  
1.539885955  
-0.8318382669  
0.07617530015  
0.404483452  
0.8223174208  
0.7035304256  
-0.4048561119  
-0.8090603051  
-0.2111194331  
-0.7711327667  
-1.481617583  
-2.200029964  
-1.477085784  
-0.1873757496  
-1.219306348  
0.9509186091  
0.1250924035  
-0.5503127831  
-1.046538857  
-0.3337968724  
-1.652838961  
-0.6437484196  
-1.088954823  
-0.8443728344  
-0.6241213155  
-0.2007885587  
-0.6908170213  
-1.281087171  
0.4923968507  
0.6941334942  
0.5372536695  
2.03505657  
1.555042491  
-1.790423357  
-0.5631567873  
-1.159253375  
-0.2318019363  
-0.7096231594  
0.7606719458  
-0.3697577277  
0.5401866235  
0.8668675151  
2.467743442  
0.5822716993  
0.2320626185  
-1.160834307  
0.3042003005  
0.463668641  
-0.5266306236  
-0.08975264405  
-0.2141160521  
0.1029810646  
0.5798002472  
0.794462483  
-1.082728856  
-0.7903768968  
-0.3247443451  
-0.3193452156  
0.373604708  
