-1.682565253  
-3.094132438  
1.325048455  
0.5303907014  
0.307724776  
-1.607387798  
1.565253898  
-0.3440029766  
2.293393722  
0.1710914005  
0.3223814579  
0.8031120524  
0.5343655702  
0.4558032116  
-0.1299107183  
0.4267215253  
-1.240408022  
-0.9414129123  
-0.4860054683  
-0.2934395061  
-0.2901604854  
-1.09482419  
0.6201558959  
-1.008108  
1.055641649  
0.4352132021  
0.8019550653  
1.483954808  
-0.8546527454  
-0.477455986  
1.226242772  
0.504713224  
1.936793313  
0.3933667024  
-0.652556515  
1.08140199  
-0.9432743052  
-0.4886233742  
-1.443166035  
-0.2852146061  
0.7752526724  
0.8812171676  
-0.04887769754  
0.3888048367  
0.8571566599  
0.07488980753  
0.4707850078  
-0.3594864717  
0.0415144457  
0.6440109178  
-0.4434474637  
-0.7112159855  
1.527035274  
-2.195781133  
0.5283207248  
0.5253209562  
0.3177588403  
0.3422050092  
-0.6224749239  
-0.8309236913  
0.4253588916  
1.591822207  
0.9727621981  
-0.02537477309  
-0.125020587  
-0.8129296839  
-0.6960590507  
0.7378396226  
-0.7715276204  
0.3276248083  
1.819564108  
0.5403581777  
-0.4384697566  
-0.3731828223  
-0.9412026188  
-1.753172593  
0.2509263146  
-0.3189610901  
0.6534536643  
-0.2642113137  
-0.04003121595  
-0.8289104449  
0.4619127585  
1.264062572  
0.7826500336  
-0.05129887968  
-0.8177167924  
0.7380395202  
0.07925899579  
0.07037694948  
-0.9778560873  
1.454327823  
-0.716169987  
-1.287762784  
0.6970550727  
1.204145657  
0.6425183983  
-0.2935748199  
0.2010653715  
0.4295693557  
-0.03967289834  
0.510635154  
-0.5626868985  
-0.7356925111  
-0.2283088853  
-0.5455052481  
-0.3713606341  
-0.8673411345  
-1.070471145  
-1.69849743  
0.4975521898  
0.768528  
0.6602740626  
1.293887489  
0.2684820865  
-0.6207754365  
-0.6338127648  
-1.344252418  
-0.721153597  
0.2417395102  
-0.08675318074  
0.7125016718  
-0.3982299417  
-0.2791932081  
-0.8571923366  
0.738777909  
-0.8711450203  
-1.789050195  
-0.1011312932  
-0.485721599  
0.3628247805  
0.46448932  
-0.2158440898  
0.8715392503  
-0.1191527022  
-0.4734948924  
0.6328311663  
-1.419097845  
2.504316912  
2.382656098  
1.937772892  
0.473905393  
0.6641785668  
1.028943818  
0.0827419687  
-1.210190256  
-1.158124145  
-1.282005536  
-0.8473635783  
-1.337277703  
0.5053526515  
-0.300860835  
0.3709513003  
-1.596591873  
0.8024801784  
0.9811249382  
-0.7797442559  
-0.1267127752  
1.861078036  
0.5479062606  
1.934815845  
0.3861739287  
-0.08063942109  
-0.6994774049  
0.6595235751  
1.828302461  
0.9879233876  
-1.774366862  
-1.709488919  
0.2784507037  
-1.483050528  
-0.9275979598  
0.05821005644  
-0.6065174581  
-0.439251092  
-0.7293281507  
0.1720057332  
0.5272394126  
0.6145711116  
1.132968934  
0.9343409446  
-0.1238373594  
0.7618190106  
-0.4780810641  
-1.661500792  
1.227512413  
-0.2530673937  
-2.975198798  
-0.1385877579  
0.444882662  
-1.372337382  
-0.8970468992  
0.1387821956  
-0.1976448929  
0.1095462926  
-0.3221864136  
0.03623570911  
-0.4689625585  
-0.5583963827  
1.93781214  
0.5808892298  
-1.313815541  
-0.472583819  
-0.1632008866  
0.07968528891  
0.513856142  
-0.5280235662  
0.08614726874  
1.369191782  
1.76732513  
0.9573485886  
-0.187019851  
-1.680405813  
-0.4538690321  
0.7555172206  
1.298632281  
1.485241119  
1.013894029  
0.4860673793  
1.572306882  
-0.001394216512  
-0.4604331456  
1.208332169  
-0.6867209406  
1.852263419  
-2.423954205  
-2.028902173  
-0.4206719659  
-1.150386452  
1.086184866  
-0.5549192675  
-0.2545561372  
0.777197867  
0.8699498789  
-0.2039013136  
-1.097891352  
0.5831144839  
-1.051470215  
-1.475492361  
-0.5140672435  
-1.167788106  
0.1575455655  
0.5521270467  
1.086766771  
1.222423752  
-0.02478017842  
0.5219405519  
0.9548707094  
-0.4495602543  
0.1129536098  
0.2476785196  
-1.341404222  
-0.7328594948  
-0.8532595265  
0.882676656  
1.534333001  
-1.143955129  
-0.6964087245  
-1.29226892  
0.3953745831  
0.4042400719  
0.6667756596  
-0.101317954  
-1.39295862  
1.4830274  
2.781040019  
-1.580253025  
0.7055207153  
-1.495662942  
0.01388962348  
-0.844483729  
0.48916104  
-0.4917928537  
-1.767440156  
-0.6680375773  
0.2257451647  
0.3584858911  
0.5650933129  
-0.1291681186  
-1.168878157  
0.8936369285  
-1.306318146  
0.1075025026  
0.08451805414  
0.7872328547  
1.209483646  
0.4483414556  
-0.01348143888  
-0.3188447754  
-1.312251722  
0.1682485158  
-0.001287312011  
1.093513662  
-0.6977221045  
-0.6768751875  
0.1160384524  
0.4479048674  
1.125250426  
-0.2423998551  
-0.2644530527  
0.5261607607  
-0.02517135481  
1.773681591  
-1.445024214  
-1.336878111  
0.5923119947  
-1.116797583  
0.2431351262  
0.5244306904  
0.2137498008  
-0.6026672275  
-0.3931923717  
-1.00332259  
0.8467919814  
0.07213471854  
0.7075196615  
-1.382340497  
-0.1442861895  
-0.1715864384  
1.407107966  
1.153895879  
-0.04875918225  
0.9693970481  
-1.609831555  
0.2999951834  
-0.3849795395  
-0.4803352711  
2.06829978  
0.06911903976  
0.1241809845  
0.3123403584  
-0.3656048714  
-0.5976378182  
-0.4575168138  
0.6030895311  
0.990459295  
0.3912972441  
-0.6903374795  
1.192613689  
0.7836970241  
-0.8528070405  
0.06494965408  
1.84211485  
0.03339852762  
-0.2404231207  
0.7604573439  
-1.490256957  
-1.269609225  
-1.923230594  
-1.242608996  
0.9817507429  
-1.329881268  
-2.218379462  
-1.457051039  
0.9310938045  
0.2543871391  
-0.4104970346  
1.13069428  
-0.9899033889  
-1.407310379  
-0.4121740324  
1.106092792  
-0.668424289  
0.02473531054  
-0.7658466348  
-0.9607203518  
-0.09298054483  
1.070326053  
3.048207847  
2.524657049  
-0.007832049276  
-0.7767480788  
-0.08006649514  
-0.4679244047  
-0.0806225059  
-0.2916106121  
-1.16919911  
1.312814418  
-1.32581201  
0.2930450298  
1.237473888  
0.3968259999  
1.092045276  
-0.05316048384  
1.202224102  
-0.4085008862  
-0.8893634423  
0.8337257302  
-0.1226238213  
0.5329082804  
-1.725144776  
0.2343918148  
1.753560874  
0.2302914014  
1.771991701  
-0.0155753287  
-0.08569795374  
-0.7048175425  
-0.7043470798  
0.3862734544  
-0.6489624012  
1.780744688  
0.6312285776  
0.5827308459  
0.8922039337  
-2.613083377  
-0.7477728738  
-0.5750002614  
1.802098929  
-0.386600887  
-0.1278716009  
-3.129075989  
0.08966291779  
-1.159392522  
-0.8377115858  
0.3079786585  
1.106993285  
0.4403106321  
1.327153484  
-0.2866937392  
1.477043246  
-0.01394745921  
-0.8799542357  
-0.6403088901  
1.200817278  
-0.8636676645  
-0.5793423794  
-0.1595915672  
0.338517374  
-0.7564820656  
0.03289281205  
0.637839469  
-0.6029778894  
1.085759797  
-0.3199117222  
0.1278586478  
-0.9390819337  
-2.855622304  
-0.6638857055  
-0.5880337837  
-1.384064391  
1.316594591  
1.192523631  
-0.1499515425  
-0.7556418724  
0.2989125815  
1.67398654  
2.192768558  
1.180575715  
0.4031268786  
-1.457492918  
-1.202382324  
0.1404979158  
