0.06758037971  
0.397794148  
-0.3794393242  
-0.7635754333  
-0.4440264686  
1.33428677  
0.9779418508  
-0.6260214085  
1.047061516  
-0.1586718128  
0.867180577  
-1.310653263  
0.4315106338  
-0.493347704  
-0.03787731237  
0.6708349902  
-2.313528962  
1.046792808  
0.788898161  
0.1444326278  
-0.823978914  
-0.6367863188  
1.071738211  
-2.644545196  
0.3804405385  
-0.2142428871  
-0.0009001756538  
0.4048229532  
0.9129766451  
-0.01396006192  
-0.8209693528  
0.4434802549  
0.3715728088  
-0.03074250169  
0.5304528326  
-1.064593576  
-1.058753053  
-0.4068451802  
0.5344214725  
0.1831458738  
-1.618356133  
1.078116203  
1.214511279  
-1.674822245  
-0.07381667525  
-0.8328509002  
1.173800562  
-1.234943286  
-0.517429355  
0.2902919938  
0.770701238  
1.500037192  
0.5320157117  
1.604501268  
1.555808888  
1.080179278  
-0.8591619744  
0.2546427556  
-0.1214802019  
-0.112360954  
-0.5285927405  
0.05296895412  
1.34234107  
-0.3913501906  
2.536577949  
-1.384594242  
-1.17091448  
0.8221621707  
-0.349173027  
1.181899258  
-0.4266106681  
-0.01518423316  
-0.7302692644  
-3.456670171  
0.1134029764  
-0.5757921484  
-0.9170710904  
-1.11766321  
0.2872377595  
-1.712705965  
-1.78909184  
0.7436380094  
0.7464921748  
-0.0966832748  
-0.02581499799  
-0.20908375  
0.03185757945  
-1.140770648  
0.4793907628  
-0.5301120621  
1.240468121  
1.244881694  
0.2357637017  
-0.4265251298  
-0.3797334112  
-0.3159555201  
1.292563582  
-2.188588756  
0.5819160085  
0.07380000813  
-1.940484359  
-1.286769731  
1.435681865  
-0.7101472736  
-0.0584169122  
1.228693095  
-0.4055092729  
1.299560064  
1.773751499  
-0.9247075788  
0.8900895499  
-0.1136196542  
0.06024845426  
1.452811235  
0.1708545446  
-0.8114688919  
-0.8949034468  
0.9387616117  
0.4476341488  
0.1016731783  
-0.4000986628  
-1.447945948  
0.358555363  
0.1777582556  
0.7633817168  
0.4449101143  
0.9330861621  
-1.16368151  
-0.1774692116  
0.9072729158  
0.4011336812  
-0.9566684574  
2.229171663  
1.066040832  
0.6160020598  
-0.2380380459  
0.4887993813  
-0.7559794853  
-0.4337016316  
-0.195262297  
-1.761439488  
-1.247250036  
-0.5452665147  
-1.437892792  
0.1393197357  
2.139126734  
-0.4798219224  
-1.536068891  
-0.3617726761  
-0.3724852889  
0.5221451375  
0.5804624633  
1.748472742  
1.528460851  
-0.3034046049  
-1.915232366  
-0.2921876141  
-1.162238903  
0.6300206975  
-0.08482761458  
-0.7770786649  
1.048743479  
-1.126013766  
0.7422137237  
-0.403446846  
-0.8408170611  
-1.296645794  
1.064219475  
-0.4284372882  
-0.1275586826  
0.5225806602  
-0.6315000037  
-1.017130453  
-0.5770978316  
0.4622520678  
0.8247238191  
0.4604937608  
-1.4439342  
0.1418049365  
0.6180122703  
0.5755298528  
-0.5467333989  
0.1488590222  
0.3912939985  
-1.718361211  
-1.370105156  
0.6480936711  
-1.160982021  
-0.6092064102  
0.8112719287  
-0.01180190142  
0.6400739796  
-0.6657923029  
0.6176705949  
0.9880506954  
-0.1283482482  
1.175609053  
-0.1000276914  
0.6052644639  
0.8856651674  
-0.6488812288  
1.081879181  
-0.4654305518  
0.1501962449  
0.8899445069  
0.250033823  
0.9187555753  
1.683529873  
-0.8040150095  
0.5400174319  
-0.6512624767  
1.359834838  
0.246958842  
-0.9884961769  
-0.5151012354  
1.149426151  
1.238645328  
-1.594406935  
-0.0143134121  
0.4695384847  
0.002968702504  
0.8021181659  
-0.1508295786  
-1.174213068  
-1.119064766  
-0.1352491488  
-0.6230516939  
0.7888380803  
-0.990918888  
-0.08196797937  
0.3461741704  
-0.8779389269  
-1.015631745  
-0.8245739165  
-0.8047582245  
-0.2778844479  
0.07639061609  
-1.319964256  
-1.651172961  
-0.163871417  
1.455576999  
1.056136368  
0.4057389936  
1.226863214  
0.9281511804  
-0.2200209222  
0.3238406468  
1.07251775  
-0.288468322  
0.7620425083  
-1.966310593  
-0.6444425358  
0.3479238056  
-2.209598083  
0.1138019963  
1.111966366  
0.524446572  
0.2284511963  
1.042605248  
0.9321682813  
1.3204058  
0.1536160799  
0.3073737539  
0.5449722819  
-0.03186317428  
0.939217348  
-1.127578916  
0.732529291  
-1.058646981  
-0.659938399  
-1.020373176  
-0.982982048  
-0.6808081816  
-0.7718359448  
0.8446861733  
0.7905981357  
0.6436329448  
-0.3299918532  
0.8890173676  
-0.2138055625  
-0.4298730788  
-2.053488147  
-0.4508381164  
-1.09488711  
1.185754847  
1.07803754  
-2.561751953  
-1.157296641  
0.1123722612  
-0.816032397  
-0.04640658586  
1.374080838  
0.9015647519  
1.137222405  
-0.07957174024  
0.4353697643  
1.017978624  
0.3544392905  
0.2383782389  
0.04894632587  
0.5042817387  
0.3524887261  
1.901301724  
0.217917763  
0.118583981  
-0.1102809408  
-1.025090052  
0.1597706495  
-1.698780881  
0.3894830767  
0.4067004402  
-0.8197673868  
-1.084034091  
0.5675680039  
0.5041728785  
-1.037271976  
-1.660470087  
1.019887054  
0.2243877656  
-0.9565032444  
-0.5573222348  
1.447002082  
-0.4872278187  
-1.0925542  
0.5613823532  
2.337867888  
-1.439480544  
-0.1669798579  
-1.086523318  
-0.4726437251  
-1.386582483  
2.099642116  
1.216717391  
2.048549742  
1.444766135  
2.106506057  
0.9366324803  
0.03041562044  
1.044306712  
-1.609941441  
-1.221236423  
-0.3353068446  
1.781140694  
-0.03088891065  
-1.954858415  
-1.331373241  
0.5371852296  
-1.713350087  
0.6507821514  
1.523220905  
-1.062635402  
-0.3361022333  
0.498235879  
-0.7030636387  
-0.9261682486  
0.6873978101  
-0.2580038121  
-1.630284504  
0.6662028982  
0.1749945906  
-1.287893875  
0.8241740629  
-0.6865467728  
-0.2690985416  
0.7179161828  
0.4010780959  
-1.081236252  
-0.620877336  
-0.7227395702  
-0.7883368145  
0.433681449  
-2.199817623  
0.03590510635  
-1.033911429  
0.0192928523  
0.8719514623  
-0.5430378471  
1.505206806  
0.3245692444  
1.484758851  
0.8672019729  
-0.770097588  
1.022388445  
2.622856088  
-1.60549593  
-1.11236899  
1.505944564  
1.721566487  
0.2353898558  
1.026593711  
2.178932309  
-0.06160112866  
2.286432962  
0.8268494023  
-0.3483242137  
0.4984532353  
1.411691039  
-0.8184886491  
0.6982168315  
-0.2100891554  
0.8908685925  
-0.258854995  
-0.7942359432  
1.007382446  
-1.444845864  
-1.093221422  
-0.6566299654  
-0.1575666359  
1.204659037  
-1.958666362  
-0.08599487217  
-2.295681732  
0.9506444851  
-0.06093172367  
0.5984224289  
0.4739054546  
-0.9888406245  
1.366727678  
0.4444156212  
-1.818868344  
-1.812491476  
-0.2355567754  
0.2642285354  
-1.459619253  
0.02843311055  
0.3025355216  
2.019156096  
-0.4187874015  
-0.2887439749  
0.1532371591  
-0.756282042  
-0.4522627103  
0.3006900463  
-0.003274771576  
0.1881755337  
1.186299206  
0.2271223325  
2.335365787  
1.069602937  
-0.3304129034  
0.3551073276  
-1.682044609  
0.5077604203  
-1.286882653  
0.1155732117  
-0.1779084676  
0.5030918549  
-0.07358066395  
-0.4075026357  
-0.8373402562  
-0.9497583946  
0.2503214277  
0.977109618  
