-0.3852476392  
-0.2551670198  
0.4932799827  
-1.278126507  
-1.111678523  
-0.7731889778  
-0.7912181712  
-0.8855777049  
-1.300284275  
0.73060754  
0.3928525887  
0.6923329854  
0.6054933317  
0.2560155835  
0.8517893801  
-0.5323436585  
1.317837621  
0.8169880198  
-1.363288416  
-0.6105763449  
-0.003796886966  
0.7070816688  
1.015003284  
0.4469573104  
0.4845573069  
-0.02987092483  
0.730073045  
-0.2326732578  
1.454728258  
0.7081243904  
0.6847989328  
0.8411154387  
0.4978312828  
1.746806426  
0.5908732311  
1.071699094  
0.1183820341  
0.3388870566  
1.014244098  
1.400595421  
-0.4245263628  
-0.4161446732  
0.3914965432  
1.082693576  
-0.5414730636  
0.3988257489  
-0.6436172042  
-0.3203981225  
0.09505022651  
-0.4382495017  
0.3421320437  
-0.7414362819  
-1.916417325  
0.2794537599  
0.2742565356  
-0.9914494494  
-0.7326519078  
-1.13120918  
-0.2726380047  
-0.8942748916  
-0.2471732152  
-1.32404526  
-0.7725108804  
-0.3124930894  
-0.8950552926  
-0.1513815799  
-0.645908504  
-0.2715842093  
0.006718907304  
-0.9326461682  
1.430475011  
0.2123636383  
-1.013852143  
-0.4269928667  
-0.6964132256  
-0.4342702335  
-1.0517078  
-0.3718351022  
-0.9946681431  
-0.2979373481  
-0.789821787  
-1.307113396  
-1.135846328  
-1.41010512  
-1.374866516  
-0.5991407977  
-0.7885401115  
-0.03825180354  
-0.5800735232  
0.6633252144  
1.275639242  
0.4869503872  
1.346225426  
1.430665579  
0.9489264072  
1.201888658  
0.08422436914  
1.022082308  
1.009702612  
0.7649987253  
0.8865632281  
0.4271602918  
1.189262345  
0.8415439331  
0.09478249571  
0.7575165398  
0.2206644253  
0.7265486361  
-0.3778420518  
-1.014220899  
-0.8655006784  
-0.6677770372  
-0.167308151  
-2.476681551  
-0.7105331806  
1.364891728  
-0.2987841233  
2.480497771  
2.067666457  
0.9327760087  
1.705313629  
0.4425587066  
2.173398626  
1.903743493  
1.146628344  
2.249132417  
0.2067602914  
0.5688094276  
0.09977535279  
-1.362561579  
-0.3396786068  
-0.7625955037  
0.5768890767  
0.2665790125  
-0.4575512935  
-0.07799218144  
-0.3207918003  
0.1293036364  
-0.7180825008  
-1.108105662  
-1.718277588  
-0.5072128786  
-0.9424930764  
-0.8240479531  
0.1573001379  
-0.5221119687  
-0.6495438651  
1.32814394  
0.2155306609  
-0.08143311198  
-0.4893929695  
-1.146404924  
-0.3316793441  
-0.7790027911  
-0.06432768227  
-0.212980739  
-0.09037561846  
-0.1180132529  
-0.3816856468  
-1.015861733  
-1.901377806  
-1.299861721  
-1.301968154  
-1.280251906  
-1.729808157  
-1.783580493  
-1.767936515  
-0.4608431499  
0.8067730443  
0.7792671175  
-0.1797529375  
-0.2030341129  
-0.8401258174  
0.0540617628  
-0.1722335946  
-0.8744196503  
-0.3614660235  
-0.5391711852  
-0.7050696786  
0.05110159327  
0.0275408881  
-0.6439407054  
-0.03171147351  
-0.9221235856  
-1.395895535  
-0.01183206786  
-1.11288844  
0.553813052  
0.6506315523  
0.07276221037  
1.139386014  
1.329793172  
0.9648613332  
1.193438928  
0.6812648311  
0.816800689  
1.501847394  
0.01724572148  
1.428123328  
0.2649725567  
1.13628394  
1.611944551  
-0.3411656413  
1.614840236  
1.355671594  
1.960112652  
1.396604312  
0.9274494323  
1.152659023  
0.1918340109  
2.210869783  
1.602708696  
-1.255640701  
-1.042820962  
-1.081307728  
1.724805055  
1.762311516  
0.05428405393  
-1.105172543  
0.01100179171  
-1.363972598  
-0.4859860191  
-0.216617508  
-0.3109736369  
-1.14943734  
-0.03317860456  
0.9294031516  
1.020786918  
-0.9937685231  
-0.5888670234  
-0.5568117774  
-0.6261612652  
-0.626729814  
-0.3790783854  
-0.6161384026  
-1.36103947  
-0.4456414035  
-0.9961596757  
-0.396114454  
-0.684942276  
-1.283380901  
-1.015767508  
-0.8293388423  
-0.4986342617  
-1.102500951  
-0.6081773672  
-0.7332975969  
-0.8771490371  
-0.8702547021  
-0.6402147295  
-0.2279363742  
-0.1723935537  
-0.4207509832  
-0.4785299669  
-2.018344651  
-0.282201995  
-0.00970395884  
0.1442870826  
0.8288424445  
1.305595827  
-0.6404971381  
0.596311879  
0.05282517793  
1.206881766  
1.425136662  
-2.019465944  
-1.418649278  
-0.9545219719  
0.9034573649  
1.313070245  
0.8263693702  
1.193539663  
0.1449009972  
1.229192493  
1.384345672  
0.2719582814  
1.048858236  
-0.1514913666  
-0.9781264547  
-0.3759482637  
-0.7112473171  
0.3913057733  
-2.254821106  
0.8809370998  
1.357740997  
-1.055040364  
1.075660367  
-0.1680739388  
-1.51731488  
0.8405642159  
1.410246774  
1.339769238  
1.281296315  
-0.2536766827  
1.094544065  
1.018003238  
1.765565524  
2.39370046  
-0.170619358  
1.902192028  
1.396048022  
1.096119075  
2.465956401  
0.6361287207  
0.02571970806  
1.371733238  
-0.5299331452  
-0.8777078743  
-0.7587447369  
-0.4777745769  
-1.451392455  
-0.5813120792  
-0.5368118787  
-0.869584401  
-0.7984999419  
-1.002551831  
-0.8198660992  
-0.5553995415  
-0.47062898  
-0.01523950613  
-0.1704493029  
-0.7728719491  
-0.008422695738  
-0.9246287411  
-0.1831057782  
0.5471496802  
-0.3133845229  
-0.3033194128  
-0.9844626102  
-0.1889974732  
-1.020747454  
-0.03812095792  
0.6401571042  
-0.7135234522  
0.09141640426  
-0.3584408376  
-0.2981928258  
1.247633379  
1.416011682  
0.1877946281  
0.02503025603  
0.4741871554  
1.282643417  
1.026507002  
1.834986677  
-0.05305064462  
0.8654970335  
0.02314057152  
-0.671898792  
-1.978059531  
-1.054423178  
-0.8839998016  
-0.5202132346  
-0.6030187943  
-1.527467803  
-2.221164181  
-1.448953907  
-1.547565511  
-1.251331123  
-0.8219618726  
-1.272141943  
-1.449111988  
-1.818861134  
-0.8856336952  
-1.046920373  
-1.280462487  
-1.458880171  
-1.216433917  
0.255945845  
0.809678534  
0.8194472344  
1.408373887  
0.4642043964  
-0.08464104632  
0.7263675398  
0.3465553534  
1.22558536  
-0.1869495164  
1.335442539  
1.200779375  
-1.001180776  
1.165462583  
-0.6920418203  
1.583992221  
1.427483878  
1.729729036  
2.106122838  
-0.7919371472  
1.298712439  
1.788623624  
-1.004522412  
1.699311219  
-0.5857810164  
1.936955312  
2.014713215  
1.619849719  
2.132059288  
1.833952462  
2.216017851  
2.048270742  
-1.535806954  
-1.768198729  
-0.6006992773  
-1.260744236  
-0.8929061679  
-0.3548257988  
-0.5317603493  
1.256084767  
-0.148771476  
1.979413607  
1.884945684  
-1.018452869  
-0.6423796129  
-0.6379262813  
-0.0124066932  
-0.06297956068  
0.05294460732  
-0.5915072231  
-0.8066573615  
-0.1966838712  
-0.5755774777  
-0.5613881344  
-0.011254653  
-0.3062154646  
0.1862388118  
-1.82129536  
-1.985774016  
0.8238463786  
0.5481793131  
-1.203542708  
-0.3441902732  
-0.7227550074  
0.2041291761  
-0.1600176077  
-0.4537294393  
0.1863205048  
-0.3831897756  
0.5010023822  
0.7455827361  
0.04226730431  
0.1737425718  
0.07155988924  
0.4619800396  
0.5474620806  
-0.08241943598  
0.3522884087  
0.5738230534  
-0.5113107926  
-0.5085800814  
0.09607796636  
0.2467328081  
0.4093603398  
-0.2582549469  
