-0.8905557377  
3.250368987  
0.4306193484  
-0.4742881955  
-0.2029357861  
-0.6516036904  
-0.6285898375  
-1.562415593  
0.4971728521  
-0.9272271737  
0.2476112754  
-0.210320332  
0.01035951226  
0.3837565458  
-0.4585323768  
-1.275427197  
0.260552549  
-0.2305500319  
0.43274229  
-1.188632112  
0.2564583515  
0.8466160642  
-0.1647720024  
-0.3620264933  
1.511451824  
-0.5309451289  
0.8038625957  
0.7021979298  
0.8467492653  
0.6607390409  
0.4832394896  
0.006419341185  
1.323594033  
-0.04116636953  
-0.5497000467  
1.124182826  
0.81281087  
0.341800925  
0.1988804887  
0.02072139959  
-0.2035658193  
1.268699157  
0.7842555878  
-0.1992641686  
-0.01735073149  
-1.697934  
1.514945433  
-0.8436264796  
-1.14760178  
1.419466812  
-1.880493375  
-0.2009760615  
2.249750003  
-1.336456732  
0.3889064593  
0.2373525272  
-0.9611443569  
-0.9818739498  
-1.133844831  
1.887890602  
-0.5694118336  
1.15805951  
0.3509232988  
-0.5198449625  
0.4683940602  
0.418021171  
1.108911462  
-0.04696979293  
-0.1425851758  
1.90632957  
-0.2186847376  
-1.995114523  
-2.404976676  
-1.114245684  
0.5057888412  
-0.9219349195  
0.3918740507  
-0.06861117179  
0.9755978194  
-0.2777941937  
-1.265954143  
-0.1736887216  
-0.2016169978  
-1.129533802  
-0.4796931337  
0.04327885353  
-0.69557609  
0.1480738739  
-0.09039896829  
0.3644547441  
-0.06007661933  
0.6789721129  
-0.410402057  
-0.03502445754  
1.070824518  
-0.1366338123  
-0.8163449766  
-1.024751224  
1.138736795  
0.3491268582  
0.1710089611  
0.9087987257  
0.4033316504  
0.64164862  
1.755812806  
0.9510258862  
1.187561659  
-0.1388441281  
0.5248662997  
1.764083889  
1.952786057  
0.8207593002  
-0.5112807413  
-0.8666233322  
-1.258868449  
-0.4241199362  
-0.1136388567  
0.140113688  
1.640584031  
-0.372490699  
-1.830020279  
-0.6693489261  
-0.4347167352  
-0.047686463  
-0.5380189972  
-0.4429460511  
-1.402259076  
-1.277504935  
0.55775565  
0.1920341741  
-0.4778362532  
-0.1556115324  
-0.5305123751  
-0.1220573351  
-0.709970534  
-0.4208751366  
0.03699751657  
0.3379990143  
-0.05639374609  
0.5843577853  
-0.7856910572  
0.799911935  
0.7522484693  
0.4756988434  
0.9279051756  
-1.198944856  
2.544315776  
1.342489164  
0.8376787484  
1.858348259  
0.4502667535  
-0.7600125719  
3.575266213  
-1.218885702  
-0.1467145114  
-0.2746243832  
-0.4665160368  
-0.4434406118  
-0.6678970739  
-0.3319537696  
-0.02842069775  
-1.244192075  
-0.01695502509  
-0.04515021395  
-0.6288529692  
-1.264902767  
-1.262251278  
-1.421305888  
-1.019783329  
-1.077741393  
-0.3807639963  
-0.5421394923  
-0.9199371929  
-1.039050559  
-1.123591502  
-1.035487019  
-0.9690150814  
-0.9889410314  
-0.7246545625  
-0.8763896826  
-0.1908753251  
4.731393316  
0.7022828106  
-0.1045872775  
-1.105605309  
-0.3177243954  
1.096676574  
0.6708818202  
0.03951564983  
0.2588832506  
-0.2414493407  
0.4806279711  
-0.5278942585  
-0.5987082215  
0.5431668846  
-0.4931367288  
-0.2480797403  
-0.04654438655  
-0.2026099856  
-0.08589318265  
-0.4214347901  
-0.03048328163  
-0.1378903237  
1.121306212  
-0.4726649422  
-0.9989304022  
2.126182418  
1.166300033  
0.8030949498  
0.04896918789  
0.3787138803  
0.4259428162  
1.070059714  
0.2372615788  
0.3324539647  
0.7627285298  
0.3332346743  
-0.003328248253  
-0.7379430085  
0.2934210422  
-0.3230623908  
0.5535378498  
-0.8921699512  
0.2184724265  
-0.5103117801  
0.6701360345  
-0.4162184444  
-1.378854335  
0.1793175535  
3.007956964  
0.89261017  
0.5320062897  
-0.9684937691  
1.536678828  
1.524144471  
-0.04289157201  
0.125656159  
0.4753303032  
0.8708162764  
0.1246324764  
-0.4398010883  
0.5580295768  
-1.101904317  
0.1984026337  
-0.3956381824  
0.4130560477  
-1.191633722  
-0.6830283952  
-0.9699576187  
-0.57872777  
-1.108489964  
-0.4242456079  
-0.7385923325  
-0.4070883794  
0.008182179167  
0.5599291006  
-0.2076271969  
0.01407255419  
-0.2387687296  
-0.2274617355  
-0.8994240597  
0.513984965  
-0.6380989043  
0.2449643384  
0.2683060208  
-0.05985538924  
-0.04272798261  
0.3423591077  
-0.09545158634  
-0.1069319676  
0.1912165731  
-0.2240321849  
0.3275977479  
-0.3259920417  
0.8267521363  
0.7283228905  
-0.5093834838  
0.03725655332  
-0.0126388206  
-0.07748713431  
0.01467615408  
-0.1976586354  
-0.4907315743  
0.2289193524  
-0.1160161666  
0.4889779649  
0.1462707821  
-0.1716321809  
0.06588724504  
-0.4496745503  
0.7761237752  
-0.2978993  
-0.06980433354  
0.6654367766  
0.125366267  
-0.05844113618  
0.06791685283  
-0.5663775193  
-0.3266499943  
-0.4635337102  
0.613571833  
-0.2907329838  
-0.5174641941  
-0.7793878766  
0.02302065433  
0.6874929113  
0.4545890449  
0.2023615523  
0.110405466  
0.6579555804  
-0.09396811938  
0.8969408122  
0.02000756381  
0.1320377534  
-0.2980159698  
-0.4402451877  
0.1117643031  
0.04397411719  
0.5834181172  
0.1963748067  
0.5229713614  
1.049029703  
-0.04505483218  
-0.3510364196  
0.4541396308  
0.2124903609  
-0.1350421298  
-0.289963009  
0.0390783885  
-0.2730162949  
-0.08627638642  
0.2120060788  
-0.002086946125  
-0.04474535785  
0.1224818446  
-0.2455192739  
-0.2844794604  
0.7041229052  
-0.08035510396  
-0.0774298679  
0.1691936287  
-0.05648554516  
0.8154413246  
-0.04327666883  
0.6251413021  
0.7303038218  
-0.1156326834  
0.1358752656  
0.01891595345  
-0.5097917529  
0.4554799886  
-0.7478512771  
-0.1228076172  
0.3395740845  
-0.3390326172  
0.683217825  
0.5044082578  
0.1799109143  
0.1834072291  
-0.03327142215  
0.1325504802  
0.1090732944  
-0.1740159897  
-0.3036242222  
-1.087891977  
-0.3126811527  
-0.3358298659  
0.08861273743  
0.5128095138  
-0.3803861254  
0.4334453054  
0.2486011303  
-0.4561355845  
-0.1953296279  
0.005420723859  
-0.6060919836  
-0.06997213669  
-0.6599311069  
-0.5349287429  
-0.4674081453  
-0.3223077399  
0.07680154914  
0.04112371941  
-0.6896524856  
0.1628730008  
0.00189536112  
0.3411918341  
-1.070874671  
-0.4524394405  
-0.3104711056  
0.1066852843  
-0.2439738524  
-0.397875456  
-1.236467564  
0.05222781117  
-0.3895018435  
-0.8472307559  
0.0678245865  
-0.02077700027  
-0.1953642333  
0.2439085206  
0.7248225717  
0.6821695002  
-0.5510515526  
-0.226670906  
-0.4856123472  
1.173398701  
-0.9191117838  
-0.3044764903  
-0.3996795726  
0.1181116079  
0.1998246377  
0.6080699105  
-0.5989757162  
-0.2019777481  
-1.270712264  
-0.5085578703  
-0.2328820203  
-0.2798578575  
0.08238396986  
0.0725858487  
0.1630990914  
0.01907022181  
0.02650544432  
-0.1635849269  
-0.02695617738  
-0.5739278332  
0.235915142  
1.424369849  
-0.04072978023  
0.3584994823  
0.2148504706  
-1.600146125  
-1.371159042  
-0.9618000696  
-0.09847629993  
1.87923054  
0.7192302883  
1.260815551  
0.1546969793  
-1.051563871  
1.274171813  
0.5237045291  
0.8971686301  
-0.8676605522  
-1.052451979  
-1.043544968  
-0.5492623006  
-0.04096186285  
-0.6099295651  
-2.108299354  
-0.07374672908  
-0.6658950415  
-0.7291874675  
-1.840878497  
-0.6836618066  
-0.5999134792  
0.001832632189  
-0.08855237314  
-1.531542162  
-1.189411696  
-1.759070773  
-1.527997642  
-1.386611964  
-0.721577372  
-1.034557787  
-0.1901486402  
0.1029063065  
-0.667815594  
-1.169502985  
-1.322018492  
-1.9044903  
-1.805669029  
-2.753673502  
6.267652261  
8.11879569  
-0.3646187746  
6.779161653  
5.71717399  
0.3604973582  
0.1652123781  
0.6700956533  
-0.0741231236  
0.5725486095  
0.5842351376  
2.357831433  
0.2124115196  
0.1957392788  
0.2492092831  
-0.432154834  
1.178587721  
-0.1161288439  
0.5204517517  
0.04619649687  
0.6818501029  
1.054536618  
0.1849408898  
1.051571377  
1.844308488  
-0.1004640618  
-0.6686406477  
0.4958890964  
0.1677907972  
0.04130733919  
0.6767543393  
-0.006582512741  
0.07013729457  
-0.1333450718  
-0.893272799  
1.226980764  
-0.1023483959  
0.5473901766  
0.5230709529  
0.1714239848  
-0.9086288333  
0.0385742423  
0.024147324  
-1.187948509  
-0.08158232881  
-1.622239098  
-0.7419089067  
-0.1276746762  
-1.986627939  
-1.679937695  
-1.531698801  
-2.187950193  
-0.1568232113  
0.2857000257  
0.2783744035  
0.1642893883  
0.2585377041  
1.234023051  
-0.3663519516  
-0.3399170313  
0.4187486996  
-0.6023374962  
1.730271612  
-1.599562162  
0.6510964308  
-0.5843620168  
-0.6602149942  
2.354315272  
0.4269029875  
0.983043266  
-0.6893428997  
-0.07063165274  
-1.535501478  
-0.7065340328  
-1.030433091  
0.7833533402  
0.6044050605  
-0.5178955276  
-1.863854636  
0.5966005125  
-1.423545911  
-1.823428156  
-1.170539208  
-1.149995407  
-0.7540177472  
-0.03697394202  
-0.7173840347  
0.7190583841  
0.3336479015  
0.2105647827  
0.2893510048  
0.3036970921  
-2.269456375  
1.36164437  
-0.1644317687  
-1.003563985  
-1.148333603  
-0.1933686033  
-0.8622934867  
-2.909998191  
-2.735231556  
-1.821649155  
1.53825623  
3.20645137  
0.6999739798  
0.9089351061  
0.5271771128  
-0.5441126838  
0.2149107314  
-0.5186938985  
0.5848452557  
0.3943184588  
3.515829253  
14.27222888  
6.6182716  
0.2979330632  
4.534841094  
2.277131349  
-0.07372546956  
0.2802452079  
-0.2335680618  
0.2969600632  
-0.3013330566  
0.05443175893  
-0.5520821643  
-0.3103965594  
-0.595790001  
-0.9267400564  
-0.7420203647  
-0.6552108225  
-0.9786924748  
-0.4630165785  
-0.6280375424  
-1.069039959  
-0.3331622787  
-0.6935033785  
-0.3944590813  
0.08866243828  
0.3652238521  
-0.7636288035  
-0.3222430287  
-0.473759528  
-0.1399740591  
-0.111160868  
0.1547411789  
-0.5282725987  
0.09539416496  
-0.4994750992  
0.2148041873  
0.2729450623  
-1.078618596  
-1.100380669  
-0.7579969677  
-0.207388263  
-0.226681696  
-0.7401765191  
-0.3275607788  
-0.487105889  
-0.2484517359  
-0.4906398565  
-0.07195027003  
0.1347451779  
-0.478595889  
-0.8548223163  
-0.1944764814  
-0.7437946131  
-0.2545311218  
-0.4892962048  
-0.4558705447  
-0.1049678639  
-0.4392079423  
-0.5131335024  
-0.846193159  
-0.1514746096  
-0.1075069084  
0.2954915948  
0.4854873344  
0.04113949692  
-0.3917394646  
0.0772799794  
-0.1341955366  
-0.04938340337  
-0.2044462929  
-0.8162835865  
0.5358078061  
-0.1383519931  
-0.1300180285  
-0.484934119  
-0.1795580849  
0.0003877367217  
-0.02932866447  
0.06812807995  
0.751395363  
-0.5824380777  
0.1685404228  
0.4647391618  
-0.474114259  
0.3360054019  
-0.33194181  
0.438522202  
0.2659408597  
0.5816391328  
0.2719620367  
0.08110820483  
0.5346825161  
0.1531308089  
-0.2635128282  
-0.2668305092  
0.3342656224  
-0.2329808757  
-0.6281383811  
0.7551823362  
0.2557873533  
1.167488849  
-0.3279655045  
0.1430741882  
0.1882898232  
0.9087915479  
-0.283958505  
0.4263199394  
0.9038336757  
0.2219821484  
0.5525100512  
-0.0460689187  
-0.549300255  
0.5320523448  
0.6907101761  
-0.4683350301  
0.5435746597  
-0.9644102995  
0.1225403286  
0.4285038843  
-0.05893069061  
0.8020880664  
-0.5217142789  
-0.6942463225  
0.04211270698  
-0.3678770045  
1.03286874  
0.2505046707  
-0.4024437173  
-0.6657352522  
0.2413419546  
-0.4381017683  
-0.6983951398  
-0.04640989614  
0.1188831369  
0.301866496  
0.1936207969  
-0.2158379434  
-0.1927698067  
-0.3033174992  
-0.2056255342  
-0.3655836118  
0.02218211121  
0.7754701555  
0.4082320874  
-0.2947807986  
0.2076565226  
0.9685321395  
-0.2396936218  
0.7364068022  
-0.02196539184  
1.073759856  
-0.5728496193  
0.4625082346  
0.2481416941  
-0.2288687827  
-0.2084570461  
0.128126597  
0.2764156396  
0.109351719  
-0.8083000382  
-0.01454968665  
-0.6215851235  
-0.5577002413  
-0.3633129814  
0.06309049953  
-0.3914209658  
0.1864815162  
0.2442766851  
-0.4808937411  
-0.5121653176  
-0.5845678134  
-0.1351501601  
-0.6708569082  
0.4770016262  
-0.142371583  
0.585122926  
0.07169671002  
0.4390856992  
-0.4185990896  
-1.291037239  
0.04172047968  
-0.0779500584  
0.9000691671  
0.5145865801  
0.2436781895  
0.5316233555  
0.7896536157  
-0.3709143159  
-0.1202401176  
0.6659992035  
0.702609195  
-0.2036669945  
-0.3909133317  
-0.4693336652  
0.5111390761  
-0.2061700353  
-0.6031219453  
0.05567079629  
0.1892716584  
-0.6334957958  
0.2006051355  
0.2297097852  
0.0226887356  
0.5236224919  
0.840110811  
-0.8324266772  
0.02083072464  
-0.09886841055  
-0.09655980651  
-0.1554102128  
-0.2485805548  
-0.1593287507  
-0.2944029053  
-0.5755826855  
-0.0749040196  
-0.919262107  
0.2517682036  
0.293704433  
0.005746773718  
0.1190969686  
-0.2539953115  
0.02837361691  
0.08088356989  
-0.06617458045  
-0.162314059  
0.05831635427  
-0.3517239611  
0.05729432915  
-0.2693043412  
0.1522439692  
-0.293636812  
0.5589549154  
1.325508804  
0.1345247548  
0.4252069212  
-0.03113298705  
-0.05483220365  
-0.6972292043  
0.6040471925  
0.01946200501  
0.2985460348  
0.1161771468  
0.6086807529  
-0.1400356898  
0.4940876224  
-0.0311451805  
0.3351340857  
-0.3594622329  
-0.2993954505  
0.09996231864  
0.006167434308  
0.3942144723  
-0.046082344  
-0.04367592763  
0.3366992489  
0.6710768848  
-0.1262360835  
-0.290023807  
0.08893074175  
0.1443419567  
-0.5103293148  
-0.3044752258  
0.09780302704  
-0.5283298685  
-0.04436184708  
-0.5259107557  
-0.4193552096  
-1.387147705  
0.04890873642  
-0.4780230807  
-0.660467769  
-0.1605815926  
0.1150839508  
0.3272007392  
-0.4670241201  
-0.06354391401  
-0.02614467431  
-1.366565145  
-0.9167926015  
-0.2482815685  
1.178366452  
-0.3812046933  
-0.3395230625  
-0.5053792441  
-0.5681613612  
-0.7713934335  
1.635035709  
0.03566710123  
5.90539683  
5.057494532  
1.823648768  
5.873491778  
0.0126497527  
-1.355494339  
-2.489959684  
-2.045223983  
-1.376568311  
1.647971404  
2.20971678  
-0.2932415394  
-1.384982511  
0.3257995411  
-0.594527236  
2.653219982  
0.3907557655  
-1.79059755  
-1.989191039  
-1.676993283  
-0.07838320694  
0.1360266413  
0.2768422777  
-0.3079832197  
-0.533519842  
-0.1088105962  
-0.04255215669  
-0.1015331887  
-1.028819119  
-0.717571331  
-2.362395399  
-0.02054785719  
0.3562315701  
0.07560966769  
-0.03001057858  
0.5984200108  
-0.8951317003  
0.9378404348  
-1.760491977  
-1.482497045  
-0.7442647118  
-0.5864005291  
-0.1439903879  
-0.3728920735  
-0.5261934435  
-0.04218955292  
0.2339567199  
-0.3647360788  
-1.156803109  
-1.040232059  
-1.199054038  
-1.677873848  
-1.654100889  
0.2890573334  
-0.1730240885  
0.2130543776  
0.3456171965  
0.2875208909  
0.4158436032  
-0.1748863066  
-0.3412981133  
0.396471834  
0.5011377146  
0.5508313723  
0.6214122819  
0.9358785239  
1.81836768  
0.5425260457  
1.247451734  
0.6722841511  
0.9550626718  
0.688758638  
0.2386635025  
0.2970518622  
0.2452674822  
0.6819947772  
0.443802011  
0.4961859268  
-0.1614370459  
-0.6534106957  
-0.3635346671  
0.2274390397  
-0.1408653794  
-0.4233405016  
-0.3953358698  
-0.1710450688  
0.1015311543  
-0.05694415285  
0.009294097321  
0.6760175316  
0.5254413972  
0.1181486873  
0.5763711449  
-0.2362500434  
1.177444137  
0.3742500592  
0.4480152675  
0.5129561502  
-0.1515616075  
-0.009827125254  
-0.1697881521  
-0.5552664551  
0.6734124696  
0.5021058922  
-0.220476952  
0.9666684665  
-0.7057753186  
-0.7065463788  
-0.2654015568  
-0.3420593611  
-0.06504434649  
0.0064565174  
-0.2481189063  
0.1930739156  
0.6353875104  
0.1099619789  
-0.4675703077  
0.5332455003  
-0.7778097059  
-0.0686196808  
-0.4317033884  
-0.100529912  
0.8038797647  
-0.1652695364  
-0.03988113001  
0.3284310485  
0.3111670336  
-0.8971187942  
-0.7674363602  
-1.007848751  
0.327278893  
-0.3976564839  
0.08957909657  
-0.01208414639  
-0.01313856637  
0.2750292538  
-0.6204425003  
0.07412575855  
-0.5573029101  
-0.06287811986  
0.03425394128  
0.5631793036  
0.8595392974  
0.6957662024  
-0.6771561732  
-0.2234733503  
-0.8519827552  
-0.7056034137  
0.4533423065  
0.5600093968  
-0.5342299344  
0.2805325669  
0.5166485317  
0.2812825599  
0.711051613  
-0.1516777727  
-0.023440901  
0.3779278282  
0.1215911168  
0.06876485035  
-0.02331786101  
-0.5372179497  
0.7404048025  
-1.100423799  
0.336790423  
0.3669452903  
-0.1847863037  
-0.3550676139  
0.4227024601  
-0.4971502871  
-0.0132743516  
1.129272267  
0.01038239503  
-0.6158982851  
0.7298872367  
0.8429416798  
-0.641272176  
-0.4494319142  
0.1728796946  
0.1246085584  
0.05611835494  
-0.3069094792  
0.5921303048  
-0.4907545272  
-0.6468158432  
-0.1227046737  
-0.5476428829  
0.1421684464  
0.3576990729  
0.6775522571  
0.1738368653  
-0.1881832937  
0.7395787526  
-0.3457532042  
0.3062980105  
0.03697390798  
-0.2892323012  
0.2430950792  
0.3548176015  
-0.4408092615  
0.06443172173  
0.01973682997  
0.2831373862  
0.4098473084  
0.2441203766  
0.2557910093  
-0.8688953726  
-0.1661336395  
-0.3502198752  
-0.540887937  
-0.1673738165  
0.2677034438  
-0.3706064496  
-0.3654038348  
-0.2840450674  
0.270784724  
0.4847064236  
1.342044476  
0.3886359765  
0.725745221  
0.05810260973  
0.1432242069  
0.2988515834  
-0.2767847491  
0.3943681182  
0.4482215306  
-0.1516196193  
-0.1870674786  
-0.0580431806  
-0.434350243  
-0.04806105512  
-0.0695818399  
-0.143078901  
-0.2967981567  
-0.5667241101  
-0.6448668111  
-0.4451384341  
-0.1769965392  
-0.4772239464  
-0.2362922958  
0.8485654188  
-0.7512712934  
-1.158315494  
-0.09135522803  
-0.4247124243  
-0.4515024693  
-0.2721352349  
0.07837725042  
0.1321065166  
-0.4306498513  
-0.342528006  
0.03346369459  
0.3149350434  
0.09449530964  
0.3972322401  
0.1828100671  
0.7563618703  
-0.2145974941  
0.08830029533  
0.1882818209  
-0.1208295944  
-0.07396528908  
-0.4163515738  
0.04088400607  
0.1182436487  
0.3465245014  
0.04339024715  
-0.4952290386  
0.1268201182  
-0.4110577925  
0.5704226814  
0.2985248146  
-0.4181020859  
0.3879175739  
-0.5977423707  
0.09233865843  
-0.2312906035  
0.2668986123  
-0.3484772925  
-0.2927090074  
-0.07668332214  
-0.3263536528  
0.5710561887  
-0.8292179607  
-0.05110673109  
-0.3405206293  
0.2448667059  
0.3281782064  
0.7883068407  
0.8324952653  
0.1920393457  
-0.2988579916  
0.770214444  
0.177825998  
-1.04243037  
-0.2319281747  
-0.289562554  
-0.0412785369  
-0.5904393873  
-0.2174650235  
-0.279458634  
-0.05403302713  
0.02618125605  
1.11447792  
-0.5090812471  
0.190516791  
0.6598002208  
0.2361843381  
-0.8436835522  
0.5279010454  
0.5790091865  
0.2881666146  
0.22326298  
0.4884585968  
0.1179418558  
-0.4725727274  
0.2902945257  
0.1893128461  
-0.2107333563  
-0.2378361811  
-0.6357147813  
-0.748466538  
-0.1550568859  
-0.6359987038  
0.4599896564  
-0.6362289431  
1.467311715  
-0.345804299  
0.9011441384  
1.33775848  
1.16323859  
-0.02942930757  
-0.5265066151  
-0.09983119163  
0.3512796714  
-1.365707267  
0.1950662005  
0.7071103012  
0.5921255763  
0.07926722265  
0.1739178484  
-0.4972904032  
0.1971307881  
-0.2321638268  
0.2236162814  
-0.4191657454  
0.04948065416  
0.2184170683  
-0.1631409706  
0.3472913963  
-1.141201193  
-0.4885614576  
-0.6972385634  
-0.570378724  
0.5537340245  
-0.512909188  
-0.9121178692  
1.391151373  
0.518288049  
0.01549652273  
-0.6007975477  
-0.1384981806  
-1.166009624  
-0.398597914  
-0.535071868  
0.1923959284  
-0.02801111247  
-0.2475965732  
-1.096352024  
-0.1181878693  
-0.6732235068  
-0.2020192955  
-0.4783619611  
-0.4391950164  
-0.902660233  
0.005240199302  
0.2099430518  
-0.1483368217  
-0.502427881  
0.4764850165  
-0.6280744584  
0.3517146279  
-0.3547772918  
0.4446195576  
-0.8488365297  
0.07731536784  
-0.0698165357  
0.09033489639  
-0.8348630265  
-0.6276004234  
-0.2680529967  
-0.2428375903  
-2.10356282  
-0.07855382783  
0.6944791531  
3.726009587  
3.364964687  
0.9705065937  
1.441724196  
1.382276882  
0.4604474003  
-0.1309747902  
-1.25919881  
-0.9630595277  
-1.659553688  
-1.289979038  
-1.35477394  
0.02112885649  
-0.7311078527  
0.1788239557  
0.2799574423  
-0.2239209829  
0.8975118108  
