-0.8499540515  
1.167173891  
0.07809682588  
-0.1029332448  
0.01138460274  
-0.8208703719  
-0.03356263043  
0.6904167028  
-0.1763761424  
0.2408942864  
-0.2012456936  
-0.9947171233  
-0.02139969184  
0.2043778765  
-0.3853528334  
-1.251978173  
-0.5288167193  
0.1574530322  
-0.6871851135  
0.5107827426  
0.3024227865  
0.8295733893  
0.332978406  
-0.6306483171  
0.4029171104  
-0.1826700684  
-0.02538467207  
0.06818334802  
0.6786927811  
0.4641450166  
1.27176792  
0.9371150004  
1.069116699  
0.03460226613  
1.260099352  
0.5274022237  
0.7685254506  
0.9688857669  
1.228380602  
0.09092644049  
0.9009921467  
0.4739062546  
0.1819765542  
-0.4627171517  
0.4415785035  
-0.2544823245  
0.7820476464  
-1.825280366  
-1.015351479  
1.029083174  
-0.09866370271  
1.095804666  
-0.1622196911  
-0.2080624773  
-1.11909523  
-1.20774353  
0.7522449242  
-1.167790792  
-1.012010969  
1.532588471  
-0.9903579387  
0.2497915426  
-0.673316124  
-1.483643402  
-1.241914976  
-0.05835883736  
0.3140711869  
1.494246444  
-0.2967399653  
1.360848293  
0.3137695217  
0.08539949941  
0.4089571246  
0.7537296566  
-1.283645939  
-1.348964542  
0.5388896314  
0.3502333958  
-0.7280584241  
0.6212379602  
-0.9353680622  
-0.3045374009  
-0.3071623674  
-0.35585616  
0.3550901598  
-0.1288070171  
0.04351072256  
0.2102015965  
0.7787885445  
-0.01685243625  
-0.1593952087  
-0.02762904361  
-0.6740691487  
0.18849287  
0.1497712477  
0.4478136314  
-0.4898511666  
-0.4551121779  
0.5388736705  
0.3724035276  
0.09824694235  
0.786514241  
-0.327585347  
1.364991654  
1.096284467  
0.3756852271  
0.7169046964  
-0.3043666866  
0.2190472923  
0.3827791709  
-0.1345805834  
-0.05209091275  
-0.5595414592  
-0.5285215028  
0.005870379939  
-0.2935266657  
-0.5869501574  
-0.4883683598  
1.065707772  
-0.3521360041  
-1.38313982  
-0.3220827196  
-0.905674004  
1.16207031  
-0.4681663783  
-0.3442094699  
-0.7235473001  
0.4772269435  
-0.0457976302  
-0.4278118657  
-0.01209506152  
-0.3061208905  
-0.3481304169  
-0.5935870029  
0.709890496  
-0.9375265762  
0.587768722  
-0.4249423111  
-0.8448430726  
1.311345235  
0.2962046785  
0.1488151319  
-0.1918524809  
-0.190399474  
-0.1537869181  
-1.447305055  
-0.2437644439  
-0.3925645323  
0.6342906954  
0.7677927102  
0.2757206697  
-0.349958527  
2.176527509  
0.1649774019  
0.5087462456  
0.7220997073  
-0.02156020478  
0.7853443259  
0.2009355483  
0.4289542508  
-0.5146192115  
-0.2375416931  
-0.2597448344  
1.327958175  
1.179532233  
0.7006257691  
0.2759697306  
-0.2414819138  
0.2948273006  
0.6066806466  
0.4345003155  
-0.09580105255  
0.8720555892  
-0.3734938858  
-0.4200616702  
-0.6110451216  
-0.4834342848  
-0.2559332402  
-0.01676361572  
-0.1042050365  
-0.108831049  
2.254349702  
-0.6535201025  
-0.7602004687  
-0.530420814  
-0.8579689263  
0.008013185083  
-1.251881604  
-0.385335921  
-1.025279489  
-0.7978075594  
-0.4373488005  
0.2245987596  
-0.2380989338  
-0.3759166965  
-1.160023206  
-0.912847409  
-0.5071073962  
-0.7456787361  
0.09102782886  
-0.3519629725  
0.4636892503  
-0.04520617254  
0.3757616417  
-0.1093166772  
-0.1553312337  
1.784423533  
1.195773333  
-0.1759801736  
-0.3448461225  
0.03592619005  
-0.7407087277  
0.1968425308  
0.3311915439  
0.1857617888  
0.4584538043  
-0.1660713992  
0.2164535557  
-0.6241636391  
0.2767552041  
0.3800126153  
-0.007324749881  
0.02494177096  
-0.4472242395  
-0.2510903529  
-0.1323271936  
-0.05304088601  
-0.5010096757  
-0.3594496376  
1.189327221  
-0.03312809541  
-0.2209875588  
-0.1276588446  
0.1674705001  
0.870880091  
-0.4120816772  
-0.3901455852  
0.9024308221  
-1.053965095  
-0.7206840799  
-1.128148456  
-0.537637492  
-1.387306394  
-0.4483300563  
0.8762151848  
0.5789831846  
-0.256867483  
0.3411961537  
0.1409588314  
-0.1110804552  
0.02637781183  
0.3022265356  
-0.04663155121  
0.661533328  
0.2967546907  
0.5371059423  
-0.1701938086  
-0.0538155783  
-0.07254352488  
0.09441757106  
0.8211416623  
0.1870453804  
0.03644095515  
0.1511863131  
-0.01394463225  
0.4414222882  
0.4166357403  
0.4414337643  
0.1421486095  
0.6750894044  
0.3531022491  
1.011949855  
0.6392855998  
-0.2738753014  
0.4216191204  
0.9346935634  
0.5332543444  
0.03204790824  
-0.1046041452  
-0.2338156727  
0.06839823945  
-0.237603449  
0.09325086209  
-0.1309414553  
-0.6362050786  
0.3804539662  
0.3086334277  
-0.3448784539  
0.2118817437  
-0.3174504682  
-0.02245659589  
-0.189329601  
-0.2980452326  
-0.4129592417  
-0.04456087639  
-0.2628207333  
-0.2982401227  
-0.610533834  
-0.5735268984  
-0.8345152881  
-0.6525684249  
-0.4345803022  
-0.1229328816  
0.2731658304  
0.2344652801  
-0.1974802136  
0.1163099408  
0.2273414783  
0.01454442142  
0.3103460892  
0.1656120218  
-0.02238505061  
-0.4263709053  
-0.3680163805  
-0.2137880249  
0.3041006922  
-0.4749440534  
-0.4721301544  
-0.6351745486  
0.2821308395  
-0.03057439565  
-0.2629145565  
0.2811324697  
-0.4246682035  
0.0317077692  
-0.2881342385  
-0.3210694853  
-0.447596645  
-0.05148230661  
0.4076943441  
-0.170686568  
-0.4133562476  
0.2268856778  
-0.3166208135  
-0.4761009973  
-0.4531205138  
-0.2748688978  
0.1556336918  
0.05037987732  
-0.4951829272  
0.03534936212  
0.0466300178  
-0.3362441982  
-0.6363887515  
-0.08424766314  
-0.06191827636  
-0.2250253284  
-0.1123550385  
0.09071477388  
0.04753171438  
-0.03798586286  
-0.1888964143  
0.1593830534  
-0.2204210944  
0.4681756643  
0.5697449381  
0.317134224  
0.575591805  
0.8012422376  
0.7611831298  
0.8110867974  
0.7485574923  
0.407214489  
0.4886557243  
0.1101593396  
0.2460440303  
0.01508613104  
-0.1791005944  
0.2202269595  
0.5783729793  
0.6412964795  
0.1139926613  
0.5005762997  
0.5884328151  
0.5657937768  
0.1115472099  
0.04984502715  
0.9568878098  
-0.2434526103  
0.4317975832  
0.8263260214  
0.09198206151  
0.8331623134  
0.0980827087  
0.5306967463  
0.2176747896  
0.006176481856  
0.8998602744  
0.7998357919  
-0.4751401576  
-0.3321442899  
-0.6593294066  
-0.4258742599  
-0.122540593  
-0.6528327535  
-0.5707476273  
-0.2599707451  
-0.08253980665  
-0.08477267774  
-0.4512709621  
-0.3473161047  
-0.7686900301  
-0.8952129175  
-0.1103456682  
0.4816051958  
2.668659554  
0.8805540737  
-0.5673878967  
-0.9737147845  
-0.08280586596  
-0.5383763171  
-0.397951785  
0.3738411341  
-0.2431048884  
-0.2701848948  
0.5688539208  
1.183042231  
-0.3309761601  
-0.3642553771  
0.9299441623  
-0.08878565433  
-0.09790940073  
-0.1502074785  
0.3298808212  
0.293849269  
-0.1438039869  
0.4623011938  
-0.1921022967  
-0.6627349525  
-1.128495087  
-0.9765751781  
0.05138477043  
-0.6848091071  
-0.5359317195  
-1.268940305  
-0.8166166857  
0.1911797018  
-0.567854625  
-1.410559486  
-0.6635256524  
-1.74146661  
0.610466562  
1.654654811  
1.585134398  
-0.8619050755  
-0.06750428217  
-1.242574144  
-0.7021689472  
-0.7156043992  
-0.06772616526  
-0.1677643964  
0.2911224636  
0.7359229685  
-0.0524593494  
-0.9116702179  
-1.175903775  
-0.6898348585  
0.07751939801  
-0.6978724497  
-0.5920301883  
-0.03789354555  
-0.2751312607  
-1.454806323  
-0.669590509  
0.05645224251  
-0.2358854273  
-0.3219076182  
-0.4797948753  
-0.4169425018  
-0.7996800087  
-0.4643543787  
0.1011383467  
-0.6867780528  
-0.8056812699  
8.490191325  
10.37626085  
2.333650233  
5.956665969  
4.91362275  
-0.07871394173  
-0.4930439959  
-0.7073180894  
-1.452478302  
-0.9304435484  
-0.6026320457  
-0.2839093754  
-1.445416333  
-1.515276624  
-0.7991969721  
-0.8362474602  
-1.061533598  
-0.7405574618  
-1.920255753  
-0.6941996754  
-0.1136052083  
-0.6644854443  
-0.3878062262  
-0.2819801901  
0.3052424333  
-1.227595719  
-0.3427356901  
-0.1884775085  
-0.3891261843  
0.04007022951  
0.2719970324  
-0.1382687293  
0.7258375418  
-0.548110146  
-0.1785616642  
0.2435911561  
-0.3750195815  
0.4959773439  
1.784731576  
-0.9099000157  
-0.2343335771  
0.4584790642  
0.4537990885  
-1.008515116  
0.1323087766  
-1.15696862  
-0.1067508391  
0.8226079981  
0.08807256179  
-0.5717371733  
-0.1875372941  
-0.1671150156  
-0.07480576677  
-0.2054724515  
-0.4415413476  
0.01012686443  
-0.1961079661  
-0.318198619  
-0.4812000483  
-0.3587757292  
-0.7714373625  
-0.5990253824  
0.5808331485  
-0.3156497835  
0.8136414985  
-0.07327191453  
0.1082534055  
2.016554853  
-0.4975112227  
-1.308753611  
0.1538333716  
0.677520853  
-0.4305523645  
-0.4282912519  
-0.1652751428  
-1.090427815  
-0.7669163551  
-0.246662581  
-0.004946891452  
0.03342015258  
-0.8843908178  
-0.8431267992  
-0.3126148993  
-0.9150158429  
1.743335074  
0.1578330802  
-0.3580312136  
0.1320241569  
-0.6840568612  
0.5856216532  
-0.1993737357  
-0.1404319969  
1.576502691  
-0.6333706228  
-1.095855573  
-1.264029427  
-0.7715470343  
0.1199718233  
0.3545722621  
0.2968838366  
0.3561992118  
0.172820622  
-1.577101002  
0.9437592608  
0.5329104291  
-0.6257499042  
-0.5371419575  
-0.1003011107  
-0.4699917643  
0.07591265728  
-0.4529511916  
-0.1720053275  
1.884298032  
13.94498815  
6.825615138  
0.4708515067  
2.323099985  
0.1858074445  
-0.413628942  
-0.4096016404  
-0.2914124869  
-0.1669113851  
-0.6766318425  
0.06148078323  
0.3790176044  
-0.5563411799  
-0.8244895912  
-0.9326406222  
-0.2409715662  
0.4791365836  
-0.0271594989  
-0.524500639  
-0.4451873064  
-0.2553685555  
-0.5395664058  
-1.596203954  
-1.142968696  
-1.668262589  
-1.115484921  
-0.999842129  
-0.6558971428  
-0.6862184065  
-0.793176946  
-0.6330209455  
-0.04148295359  
-0.8144574962  
-0.05900625846  
-0.4458357859  
-0.181716584  
-0.6676944513  
-1.19548832  
-0.5223207668  
-0.2217462981  
-1.29079517  
-1.032847557  
-1.18459672  
0.04767597348  
-0.08792398655  
-0.2590485682  
0.09300508686  
0.08461570064  
0.06904254358  
0.2696581491  
0.0008522580058  
0.3820192604  
0.130115582  
0.5311646807  
0.4186057565  
-0.00568755819  
0.6573417496  
0.08709479963  
-0.09174021677  
0.1641414311  
0.2053360076  
0.1508150421  
0.5618838854  
-0.1956276306  
0.04833244554  
0.01811899248  
-0.300724383  
-0.3644694728  
-0.445556823  
-0.2689276231  
-0.1428914016  
-0.3789513886  
-0.1388803367  
-0.1190935511  
0.0545710519  
0.009869283402  
0.2050645437  
0.2312241504  
0.494632913  
0.6844619883  
0.8309821443  
-0.3795916967  
0.3441688141  
0.2384263918  
-0.4381338688  
-0.2385423105  
-0.2542770927  
-0.4055090614  
-0.1927432935  
-0.05853227995  
-0.3144615797  
-0.4798132548  
0.3837330236  
-0.5750830536  
0.4440864864  
0.3149165651  
0.3849968706  
0.818062572  
0.9503362284  
1.254537985  
0.4611300438  
0.3347563409  
-0.3539550489  
0.2087252331  
0.3974674079  
0.8932673555  
-0.1337051307  
-0.5657414074  
-0.2660810509  
-0.4698479443  
0.1700075988  
-0.7162725984  
-1.072428235  
-0.3116714951  
-0.4760422443  
0.4021479533  
0.2351077372  
0.398497266  
0.3442200125  
-0.1701589171  
-0.1276833792  
-0.1961704717  
0.3389928179  
0.03068478469  
-0.3251766851  
-0.2407287346  
0.1791320421  
0.04518297463  
-0.09202019659  
0.04148550933  
0.3078688903  
0.1244131176  
-0.03012135856  
-0.6121402809  
-0.05634399143  
0.3318486129  
0.277471126  
-0.1235197339  
0.1408349731  
-0.3145918262  
0.05132128547  
0.1182916781  
0.1253374677  
0.2047354093  
0.4849561025  
0.1786962271  
0.08722358302  
-0.549484915  
-0.1982603733  
-0.7171782558  
0.5513620641  
0.5851492326  
0.761164215  
-0.2177290382  
-0.7236415612  
-0.0254183945  
-0.1584076833  
-0.6718671572  
-0.1260981991  
-0.9421744082  
-0.1909663824  
-0.3931894768  
-0.3365610191  
-0.5489381152  
0.2052677637  
-0.01221631907  
-0.07923656443  
-0.1722342473  
0.2897239937  
-0.2451168289  
0.2743341053  
0.1393544643  
-0.2698350124  
-0.08643827994  
-0.2852764664  
0.4366355446  
0.1026082311  
0.1595348526  
-0.3541643658  
0.1291473807  
-0.2464166426  
0.0008655319771  
0.07627114969  
0.0106238692  
0.1851187236  
0.3336580133  
-0.1961622373  
-0.2009331176  
0.4460949066  
0.3512957127  
-0.2709033481  
-0.1795367938  
-0.06146389877  
0.1861964749  
0.1042754767  
0.04647296234  
0.4052146683  
0.0147169413  
0.1441857499  
0.4516069314  
0.6819170078  
-0.1030676896  
0.1808930575  
-0.2222865839  
0.09910512814  
0.3090051979  
-0.4362904756  
0.5678857008  
0.3949648832  
-0.2010944332  
-0.4868234142  
-0.2041003243  
0.1747322037  
0.06265051359  
-0.4839207835  
-0.1190689174  
0.07113098219  
-0.3246370309  
-0.2871707324  
0.007515221474  
0.2409713809  
-0.3649539825  
0.1012798434  
-0.06208271035  
-0.7630411284  
-0.2832297862  
-0.1217696842  
-0.4233408559  
0.4205193958  
-0.1722180424  
0.2927045554  
-0.505295401  
0.1125550352  
-0.6026139725  
-0.04413385947  
-0.6028706374  
0.4153570748  
0.5155192189  
-0.04146869848  
0.191855026  
0.03082636231  
0.07588603585  
0.2862782051  
0.003740489684  
-0.08318750736  
0.1637917587  
-0.05859981894  
-0.4682515859  
0.1269368056  
-0.6504238463  
0.2546913397  
0.169441144  
-0.2597144948  
0.2320682126  
0.1126317337  
-0.29991842  
-0.1827215955  
-0.1268852621  
-0.2974635655  
-0.01597417439  
-0.07590374433  
-0.07717720585  
-0.3236967546  
-0.7505924231  
-0.3812371393  
-0.09847906641  
-0.9180009093  
-0.2056775818  
-0.35973127  
-0.7101102033  
-0.6068693835  
-0.656635361  
-0.1656841365  
-0.8783757025  
-1.042797349  
-0.5862237033  
-0.7091321103  
-1.074757156  
-0.8600706724  
-0.9302166521  
-0.5549939248  
-1.059419116  
-0.8596255563  
-1.164502064  
0.02229370671  
-0.7314291872  
1.942579783  
4.025968581  
8.364634218  
1.4248106  
-1.335782392  
5.894817456  
9.823249035  
1.295587177  
0.00442146985  
-0.08804487337  
-0.1203179664  
-0.4861869205  
-0.3083319622  
-1.125729123  
0.2804422552  
-1.356445275  
-1.545771572  
1.901863066  
0.4769570253  
0.01727082992  
-0.1184178546  
-0.02108622471  
-0.4093864702  
-1.01923757  
-1.212334709  
0.2994882963  
-0.984951097  
-1.115657793  
0.6839493675  
0.00616892165  
0.0962609808  
-0.5780488829  
0.02950010919  
-0.5816657906  
-0.6236244663  
0.4659107863  
-0.1674229339  
-0.5867503096  
-0.6130013949  
0.7424890947  
-0.4431811677  
-1.619108186  
-1.07590696  
-0.3568752695  
0.3645805904  
0.2660168189  
-0.8716491163  
-1.067042186  
-0.1659059188  
-0.2908965119  
-0.3179296325  
0.4246168004  
0.6083031245  
0.36907221  
0.146636866  
-0.1588001788  
0.1116166053  
0.2123637275  
0.5208511173  
0.06966522738  
0.8824509899  
0.2226241901  
0.3345505908  
-0.1331147667  
-0.682967716  
-0.818919573  
-0.8032761031  
-0.1922713474  
-0.2814415944  
-0.6358395918  
0.07318338512  
-0.8757008952  
-0.2838777613  
0.07059514918  
-0.6711479757  
-0.5010798832  
0.007649773486  
0.3229614881  
0.3383800685  
-0.4108107793  
0.004294106307  
0.04958499585  
-0.1677264871  
0.2988966611  
0.2317931051  
-0.2838654725  
0.6464873204  
0.09036575164  
0.2691416737  
0.4576076668  
-0.00825722557  
0.5813147311  
0.1350278807  
0.4146482647  
-0.2057852289  
-0.1146495687  
0.3978218337  
-0.0635258413  
0.04912728471  
0.09811394357  
0.136125781  
0.5303592116  
0.09799318299  
0.0391843647  
-0.1001920223  
0.192028268  
-0.7078360852  
-0.1411301118  
-0.5076995191  
0.152021858  
-0.4144039238  
-0.1291926671  
-0.01653015989  
-0.4625855684  
0.1568625394  
0.5347753338  
-0.5920870827  
-0.1422403638  
-0.4727578133  
0.1640354788  
-0.6682766452  
-0.03760465199  
-0.5775771377  
1.210604746  
0.2493613999  
0.2733647769  
-0.4235083453  
0.407221878  
-0.3524537462  
-0.6561185207  
-0.4683651526  
0.007063828683  
-0.05560463996  
0.1266284847  
0.04024402065  
0.05263192303  
-0.1047733655  
-0.01557455041  
-0.3412657306  
-0.1262435722  
-0.2309209625  
0.5150846182  
-0.2954961473  
-0.1111630207  
-0.09428977465  
-0.5034765346  
0.2128687308  
-0.8040570755  
-0.269815643  
-0.1211573158  
-0.6159344048  
-0.2063658544  
0.4359860898  
0.7206515005  
0.9969606774  
0.5768464423  
-0.3131660918  
-0.08783375211  
0.343931186  
0.2514079966  
-0.1020362924  
0.3328594489  
0.3659824519  
-0.511339564  
0.241934027  
0.2027336225  
-0.2242708451  
0.8696084118  
0.038707365  
0.4116763305  
0.3543074056  
-0.09365932472  
0.04940151749  
-0.5267118113  
-0.5699230622  
-0.4175819343  
-0.5489795599  
-0.9505419297  
0.1001763606  
0.2916056912  
0.3707112364  
-0.2413623818  
0.4561929632  
0.214657326  
0.4795300371  
0.01330080315  
0.2272277985  
-0.04821149492  
-0.2696923792  
-0.2246328522  
0.102868877  
0.5072782885  
0.2508114572  
0.07835853634  
-0.2887660865  
0.3236212832  
0.350822666  
0.6686196653  
0.6206047439  
0.4005835939  
0.062133321  
0.07092139839  
0.5025448936  
0.2694937561  
-0.01649169255  
-0.565677244  
0.1976422651  
-0.06886780424  
-0.06920564929  
-0.03082586112  
-0.09317627267  
-0.2924967303  
-0.245098937  
-0.05832240245  
-0.9662677756  
0.0133978629  
0.5701016287  
0.3574858198  
0.104654905  
0.2486842941  
-0.2093025984  
0.4071388007  
0.7880651489  
0.6803877839  
0.6746894386  
0.4195229241  
-0.2866291445  
0.05820745566  
-0.002323073081  
0.4756470125  
-0.2700762163  
-0.3236128051  
-1.037681659  
-0.1990312925  
-0.5166529379  
-0.01280673333  
-0.001984685695  
-0.2239433152  
-0.1732100971  
-0.2690393452  
-0.4535629052  
-0.6134390054  
-0.5208167702  
-0.5932030373  
-0.4103146504  
-0.2748301054  
0.1543054438  
-0.2637154577  
0.04179551251  
-0.4785035027  
0.1365279596  
0.03002705808  
-0.4715735762  
-0.4771219486  
-0.1945846675  
0.2939682917  
0.8534244523  
-0.02859460446  
0.9226605619  
0.514254119  
0.1782074972  
-0.3607679613  
0.1514368014  
0.2674714737  
0.02742536348  
0.3291892848  
-0.326683871  
-0.4024815897  
0.2747181328  
0.5258152554  
0.09255739998  
0.02578061738  
0.0783596384  
-0.07689445168  
0.2956945742  
0.5213946236  
-0.2118217487  
-0.08562926758  
-0.07302317654  
-0.3431535278  
-0.01269779383  
0.1134257002  
-0.07266692439  
-0.3086830677  
0.03706728441  
-0.4185912976  
-0.2167111574  
0.1284447108  
0.1571215292  
-0.1828423728  
-0.4967436656  
-0.2695303361  
-0.3417404437  
-0.001614097669  
0.0818363493  
-0.2318174981  
0.5792415753  
0.6392024751  
0.2037189127  
-0.07477663419  
-0.0191075313  
0.3034094197  
-0.1515999693  
0.5405756154  
-0.02001074896  
-0.5861574184  
0.217871731  
0.3818558352  
0.2864934562  
0.1379624533  
0.3083079598  
0.1103368763  
-0.3145086801  
-0.4916032782  
0.3034613803  
-0.2717259167  
-0.1023175867  
0.06671960401  
-0.06872496614  
0.5713668798  
-0.02376541952  
-0.1183423814  
-0.1236691497  
-0.1561154632  
-0.02509460321  
0.4268672219  
0.4742415983  
0.4072201654  
0.04487352035  
0.1850469897  
-0.08546297781  
-0.3930481997  
0.1504730631  
-0.004815567072  
-0.3859636136  
0.8564677767  
0.9202110854  
0.5299457025  
-0.6557267389  
0.7880010393  
0.1897035446  
0.4159702771  
-0.4708600171  
-0.8893851832  
-1.030135936  
-0.2594490443  
-0.3744871814  
-0.5148771562  
0.1962283222  
-0.3365756535  
-0.06864508423  
-0.1427071998  
-0.2242497255  
-0.02346052028  
0.2555091204  
0.07996132754  
-0.1555895187  
0.1873239748  
-0.1275380339  
-0.1958467045  
-0.2535922957  
-0.5883736552  
-0.0389375434  
-0.2316664288  
-0.5626223759  
-0.4023918333  
-0.07447452784  
-0.05381341224  
-0.1356036439  
-0.4424682122  
-0.1430760723  
0.581508255  
0.2704885876  
0.3437557869  
-0.09350617929  
-0.2687832454  
-0.4513066432  
-0.7147475017  
-0.491924094  
-0.25921975  
0.2147132788  
-0.8961980416  
-0.5251698585  
-0.1942750806  
-1.216638739  
-0.6610531605  
-0.5203946226  
-0.7768107038  
-0.4670102158  
-0.5856099789  
-0.3593008698  
-0.3969012284  
-0.6568950623  
-0.441801452  
-0.5417357809  
-0.8252822681  
-0.237167519  
6.247829298  
8.372832771  
6.838852227  
2.12215037  
-0.3378649747  
0.2581890132  
-0.6352123756  
-1.402126838  
-0.8161373496  
-1.568267443  
-1.241882748  
-1.131170812  
-1.120072277  
-1.1380506  
-0.9431777832  
-1.392447565  
-0.8084294039  
-0.4693097538  
