-1.48380736  
0.06236460681  
-0.2672206637  
-0.9033198931  
0.2228468243  
0.5737326531  
-0.2185555142  
0.2516413395  
0.2563543797  
0.4849978938  
0.2545518979  
0.05418118037  
0.295943247  
-0.2099489284  
-0.1706998033  
-0.7462182805  
-0.1190360476  
0.352863291  
0.3726038071  
0.2090812899  
-0.2324755606  
0.8629261037  
1.039982768  
0.1098610903  
1.010072596  
0.4491087939  
0.2283863259  
-0.3149154669  
0.003774776802  
0.3162383045  
-0.1932029469  
-0.4116843647  
-0.09292327344  
0.3296260309  
-0.2895022466  
-0.3573958712  
-0.005035868089  
0.09465577776  
0.5457750351  
0.4062251698  
0.06549037197  
1.150554298  
0.1260251745  
-0.1406754029  
0.5740288993  
-0.4863265403  
0.7076673257  
-0.2787484688  
-1.103414115  
0.2963291334  
-0.7095598332  
0.2142789553  
-0.0890405161  
-0.213636476  
-0.2956279356  
-0.1471709518  
-0.3084432704  
-0.7114444499  
-0.6716439879  
0.324296444  
0.393862022  
0.7206623337  
-0.5355510515  
-0.3011925043  
-0.2692844398  
-0.5315929289  
1.09154689  
0.4081017526  
0.725930273  
1.240264722  
0.8158044885  
-0.1391836674  
0.255000372  
0.4766086771  
-0.4875846318  
-0.6737490919  
-0.5414784336  
-0.4821686704  
-0.01416336555  
0.1316787199  
0.2983451833  
0.01243858776  
0.03624578386  
-0.2592978509  
0.04182923111  
0.3001010581  
-0.8051513247  
0.2676100744  
0.08887940451  
0.3031046657  
-0.2053883428  
-0.04560083644  
-0.6315844025  
-0.1369791843  
0.7529875844  
0.8073738554  
0.4113542845  
-0.07942867796  
0.3542990261  
-0.2306010649  
-0.01814069464  
0.008698453612  
-0.2198909248  
-0.5722188937  
-0.5074744857  
-0.01358762769  
0.5846154416  
-0.1628677798  
0.009518250613  
-0.1124373152  
0.5702169529  
-0.1053026933  
-0.5539045469  
0.004034777766  
-0.9137389908  
-0.136570448  
0.2125127978  
-0.2595329465  
1.573169457  
0.06010409414  
0.1835492304  
-0.2624735625  
0.2520630462  
0.582827299  
-0.4915939058  
-0.4478632541  
0.5523146505  
-0.478272914  
1.244555124  
0.2649261521  
-0.7023454479  
-0.2233646703  
-0.6779456108  
-0.2835154918  
0.303503291  
-0.3533052803  
0.3731575146  
-0.5022531123  
0.2410555613  
0.742457939  
-0.5033231916  
1.269105946  
0.04589400731  
-0.112229491  
0.2731183731  
-0.1502474088  
0.6116795941  
-0.06755047384  
0.2339877274  
0.2837814124  
0.369606199  
-0.5913080165  
1.898178658  
0.7955623385  
0.8061089196  
0.2543116571  
0.7473804435  
0.09573358088  
0.5797781786  
1.015924914  
0.09414332344  
-1.157008481  
0.5171049504  
0.9728825334  
1.476315697  
0.817408  
-0.3178791075  
0.05034827968  
-0.6966624288  
-1.196711464  
-0.9393759503  
-0.917569473  
-0.9621100332  
-0.4749241982  
-0.8371273409  
-1.444120088  
-0.7169966777  
-1.277116935  
-1.240973556  
-0.7759065322  
-0.5080404988  
-0.6500050686  
-1.675831606  
-0.9910013518  
-0.4388420902  
-0.8069964818  
0.2226580841  
0.3302103517  
-0.58700895  
0.03874909231  
0.6026305783  
0.4556386013  
-0.6989499213  
0.266369325  
0.3806258428  
-0.2122093034  
-0.07442521441  
-0.04345728964  
-0.225978096  
0.1546897713  
-0.4017900725  
0.5237700565  
0.538304875  
0.2910860773  
0.1238934805  
0.2762127553  
1.956632714  
0.619001484  
0.2334043462  
-0.01199946868  
-0.1895970474  
0.4322302252  
0.4650612227  
0.7096785833  
-0.2844610776  
0.5763565662  
1.062956097  
0.7058392421  
0.2081601088  
0.2844754096  
0.03568918226  
0.7371735072  
0.3086839934  
0.5609665281  
0.2367439733  
0.2791883663  
0.388039215  
0.004163494741  
1.017550903  
1.336920351  
0.3635659093  
1.110219698  
0.6920197454  
2.176325694  
1.181828959  
0.7241484987  
0.4281099337  
0.1652974058  
0.11164695  
-0.06849470075  
0.1224901152  
-1.171792918  
-0.1671790004  
0.1982857149  
1.218472676  
1.732111594  
1.103937796  
-0.027890313  
-0.5777534788  
-0.3366698501  
-0.8692431106  
-0.6956794624  
-1.103773876  
-0.8855373252  
-0.9688299978  
-0.3949601847  
-0.7177972167  
-0.3649551002  
-0.08481238929  
-0.2603192677  
-1.396976056  
-0.3949053712  
-0.8202888067  
-0.5379273169  
-0.6489897914  
-0.4947211302  
-1.030463912  
-0.4353017169  
-0.2127466001  
0.3024657043  
0.2605851653  
0.2517801798  
0.2053370068  
0.05608932347  
-0.1655120687  
0.2478348101  
-0.1948842333  
-0.2431998306  
-0.3361556668  
-0.03094737689  
-0.2067420101  
-0.2962155338  
-0.4599014034  
-0.1338024586  
-0.04826255779  
-0.7161117766  
0.01415455453  
-0.1860297751  
-0.6756650764  
-0.2753782088  
-0.923899652  
-0.1891086622  
-0.4150242202  
-0.03128959835  
0.8441657696  
0.6024993867  
0.8920629311  
1.126014063  
1.106536197  
0.3134008928  
0.6920471359  
0.7103113862  
1.102476137  
0.459100225  
-0.01337138041  
-0.6392329852  
-0.6166534775  
-0.7504348113  
-0.1427918767  
-0.9242076468  
-0.8749482596  
0.01790194739  
-0.02350148883  
-0.666605991  
-0.218355412  
0.4593800384  
0.4303395586  
0.03329571721  
0.4259076547  
-0.1860145221  
-0.2644339479  
-0.5639422099  
-0.1550995012  
0.3194964959  
-0.2314417081  
0.2467567339  
0.5324675431  
0.04547040881  
0.2549711661  
-0.7623813325  
-0.2154821373  
-0.4368050425  
-0.382131185  
-0.511215799  
-0.3945458384  
-0.6706960284  
-0.7527517922  
-0.206805485  
-0.3001983143  
-0.5104729404  
-0.5527767158  
0.05423621753  
0.3388854629  
-0.02124513243  
-0.2837866054  
-0.09458605392  
0.2044800802  
0.348730983  
0.3644798673  
0.3386745239  
0.6514644731  
0.2876542803  
0.1512202005  
0.5417147878  
0.548625949  
1.053760147  
0.474131928  
0.5249560094  
0.03441081139  
0.404330595  
0.2568626725  
-0.06317535164  
0.5867375292  
0.55042833  
-0.09784654717  
-0.2288675269  
-0.1737516243  
-0.2496273759  
-0.4599362755  
-0.04510322985  
0.09362788711  
-0.2439070046  
-0.1043926155  
0.03271812009  
-0.03166677941  
-0.655410748  
-0.002418391837  
-0.3950334857  
0.0664155596  
-0.4914970179  
-0.1059231362  
-0.3202722961  
-0.441324745  
-0.08140880676  
-0.2922298405  
0.2180777893  
0.318821467  
-0.1047929602  
-0.3716418727  
-0.3848695557  
-0.3375175511  
-0.6088404598  
-0.449359833  
-0.4080794759  
-0.1678606698  
-0.1084443106  
-0.05568562325  
-0.127034006  
-0.6554442891  
-0.9058450892  
0.01032203001  
-0.6657620988  
-0.005458657316  
-0.09589225024  
0.4603542435  
2.134334664  
1.448545591  
-0.0253426344  
0.7225038463  
-0.3278457235  
-0.2495453264  
-0.6832075503  
0.2045009798  
0.1738367218  
-0.2638263676  
-0.4710526671  
-0.4443681798  
0.1731980127  
-0.4057205615  
-0.2881213103  
-0.8659301158  
-0.5816778031  
-0.1157876833  
-1.158922285  
0.5322561122  
-0.2685791282  
-0.3093356175  
-0.1473470423  
0.5522520719  
-0.2308107846  
-0.3839191635  
0.6395189636  
0.08655590613  
0.2474574112  
0.8404648898  
0.3244919529  
0.7748257015  
-0.470199568  
-0.2919482676  
-1.050944923  
-0.2135216504  
0.4401704222  
1.972865266  
1.518032312  
0.4551885671  
-0.04731353667  
0.07068754108  
-0.102077138  
-0.517607971  
0.6227834223  
-0.1437319356  
-0.02827206962  
-0.3649667562  
0.4392918195  
-1.499230557  
-1.344417038  
-0.9527704436  
-0.6133588514  
-0.5939243518  
-0.1451869943  
0.1743442968  
-0.2549758227  
-0.9899732048  
-0.6110092838  
-1.239942029  
-1.033627852  
-0.7380381422  
-0.6475995769  
-1.441426935  
-1.880916523  
-1.446279996  
-1.706042051  
-1.532468177  
-1.587534475  
2.417149718  
10.6118641  
0.1655059773  
4.636180238  
2.755427296  
-0.3713559208  
0.1896289552  
0.3211585275  
0.1924501827  
0.3118084332  
0.1997804217  
1.175518781  
0.09021099193  
0.03783680007  
1.105185999  
0.3861569809  
0.8432639558  
0.5961650129  
0.8339249872  
0.04624561205  
0.3763393054  
-0.1471763412  
0.7665932967  
2.048889689  
0.07587122428  
-0.07384741101  
0.1294788308  
0.3299762011  
0.3045283346  
0.0754106696  
0.2871088791  
0.200137066  
0.2559793529  
0.2116774141  
0.3838730047  
0.669984011  
0.2678816143  
0.4517945513  
0.1136002041  
-1.392994842  
-0.1567889427  
-0.4255964733  
-0.7784446073  
0.1033730077  
-0.8840978294  
-2.15566193  
-1.764209655  
-0.5240988947  
-0.5785255081  
-0.6505462723  
-1.668950209  
-1.482867786  
-0.4410734262  
-0.4552450666  
-0.09658184548  
0.08819816247  
-0.0512175096  
0.4544362073  
-0.3780548921  
0.3620235175  
0.9286488287  
-0.01314061566  
0.7083317792  
0.5615253969  
0.6770198643  
0.7780663791  
0.02457609461  
2.241853022  
-1.146916059  
-0.9338249645  
-0.1011164285  
0.3228721718  
-0.1585472184  
-0.7424953992  
-0.673589305  
-0.223137995  
-1.035623166  
-0.3171624735  
-0.6400702622  
0.07201897382  
-0.1055439171  
-0.4306180594  
0.7609204882  
0.1712193523  
1.002584689  
0.7950961711  
1.059594358  
-0.8477522786  
-1.274126348  
0.4614492798  
1.474861745  
0.5838029892  
1.539560856  
0.6474459167  
0.6231545957  
-0.1315348895  
-0.05385898226  
-0.05520324359  
1.377528809  
-0.2550144547  
-1.394653156  
-2.102407877  
1.601704682  
-2.124588517  
-0.06525039117  
0.2707394463  
0.0744009082  
0.0502244687  
-0.3200239487  
-0.224193492  
0.5857954138  
0.128355828  
2.726367445  
4.855139279  
6.601804241  
1.133708804  
0.3886786765  
1.599995544  
1.072483098  
1.197578663  
0.1500442747  
-0.1854065725  
-0.2625334931  
-0.1131573809  
-0.4019910128  
-0.429605982  
-0.6452431246  
-0.01265016155  
-0.7451323839  
-0.9111883359  
-0.2857961519  
-0.9249249185  
-1.239728078  
-0.5545615213  
-1.182403454  
-0.8067628266  
-0.4659254832  
-0.6836209339  
-0.1779310258  
-0.1877044741  
-0.1115696172  
0.02661291016  
0.2483669651  
-0.7212679109  
-0.3610539258  
-0.5507347584  
-0.9030123288  
-0.5388875647  
-0.7515693155  
-0.4510153573  
0.154407971  
-0.4668251322  
-0.6893272902  
-0.2334648518  
0.1111316971  
-0.1137092408  
0.5052005838  
-0.4634617131  
-0.138305271  
-0.3638213197  
-0.1249916516  
-0.3070698642  
-0.3032688312  
0.1540866573  
-0.1695920291  
-0.02081858055  
-0.1795208905  
0.1171192083  
-0.2854272697  
-0.3190032356  
0.3434515812  
0.1165340126  
0.08043050854  
0.1045984273  
0.4607259629  
-0.6019238575  
-0.5324556349  
0.2830042882  
-0.2262774697  
0.2766437651  
-0.1924619293  
0.01391366347  
-0.1310751991  
0.1706052253  
-0.3132819711  
-0.2320767982  
-0.2446174563  
-0.4380788363  
-0.4020169386  
0.459864502  
0.0194372439  
0.1239618268  
-0.5662175026  
0.01601005163  
-0.4076606155  
-0.2617003482  
0.2849264739  
0.01244752334  
0.04475161432  
0.747931793  
0.2686048779  
0.5578796549  
0.5885487745  
0.5664285599  
0.2946414274  
0.1252581278  
0.322635677  
0.01223248846  
-0.6730887522  
-0.3393398421  
-0.3824563936  
-0.290764213  
-0.6296221044  
-0.4711258283  
-0.01913369452  
-0.3609487051  
-0.07534675852  
-0.113326296  
0.307638697  
-0.1988952638  
0.3009714719  
-0.1746521749  
-0.1455983541  
0.1458557231  
0.1792439018  
0.3122604376  
0.06702760442  
0.07696404336  
0.1589032257  
0.007952047998  
0.1324962999  
0.250608993  
-0.06362054203  
0.09872810083  
0.5147971885  
0.1343102913  
0.2984216933  
0.08394322262  
0.1347294272  
-0.01651709114  
0.3476275826  
0.4993110544  
-0.06650886854  
0.4178318899  
-0.1404824836  
0.3080247426  
0.1938402406  
0.4892051961  
0.2877483595  
0.5541073347  
0.640483588  
0.893585276  
0.2988459316  
0.05179314664  
-0.2410166393  
-0.2652672286  
-0.5959771637  
-0.8512858089  
-0.9211088238  
-0.4753306858  
-0.1618968259  
0.03378399677  
-0.06267206677  
-0.46666186  
-0.3255474795  
-0.8300023826  
-0.4884049206  
-0.08132621204  
-0.008411342271  
-0.1348120214  
-0.5707126124  
-0.004167880528  
0.1573376416  
0.0006805725849  
-0.1861725795  
0.1220677461  
-0.3206316316  
0.01668005311  
-0.4754309986  
-0.5936742987  
-0.2078925364  
0.2899113391  
-0.1679057531  
0.3661874352  
0.0611429921  
-0.003546931584  
0.2672128227  
0.166810062  
-0.3856068349  
0.2127127993  
0.4186612316  
-0.1591251049  
-0.1032073308  
0.07566988401  
-0.09244284524  
0.2818551792  
-0.01475541382  
0.3170869937  
-0.2774374843  
0.1981693926  
0.009089917098  
-0.2989238558  
-0.3505797471  
0.08066375634  
-0.001861093671  
-0.04689478242  
-0.02586902486  
-0.1870691069  
-0.01765513479  
-0.3980582854  
-0.1761024599  
-0.4177440528  
0.232115817  
-0.3397592515  
0.5640474477  
-0.2092133762  
-0.1084937269  
-0.04114698816  
0.272022254  
0.2203892251  
0.1414402324  
-0.2326484062  
-0.03161520459  
0.5664055835  
0.3678223312  
0.3088240013  
0.174926625  
0.1658544216  
-0.09948084744  
0.3148337376  
0.1313805941  
-0.3281269339  
-0.2693725492  
0.3525722291  
-0.08758308372  
-0.4905238942  
-0.008658725578  
0.101099358  
-0.09943923809  
-0.03542748107  
-0.007280465812  
0.01685952377  
-0.0546097272  
-0.2438330322  
-0.2127418146  
0.0948650189  
0.2089698438  
0.2485697559  
0.1739435531  
-0.4913479367  
-0.07624041518  
0.1328408419  
0.02746658369  
-0.2874041914  
0.2845300855  
0.03712156746  
-0.167097574  
0.09377826191  
0.07393672575  
0.3708734393  
0.02394968736  
0.1069057359  
-0.3621765431  
0.1812560241  
-0.2864274068  
-0.1078101318  
-0.5288764818  
-0.5704872776  
0.0782965378  
-0.2455634398  
0.1276844086  
-0.7631003997  
-0.4834218181  
-0.6311379403  
-0.5455078939  
-0.7390864477  
-0.8419041311  
-0.4602953374  
-1.115444859  
-0.8129916943  
-1.097685469  
-1.237425713  
-0.690734736  
-1.482306015  
-0.753878855  
-0.4218715101  
-0.7467889163  
-1.123625304  
-1.220881166  
-1.489076369  
-1.595954101  
-1.348636989  
-1.536059448  
-1.682041951  
-1.657248731  
-1.875620821  
-1.929934981  
-1.834429506  
-1.849716932  
2.9896975  
3.381556804  
10.14814513  
4.081026904  
0.9744295479  
7.741104952  
9.772910426  
2.251504752  
0.9155898697  
0.0660092514  
1.304604664  
0.3861986392  
1.551549085  
0.4450953115  
0.6946727046  
0.4060728026  
-0.3203799468  
2.645163278  
-0.1822686028  
0.4512795425  
0.9900241964  
0.6394675192  
-0.8130758004  
-1.349066886  
-0.243867501  
-0.3262662785  
-0.3775793328  
-0.03948625562  
-0.777762256  
0.1180765819  
-0.2591529007  
-0.2941602523  
-0.6424255537  
-0.6171981774  
-0.1537960095  
-0.6966476517  
-1.114172953  
-0.8889727569  
-1.016990229  
-0.5067537268  
-0.00191381515  
0.2240680394  
-0.129665831  
-0.4504694544  
-0.2078207645  
0.9370824904  
-0.2199201488  
-0.3909880678  
0.2013694937  
-0.465418966  
-0.06576283811  
0.3361291727  
0.3252347868  
-0.4134005264  
-0.3154786902  
0.1245733938  
0.08696095959  
0.4057286538  
0.3014626652  
0.2860634574  
-0.404391508  
0.301760191  
0.06123807762  
0.07103910086  
0.3843186194  
0.2450480529  
-0.6341565143  
-0.4718955756  
-0.4126407489  
-0.361771652  
-0.2396008726  
-0.1710393491  
-0.1482016825  
-0.2397617182  
0.3979301059  
-0.324540713  
-0.03164554702  
-0.1694611234  
0.275525359  
-0.08973146815  
0.1329221937  
-0.07397321746  
0.2328169557  
-0.2092436914  
-0.2020721997  
0.1541422493  
0.0003667918766  
-0.2057457844  
-0.2714388594  
-0.1477928187  
-0.04562156438  
0.09605562869  
-0.3396366979  
-0.1036083168  
0.02686673245  
0.07131595358  
-0.06440060324  
-0.4184096668  
0.01343881866  
0.1990438409  
1.071810952  
0.7710762049  
0.7480656575  
-0.06261796703  
0.3806417593  
0.3879425212  
0.7216016789  
-0.06330212572  
-0.2788600156  
-0.3494071399  
-0.2450166723  
-0.2490325907  
-0.4277306102  
-0.5280333528  
-0.5579313019  
0.1131388442  
0.0293343813  
-0.2462838475  
0.1489283336  
-0.1362168011  
0.1218100678  
0.1615879938  
-0.08411233755  
-0.6179537892  
0.002027942841  
-1.02156627  
0.2007104747  
-0.820093752  
-0.270833644  
-0.2251573297  
-0.8009333161  
-0.1131954459  
-0.1629787779  
0.2558157685  
0.1468760413  
-0.5576823353  
0.2088950858  
-0.2153735351  
-0.1212857833  
-0.2812252859  
-0.2134025192  
-0.5610428051  
-0.07705282458  
0.5594171557  
0.263375505  
0.4159150056  
0.5611837802  
0.4078734259  
0.1531266997  
0.3215008395  
0.3619308406  
-0.2472682706  
0.07371588057  
-0.09973538249  
0.1384041513  
0.4631387897  
0.1136600824  
0.3164279135  
0.02121745482  
-0.2765417784  
-0.357184611  
-0.5355298752  
-0.03570715599  
-0.608627754  
0.1877475355  
0.01262079577  
-0.5328476361  
-0.2125951247  
-0.5693278714  
-0.02325890892  
0.305073008  
0.5759466454  
0.3579758032  
-0.1822889958  
0.2232762207  
-0.03440847769  
0.2458332326  
0.12487385  
-0.3701606358  
-0.06491805381  
0.1189038366  
0.3215923773  
-0.0835590957  
0.1594174408  
0.2508610681  
0.357020176  
0.1989601875  
0.1704545554  
-0.1550792181  
0.296907773  
0.2054502786  
0.3593988866  
-0.1044656353  
0.01085606356  
-0.2276712772  
0.1450139352  
-0.4267635401  
0.06160544297  
-0.6512224708  
-0.01118264639  
-0.004817216671  
0.477410648  
-0.2053656679  
0.1170159442  
0.05240333192  
-0.1719949812  
0.2280900801  
0.4007857583  
-0.2821983439  
-0.1022894689  
-0.06162044094  
-0.02044133202  
-0.1411201266  
0.1738823482  
0.6007730528  
0.5319904043  
0.1941586193  
0.3033290104  
0.2345179051  
-0.08695215526  
0.5985098957  
-0.3555501495  
0.1098757525  
-0.5366091855  
-0.1446849783  
0.3565144404  
-0.1224687083  
0.03137344282  
-0.8334188133  
0.1899108602  
-0.03844395991  
-0.283399793  
-0.175254424  
-0.4073983708  
0.3773328456  
-0.1483623419  
0.004986797272  
0.1158372618  
0.07455384517  
-0.2833040644  
0.08347985259  
0.1693029333  
0.1127588107  
0.2005210925  
0.1786682792  
0.3275533252  
-0.5282358149  
-0.1960258487  
0.1102249532  
-0.142985459  
0.2483724711  
-0.2577991812  
-0.533012023  
-0.1411576793  
-0.1206809182  
-0.03543840292  
-0.3790828014  
-0.5813589817  
-0.1655987744  
0.06026494017  
0.247830331  
0.2569442145  
0.1056434019  
0.1721466429  
0.5079396132  
0.5379564887  
0.8393604226  
0.2097538888  
0.3373948353  
-0.1319264421  
-0.3155809719  
0.4664619424  
0.3723856674  
0.116719783  
0.4873724359  
0.05717920289  
-0.3257408818  
-0.06755301812  
-0.003669774674  
-0.1162525936  
0.3200071016  
0.08968744064  
0.1822288372  
0.7148056674  
0.04783399328  
0.05155183722  
0.2124641456  
0.06356630531  
-0.04331149328  
-0.2704754895  
0.05652424753  
0.08851287691  
0.49809766  
0.06912379919  
-0.4854340644  
0.2082657316  
-0.1339357041  
-0.2163693624  
-0.3570700449  
-0.2469378737  
-0.2353981197  
0.05583044762  
0.008049118696  
-0.02965624022  
0.2479268926  
0.7930938123  
0.578691359  
0.5316708518  
-0.3286854082  
-0.342371927  
0.1914391405  
0.3444405013  
0.5675812794  
0.07333466661  
-0.07631086057  
0.05555868824  
0.2774065131  
-0.5542595496  
-1.155779517  
-0.7250273679  
-0.1034297919  
-0.2765689497  
0.0607933397  
-0.5856031761  
-0.46811569  
-0.3405886346  
-0.9331569408  
-0.5321960578  
-0.5310600812  
0.1196764979  
0.4163271746  
-0.1793301955  
-0.5457769491  
-0.01243869034  
0.1619822447  
0.5162578576  
0.1112949298  
0.4878600674  
-0.1786604479  
-0.2260070646  
-0.442263054  
-0.8224764493  
-0.002569366725  
0.2265513783  
-0.2716846594  
0.1876811906  
-0.1121797312  
-0.02869829958  
-0.2479122017  
0.5447185368  
0.3240410422  
0.02194962025  
0.3372791407  
0.5687175288  
-0.3995537441  
-0.4345086541  
-0.3890802063  
-0.3568274223  
0.1523716616  
-0.3503262966  
0.1571724342  
0.4005099391  
-0.2835818924  
-0.634176075  
0.04129340562  
-0.1600102266  
0.07258738813  
0.1356938763  
-0.09391862265  
-0.1854629271  
-0.3957259281  
-0.6333927075  
-0.6707617184  
-1.073270405  
-1.014236533  
-0.5493537319  
-0.8186138068  
-1.041135857  
-0.9649955317  
-1.482247864  
-1.209343992  
-1.946395876  
-1.365778639  
-1.573243617  
-1.497450308  
-1.450967176  
-1.581096449  
-1.346355765  
-1.624430121  
-2.212175858  
-1.691144313  
-2.145971554  
-2.104389669  
-2.224374574  
-1.137584902  
-1.879520117  
-2.453720002  
8.976065073  
10.63423984  
8.830269007  
3.048999843  
1.243215273  
0.5456888367  
0.661505874  
1.117194207  
0.334058001  
-0.4800558777  
-0.8787064227  
-0.970199932  
-1.54492222  
-1.404158853  
-1.609311483  
-1.704268751  
-1.516488037  
-1.985484795  
