0.7692541213  
0.6251249181  
-1.338210644  
-0.2250086479  
0.3025943075  
0.200693222  
0.5986046532  
-1.21846014  
-0.5277894285  
-0.5227152971  
0.2502610081  
-0.1211073694  
-0.404407753  
-0.6056750647  
0.4008449332  
0.3310950257  
0.9133174556  
0.3762015015  
1.10758481  
-0.1637334218  
-0.6696766516  
-0.2131474536  
2.413924563  
1.326079151  
0.2060199611  
0.2768158886  
-1.816426311  
-1.581616423  
0.3714945575  
0.1985183233  
0.1870322376  
-0.505238383  
-1.30789317  
-0.3277297236  
1.098668941  
0.02795096806  
-1.761361533  
1.115327971  
0.2562073726  
-0.7838764738  
-0.03940380435  
1.772980181  
-0.02565734304  
0.1583892059  
-2.030340552  
-0.4067458917  
0.1099120268  
0.08268243268  
-0.3071243885  
3.082280301  
-0.5916887903  
-0.3944050718  
-0.4241448744  
0.4738803234  
0.6804572192  
-0.8388418418  
-0.4810174544  
0.179604497  
-0.4601813066  
-1.246964515  
-0.6757156543  
1.3117761  
0.6928607698  
0.8159503403  
0.710410918  
-0.06339167493  
-0.06305267314  
0.07396492188  
-0.5396133127  
0.1519731176  
0.21974506  
1.201016447  
0.5195185982  
-0.4134114435  
-0.1972465054  
-1.488012826  
3.119837354  
-0.4578172592  
-0.1693313741  
-0.3108772871  
0.5580086481  
-0.6179670931  
0.07032363689  
-0.7155448928  
-0.5279746102  
2.418532923  
-1.109850706  
-1.08961738  
-1.008147963  
0.2981300946  
1.488551314  
-1.484607837  
0.4055853482  
-0.5995828175  
-0.7850256947  
0.04354871335  
0.3779751575  
-0.02437395071  
-0.8656329403  
0.3112444497  
-1.220382875  
-0.3308587754  
0.4792478116  
-1.382281126  
-0.02379119171  
0.2147623557  
0.5205266534  
1.079885341  
-0.5735700145  
0.7592693158  
0.5176369194  
0.1387455594  
-0.1845951662  
-0.9863612935  
0.2691666853  
0.6892242845  
0.5897639846  
0.9519702615  
-0.08152625504  
2.344888566  
-1.134156857  
1.063228584  
-1.08835599  
-0.4376264304  
0.2773525642  
-0.7026359236  
1.10427151  
-0.4787086253  
0.8630344751  
0.2634146334  
-1.118674082  
0.1350125077  
-1.022958674  
0.4099613035  
-1.170615699  
-1.537513296  
-0.4158609866  
-0.1511862619  
0.2830774234  
1.73812377  
-0.3000325725  
0.08389314251  
0.7902739738  
0.7227939585  
-0.7121298817  
-0.4788054069  
0.9758646167  
0.2574248498  
-0.1862801604  
0.6131459023  
-0.6253235541  
-0.4469117613  
1.202630627  
-0.9816434242  
-0.4747888356  
-1.420205295  
1.017493248  
0.222111355  
-0.103972982  
0.1253825749  
-0.4664939536  
0.964565414  
-0.5970046027  
-1.246716349  
2.095436191  
-0.07077078069  
-0.6708002684  
-0.2434577967  
-0.05173826162  
-1.127736645  
-0.7119167362  
-0.5124139201  
-0.3064060834  
-0.3130117402  
-0.06886919254  
-0.17858008  
0.006092397056  
0.406039296  
0.48884832  
0.09950206707  
-0.1305601028  
2.801253752  
1.027651013  
-0.09695245572  
-0.7537099964  
0.2010158666  
1.185267779  
0.354413348  
0.9570792521  
0.6325101989  
-0.2900362838  
-0.3587703431  
-0.03203030943  
-0.2503058734  
-0.09574995422  
0.08257823886  
-0.7057634841  
-0.2929200304  
1.45233241  
0.4603550788  
0.2956680283  
1.205916575  
-1.001921607  
0.1876060389  
-0.7044852432  
0.9108349833  
2.14727249  
0.2615300177  
0.3001271762  
0.01566396013  
0.2809581705  
-1.550526255  
-1.275894265  
-0.7928573337  
-0.1103979612  
-0.6109368737  
1.191762216  
0.1276340922  
0.9071760155  
-0.6570132639  
-0.5157235318  
1.040100648  
-1.071965148  
1.389438174  
-0.2999221011  
-0.2844452621  
-0.3743110146  
-1.553269922  
0.1324364777  
0.1164383333  
-1.282069611  
0.5480998355  
-1.614821982  
0.3113228806  
-0.5498709907  
-0.05257105824  
-0.2819149837  
-0.2512011633  
0.06853653004  
-1.715737747  
0.4333727294  
0.5379971833  
-0.7920399669  
0.01519452878  
1.172083877  
-0.1294620171  
-0.1504966956  
-0.6150447885  
0.3059346192  
-0.1120862065  
-0.07372110121  
0.09029775795  
-0.2233431042  
-0.1849298619  
0.3411824463  
0.3335521206  
0.8792849724  
0.4501517283  
0.6966520368  
-0.5045174406  
0.422228285  
-0.9379491846  
0.07607839118  
-0.02835442872  
0.9943867688  
0.1276638478  
1.008682296  
0.2734757988  
-0.05239403708  
-0.5469907212  
0.0114546433  
-0.3274314522  
-0.4700685353  
-0.05134125611  
1.073385516  
0.6509571062  
-0.2790508562  
-0.03665940886  
0.5913153343  
-0.7444970141  
0.6663943885  
0.3709594639  
-0.1007606934  
0.08877559152  
-0.3893441075  
-0.7165816215  
0.5773561097  
-0.3017994747  
-0.05400402286  
0.01420192755  
0.4033495706  
0.1496904231  
-0.002233131509  
0.3077644213  
0.4162670282  
-0.08729294731  
0.06112832279  
-0.03915996025  
-0.2124887049  
-0.5441600233  
-0.4449340273  
-0.7336812793  
-0.6595465491  
-1.130810579  
-0.4022660459  
0.4455060133  
0.3465727797  
0.2432961223  
0.1682184757  
-0.3281685323  
0.213952576  
-0.3538925137  
-0.2608762879  
-0.3599150029  
-0.5598001667  
-0.3888911654  
-1.063993975  
0.8764154011  
0.293486813  
-0.1736696209  
0.3135805197  
0.4466983085  
0.3219551828  
-0.1457001634  
0.2887430883  
-0.4014820418  
-0.5528734283  
-0.02973554888  
0.08045079418  
0.3289629972  
0.307040144  
1.569852118  
0.5939524116  
1.30994607  
1.226759008  
0.2440719985  
-0.4988148301  
2.371225273  
2.051686451  
2.269928498  
2.56436844  
2.492910219  
1.831337276  
1.649693129  
2.206247958  
1.028213471  
1.552879051  
2.585609319  
1.539151487  
0.1603432746  
0.307370048  
-0.2256167511  
-0.1337071115  
-1.531442585  
-0.3529571079  
-1.218617853  
-1.515457011  
-1.722069535  
-2.321854109  
-1.900388286  
-1.444387822  
-1.146329731  
-1.115977804  
-1.626399056  
-1.638458556  
-1.526291907  
-1.302381354  
-0.5338264527  
-0.9407957898  
-0.3901178239  
-0.4422306592  
-0.1738260572  
-0.3233708818  
-0.7144466069  
-0.04585254313  
-1.110135344  
-0.6029126204  
-0.6019442061  
-0.1695852757  
-0.4084474693  
-0.4827369061  
-0.6136797107  
-0.6913798032  
-0.8630906391  
-0.5582279908  
-1.308752387  
-1.035631779  
-1.288791746  
-0.9950448582  
-0.5911032298  
0.1164979163  
0.08400074514  
0.6758818865  
0.02098424582  
0.6995427099  
0.6802275801  
0.307344858  
0.7000323791  
1.063534034  
0.759930964  
0.8464158644  
0.424077056  
0.08633973229  
-0.0915863883  
0.9698865671  
-0.04517738193  
-0.4367704804  
-0.2729413379  
-0.5025731981  
-0.8236434551  
-0.4538528999  
0.1904918703  
0.5223533007  
-0.8671676569  
0.03873248316  
0.1229400552  
0.2724540664  
-0.4581070682  
-0.3867233848  
-0.1410663752  
-0.6130358898  
0.04509542426  
-0.1275136442  
0.4603995457  
-0.5925493427  
-0.4489680367  
-1.169396427  
-0.4232640521  
0.6275236608  
-0.9921815612  
0.4453608769  
-0.002724553732  
1.041933364  
1.019092927  
0.5056366341  
0.3074380452  
1.553212442  
0.6306970823  
0.9258470546  
0.07393295393  
-0.109707044  
-0.3442077035  
1.32476882  
2.10029979  
-0.6420277803  
0.3581590768  
-0.3140757507  
-0.7196507253  
-0.4158408726  
-0.7021012389  
0.0645086136  
-0.9710484753  
0.8253989639  
0.5591483338  
-1.896280175  
-1.345288836  
-1.39566075  
0.7108734616  
-0.7081830316  
-0.1616007942  
-0.1764757653  
-1.575901461  
-2.45072757  
-2.22602049  
0.7383766506  
0.3517703508  
-1.156831819  
-0.8483631855  
-0.8464609261  
-0.3750135946  
-1.35224148  
0.474785318  
-0.3428764095  
0.1830401942  
4.077091968  
5.487727371  
0.8489745146  
2.345663321  
1.307961974  
-0.6020622996  
0.6673910703  
-0.7818721624  
-1.119099341  
1.044711291  
-0.4664761805  
1.071730627  
0.3476051723  
0.1115434045  
0.2100771359  
0.06951746974  
1.751150178  
1.425989592  
0.6065789584  
-1.451333175  
0.4576543493  
2.310727792  
0.2920867487  
0.9320564608  
-0.07250996906  
-0.4042013652  
0.5781540869  
-0.6446267641  
-0.8585120438  
1.471533661  
1.541186546  
-0.2973375811  
0.3377499671  
0.2436197754  
0.04195261699  
1.559508928  
-0.3896692981  
1.207021233  
-0.4798570635  
1.324270194  
0.1405739342  
0.1952372229  
-0.8110947123  
0.2525964927  
-0.6683256893  
-1.236105086  
-0.797867696  
-0.3328827861  
-2.070233466  
-1.396071794  
-1.231329473  
-1.665777975  
-0.922631262  
-0.63355098  
0.2418584755  
0.250378316  
0.2130251894  
1.459141913  
1.240917735  
-1.043446771  
-1.205034077  
0.3680880435  
0.4627194498  
-0.8693770162  
-1.573629284  
-0.5455526454  
-0.407408954  
0.3001282106  
0.6655377036  
0.470021326  
0.4492957606  
-0.1005771679  
-0.1366809421  
-0.6140816074  
-0.5840115029  
0.7476642927  
-0.06941830005  
0.7745650241  
0.03909964316  
0.2250923773  
0.08841362794  
-0.1352958854  
0.1279158215  
-0.4916168846  
1.035532817  
-1.14147366  
1.194472191  
1.81296989  
0.1715222738  
-0.4109816023  
1.203834404  
-0.3803045753  
-1.93435832  
-0.5122007738  
-1.576598965  
0.2623163214  
-1.062321262  
0.04688026941  
1.388200834  
-0.6140493924  
-2.085717498  
-0.6678818783  
1.12445047  
3.046270741  
0.7423529379  
0.8494184701  
-0.6937795395  
-1.124289198  
-1.378364783  
0.6916856635  
-0.4919148771  
0.354320611  
1.5028323  
8.995920092  
5.616264382  
-1.318390012  
1.418737758  
1.21609248  
-0.1066713284  
-1.503647316  
0.9967551895  
-0.742900598  
-0.08885557654  
-0.208323279  
-0.5193702816  
-0.2767375596  
-0.5758147519  
-0.4618457543  
-0.2180624053  
-0.7037795109  
0.03301680892  
-0.110144013  
-0.4019812597  
-0.2525577656  
-0.09076533005  
-1.195042253  
-0.3129613845  
-0.6121826758  
-0.8211627735  
-0.5575973153  
0.1998154331  
0.09407277983  
0.3223375349  
-0.5815383698  
0.3544847549  
0.3075743011  
0.04669360846  
-0.632017673  
-0.1054896875  
-0.3691942604  
-0.4253108343  
-0.3163648014  
-0.1418218329  
-0.5315316314  
-0.7453495475  
-0.4201373955  
-0.9041667874  
-0.05676006533  
0.2690856111  
-0.5770006187  
-0.1274594379  
0.3255737295  
-0.900066655  
0.9856627025  
0.01472583161  
-0.1295733063  
-0.2326747318  
0.5169599872  
0.402788987  
0.1487963546  
-0.2954635658  
-0.0971457303  
0.2467796765  
0.006356518154  
-0.383794535  
0.4698797604  
0.1133502548  
-0.1733191794  
-0.878014201  
0.2719288055  
-0.4349918074  
0.239218467  
0.2185544252  
-0.5704294606  
-1.098210579  
0.5017418043  
0.6036338936  
0.4800033131  
-0.1991953748  
0.03692643874  
-0.3543801126  
0.01598558511  
0.05985586822  
-0.4858885295  
-0.3930843633  
-0.3578306151  
0.1672503825  
-0.2232289246  
0.1775870305  
0.8214181537  
-0.5553693108  
0.06956344191  
0.4532411675  
-0.3609780081  
0.9517589754  
0.06341707656  
-0.3619665057  
-0.2478183118  
0.2003629348  
0.1570393497  
0.4946899236  
0.7542939974  
-0.07372416004  
0.4440795583  
0.6583376609  
0.09104477336  
0.006744069281  
0.7218149488  
0.2339675847  
0.04456829954  
0.7884518675  
0.0423191999  
-0.1065091227  
0.5276987132  
0.2892620878  
-0.5582314203  
-0.2075706206  
-0.3246342742  
0.02341692518  
0.03533558078  
-0.002427308897  
0.001885315362  
0.5075460326  
-0.8520538605  
-0.0359654511  
-0.6022862979  
-0.3084804318  
0.8434852776  
0.7598224022  
-0.1922581642  
0.1219410297  
-0.4367345184  
-1.109543115  
-0.566851285  
-0.06054891332  
0.05095745045  
0.6101202658  
-1.179656844  
-0.01347571862  
-0.447549315  
-0.1013132007  
-0.1003944864  
0.09847646023  
0.3600693298  
0.8799712873  
-0.4770507716  
0.4910574194  
0.5639370501  
0.5797305439  
-0.4725280777  
0.3563361456  
-1.286548781  
0.434934376  
1.048215392  
0.6300640462  
0.8041172982  
0.5630492538  
-0.3426709448  
-0.06917495623  
0.4007677811  
0.5819585885  
0.02761168464  
0.3481084369  
0.2061567845  
-0.491535695  
0.413777203  
-0.4507290765  
0.153011573  
-0.05208624406  
-0.7235953322  
0.2292157663  
-0.7509505875  
-0.2700367457  
-0.07762986531  
-0.3213106352  
-0.3695101396  
-0.6630509985  
-0.8528056711  
-0.3454163969  
-0.07569714433  
-0.1233329918  
-0.3532408797  
0.7009084399  
0.3020930208  
0.2287719001  
0.4267432271  
0.6283880999  
0.06297537026  
0.05951419672  
-0.4017903377  
-0.06204878966  
-0.08219327566  
-0.1965717239  
0.03150487162  
-0.5389218709  
-0.08181887848  
-0.4279809205  
0.6529302453  
0.4718232967  
1.007612707  
-0.1719364769  
0.2354509143  
0.6811384838  
0.2710903881  
-0.8474250423  
-0.6578813072  
-0.2509769541  
0.7369744273  
0.6507640572  
-0.353575046  
-0.6274526622  
-0.04112575922  
0.2733551542  
0.7077505872  
0.4931698361  
0.1897764203  
0.4370534333  
-0.5511122816  
0.1708387708  
-0.5750345234  
0.2012653608  
0.392568968  
-0.1273824919  
0.272550204  
0.1075326456  
-1.049723669  
-0.4454125978  
-0.003462958867  
-0.9836099098  
0.4025567843  
-0.6781157363  
0.4260042228  
-0.6767892571  
0.5046093902  
-0.3577084117  
0.001709010989  
0.5479511769  
-0.5089129093  
0.8533079168  
-0.2312125379  
-0.9985773428  
-0.0691147237  
-0.118416226  
0.07617893122  
-0.2629992098  
0.1603363603  
-0.03569799598  
0.3110141806  
-0.7681413436  
-0.1902551049  
-0.3734621954  
0.0971844557  
0.5635954861  
-0.6392235683  
0.2626505207  
-0.0984143256  
0.8144699054  
1.214847314  
-0.1902564255  
-0.6092948099  
-0.3452445009  
-1.105760837  
-0.4333849819  
-0.358614607  
-1.193405896  
-0.9031492075  
-0.5883226445  
-0.07877855611  
-1.097628331  
-1.091038465  
-0.274810486  
-0.4304752791  
-1.35649549  
-1.126374244  
-1.10527069  
-0.8755916434  
-0.5087863311  
-0.32116939  
-1.227246825  
-2.054902616  
-1.070126488  
-0.6690743492  
-1.693482203  
-1.505094464  
-1.36702673  
-1.239491876  
-1.68904835  
-1.803372202  
-1.64950061  
2.028419854  
2.87880277  
6.605998291  
3.114020784  
0.6644780313  
3.560041023  
5.949308858  
2.954369301  
1.239458192  
0.3364488784  
0.2352716161  
2.96905682  
1.463421024  
0.8539154405  
0.2019370585  
1.293672898  
0.6318258282  
3.907605669  
1.033985243  
-0.9266976697  
-0.777951629  
-1.730233606  
0.9666586884  
-0.3135394153  
-1.270011165  
0.1103303033  
-0.04524245748  
-0.4539373065  
0.7302246322  
0.5348200457  
0.04080584534  
0.1651291501  
-0.1680845415  
-0.4334050097  
-0.6234718086  
-0.4695260302  
0.3784970875  
-0.143531104  
-0.791763971  
0.6408812778  
0.3243161343  
-0.2579847767  
0.2515278161  
-0.7377416933  
0.8100304698  
1.499767947  
-1.343980059  
-0.6732757079  
-2.031068354  
-0.5769584388  
-0.6306586553  
-0.2758362294  
-0.4105831026  
-0.4891983782  
-0.7800317082  
-0.6691557807  
-0.5200499836  
-1.049644496  
-0.8749413937  
-0.9118388396  
-1.28400781  
-0.8885581591  
-1.106439881  
-0.9990753769  
0.6713446118  
-0.3782917291  
-0.3167704263  
-0.0272468459  
-0.3071448872  
-0.5224674851  
0.2694262818  
-0.1951207607  
0.6875776078  
0.3636358152  
0.4106099122  
-0.09168040832  
-0.3038315463  
0.3101789213  
0.667782413  
0.5019087261  
1.045771678  
0.03867022558  
0.4392187776  
0.08657985947  
0.3156079  
0.8984712079  
0.6445469517  
1.310546201  
0.7882771567  
0.7947226476  
0.4635516516  
0.4042776447  
0.9762402082  
0.7332527074  
0.5711267839  
0.6866286391  
1.216955672  
1.257127968  
1.192085815  
0.8169885978  
0.690196828  
-0.09712758859  
-0.3127046247  
0.4629542214  
0.240195675  
0.2111612016  
-0.786544973  
-0.9630823064  
-0.7191760795  
-0.838130385  
-0.1778412171  
-0.003822926901  
0.2928475118  
0.08103660841  
0.7568374252  
0.9853269629  
0.09521303403  
-0.1760086471  
0.3146181287  
0.5244324051  
0.5485834941  
0.3916611989  
-0.289785931  
-1.76322984  
-0.5812900841  
0.448742192  
0.06819071856  
-0.08488829895  
-0.9235904528  
-1.278623614  
-1.574347301  
-0.7815270389  
-0.4872975698  
-0.7149949385  
-0.7531451566  
-0.530572099  
-0.9318804407  
-0.236331475  
-0.9242548644  
-0.8492222613  
-1.00419518  
-0.9632539691  
0.6917640463  
0.2282723042  
0.8829013522  
-0.4354063621  
0.002589254334  
-0.2274893494  
-0.4613241834  
0.3033535687  
-0.6321430978  
0.03937680202  
0.1160181545  
0.9781905846  
0.8384677612  
0.5428861986  
-0.08367214054  
-0.01476207962  
0.6069513282  
0.6068141031  
-0.3895340389  
0.05367742411  
0.482337059  
-0.4024919429  
-0.3118564862  
0.6104147083  
0.4660959708  
0.103167528  
0.1195018243  
0.211248205  
0.570641798  
0.3641978506  
-0.20183428  
0.08604534524  
-0.4455839832  
-0.4952971153  
-0.334905016  
-0.3030160633  
0.6443760913  
0.04631532344  
-0.1408721514  
0.3491242069  
0.4302464422  
-0.4499448336  
0.1749115044  
0.2031105524  
-0.1738582547  
0.2178903539  
-0.2565046118  
0.00788062009  
-0.2141328538  
-0.9153508841  
0.6794103776  
-0.632331154  
-0.5015028428  
-0.8273394953  
0.383098345  
0.4375173932  
0.6467086718  
0.4212341717  
0.4724317195  
0.2793554493  
0.3564759113  
0.5792390429  
0.6452426011  
0.07050978466  
0.2747468325  
-0.1551854885  
-0.3287277281  
-0.2395396774  
0.02479474424  
-0.08775282337  
-0.5563248547  
-0.2984790803  
-0.07511212169  
-0.7142622189  
-0.3056429134  
0.1012589805  
-0.621558119  
-0.447166354  
-0.4442202658  
0.09684462567  
0.6613927507  
0.7981514334  
0.8992440204  
-0.008910814002  
0.562097056  
0.5261001261  
0.4962432884  
-0.2316960491  
-0.03407112979  
-0.7086876717  
-0.591818779  
-0.418688065  
-0.5535176056  
-0.4944802464  
-0.2184324796  
-0.7605530615  
-0.6005617855  
0.08162386073  
-0.153209604  
-0.1452220906  
0.2995761152  
-0.1518229983  
-0.003658603348  
0.223014146  
0.04265396345  
-0.3508100948  
0.4166552422  
-0.5958488299  
-0.8040675714  
-0.7058612708  
0.1703206105  
-0.1026934386  
-0.3885274143  
0.2190384274  
0.3904778269  
-0.3993966509  
0.6545166032  
0.7627979637  
0.2474597223  
0.1296051326  
0.688643272  
1.117321786  
0.1858504422  
0.5066510489  
0.2787030533  
0.3172073701  
0.6353805003  
0.04527886049  
0.1767340434  
-0.2759307991  
-0.2789601389  
-0.1851708189  
-0.07504206485  
0.5960247726  
0.2378947492  
0.02718856297  
0.5408203719  
0.3632137904  
0.4321921879  
-0.2037988643  
-0.2052377683  
0.4523218291  
0.1572324922  
-0.6577276199  
-0.01651982629  
-0.3879975203  
-0.5507134834  
-0.3003992865  
0.06276704476  
-0.292377837  
-0.2292898905  
0.3142729521  
-0.2581921858  
0.06168428819  
-0.4799823468  
0.5603713737  
0.4904083991  
0.2319144449  
0.4171660709  
0.1729776685  
-0.07312054875  
0.8525920306  
0.7064499063  
-0.3832664072  
0.1075874854  
0.2163881732  
-0.4806063048  
0.5492416385  
0.3574501443  
-0.5533858465  
0.4815578272  
0.2245590395  
-0.4128596114  
-0.6998460889  
0.1465997996  
-0.08607517873  
0.2007511247  
-0.8302849102  
0.3042572629  
-0.2486680511  
0.120805336  
0.3064611433  
-0.3914154303  
-0.8025288742  
-0.7124697168  
0.6495291687  
-0.4236725512  
-0.2266189879  
-0.5497220295  
0.00389314805  
0.2435140271  
0.2267893079  
0.3173290081  
0.903969714  
0.1427373342  
0.08393577266  
0.4776719073  
0.4727344388  
0.6343466316  
-0.1933012276  
-0.4284959433  
-0.7865295245  
-0.4100651886  
-0.6095089354  
-0.628864394  
-0.4568939661  
-0.1155982062  
-0.2448784197  
0.1473923632  
0.1513044322  
-0.8323450049  
-0.301944893  
-0.01419174354  
-0.01961486455  
-0.2173696607  
0.1182401381  
-0.1515996221  
-0.2537364315  
-0.3260030794  
-0.008896080289  
-0.4518424713  
-0.9263411879  
0.002404439498  
0.1854587483  
-0.2396176392  
-0.02225120844  
-0.1440113343  
-0.5376592392  
-0.5526188939  
0.479684997  
-0.5773955388  
0.3735237796  
-0.4487282877  
-0.3113554005  
-0.9787335296  
-0.628811803  
-1.322366697  
-0.503013449  
-0.486773568  
-1.335985361  
-1.577763323  
-1.653990258  
-0.7713188579  
-0.5760432884  
-1.25519173  
-1.420557847  
-1.542611718  
-1.539545321  
-1.918770465  
-1.425456016  
-1.794281297  
-2.029630791  
-1.279926478  
-2.386480278  
-2.647710524  
7.191213626  
9.715912297  
8.292417082  
2.41481662  
1.258137502  
-0.5395214435  
-0.3464713404  
-0.2052002622  
-1.118715646  
-0.3320832469  
-0.6623527312  
-0.9584476519  
-1.267681123  
-1.438037963  
-0.4888161287  
-1.212523008  
-0.2109903467  
-0.3502417784  
