0.006808118163  
-0.2251400477  
1.271016103  
0.6580985656  
0.07829997103  
-0.4387247822  
0.1342289023  
0.05832214505  
0.07157721004  
-0.893495989  
0.4260871627  
-0.5188805838  
-0.9054339585  
0.8250274781  
-0.2825448133  
-0.6349741697  
-1.286713937  
-0.4385020505  
-0.2007204554  
-0.6476655742  
0.6245037951  
1.001029659  
1.254334205  
2.417417285  
-0.6885660801  
-0.409676472  
-0.7800739439  
0.7527251772  
-0.5289588251  
0.5024307778  
-0.2942915821  
0.3644342059  
-0.7050436606  
-0.5953456643  
-1.168944594  
0.01122532122  
0.1313995215  
-0.2916747603  
-0.1796096137  
0.005273761075  
-0.2513603314  
-0.868595847  
-1.861644363  
0.1271791313  
0.1386067387  
0.1634890834  
1.301630786  
-0.1787405105  
-0.7100854612  
0.7846954091  
1.006867247  
0.8589953658  
-0.841184765  
-1.237983411  
-1.789516931  
-0.5759287337  
-0.2214334053  
0.587329696  
0.6880478321  
-0.1281749749  
-1.25731886  
3.418911349  
-0.1621720347  
-1.741929647  
0.3017445185  
-0.458735079  
1.933300785  
-0.9989640665  
-0.1712217777  
-1.817627174  
1.361193328  
3.253212335  
2.413301794  
2.074636359  
0.2713556057  
-0.02134358295  
-1.144942243  
0.3780782316  
1.144909384  
-0.4850498729  
-1.626441459  
0.01165462469  
0.7581685338  
-0.6821058299  
-0.4955324052  
-0.9099465059  
-0.2493936869  
-1.245262732  
0.6905892673  
-0.8444688109  
-1.475389826  
0.4659867251  
0.5601113438  
0.4991292288  
-0.04170144575  
-1.013447128  
1.631034096  
1.853204517  
-0.1175913085  
0.5084067717  
0.5212197169  
0.2156750892  
-1.090518903  
-1.378796768  
1.591063021  
1.117304808  
-0.07990287013  
-1.004255608  
-0.52226716  
0.8935192696  
0.3671815845  
-0.07772052562  
-0.8956426776  
-0.5317477339  
-1.830861346  
0.722547266  
-1.330497031  
-1.379369745  
1.215218613  
1.633491252  
1.172732597  
-1.730166292  
1.037619502  
1.588981057  
0.2406146244  
0.8204446207  
-2.965405131  
-1.749305369  
2.705290395  
0.4684388391  
-0.03529802552  
-0.4315940019  
-0.006764804158  
0.6145086305  
-1.680094702  
0.1376650031  
0.110184636  
-1.837691585  
0.06864425402  
-0.8036607498  
-0.9445066599  
1.038155882  
-1.242222451  
-0.7613821516  
-0.02121590672  
-0.6307967911  
1.053345044  
0.1797684459  
-0.4662897552  
0.09552096559  
-0.7607875339  
0.3472026378  
0.1885995374  
0.2263382439  
0.1367924986  
-0.6028287221  
-0.9641201021  
1.187280892  
-1.101605765  
0.24677445  
-1.02026157  
2.132825281  
0.4285433251  
-0.2730512563  
1.9041555  
-0.466322268  
-0.1383068936  
-0.740340399  
-0.1281802054  
-0.165010611  
1.450728763  
0.6048284772  
0.5311698637  
1.52830393  
0.9781314857  
1.296797413  
1.047513228  
2.416028524  
1.943457915  
2.420303856  
-1.120811528  
4.488890897  
0.1560432435  
-0.4999818612  
-0.8903447887  
-0.73681182  
-2.548035625  
-0.9456207321  
-0.08954514418  
1.565752514  
0.5075945404  
-2.532339824  
0.4257105638  
0.6041852199  
-0.009514820043  
-1.162765295  
-0.441157506  
-2.380915363  
-2.765492176  
-0.9154242211  
-0.6077018836  
-0.6031492993  
-0.5216083358  
0.4493765137  
-2.364720538  
-2.411650995  
1.293306936  
0.2397720455  
-0.1933237831  
-0.5492718638  
-0.7332384249  
2.288109429  
0.06895389611  
-0.2143130666  
0.8150890227  
-0.5793498092  
1.380211402  
-1.816183345  
-1.659864963  
2.141443553  
-2.146701297  
1.66138784  
-1.281562714  
-2.093845351  
-0.1933722329  
-2.129310651  
-0.2702477421  
-0.6989654714  
0.396407133  
0.01085325827  
-0.6692565531  
-0.5217694465  
0.05182683146  
0.871050427  
-0.9811195212  
1.524903218  
-0.7440970912  
1.012432762  
1.711430657  
0.07788702478  
-1.256409608  
-0.3969366049  
-0.3716450727  
0.6236465714  
0.3846774173  
-0.3890867231  
-0.8609886364  
-0.2648795945  
-0.1004867107  
0.2145576017  
0.3295827513  
0.2087916767  
-0.001603183484  
0.6894666441  
1.137777367  
0.4507075318  
-0.1437615009  
-0.2617191443  
-0.0602877498  
0.07618586283  
-0.07976476746  
-0.09126498114  
-0.2941614199  
0.2848804775  
0.9514424227  
-0.08060606453  
0.1696523197  
0.3792922325  
0.1575159203  
1.701661294  
0.6752419416  
0.5953733009  
1.068580637  
1.632533061  
1.591161522  
0.2526554805  
1.133448473  
-0.01766507083  
1.432477579  
0.6663836  
1.870100424  
0.2561008096  
-0.4017363094  
0.9163642854  
0.6962363713  
0.919790798  
2.475156887  
-0.1037066706  
1.502990641  
1.758172133  
1.442593545  
1.586047633  
0.5192215901  
-0.1245710124  
-0.6269287598  
-0.4905309939  
-0.08126327303  
-0.5602234954  
-1.964864572  
-1.57507194  
-1.664386064  
-1.646792374  
-2.167280259  
-1.971607997  
-1.143902273  
-0.3941104505  
-1.338906578  
-0.02110575291  
-0.07447735305  
-0.6557286767  
-0.3777256696  
-0.1713037871  
-0.9325431523  
-0.9901599681  
-0.5061064635  
-0.3347700077  
-0.7941192331  
-0.842259712  
-0.8552851807  
-1.236576276  
-0.7578534208  
-0.4642931885  
-1.000386921  
-0.5292302805  
-0.3459443685  
0.116808144  
-0.2141098277  
-0.4577419757  
0.123138719  
0.6419878771  
-0.2394296622  
1.280167821  
-0.8402913657  
0.6963221171  
-0.17892073  
0.8287655757  
-1.139186464  
2.208103641  
2.322697056  
3.038666033  
3.44683746  
2.33840239  
2.721525578  
2.687764745  
2.24882368  
0.9851843978  
2.312043098  
1.741674953  
2.21946237  
0.9264284055  
-0.7464357305  
-0.3062825827  
-1.070050503  
-1.151526131  
-0.7858711795  
-1.929543692  
-1.580077142  
-2.338259032  
-1.072205947  
-1.125291749  
-1.392253909  
-1.685306404  
-1.788259742  
-2.582977728  
-1.478511993  
-1.760161276  
-1.398949255  
-1.284906824  
0.1760324776  
-0.8056269834  
-0.1969557823  
-0.4881945003  
-0.6510225127  
-0.6720524884  
-1.137509247  
-1.488798728  
-0.4221571919  
-1.218315714  
-1.61144365  
-1.917549108  
-0.9610495775  
-1.667233617  
-1.244543913  
-2.413825695  
-1.268056259  
-1.094066949  
-1.854652855  
-1.276707736  
-1.460328331  
-0.3569346472  
0.781270512  
1.211103823  
0.9828253303  
0.2314981098  
1.220946914  
2.552551362  
3.147616089  
0.6758444085  
1.492781156  
2.57204549  
1.725394802  
1.591871326  
0.9285867529  
2.269422768  
0.5727429118  
-0.943805644  
1.055661826  
-0.2894115811  
-0.6332630754  
0.05192377885  
-0.3111074509  
0.8420801879  
2.243105857  
1.49985668  
-1.007375682  
0.5296458488  
2.179021718  
0.3977049361  
0.2121960168  
-0.6961872763  
0.6177835987  
1.400764223  
1.257491901  
0.09190885413  
2.029504944  
0.5251224177  
0.8380191595  
-0.8066533937  
0.2264259896  
0.03980165299  
-1.520929704  
-0.2631816475  
-0.6934681602  
-1.032777565  
-0.334415287  
-0.8929425328  
-0.08178751432  
0.4078260129  
-0.4114156966  
-0.2873677078  
-1.427488466  
-3.090842371  
-0.3529254334  
2.191178587  
1.385002492  
0.1019675395  
-2.302059298  
-1.483807117  
0.689957582  
-0.1026092869  
0.5929476861  
-1.645905573  
0.0345220815  
0.5878799149  
-1.0899043  
-1.943769111  
0.03334527303  
2.936618936  
-1.360678469  
0.6148819642  
1.333417184  
-0.4991752495  
-0.8911775808  
-1.824204188  
1.35058171  
0.7072943522  
-0.7475061535  
0.08637388328  
0.2102061656  
-0.532389241  
0.5340350299  
1.568109617  
1.726879283  
1.28882291  
8.794323088  
2.358147027  
0.3247323323  
3.007717195  
1.906639918  
-0.6049814585  
1.807055045  
-0.8910338745  
0.3961914096  
-0.2277931633  
-0.06224236714  
-0.8303483751  
-0.82489142  
-0.2464902116  
-2.194241477  
-0.06418385701  
-0.9798537061  
-1.072220011  
-2.035333176  
0.1650613297  
-0.8911182515  
-1.65860786  
-0.9773291636  
-1.093645848  
-0.8542982876  
0.298164097  
-0.5706323451  
0.3158166321  
-0.901558706  
-1.261050454  
-0.8927771536  
0.6731307951  
1.423169087  
-2.054136935  
-0.8396355863  
-1.343676708  
0.6466644042  
0.7053044561  
0.4160305142  
-0.1161065914  
1.681271167  
1.434520786  
1.23486504  
-0.03775514027  
0.4669360793  
0.361626927  
1.074398216  
-0.8548986736  
-0.5989065453  
0.7536201595  
-0.0339788424  
-0.1615274966  
-1.635913104  
-1.575322353  
-2.283958271  
0.2702889896  
-0.6423782555  
-1.165849177  
-0.8422375234  
-0.8082634181  
-0.9917320033  
-0.6064941287  
-0.09542979907  
-0.6895854557  
-0.3913492646  
-0.7218436523  
-1.227586351  
0.1893173468  
1.092383754  
1.03624995  
1.832449096  
1.645560466  
1.678701782  
0.09865779648  
0.4104329437  
0.8556654835  
0.5082015008  
0.2771130044  
-0.7855015938  
-0.7476578003  
-0.5749523905  
0.2335918847  
-0.7528744096  
-2.183976474  
-0.8394429477  
-0.2568797538  
0.2296547448  
1.230965776  
-0.5074816137  
1.423337774  
-0.5700750222  
-0.3694692464  
-0.4249694029  
0.6461030563  
0.2705344387  
-0.4865515716  
2.328107358  
3.080556076  
3.403657799  
0.6479760084  
0.9454665988  
0.5760791368  
3.457776802  
-0.6315907606  
0.5837884047  
-2.901563484  
-1.253497764  
-1.73662416  
-0.01705944617  
-1.516383231  
0.7597606614  
-1.042375352  
-0.3232073094  
4.320290824  
4.182478582  
0.1018077412  
1.514954274  
0.8888276759  
0.1482775334  
-1.115312088  
-0.1182679278  
-0.1066142337  
-0.1441427295  
-0.9339079683  
-1.883288045  
-1.095378649  
-0.6199399821  
-0.7024223301  
-1.106340165  
-1.065741879  
-1.129758393  
-0.1569880602  
0.06580249404  
-0.00830819543  
0.1959132158  
0.08518772586  
-0.2706682927  
0.594129916  
0.07573764852  
-1.224397353  
-0.405949169  
-0.1683642727  
-0.7016809014  
-0.2873191533  
-0.3003315169  
-0.210051463  
0.1281700917  
-0.3683076519  
-0.1951999575  
-0.1956011255  
0.05818875538  
0.1352366076  
-1.45044608  
0.5544143512  
-0.6931813791  
-0.7645780722  
-0.3928096814  
0.06300650052  
-0.6919161789  
0.5216058392  
-0.5954685226  
0.0499873822  
-1.000608756  
-0.5011649682  
-0.477690821  
-0.2174413744  
-0.3113577317  
0.07775253554  
-0.4660697121  
-0.6195023549  
-0.0008588460682  
-0.4469039746  
-0.2154578918  
-0.1294466016  
0.1291319271  
0.1185779261  
0.3875774513  
-0.5586369021  
-0.5837450905  
-0.5187463167  
-0.8724458804  
-0.4544315078  
-0.1463552295  
0.1139576232  
-0.4283644335  
-0.1928472098  
0.6991316316  
-0.2288507814  
0.4551827551  
0.2988088403  
0.5595594237  
0.1275429478  
0.2141538352  
-0.4532512714  
0.6821971251  
-0.2200331682  
-0.1729801352  
0.04718366601  
-0.6177741031  
-0.5152634344  
0.1214691707  
-0.304675346  
0.05739722169  
0.553101236  
0.2548343943  
0.3878858968  
0.2923353067  
0.5293993551  
0.5976336646  
0.1786740783  
0.001428952973  
0.6733381901  
1.001830786  
0.7760232388  
0.174649849  
-1.065272341  
0.2471348123  
-0.2763349446  
-0.0587093877  
1.010501537  
0.9555647784  
0.02325148145  
0.1690106629  
-0.4532973386  
0.7861585237  
0.2717930585  
0.4821091406  
-0.1586419083  
0.4573759076  
0.4251342401  
0.6772417422  
0.6984014381  
0.4638311945  
0.55559888  
0.1883547718  
-0.05853175448  
0.6192848511  
0.5559211395  
0.3478405873  
-0.01099560028  
-0.6495564772  
-0.3667537856  
-0.65592158  
0.1710057765  
-0.2857146726  
0.05232181621  
0.02023050707  
-0.05240470055  
0.2378149179  
-0.7211251543  
-0.3144531246  
0.1686124169  
-0.5421583688  
0.2924084685  
-0.4756658845  
-0.1434410997  
-0.3423166919  
0.3584691361  
0.2312806947  
0.1275738223  
0.003893561542  
0.2336837804  
0.1114565814  
-0.7070142557  
0.0407931983  
0.3400896345  
0.7333326248  
-0.4720638962  
-0.4430981081  
0.1799888865  
0.1002955036  
0.05243824159  
0.03113377483  
0.4373298887  
-0.1259076864  
-0.4411744636  
-0.6415504887  
-0.1601701737  
-0.9799096347  
-0.6661496909  
0.5680583926  
-0.212814189  
-0.09296113316  
-0.1703501175  
0.3471730185  
0.08096270382  
0.5152279256  
0.3119887095  
-0.3461470791  
0.1091492731  
-0.7387038629  
-0.3652003621  
-0.4371410031  
-0.1789546901  
-0.04865624669  
-0.3667719874  
0.7413630361  
-0.3894808058  
0.3167139665  
0.3754557636  
0.4252046529  
-0.1600076995  
0.1991352175  
-0.03348773026  
0.5170553198  
-0.4087078637  
-0.6061386764  
-0.5091908323  
0.192657312  
-0.4147456342  
0.4785897485  
-0.01179479753  
0.3428821791  
0.6558210679  
-0.4336008011  
0.7282385801  
-0.02059776723  
-0.2142296449  
-0.2496162626  
-0.2012505171  
-0.1058107355  
-0.07294995393  
0.2263708865  
-0.4431299485  
-0.2080903073  
-0.1137993912  
0.05087721101  
0.5516224167  
-0.170492471  
-0.3225643763  
0.06639750946  
0.5730860939  
-0.3426486761  
-0.4963156921  
0.1252898571  
0.3216417593  
-0.3542582798  
-0.3853204597  
0.126321811  
-0.2690635168  
0.5633798958  
0.846225818  
-0.4666005953  
-0.04998600779  
0.07767317651  
-0.2856720203  
0.01286111862  
0.4235170922  
-0.1684639107  
0.1179952602  
0.4076979732  
0.05733385711  
-0.260658496  
-0.002826229655  
-0.3964405101  
0.2257039301  
-0.4368327528  
0.2073968447  
0.4143268073  
-0.3935380307  
0.1481477836  
0.359885136  
-0.7263007223  
-0.2307204618  
0.1660813834  
-0.4506680478  
0.5033807676  
-0.3046922954  
0.01645743205  
-0.02840867373  
-0.4731567097  
0.1258708149  
-0.343732369  
-0.03390149849  
-0.05411540369  
0.2756508669  
0.1372631047  
-0.3695012094  
-0.8297892178  
-0.7675055874  
-0.6661683501  
-0.6352677689  
-0.7956686231  
-0.2688048267  
-0.1951601597  
0.07220278819  
-0.2188421903  
-0.5307733442  
-0.9871433728  
-0.05120600195  
-0.4346057966  
-0.4130940473  
-0.6936105242  
-0.08780674268  
-0.9483090591  
-0.5333680513  
0.3086718888  
-0.7530954544  
-0.8066728241  
1.158533532  
3.387642738  
3.587756675  
2.471536578  
-1.398114205  
2.752866241  
3.219168436  
2.015262063  
0.6949505281  
-0.1802216836  
0.3692956801  
-0.006000637173  
0.1306278689  
-1.425360923  
-1.836615005  
0.311117744  
-1.533790337  
2.278794854  
0.2471482432  
-1.700500239  
-0.7623280368  
-0.4959345923  
-0.07508403205  
-0.6385124848  
-0.6965261719  
-1.261297022  
-0.07859925598  
-0.2305223138  
0.3908499968  
0.8585537283  
0.6263460787  
0.9239941951  
-0.1948740862  
-0.2876264723  
-0.3018551321  
-0.1477084519  
0.01052560735  
-0.5771411388  
-0.7046301376  
0.2311957369  
-0.820703845  
0.1748754835  
-0.3563685575  
0.02419871081  
0.8775379892  
1.176646563  
-1.109177737  
-1.284418703  
-0.7350569988  
-0.7478957348  
-1.283132835  
-0.2933772407  
0.2468443751  
0.6558232  
1.498011251  
8.222485536e-05  
0.402688049  
-0.191179106  
-0.5087375432  
-0.3725594932  
0.2974691532  
-0.2668185793  
0.4308506123  
-0.3332850523  
0.4684098582  
0.5152285629  
0.7809194589  
-0.3389837548  
0.6589661826  
-0.1500434202  
0.06305014935  
-0.06824450971  
-0.7290238173  
0.1136875421  
0.3086656305  
0.08578263074  
0.3964785058  
-0.5970038896  
-0.6770710537  
0.603842262  
0.05395289791  
-0.07884357925  
0.3490947804  
0.5501257134  
0.04290439722  
0.7901944417  
0.2282415142  
-0.1051106284  
0.1911540112  
0.752713081  
0.2902788945  
0.5309975826  
-0.2449047155  
-0.1471185717  
-0.657405097  
0.5083289902  
0.859217625  
0.005324076143  
0.2596382924  
-0.4086144796  
-0.8289323916  
0.4535145188  
-0.9675360215  
-0.5865302626  
-0.1699732809  
0.302268729  
0.1240437207  
-0.9838634421  
0.3121771916  
-0.1426943033  
-0.2337840389  
0.7900977221  
-0.02781779459  
0.1186007462  
0.6817469829  
1.027052135  
0.1159324926  
0.1072815696  
-0.3656748194  
-0.07477637545  
-0.3108005552  
0.2703112773  
-0.4484011483  
1.077607891  
1.013676679  
0.5496685727  
-0.806001257  
-0.1613571662  
-0.4776118471  
-0.4158660208  
-0.8269838869  
-0.4331167772  
-0.3779208391  
-0.4437184588  
-0.2412190705  
-0.1336257159  
-0.747961223  
-0.7285483687  
-0.2991426912  
-0.7265141087  
-0.5759910809  
0.4774649881  
1.093094354  
1.121434375  
-0.08184192434  
-0.09210596291  
-0.6885322328  
-0.1321477402  
-0.3971670326  
-0.03996900962  
-0.5932657088  
0.08863477787  
0.4553750195  
0.1558370229  
0.1069456798  
0.3682350888  
-0.2102135055  
-0.5047326392  
0.04542083683  
-0.2784994919  
-0.09326912716  
0.5167444478  
0.258390272  
-0.8196842867  
-0.04513264353  
-0.5299144843  
-0.2485620499  
-0.3499056433  
0.9364404416  
0.2341594883  
0.5662005105  
0.3062478008  
-0.08079717947  
-0.2146931091  
-0.3610184223  
-0.2083188736  
0.03245383825  
-0.2660649188  
-0.01207941977  
0.4788795079  
0.2360665963  
0.01017556102  
0.2845358574  
0.584883205  
0.09260167702  
0.1695970048  
0.4008897677  
-0.2332681991  
-0.4857996569  
-0.1142598017  
0.2299398162  
0.3466067645  
0.04149701  
-0.2687847995  
-0.8309191312  
-0.3360949154  
-0.693788736  
0.4032518115  
1.327336875  
0.6058787512  
1.113290023  
0.7327173641  
0.3142312673  
-0.3616841563  
0.4232298819  
-0.05106202969  
-0.3476834126  
-0.04551956678  
-1.302484421  
0.2368797107  
-0.1783377466  
-0.6182796384  
-0.7235556222  
0.2173618993  
-1.182130601  
-0.2013038514  
-0.0765271336  
0.1710570636  
0.0615090938  
0.005490664105  
0.09748304427  
0.3056841144  
0.4196767077  
1.334143884  
1.209914332  
0.003955526339  
0.6404360992  
-0.3620385949  
0.2107147319  
-0.4815097178  
0.4717123584  
-0.2725693477  
0.005585528783  
0.3344223518  
-0.6165799511  
0.2985617463  
-0.7976086335  
-0.6201285278  
-0.7168658078  
-0.06860977036  
-0.2478601521  
-0.3270130343  
-0.1256005994  
0.08418867437  
0.5601341119  
-0.7522630897  
0.1226369346  
-0.5927152965  
-0.4827495576  
-0.7512996921  
0.1515395468  
-0.8329369901  
0.4948801616  
0.001464198008  
-0.3224194821  
0.787035093  
0.467489402  
0.9935890003  
0.4025127793  
0.9087227107  
-0.06223690793  
1.022663431  
-0.5331622928  
-0.4252954996  
0.01849114693  
-0.2585685298  
-1.21805794  
0.07248941606  
0.7095403939  
0.7253360242  
-0.03340837699  
-0.3554463529  
0.7203318608  
-0.3195953525  
-0.1017872212  
-0.6499273761  
-0.3937479792  
0.5225380995  
-0.06328998243  
-0.1962277615  
-0.02265444655  
0.4764680975  
-0.4867960685  
0.20899047  
0.4109744332  
-0.3507276868  
-0.244973624  
0.03428633448  
0.5833977198  
-0.09982783034  
-1.040859843  
0.02497773962  
0.03515073821  
-0.1680664309  
0.172135217  
-0.003834437354  
-0.04391909266  
0.1965847434  
0.781154729  
0.8313014934  
-0.1519937853  
0.3207248475  
0.9799159662  
0.6586135592  
0.04008377984  
-0.6419355121  
0.6415005567  
0.1828090472  
-0.2912251158  
-0.4651100409  
0.192415259  
-0.5323096456  
-0.5447065244  
-0.0371589272  
0.8632440231  
0.6574182671  
-0.1103408923  
0.1910339977  
0.1453027486  
0.4092455311  
0.1634385656  
-0.04293317793  
0.1837232734  
0.006624698715  
-0.14562322  
0.1546793037  
-0.3745053392  
1.042609368  
-0.5372826805  
-0.06968184917  
-0.2933218109  
-0.3913715605  
0.1303240848  
-0.3592246361  
0.5553446247  
0.6177226743  
0.327415175  
-0.09146146257  
0.4585178572  
0.06559699684  
0.5519049936  
0.5692449764  
-0.9774626413  
-1.109604835  
0.006105619371  
-0.387704713  
-0.5274066597  
-0.02615675783  
-0.5934674822  
-0.1700971267  
-0.2942766163  
0.3415710599  
-0.3387956759  
0.1507862084  
0.2461868133  
0.3627381922  
-0.4367962984  
-0.1585561656  
-0.4302658946  
-0.4278308385  
-0.6564510373  
0.1387286598  
0.03215454691  
-0.4443114203  
0.5577702814  
0.1633557243  
-0.3638163073  
-0.3712238412  
-0.3361843226  
-0.4119101937  
0.1779780406  
1.039305217  
-0.4766304552  
1.66735274  
-0.5247790989  
-0.1911266441  
0.0762933169  
-0.5258366092  
-1.175560998  
1.064977604  
0.3588626624  
-0.3599775974  
0.2984186023  
-0.2965677342  
-0.05912735501  
-0.1551823375  
-0.6526281252  
-0.7321269971  
-0.4294436218  
-0.2805456148  
-0.2906854323  
-0.4607781007  
0.8722839765  
-0.2238467875  
0.4243150843  
-0.9849479208  
-0.9711160082  
4.806451501  
3.666586428  
4.421487725  
1.721156714  
0.5542569325  
-0.1601137426  
-0.353437064  
-0.8273120138  
-0.6771363601  
-0.587003093  
-0.761365198  
-0.8234170767  
-1.892394328  
-1.175693215  
-0.7389027345  
-0.8786012749  
-0.1300107932  
0.1422746243  
